 Castelli and Kurucz 2004-2012 Atmosphere
 T     37000.     G    4.50000 [+0.5] N(He)/Ntot=0.07813 VTURB=2.0  L/H=1.25 NO
 Wavelength  Eddington Hnu
   (nm)    (ergs/s/cm2/Hz/sr)
  9.0900      7.35730E-28
  9.3500      3.23500E-27
  9.6100      1.30430E-26
  9.7700      3.02400E-26
  9.9600      7.84780E-26
  10.200      2.49620E-25
  10.380      5.75830E-25
  10.560      1.29420E-24
  10.770      3.22290E-24
  11.040      9.93770E-24
  11.400      4.12720E-23
  11.780      1.70110E-22
  12.130      5.83910E-22
  12.480      1.87700E-21
  12.710      3.91490E-21
  12.840      5.86620E-21
  13.050      1.10790E-20
  13.240      1.94080E-20
  13.390      2.99360E-20
  13.660      6.35580E-20
  13.980      1.51150E-19
  14.330      3.71510E-19
  14.720      9.52110E-19
  15.100      2.35550E-18
  15.520      5.99470E-18
  15.880      1.28740E-17
  16.200      2.45460E-17
  16.600      5.41430E-17
  17.030      1.20130E-16
  17.340      2.10210E-16
  17.680      3.82980E-16
  18.020      6.75050E-16
  18.170      8.69910E-16
  18.610      1.74760E-15
  19.100      3.66730E-15
  19.390      5.61120E-15
  19.840      1.05950E-14
  20.180      1.66580E-14
  20.500      2.52790E-14
  21.050      5.03370E-14
  21.620      9.78760E-14
  21.980      1.49300E-13
  22.300      2.12340E-13
  22.680      3.31220E-13
  23.000      1.19200E-10
  23.400      2.61920E-10
  24.000      3.86780E-10
  24.650      5.90560E-10
  25.240      9.76330E-10
  25.680      1.44480E-09
  26.000      2.13580E-09
  26.400      5.17630E-09
  26.850      8.24180E-09
  27.350      1.05500E-08
  27.850      1.12630E-08
  28.400      2.31940E-08
  29.000      3.25070E-08
  29.600      3.90160E-08
  30.100      1.05860E-07
  30.800      2.64980E-07
  31.800      4.44400E-07
  32.800      6.92710E-07
  33.800      1.24850E-06
  34.800      1.86110E-06
  35.700      4.35530E-06
  36.600      1.11260E-05
  37.500      1.45470E-05
  38.500      1.75490E-05
  39.500      3.91890E-05
  40.500      6.90940E-05
  41.400      6.47840E-05
  42.200      7.22590E-05
  43.000      6.99370E-05
  44.100      8.93780E-05
  45.100      9.41670E-05
  46.000      7.80200E-05
  47.000      9.27190E-05
  48.000      1.16970E-04
  49.000      8.49580E-05
  50.000      1.26450E-04
  50.600      1.07580E-04
  51.200      3.61110E-04
  52.000      3.47160E-04
  53.000      3.18830E-04
  54.000      2.85690E-04
  55.000      2.81670E-04
  56.000      4.20060E-04
  57.000      5.31860E-04
  58.000      5.20470E-04
  59.000      5.42710E-04
  60.000      3.79210E-04
  61.000      4.49470E-04
  62.000      6.31810E-04
  63.000      6.08630E-04
  64.000      6.83500E-04
  65.000      6.49040E-04
  65.800      4.96910E-04
  66.500      6.73020E-04
  67.500      8.02550E-04
  68.500      5.95860E-04
  69.500      8.25880E-04
  70.500      6.00840E-04
  71.600      9.21460E-04
  72.600      9.33500E-04
  73.500      9.58940E-04
  74.500      8.66770E-04
  75.500      8.87440E-04
  76.500      8.35990E-04
  77.500      9.43530E-04
  78.500      8.82070E-04
  79.500      1.00190E-03
  80.500      9.79310E-04
  81.500      9.95640E-04
  82.500      1.06100E-03
  83.500      8.24660E-04
  84.500      1.03710E-03
  85.500      1.01550E-03
  86.500      1.08990E-03
  87.500      1.10870E-03
  88.500      1.12370E-03
  89.500      1.13470E-03
  90.500      1.11160E-03
  91.500      9.61460E-04
  92.500      1.78350E-03
  93.500      2.65170E-03
  94.500      3.11870E-03
  95.500      3.47100E-03
  96.500      3.87700E-03
  97.500      2.24360E-03
  98.500      3.29440E-03
  99.500      2.92230E-03
  100.50      2.99380E-03
  101.50      3.26170E-03
  102.50      2.94020E-03
  103.50      3.44500E-03
  104.50      3.83810E-03
  105.50      3.70760E-03
  106.50      3.39000E-03
  107.50      3.49530E-03
  108.50      3.24470E-03
  109.50      3.46360E-03
  110.50      3.38050E-03
  111.50      3.38990E-03
  112.50      3.00900E-03
  113.50      3.36650E-03
  114.50      3.41380E-03
  115.50      3.17560E-03
  116.50      3.06900E-03
  117.50      2.29440E-03
  118.50      2.92390E-03
  119.50      2.82790E-03
  120.50      2.81080E-03
  121.50      2.40540E-03
  122.50      2.74010E-03
  123.50      2.90940E-03
  124.50      2.86210E-03
  125.50      2.89300E-03
  126.50      3.02200E-03
  127.50      3.18690E-03
  128.50      3.22210E-03
  129.50      3.15700E-03
  130.50      3.11600E-03
  131.50      3.28190E-03
  132.50      3.24710E-03
  133.50      3.18800E-03
  134.50      3.22710E-03
  135.50      3.13700E-03
  136.50      3.08090E-03
  137.50      2.98770E-03
  138.50      2.96910E-03
  139.50      2.65770E-03
  140.50      2.60780E-03
  141.50      3.03240E-03
  142.50      2.71860E-03
  143.50      2.95800E-03
  144.20      2.85650E-03
  144.70      2.88140E-03
  145.50      2.76930E-03
  146.50      2.76590E-03
  147.50      2.82530E-03
  148.50      2.87940E-03
  149.50      2.80780E-03
  150.50      2.80130E-03
  151.20      2.79670E-03
  151.70      2.81420E-03
  152.50      2.73930E-03
  153.50      2.43600E-03
  154.50      1.92440E-03
  155.50      2.01190E-03
  156.50      2.37460E-03
  157.50      2.51430E-03
  158.50      2.54030E-03
  159.50      2.58180E-03
  160.50      2.44950E-03
  161.50      2.36780E-03
  162.50      2.46470E-03
  163.50      2.49840E-03
  164.50      2.50370E-03
  165.50      2.53760E-03
  166.50      2.51540E-03
  167.20      2.32870E-03
  167.70      2.74860E-03
  168.50      2.64810E-03
  169.50      2.60330E-03
  170.50      2.59090E-03
  171.50      2.46690E-03
  172.50      2.42260E-03
  173.50      2.53680E-03
  174.50      2.54810E-03
  175.50      2.52180E-03
  176.50      2.50840E-03
  177.50      2.43810E-03
  178.50      2.50900E-03
  179.50      2.45210E-03
  180.50      2.45100E-03
  181.50      2.42870E-03
  182.50      2.38790E-03
  183.50      2.41590E-03
  184.50      2.39480E-03
  185.50      2.43360E-03
  186.50      2.44550E-03
  187.50      2.38660E-03
  188.50      2.33630E-03
  189.50      2.37060E-03
  190.50      2.39990E-03
  191.50      2.37600E-03
  192.50      2.24920E-03
  193.50      2.38830E-03
  194.50      2.40470E-03
  195.50      2.23270E-03
  196.70      2.34300E-03
  197.60      2.36100E-03
  198.40      2.35280E-03
  199.50      2.31110E-03
  200.50      2.36500E-03
  201.50      2.35730E-03
  202.50      2.35590E-03
  203.50      2.30720E-03
  204.50      2.28460E-03
  205.50      1.73840E-03
  206.50      1.67960E-03
  207.40      1.75790E-03
  207.80      1.78050E-03
  208.50      1.93360E-03
  209.50      2.12860E-03
  210.50      2.19440E-03
  211.50      2.23820E-03
  212.50      2.20130E-03
  213.50      2.21180E-03
  214.50      2.19420E-03
  215.50      2.20740E-03
  216.50      2.09760E-03
  217.50      2.19720E-03
  218.50      2.12110E-03
  219.50      2.20140E-03
  220.50      2.18410E-03
  221.50      2.09160E-03
  222.50      2.15210E-03
  223.50      2.14030E-03
  224.50      2.11230E-03
  225.50      2.05010E-03
  226.50      2.09740E-03
  227.50      2.10210E-03
  228.50      2.05140E-03
  229.50      1.91530E-03
  230.50      1.97840E-03
  231.50      1.99870E-03
  232.50      2.01920E-03
  233.50      2.00600E-03
  234.50      1.97760E-03
  235.50      1.94030E-03
  236.50      1.91890E-03
  237.50      1.88270E-03
  238.50      1.79930E-03
  239.50      1.85040E-03
  240.50      1.86090E-03
  241.50      1.86450E-03
  242.50      1.87710E-03
  243.50      1.85840E-03
  244.50      1.85050E-03
  245.50      1.83520E-03
  246.50      1.82810E-03
  247.50      1.82840E-03
  248.50      1.77480E-03
  249.50      1.37280E-03
  250.50      1.72910E-03
  251.30      1.66510E-03
  251.80      1.71400E-03
  252.50      1.75430E-03
  253.50      1.76430E-03
  254.50      1.75330E-03
  255.50      1.73990E-03
  256.50      1.73130E-03
  257.50      1.72070E-03
  258.50      1.71310E-03
  259.50      1.67880E-03
  260.50      1.69810E-03
  261.50      1.66800E-03
  262.50      1.67900E-03
  263.50      1.67810E-03
  264.50      1.65490E-03
  265.50      1.65470E-03
  266.50      1.63640E-03
  267.50      1.59540E-03
  268.50      1.61950E-03
  269.50      1.60060E-03
  270.50      1.60970E-03
  271.50      1.59140E-03
  272.50      1.58780E-03
  273.50      1.54290E-03
  274.50      1.58040E-03
  275.50      1.56630E-03
  276.50      1.55550E-03
  277.50      1.55420E-03
  278.50      1.53120E-03
  279.50      1.49920E-03
  280.50      1.51810E-03
  281.50      1.51750E-03
  282.50      1.50800E-03
  283.50      1.49720E-03
  284.50      1.49910E-03
  285.50      1.48790E-03
  286.50      1.46540E-03
  287.50      1.46160E-03
  288.50      1.46010E-03
  289.50      1.45190E-03
  291.00      1.43380E-03
  293.00      1.43090E-03
  295.00      1.41280E-03
  297.00      1.39370E-03
  299.00      1.36680E-03
  301.00      1.34780E-03
  303.00      1.32530E-03
  305.00      1.32630E-03
  307.00      1.31350E-03
  309.00      1.30420E-03
  311.00      1.29950E-03
  313.00      1.28240E-03
  315.00      1.27770E-03
  317.00      1.26130E-03
  319.00      1.25350E-03
  321.00      1.22060E-03
  323.00      1.22600E-03
  325.00      1.21990E-03
  327.00      1.19250E-03
  329.00      1.19090E-03
  331.00      1.17650E-03
  333.00      1.16370E-03
  335.00      1.14110E-03
  337.00      1.13700E-03
  339.00      1.13460E-03
  341.00      1.12250E-03
  343.00      1.11790E-03
  345.00      1.09680E-03
  347.00      1.09500E-03
  349.00      1.08710E-03
  351.00      1.07900E-03
  353.00      1.06690E-03
  355.00      1.05700E-03
  357.00      1.04870E-03
  359.00      1.03790E-03
  361.00      1.02390E-03
  363.00      1.01690E-03
  364.00      1.00040E-03
  365.00      9.19930E-04
  367.00      9.13640E-04
  369.00      9.06550E-04
  371.00      8.94040E-04
  373.00      9.02830E-04
  375.00      9.14960E-04
  377.00      9.18540E-04
  379.00      9.49600E-04
  381.00      9.69930E-04
  383.00      9.10980E-04
  385.00      9.76650E-04
  387.00      9.61550E-04
  389.00      8.78970E-04
  391.00      9.72120E-04
  393.00      9.51000E-04
  395.00      9.39690E-04
  397.00      8.41720E-04
  399.00      9.36880E-04
  401.00      9.28150E-04
  403.00      9.04090E-04
  405.00      9.16040E-04
  407.00      8.94100E-04
  409.00      8.58110E-04
  411.00      8.08910E-04
  413.00      8.73590E-04
  415.00      8.70400E-04
  417.00      8.71840E-04
  419.00      8.61770E-04
  421.00      8.46830E-04
  423.00      8.54060E-04
  425.00      8.41300E-04
  427.00      8.33470E-04
  429.00      8.26420E-04
  431.00      8.12720E-04
  433.00      7.78810E-04
  435.00      7.41480E-04
  437.00      7.96540E-04
  439.00      7.83970E-04
  441.00      7.78910E-04
  443.00      7.81470E-04
  445.00      7.73780E-04
  447.00      7.61240E-04
  449.00      7.64710E-04
  451.00      7.48520E-04
  453.00      7.46040E-04
  455.00      7.30350E-04
  457.00      7.40040E-04
  459.00      7.30880E-04
  461.00      7.28230E-04
  463.00      7.17290E-04
  465.00      6.85730E-04
  467.00      7.08120E-04
  469.00      6.90850E-04
  471.00      7.00550E-04
  473.00      7.06040E-04
  475.00      7.01060E-04
  477.00      6.96680E-04
  479.00      6.91130E-04
  481.00      6.85410E-04
  483.00      6.78970E-04
  485.00      6.56370E-04
  487.00      6.09830E-04
  489.00      6.62420E-04
  491.00      6.58690E-04
  493.00      6.49670E-04
  495.00      6.49280E-04
  497.00      6.47920E-04
  499.00      6.43690E-04
  501.00      6.30900E-04
  503.00      6.31320E-04
  505.00      6.27120E-04
  507.00      6.25330E-04
  509.00      6.21040E-04
  511.00      6.16550E-04
  513.00      6.11620E-04
  515.00      6.07460E-04
  517.00      6.03170E-04
  519.00      5.99390E-04
  521.00      5.95520E-04
  523.00      5.91930E-04
  525.00      5.85040E-04
  527.00      5.80990E-04
  529.00      5.79920E-04
  531.00      5.75770E-04
  533.00      5.71890E-04
  535.00      5.68390E-04
  537.00      5.64470E-04
  539.00      5.60510E-04
  541.00      5.46870E-04
  543.00      5.53360E-04
  545.00      5.49800E-04
  547.00      5.45860E-04
  549.00      5.42490E-04
  551.00      5.38110E-04
  553.00      5.35330E-04
  555.00      5.32230E-04
  557.00      5.27990E-04
  559.00      5.22760E-04
  561.00      5.22040E-04
  563.00      5.18660E-04
  565.00      5.15170E-04
  567.00      5.11540E-04
  569.00      4.98920E-04
  571.00      4.76860E-04
  573.00      4.74190E-04
  575.00      4.70970E-04
  577.00      4.68940E-04
  579.00      4.66200E-04
  581.00      4.61000E-04
  583.00      4.60670E-04
  585.00      4.61090E-04
  587.00      4.53520E-04
  589.00      4.58980E-04
  591.00      4.58760E-04
  593.00      4.58410E-04
  595.00      4.58610E-04
  597.00      4.59390E-04
  599.00      4.59320E-04
  601.00      4.58590E-04
  603.00      4.56090E-04
  605.00      4.54370E-04
  607.00      4.51900E-04
  609.00      4.49770E-04
  611.00      4.46440E-04
  613.00      4.44020E-04
  615.00      4.41150E-04
  617.00      4.37980E-04
  619.00      4.37020E-04
  621.00      4.34770E-04
  623.00      4.30810E-04
  625.00      4.29020E-04
  627.00      4.27030E-04
  629.00      4.24610E-04
  631.00      4.19990E-04
  633.00      4.19710E-04
  635.00      4.17030E-04
  637.00      4.15080E-04
  639.00      4.12470E-04
  641.00      4.07960E-04
  643.00      4.08040E-04
  645.00      4.04950E-04
  647.00      4.02260E-04
  649.00      4.00450E-04
  651.00      3.97280E-04
  653.00      3.92720E-04
  655.00      3.87250E-04
  657.00      3.56160E-04
  659.00      3.88100E-04
  661.00      3.87540E-04
  663.00      3.85700E-04
  665.00      3.83440E-04
  667.00      3.77640E-04
  669.00      3.73340E-04
  671.00      3.75990E-04
  673.00      3.73630E-04
  675.00      3.71970E-04
  677.00      3.70810E-04
  679.00      3.68910E-04
  681.00      3.67160E-04
  683.00      3.65160E-04
  685.00      3.63020E-04
  687.00      3.60720E-04
  689.00      3.54940E-04
  691.00      3.56580E-04
  693.00      3.55590E-04
  695.00      3.53610E-04
  697.00      3.51820E-04
  699.00      3.49870E-04
  701.00      3.47540E-04
  703.00      3.44920E-04
  705.00      3.43710E-04
  707.00      3.38900E-04
  709.00      3.40850E-04
  711.00      3.38810E-04
  713.00      3.37080E-04
  715.00      3.35600E-04
  717.00      3.31110E-04
  719.00      3.30640E-04
  721.00      3.30440E-04
  723.00      3.27890E-04
  725.00      3.26890E-04
  727.00      3.25380E-04
  729.00      3.22280E-04
  731.00      3.21630E-04
  733.00      3.20390E-04
  735.00      3.18810E-04
  737.00      3.17020E-04
  739.00      3.15570E-04
  741.00      3.13840E-04
  743.00      3.12470E-04
  745.00      3.10400E-04
  747.00      3.08910E-04
  749.00      3.06060E-04
  751.00      3.05980E-04
  753.00      3.04510E-04
  755.00      3.03050E-04
  757.00      3.01340E-04
  759.00      2.95770E-04
  761.00      2.97840E-04
  763.00      2.96900E-04
  765.00      2.95600E-04
  767.00      2.94280E-04
  769.00      2.91800E-04
  771.00      2.90910E-04
  773.00      2.88770E-04
  775.00      2.88220E-04
  777.00      2.87370E-04
  779.00      2.85730E-04
  781.00      2.84610E-04
  783.00      2.83220E-04
  785.00      2.80890E-04
  787.00      2.80020E-04
  789.00      2.78970E-04
  791.00      2.77960E-04
  793.00      2.76680E-04
  795.00      2.75480E-04
  797.00      2.73770E-04
  799.00      2.72830E-04
  801.00      2.71600E-04
  803.00      2.69920E-04
  805.00      2.69140E-04
  807.00      2.67880E-04
  809.00      2.66560E-04
  811.00      2.65010E-04
  813.00      2.64190E-04
  815.00      2.62820E-04
  817.00      2.61450E-04
  819.00      2.59370E-04
  821.00      2.50980E-04
  823.00      2.48260E-04
  825.00      2.48530E-04
  827.00      2.47280E-04
  829.00      2.46710E-04
  831.00      2.45890E-04
  833.00      2.43910E-04
  835.00      2.42560E-04
  837.00      2.42320E-04
  839.00      2.41760E-04
  841.00      2.40720E-04
  843.00      2.39860E-04
  845.00      2.38520E-04
  847.00      2.38050E-04
  849.00      2.37150E-04
  851.00      2.35210E-04
  853.00      2.35610E-04
  855.00      2.34340E-04
  857.00      2.34430E-04
  859.00      2.32060E-04
  861.00      2.31870E-04
  863.00      2.33050E-04
  865.00      2.30990E-04
  867.00      2.26710E-04
  869.00      2.31030E-04
  871.00      2.31230E-04
  873.00      2.28980E-04
  875.00      2.20790E-04
  877.00      2.26440E-04
  879.00      2.29140E-04
  881.00      2.28970E-04
  883.00      2.27620E-04
  885.00      2.21160E-04
  887.00      2.12910E-04
  889.00      2.23950E-04
  891.00      2.24810E-04
  893.00      2.23930E-04
  895.00      2.23050E-04
  897.00      2.22240E-04
  899.00      2.19170E-04
  901.00      2.05370E-04
  903.00      2.11040E-04
  905.00      2.17820E-04
  907.00      2.16880E-04
  909.00      2.16850E-04
  911.00      2.16200E-04
  913.00      2.15660E-04
  915.00      2.14940E-04
  917.00      2.13470E-04
  919.00      2.12150E-04
  921.00      2.07090E-04
  923.00      1.91560E-04
  925.00      2.05110E-04
  927.00      2.08520E-04
  929.00      2.08290E-04
  931.00      2.07410E-04
  933.00      2.06700E-04
  935.00      2.02340E-04
  937.00      2.04320E-04
  939.00      2.04340E-04
  941.00      2.03110E-04
  943.00      2.02540E-04
  945.00      2.01900E-04
  947.00      2.00710E-04
  949.00      2.00010E-04
  951.00      1.97680E-04
  953.00      1.92790E-04
  955.00      1.78350E-04
  957.00      1.93420E-04
  959.00      1.95670E-04
  961.00      1.95160E-04
  963.00      1.94140E-04
  965.00      1.94130E-04
  967.00      1.93500E-04
  969.00      1.92660E-04
  971.00      1.87260E-04
  973.00      1.90360E-04
  975.00      1.90290E-04
  977.00      1.88960E-04
  979.00      1.88950E-04
  981.00      1.88200E-04
  983.00      1.87370E-04
  985.00      1.86720E-04
  987.00      1.86020E-04
  989.00      1.85130E-04
  991.00      1.84170E-04
  993.00      1.83910E-04
  995.00      1.83230E-04
  997.00      1.82430E-04
  999.00      1.81680E-04
  1002.5      1.75500E-04
  1007.5      1.71800E-04
  1012.5      1.74100E-04
  1017.5      1.75560E-04
  1022.5      1.73840E-04
  1027.5      1.72130E-04
  1032.5      1.70190E-04
  1037.5      1.69120E-04
  1042.5      1.67080E-04
  1047.5      1.66060E-04
  1052.5      1.64510E-04
  1057.5      1.63050E-04
  1062.5      1.61570E-04
  1067.5      1.60050E-04
  1072.5      1.58710E-04
  1077.5      1.57280E-04
  1082.5      1.54760E-04
  1087.5      1.54230E-04
  1092.5      1.44510E-04
  1097.5      1.49530E-04
  1102.5      1.50160E-04
  1107.5      1.49190E-04
  1112.5      1.47900E-04
  1117.5      1.46710E-04
  1122.5      1.45400E-04
  1127.5      1.44170E-04
  1132.5      1.42880E-04
  1137.5      1.41710E-04
  1142.5      1.40550E-04
  1147.5      1.39380E-04
  1152.5      1.38250E-04
  1157.5      1.36960E-04
  1162.5      1.34790E-04
  1167.5      1.34020E-04
  1172.5      1.33720E-04
  1177.5      1.32650E-04
  1182.5      1.31400E-04
  1187.5      1.30450E-04
  1192.5      1.29390E-04
  1197.5      1.27280E-04
  1202.5      1.27380E-04
  1207.5      1.26300E-04
  1212.5      1.25200E-04
  1217.5      1.24350E-04
  1222.5      1.23350E-04
  1227.5      1.22410E-04
  1232.5      1.21420E-04
  1237.5      1.20490E-04
  1242.5      1.19560E-04
  1247.5      1.18630E-04
  1252.5      1.17560E-04
  1257.5      1.16740E-04
  1262.5      1.15900E-04
  1267.5      1.15040E-04
  1272.5      1.14140E-04
  1277.5      1.11960E-04
  1282.5      1.05800E-04
  1287.5      1.11190E-04
  1292.5      1.10770E-04
  1297.5      1.09570E-04
  1302.5      1.09060E-04
  1307.5      1.08320E-04
  1312.5      1.07520E-04
  1317.5      1.06720E-04
  1322.5      1.05950E-04
  1327.5      1.05170E-04
  1332.5      1.04400E-04
  1337.5      1.03630E-04
  1342.5      1.02850E-04
  1347.5      1.02140E-04
  1352.5      1.01390E-04
  1357.5      1.00700E-04
  1362.5      9.99540E-05
  1367.5      9.92720E-05
  1372.5      9.84890E-05
  1377.5      9.78790E-05
  1382.5      9.71950E-05
  1387.5      9.65100E-05
  1392.5      9.58010E-05
  1397.5      9.51700E-05
  1402.5      9.44720E-05
  1407.5      9.38630E-05
  1412.5      9.32060E-05
  1417.5      9.25610E-05
  1422.5      9.19460E-05
  1427.5      9.13120E-05
  1432.5      9.06880E-05
  1437.5      9.00750E-05
  1442.5      8.94780E-05
  1447.5      8.88780E-05
  1452.5      8.82770E-05
  1457.0      8.77470E-05
  1462.0      8.71830E-05
  1467.5      8.65500E-05
  1472.5      8.59540E-05
  1477.5      8.48500E-05
  1482.5      8.48500E-05
  1487.5      8.43040E-05
  1492.5      8.37570E-05
  1497.5      8.32130E-05
  1502.5      8.26670E-05
  1507.5      8.20690E-05
  1512.5      8.16130E-05
  1517.5      8.10890E-05
  1522.5      8.05720E-05
  1527.5      8.00490E-05
  1532.5      7.95330E-05
  1537.5      7.90380E-05
  1542.5      7.84980E-05
  1547.5      7.80400E-05
  1552.5      7.75350E-05
  1557.5      7.69660E-05
  1562.5      7.66260E-05
  1567.5      7.60100E-05
  1572.5      7.54540E-05
  1577.5      7.52390E-05
  1582.5      7.47400E-05
  1587.5      7.37670E-05
  1592.5      7.37050E-05
  1597.5      7.34690E-05
  1605.0      7.26290E-05
  1615.0      7.13720E-05
  1625.0      7.12290E-05
  1635.0      6.99480E-05
  1645.0      6.85270E-05
  1655.0      6.87110E-05
  1665.0      6.78890E-05
  1675.0      6.65880E-05
  1685.0      6.51070E-05
  1695.0      6.55510E-05
  1705.0      6.45790E-05
  1715.0      6.40860E-05
  1725.0      6.33130E-05
  1735.0      6.09060E-05
  1745.0      6.17430E-05
  1755.0      6.12450E-05
  1765.0      6.05650E-05
  1775.0      5.98890E-05
  1785.0      5.92270E-05
  1795.0      5.85890E-05
  1805.0      5.79280E-05
  1815.0      5.56290E-05
  1825.0      5.63690E-05
  1835.0      5.60990E-05
  1845.0      5.54970E-05
  1855.0      5.48640E-05
  1865.0      5.36130E-05
  1875.0      5.18740E-05
  1885.0      5.31640E-05
  1895.0      5.26390E-05
  1905.0      5.19840E-05
  1915.0      5.15750E-05
  1925.0      5.10490E-05
  1935.0      5.04450E-05
  1945.0      4.81850E-05
  1955.0      4.93880E-05
  1965.0      4.90170E-05
  1975.0      4.85290E-05
  1985.0      4.80420E-05
  1995.0      4.75660E-05
  2005.0      4.71050E-05
  2015.0      4.66440E-05
  2025.0      4.61900E-05
  2035.0      4.57420E-05
  2045.0      4.52930E-05
  2055.0      4.48130E-05
  2065.0      4.44370E-05
  2075.0      4.39990E-05
  2085.0      4.35970E-05
  2095.0      4.31860E-05
  2105.0      4.27790E-05
  2115.0      4.22820E-05
  2125.0      4.19890E-05
  2135.0      4.15990E-05
  2145.0      4.12110E-05
  2155.0      4.07870E-05
  2165.0      3.88550E-05
  2175.0      3.99700E-05
  2185.0      3.97220E-05
  2195.0      3.93780E-05
  2205.0      3.90250E-05
  2215.0      3.86770E-05
  2225.0      3.83300E-05
  2235.0      3.79940E-05
  2245.0      3.76580E-05
  2255.0      3.73280E-05
  2265.0      3.70030E-05
  2275.0      3.66810E-05
  2285.0      3.63640E-05
  2295.0      3.60520E-05
  2305.0      3.57960E-05
  2315.0      3.55000E-05
  2325.0      3.52020E-05
  2335.0      3.48990E-05
  2345.0      3.46040E-05
  2355.0      3.43130E-05
  2365.0      3.40260E-05
  2375.0      3.37410E-05
  2385.0      3.34670E-05
  2395.0      3.31840E-05
  2405.0      3.29100E-05
  2415.0      3.26400E-05
  2425.0      3.23490E-05
  2435.0      3.21130E-05
  2445.0      3.18360E-05
  2455.0      3.15850E-05
  2465.0      3.13100E-05
  2475.0      3.10260E-05
  2485.0      3.08410E-05
  2495.0      3.05240E-05
  2505.0      3.03500E-05
  2515.0      3.01100E-05
  2525.0      2.97870E-05
  2535.0      2.96200E-05
  2545.0      2.94130E-05
  2555.0      2.91510E-05
  2565.0      2.88320E-05
  2575.0      2.87110E-05
  2585.0      2.85140E-05
  2595.0      2.82950E-05
  2605.0      2.79910E-05
  2615.0      2.75770E-05
  2625.0      2.64680E-05
  2635.0      2.73290E-05
  2645.0      2.72370E-05
  2655.0      2.70210E-05
  2665.0      2.67720E-05
  2675.0      2.63320E-05
  2685.0      2.63690E-05
  2695.0      2.62430E-05
  2705.0      2.60500E-05
  2715.0      2.58590E-05
  2725.0      2.56700E-05
  2735.0      2.54830E-05
  2745.0      2.52630E-05
  2755.0      2.47300E-05
  2765.0      2.47550E-05
  2775.0      2.47540E-05
  2785.0      2.45780E-05
  2795.0      2.44040E-05
  2805.0      2.42290E-05
  2815.0      2.40590E-05
  2825.0      2.38900E-05
  2835.0      2.37220E-05
  2845.0      2.35560E-05
  2855.0      2.33840E-05
  2865.0      2.30830E-05
  2875.0      2.25420E-05
  2885.0      2.28620E-05
  2895.0      2.27510E-05
  2905.0      2.25950E-05
  2915.0      2.24410E-05
  2925.0      2.22880E-05
  2935.0      2.21360E-05
  2945.0      2.19850E-05
  2955.0      2.18380E-05
  2965.0      2.16910E-05
  2975.0      2.15460E-05
  2985.0      2.14020E-05
  2995.0      2.12590E-05
  3005.0      2.11180E-05
  3015.0      2.09760E-05
  3025.0      2.08130E-05
  3035.0      2.02210E-05
  3045.0      2.02840E-05
  3055.0      2.04190E-05
  3065.0      2.02980E-05
  3075.0      2.01640E-05
  3085.0      2.00310E-05
  3095.0      1.99080E-05
  3105.0      1.97790E-05
  3115.0      1.96530E-05
  3125.0      1.95270E-05
  3135.0      1.94040E-05
  3145.0      1.92800E-05
  3155.0      1.91580E-05
  3165.0      1.90370E-05
  3175.0      1.89180E-05
  3185.0      1.87990E-05
  3195.0      1.86820E-05
  3210.0      1.85070E-05
  3230.0      1.82790E-05
  3250.0      1.80540E-05
  3270.0      1.78330E-05
  3290.0      1.72320E-05
  3310.0      1.73200E-05
  3330.0      1.72110E-05
  3350.0      1.70080E-05
  3370.0      1.68070E-05
  3390.0      1.66090E-05
  3410.0      1.64140E-05
  3430.0      1.62230E-05
  3450.0      1.60350E-05
  3470.0      1.58500E-05
  3490.0      1.56690E-05
  3510.0      1.54900E-05
  3530.0      1.53150E-05
  3550.0      1.51420E-05
  3570.0      1.49720E-05
  3590.0      1.48060E-05
  3610.0      1.46420E-05
  3630.0      1.44800E-05
  3650.0      1.43210E-05
  3670.0      1.41650E-05
  3690.0      1.40110E-05
  3710.0      1.38460E-05
  3730.0      1.35410E-05
  3750.0      1.33190E-05
  3770.0      1.34190E-05
  3790.0      1.32790E-05
  3810.0      1.31280E-05
  3830.0      1.29930E-05
  3850.0      1.28670E-05
  3870.0      1.27340E-05
  3890.0      1.26010E-05
  3910.0      1.24380E-05
  3930.0      1.23460E-05
  3950.0      1.22210E-05
  3970.0      1.20970E-05
  3990.0      1.19760E-05
  4010.0      1.18260E-05
  4030.0      1.16750E-05
  4050.0      1.13410E-05
  4070.0      1.15020E-05
  4090.0      1.13940E-05
  4110.0      1.12830E-05
  4130.0      1.11670E-05
  4150.0      1.10580E-05
  4170.0      1.08690E-05
  4190.0      1.08460E-05
  4210.0      1.07500E-05
  4230.0      1.06480E-05
  4250.0      1.05450E-05
  4270.0      1.04490E-05
  4290.0      1.03400E-05
  4310.0      1.02540E-05
  4330.0      1.01590E-05
  4350.0      1.00650E-05
  4370.0      9.86380E-06
  4390.0      9.84510E-06
  4410.0      9.79150E-06
  4430.0      9.70280E-06
  4450.0      9.61520E-06
  4470.0      9.53430E-06
  4490.0      9.44890E-06
  4510.0      9.36400E-06
  4530.0      9.28150E-06
  4550.0      9.19950E-06
  4570.0      9.11860E-06
  4590.0      9.03870E-06
  4610.0      8.95810E-06
  4630.0      8.87320E-06
  4650.0      8.52610E-06
  4670.0      8.55790E-06
  4690.0      8.61960E-06
  4710.0      8.58050E-06
  4730.0      8.50760E-06
  4750.0      8.43500E-06
  4770.0      8.36430E-06
  4790.0      8.29410E-06
  4810.0      8.22470E-06
  4830.0      8.15610E-06
  4850.0      8.08840E-06
  4870.0      8.02150E-06
  4890.0      7.95550E-06
  4910.0      7.89020E-06
  4930.0      7.82570E-06
  4950.0      7.76210E-06
  4970.0      7.69910E-06
  4990.0      7.63700E-06
  5010.0      7.57550E-06
  5030.0      7.51480E-06
  5050.0      7.45480E-06
  5070.0      7.39550E-06
  5090.0      7.33690E-06
  5110.0      7.25840E-06
  5130.0      7.05360E-06
  5150.0      7.15180E-06
  5170.0      7.10940E-06
  5190.0      7.05420E-06
  5210.0      6.99960E-06
  5230.0      6.94560E-06
  5250.0      6.89220E-06
  5270.0      6.83950E-06
  5290.0      6.78740E-06
  5310.0      6.73580E-06
  5330.0      6.68480E-06
  5350.0      6.63440E-06
  5370.0      6.58440E-06
  5390.0      6.53510E-06
  5410.0      6.48650E-06
  5430.0      6.43830E-06
  5450.0      6.39060E-06
  5470.0      6.34340E-06
  5490.0      6.29670E-06
  5510.0      6.25050E-06
  5530.0      6.20090E-06
  5550.0      6.15980E-06
  5570.0      6.11520E-06
  5590.0      6.07100E-06
  5610.0      6.02730E-06
  5630.0      5.98410E-06
  5650.0      5.94130E-06
  5670.0      5.89900E-06
  5690.0      5.85700E-06
  5710.0      5.80010E-06
  5730.0      5.77450E-06
  5750.0      5.73410E-06
  5770.0      5.69390E-06
  5790.0      5.65420E-06
  5810.0      5.61490E-06
  5830.0      5.57590E-06
  5850.0      5.53940E-06
  5870.0      5.50120E-06
  5890.0      5.44140E-06
  5910.0      5.26410E-06
  5930.0      5.37070E-06
  5950.0      5.32450E-06
  5970.0      5.30180E-06
  5990.0      5.28040E-06
  6010.0      5.24490E-06
  6030.0      5.20940E-06
  6050.0      5.17490E-06
  6070.0      5.14040E-06
  6090.0      5.10630E-06
  6110.0      5.07250E-06
  6130.0      5.03900E-06
  6150.0      5.00590E-06
  6170.0      4.97300E-06
  6190.0      4.94050E-06
  6210.0      4.90830E-06
  6230.0      4.87640E-06
  6250.0      4.84480E-06
  6270.0      4.80590E-06
  6290.0      4.73660E-06
  6310.0      4.73950E-06
  6330.0      4.72150E-06
  6350.0      4.69150E-06
  6370.0      4.66170E-06
  6390.0      4.63220E-06
  6420.0      4.58840E-06
  6460.0      4.53100E-06
  6500.0      4.47460E-06
  6540.0      4.41930E-06
  6580.0      4.36500E-06
  6620.0      4.31170E-06
  6660.0      4.25930E-06
  6700.0      4.20790E-06
  6740.0      4.15210E-06
  6780.0      4.06940E-06
  6820.0      4.05900E-06
  6860.0      4.01120E-06
  6900.0      3.96420E-06
  6940.0      3.91790E-06
  6980.0      3.87250E-06
  7020.0      3.82790E-06
  7060.0      3.78400E-06
  7100.0      3.74080E-06
  7140.0      3.69840E-06
  7180.0      3.65670E-06
  7220.0      3.61570E-06
  7260.0      3.57540E-06
  7300.0      3.53570E-06
  7340.0      3.49670E-06
  7380.0      3.45830E-06
  7420.0      3.41520E-06
  7460.0      3.30500E-06
  7500.0      3.24820E-06
  7540.0      3.30140E-06
  7580.0      3.27560E-06
  7620.0      3.24080E-06
  7660.0      3.20650E-06
  7700.0      3.17280E-06
  7740.0      3.13960E-06
  7780.0      3.10500E-06
  7820.0      3.07470E-06
  7860.0      3.04300E-06
  7900.0      3.01180E-06
  7940.0      2.98100E-06
  7980.0      2.95080E-06
  8020.0      2.92090E-06
  8060.0      2.89160E-06
  8100.0      2.86260E-06
  8140.0      2.82980E-06
  8180.0      2.80420E-06
  8220.0      2.77830E-06
  8260.0      2.75110E-06
  8300.0      2.72420E-06
  8340.0      2.69770E-06
  8380.0      2.67160E-06
  8420.0      2.64580E-06
  8460.0      2.62050E-06
  8500.0      2.59550E-06
  8540.0      2.57080E-06
  8580.0      2.54650E-06
  8620.0      2.52250E-06
  8660.0      2.48790E-06
  8700.0      2.47400E-06
  8740.0      2.42720E-06
  8780.0      2.40470E-06
  8820.0      2.40760E-06
  8860.0      2.38550E-06
  8900.0      2.36380E-06
  8940.0      2.34230E-06
  8980.0      2.32120E-06
  9020.0      2.30030E-06
  9060.0      2.27960E-06
  9100.0      2.25930E-06
  9140.0      2.23920E-06
  9180.0      2.21940E-06
  9220.0      2.19990E-06
  9260.0      2.18060E-06
  9300.0      2.16150E-06
  9340.0      2.14270E-06
  9380.0      2.10880E-06
  9420.0      2.10110E-06
  9460.0      2.08780E-06
  9500.0      2.06990E-06
  9540.0      2.05230E-06
  9580.0      2.03490E-06
  9620.0      2.01770E-06
  9660.0      2.00080E-06
  9700.0      1.98400E-06
  9740.0      1.96740E-06
  9780.0      1.95110E-06
  9820.0      1.93490E-06
  9860.0      1.91900E-06
  9900.0      1.90320E-06
  9940.0      1.88770E-06
  9980.0      1.87230E-06
  10020.      1.85710E-06
  20000.      4.53020E-07
  40000.      1.09630E-07
  60000.      4.77710E-08
  80000.      2.64860E-08
 1.00000E+05  1.67610E-08
 1.20000E+05  1.15320E-08
 1.40000E+05  8.40640E-09
 1.60000E+05  6.39250E-09
