 Castelli and Kurucz 2004-2012 Atmosphere
 T     38000.     G    4.50000 [+0.5] N(He)/Ntot=0.07813 VTURB=2.0  L/H=1.25 NO
 Wavelength  Eddington Hnu
   (nm)    (ergs/s/cm2/Hz/sr)
  9.0900      4.94690E-27
  9.3500      2.07830E-26
  9.6100      7.99800E-26
  9.7700      1.80790E-25
  9.9600      4.54390E-25
  10.200      1.38900E-24
  10.380      3.11350E-24
  10.560      6.80080E-24
  10.770      1.64020E-23
  11.040      4.85480E-23
  11.400      1.91480E-22
  11.780      7.49030E-22
  12.130      2.45690E-21
  12.480      7.56110E-21
  12.710      1.53430E-20
  12.840      2.26450E-20
  13.050      4.17450E-20
  13.240      7.15330E-20
  13.390      1.08600E-19
  13.660      2.23750E-19
  13.980      5.15960E-19
  14.330      1.22510E-18
  14.720      3.01560E-18
  15.100      7.25560E-18
  15.520      1.78320E-17
  15.880      3.72280E-17
  16.200      6.92070E-17
  16.600      1.48710E-16
  17.030      3.20360E-16
  17.340      5.49220E-16
  17.680      9.81570E-16
  18.020      1.69740E-15
  18.170      2.16160E-15
  18.610      4.25810E-15
  19.100      8.73360E-15
  19.390      1.32250E-14
  19.840      2.44920E-14
  20.180      3.79240E-14
  20.500      5.69820E-14
  21.050      1.11370E-13
  21.620      2.12790E-13
  21.980      3.21330E-13
  22.300      4.52480E-13
  22.680      6.98630E-13
  23.000      2.93850E-10
  23.400      6.66860E-10
  24.000      9.68910E-10
  24.650      1.45370E-09
  25.240      2.45730E-09
  25.680      3.67850E-09
  26.000      5.04510E-09
  26.400      1.26070E-08
  26.850      2.02960E-08
  27.350      2.57290E-08
  27.850      2.63540E-08
  28.400      5.55740E-08
  29.000      7.77400E-08
  29.600      9.03500E-08
  30.100      2.23810E-07
  30.800      7.78230E-07
  31.800      8.44140E-07
  32.800      1.41860E-06
  33.800      2.27040E-06
  34.800      3.24070E-06
  35.700      7.90170E-06
  36.600      2.03960E-05
  37.500      2.83570E-05
  38.500      3.19310E-05
  39.500      7.00090E-05
  40.500      1.32110E-04
  41.400      1.20260E-04
  42.200      1.29020E-04
  43.000      1.23990E-04
  44.100      1.60580E-04
  45.100      1.70470E-04
  46.000      1.37070E-04
  47.000      1.64080E-04
  48.000      2.09620E-04
  49.000      1.41960E-04
  50.000      2.27540E-04
  50.600      1.76150E-04
  51.200      4.80680E-04
  52.000      4.60380E-04
  53.000      4.23090E-04
  54.000      3.73160E-04
  55.000      3.49780E-04
  56.000      5.24340E-04
  57.000      6.82810E-04
  58.000      6.71810E-04
  59.000      6.97060E-04
  60.000      4.88120E-04
  61.000      5.49270E-04
  62.000      7.86620E-04
  63.000      7.51450E-04
  64.000      8.62030E-04
  65.000      8.13100E-04
  65.800      6.30600E-04
  66.500      8.52040E-04
  67.500      1.00040E-03
  68.500      7.56010E-04
  69.500      1.02210E-03
  70.500      7.49250E-04
  71.600      1.12700E-03
  72.600      1.14780E-03
  73.500      1.17910E-03
  74.500      1.07000E-03
  75.500      1.09020E-03
  76.500      1.00250E-03
  77.500      1.14530E-03
  78.500      1.03550E-03
  79.500      1.20090E-03
  80.500      1.19010E-03
  81.500      1.21130E-03
  82.500      1.27720E-03
  83.500      1.00200E-03
  84.500      1.25090E-03
  85.500      1.21400E-03
  86.500      1.30920E-03
  87.500      1.33100E-03
  88.500      1.34070E-03
  89.500      1.34970E-03
  90.500      1.32290E-03
  91.500      1.10700E-03
  92.500      1.96260E-03
  93.500      2.87190E-03
  94.500      3.32590E-03
  95.500      3.71740E-03
  96.500      4.11850E-03
  97.500      2.56560E-03
  98.500      3.55110E-03
  99.500      3.14150E-03
  100.50      3.19510E-03
  101.50      3.46930E-03
  102.50      3.17530E-03
  103.50      3.69180E-03
  104.50      4.06040E-03
  105.50      3.93620E-03
  106.50      3.64450E-03
  107.50      3.74470E-03
  108.50      3.47730E-03
  109.50      3.70010E-03
  110.50      3.61890E-03
  111.50      3.62510E-03
  112.50      3.29010E-03
  113.50      3.61620E-03
  114.50      3.67680E-03
  115.50      3.41410E-03
  116.50      3.28900E-03
  117.50      2.55110E-03
  118.50      3.15430E-03
  119.50      3.03400E-03
  120.50      3.02340E-03
  121.50      2.60870E-03
  122.50      2.93800E-03
  123.50      3.08880E-03
  124.50      3.04340E-03
  125.50      3.08500E-03
  126.50      3.21360E-03
  127.50      3.37770E-03
  128.50      3.40700E-03
  129.50      3.36490E-03
  130.50      3.30790E-03
  131.50      3.45540E-03
  132.50      3.42550E-03
  133.50      3.36790E-03
  134.50      3.40390E-03
  135.50      3.29910E-03
  136.50      3.23690E-03
  137.50      3.13320E-03
  138.50      3.12940E-03
  139.50      2.86830E-03
  140.50      2.78630E-03
  141.50      3.21290E-03
  142.50      2.88870E-03
  143.50      3.13220E-03
  144.20      3.01080E-03
  144.70      3.03970E-03
  145.50      2.92850E-03
  146.50      2.93340E-03
  147.50      2.98940E-03
  148.50      3.04830E-03
  149.50      2.97300E-03
  150.50      2.97640E-03
  151.20      2.97480E-03
  151.70      2.98070E-03
  152.50      2.91680E-03
  153.50      2.61080E-03
  154.50      2.05710E-03
  155.50      2.15690E-03
  156.50      2.53810E-03
  157.50      2.68120E-03
  158.50      2.69740E-03
  159.50      2.74720E-03
  160.50      2.60450E-03
  161.50      2.52510E-03
  162.50      2.62300E-03
  163.50      2.65500E-03
  164.50      2.64720E-03
  165.50      2.69250E-03
  166.50      2.66510E-03
  167.20      2.47870E-03
  167.70      2.89440E-03
  168.50      2.80120E-03
  169.50      2.76110E-03
  170.50      2.73890E-03
  171.50      2.60850E-03
  172.50      2.57250E-03
  173.50      2.69190E-03
  174.50      2.70250E-03
  175.50      2.67160E-03
  176.50      2.65540E-03
  177.50      2.58570E-03
  178.50      2.65570E-03
  179.50      2.59310E-03
  180.50      2.58980E-03
  181.50      2.56720E-03
  182.50      2.52420E-03
  183.50      2.55180E-03
  184.50      2.54540E-03
  185.50      2.57530E-03
  186.50      2.58520E-03
  187.50      2.52150E-03
  188.50      2.47980E-03
  189.50      2.52500E-03
  190.50      2.54240E-03
  191.50      2.52170E-03
  192.50      2.39330E-03
  193.50      2.52750E-03
  194.50      2.53720E-03
  195.50      2.37490E-03
  196.70      2.47600E-03
  197.60      2.48250E-03
  198.40      2.48450E-03
  199.50      2.44450E-03
  200.50      2.49070E-03
  201.50      2.47800E-03
  202.50      2.47230E-03
  203.50      2.42830E-03
  204.50      2.40220E-03
  205.50      1.80640E-03
  206.50      1.74490E-03
  207.40      1.82410E-03
  207.80      1.85730E-03
  208.50      2.02640E-03
  209.50      2.24420E-03
  210.50      2.30200E-03
  211.50      2.34510E-03
  212.50      2.30630E-03
  213.50      2.31830E-03
  214.50      2.30010E-03
  215.50      2.31260E-03
  216.50      2.19390E-03
  217.50      2.30230E-03
  218.50      2.21920E-03
  219.50      2.30340E-03
  220.50      2.28530E-03
  221.50      2.18620E-03
  222.50      2.25270E-03
  223.50      2.24090E-03
  224.50      2.21190E-03
  225.50      2.14440E-03
  226.50      2.19470E-03
  227.50      2.20040E-03
  228.50      2.14760E-03
  229.50      2.02930E-03
  230.50      2.07050E-03
  231.50      2.09250E-03
  232.50      2.11390E-03
  233.50      2.10100E-03
  234.50      2.06880E-03
  235.50      2.03040E-03
  236.50      2.00820E-03
  237.50      1.97020E-03
  238.50      1.88110E-03
  239.50      1.93730E-03
  240.50      1.94520E-03
  241.50      1.94960E-03
  242.50      1.96380E-03
  243.50      1.94400E-03
  244.50      1.93540E-03
  245.50      1.91780E-03
  246.50      1.91130E-03
  247.50      1.91440E-03
  248.50      1.86070E-03
  249.50      1.46500E-03
  250.50      1.81830E-03
  251.30      1.74190E-03
  251.80      1.79600E-03
  252.50      1.83260E-03
  253.50      1.84450E-03
  254.50      1.83580E-03
  255.50      1.82100E-03
  256.50      1.81200E-03
  257.50      1.80000E-03
  258.50      1.79200E-03
  259.50      1.75210E-03
  260.50      1.77560E-03
  261.50      1.74330E-03
  262.50      1.75610E-03
  263.50      1.75480E-03
  264.50      1.72990E-03
  265.50      1.73040E-03
  266.50      1.71370E-03
  267.50      1.67070E-03
  268.50      1.69320E-03
  269.50      1.67550E-03
  270.50      1.68670E-03
  271.50      1.66720E-03
  272.50      1.66200E-03
  273.50      1.61220E-03
  274.50      1.65370E-03
  275.50      1.63820E-03
  276.50      1.62800E-03
  277.50      1.62370E-03
  278.50      1.59880E-03
  279.50      1.56980E-03
  280.50      1.58740E-03
  281.50      1.58500E-03
  282.50      1.57460E-03
  283.50      1.56620E-03
  284.50      1.56640E-03
  285.50      1.55490E-03
  286.50      1.53080E-03
  287.50      1.52590E-03
  288.50      1.52560E-03
  289.50      1.51700E-03
  291.00      1.49960E-03
  293.00      1.49490E-03
  295.00      1.47700E-03
  297.00      1.45620E-03
  299.00      1.42830E-03
  301.00      1.41000E-03
  303.00      1.38510E-03
  305.00      1.38540E-03
  307.00      1.36990E-03
  309.00      1.36340E-03
  311.00      1.35650E-03
  313.00      1.33950E-03
  315.00      1.33430E-03
  317.00      1.31740E-03
  319.00      1.30910E-03
  321.00      1.27260E-03
  323.00      1.28090E-03
  325.00      1.27340E-03
  327.00      1.24470E-03
  329.00      1.24310E-03
  331.00      1.22810E-03
  333.00      1.21480E-03
  335.00      1.19070E-03
  337.00      1.18710E-03
  339.00      1.18290E-03
  341.00      1.17050E-03
  343.00      1.16650E-03
  345.00      1.14390E-03
  347.00      1.14280E-03
  349.00      1.13420E-03
  351.00      1.12600E-03
  353.00      1.11230E-03
  355.00      1.10230E-03
  357.00      1.09350E-03
  359.00      1.08290E-03
  361.00      1.06810E-03
  363.00      1.06040E-03
  364.00      1.04090E-03
  365.00      9.49550E-04
  367.00      9.42870E-04
  369.00      9.35960E-04
  371.00      9.25580E-04
  373.00      9.36930E-04
  375.00      9.51240E-04
  377.00      9.58070E-04
  379.00      9.88450E-04
  381.00      1.00790E-03
  383.00      9.51420E-04
  385.00      1.01340E-03
  387.00      9.99520E-04
  389.00      9.17660E-04
  391.00      1.00730E-03
  393.00      9.85400E-04
  395.00      9.75240E-04
  397.00      8.78720E-04
  399.00      9.71310E-04
  401.00      9.62080E-04
  403.00      9.37630E-04
  405.00      9.49350E-04
  407.00      9.28930E-04
  409.00      8.93100E-04
  411.00      8.43650E-04
  413.00      9.06770E-04
  415.00      9.03180E-04
  417.00      9.03430E-04
  419.00      8.92730E-04
  421.00      8.76190E-04
  423.00      8.84740E-04
  425.00      8.72870E-04
  427.00      8.65370E-04
  429.00      8.58060E-04
  431.00      8.44510E-04
  433.00      8.10320E-04
  435.00      7.73170E-04
  437.00      8.26660E-04
  439.00      8.13350E-04
  441.00      8.07330E-04
  443.00      8.09610E-04
  445.00      8.01750E-04
  447.00      7.90030E-04
  449.00      7.92260E-04
  451.00      7.75740E-04
  453.00      7.72400E-04
  455.00      7.55210E-04
  457.00      7.65950E-04
  459.00      7.56810E-04
  461.00      7.54680E-04
  463.00      7.43450E-04
  465.00      7.12410E-04
  467.00      7.33960E-04
  469.00      7.13690E-04
  471.00      7.26760E-04
  473.00      7.30700E-04
  475.00      7.25730E-04
  477.00      7.20680E-04
  479.00      7.14830E-04
  481.00      7.09370E-04
  483.00      7.02840E-04
  485.00      6.80810E-04
  487.00      6.34470E-04
  489.00      6.85840E-04
  491.00      6.81730E-04
  493.00      6.73250E-04
  495.00      6.72340E-04
  497.00      6.70180E-04
  499.00      6.65890E-04
  501.00      6.54070E-04
  503.00      6.53410E-04
  505.00      6.49090E-04
  507.00      6.46790E-04
  509.00      6.42450E-04
  511.00      6.37840E-04
  513.00      6.32800E-04
  515.00      6.28500E-04
  517.00      6.24180E-04
  519.00      6.20110E-04
  521.00      6.15980E-04
  523.00      6.12310E-04
  525.00      6.05380E-04
  527.00      6.01190E-04
  529.00      5.99930E-04
  531.00      5.95660E-04
  533.00      5.91530E-04
  535.00      5.87990E-04
  537.00      5.83870E-04
  539.00      5.79810E-04
  541.00      5.65020E-04
  543.00      5.72430E-04
  545.00      5.68680E-04
  547.00      5.64590E-04
  549.00      5.61140E-04
  551.00      5.56500E-04
  553.00      5.53810E-04
  555.00      5.50470E-04
  557.00      5.46020E-04
  559.00      5.40550E-04
  561.00      5.39910E-04
  563.00      5.36400E-04
  565.00      5.32840E-04
  567.00      5.29230E-04
  569.00      5.15970E-04
  571.00      4.89540E-04
  573.00      4.86750E-04
  575.00      4.83550E-04
  577.00      4.81350E-04
  579.00      4.78660E-04
  581.00      4.73180E-04
  583.00      4.73600E-04
  585.00      4.74080E-04
  587.00      4.67330E-04
  589.00      4.72690E-04
  591.00      4.72680E-04
  593.00      4.72750E-04
  595.00      4.73440E-04
  597.00      4.74510E-04
  599.00      4.75040E-04
  601.00      4.74270E-04
  603.00      4.71810E-04
  605.00      4.70050E-04
  607.00      4.67310E-04
  609.00      4.65270E-04
  611.00      4.61690E-04
  613.00      4.59180E-04
  615.00      4.56550E-04
  617.00      4.52940E-04
  619.00      4.52140E-04
  621.00      4.49800E-04
  623.00      4.45350E-04
  625.00      4.43860E-04
  627.00      4.41860E-04
  629.00      4.39280E-04
  631.00      4.34170E-04
  633.00      4.34180E-04
  635.00      4.31490E-04
  637.00      4.29410E-04
  639.00      4.26670E-04
  641.00      4.21540E-04
  643.00      4.22120E-04
  645.00      4.18920E-04
  647.00      4.16250E-04
  649.00      4.14380E-04
  651.00      4.11130E-04
  653.00      4.05850E-04
  655.00      4.01160E-04
  657.00      3.70220E-04
  659.00      4.01880E-04
  661.00      4.01040E-04
  663.00      3.99030E-04
  665.00      3.96730E-04
  667.00      3.90920E-04
  669.00      3.85850E-04
  671.00      3.89010E-04
  673.00      3.86720E-04
  675.00      3.84870E-04
  677.00      3.83620E-04
  679.00      3.81750E-04
  681.00      3.79820E-04
  683.00      3.77760E-04
  685.00      3.75540E-04
  687.00      3.73190E-04
  689.00      3.66530E-04
  691.00      3.69010E-04
  693.00      3.67820E-04
  695.00      3.65770E-04
  697.00      3.63930E-04
  699.00      3.61910E-04
  701.00      3.59530E-04
  703.00      3.56850E-04
  705.00      3.55560E-04
  707.00      3.50960E-04
  709.00      3.52570E-04
  711.00      3.50490E-04
  713.00      3.48680E-04
  715.00      3.47150E-04
  717.00      3.42050E-04
  719.00      3.41760E-04
  721.00      3.41790E-04
  723.00      3.39520E-04
  725.00      3.38200E-04
  727.00      3.36570E-04
  729.00      3.33590E-04
  731.00      3.32690E-04
  733.00      3.31420E-04
  735.00      3.29780E-04
  737.00      3.27860E-04
  739.00      3.26350E-04
  741.00      3.24600E-04
  743.00      3.23220E-04
  745.00      3.21020E-04
  747.00      3.19590E-04
  749.00      3.16650E-04
  751.00      3.16480E-04
  753.00      3.14990E-04
  755.00      3.13450E-04
  757.00      3.11680E-04
  759.00      3.05390E-04
  761.00      3.08040E-04
  763.00      3.07140E-04
  765.00      3.05780E-04
  767.00      3.04380E-04
  769.00      3.01870E-04
  771.00      3.00930E-04
  773.00      2.98750E-04
  775.00      2.98070E-04
  777.00      2.97260E-04
  779.00      2.95520E-04
  781.00      2.94400E-04
  783.00      2.92950E-04
  785.00      2.90400E-04
  787.00      2.89670E-04
  789.00      2.88610E-04
  791.00      2.87530E-04
  793.00      2.86210E-04
  795.00      2.84930E-04
  797.00      2.83120E-04
  799.00      2.82210E-04
  801.00      2.80930E-04
  803.00      2.79190E-04
  805.00      2.78390E-04
  807.00      2.77070E-04
  809.00      2.75760E-04
  811.00      2.74270E-04
  813.00      2.73260E-04
  815.00      2.71910E-04
  817.00      2.70370E-04
  819.00      2.68230E-04
  821.00      2.58220E-04
  823.00      2.55320E-04
  825.00      2.55640E-04
  827.00      2.54540E-04
  829.00      2.53820E-04
  831.00      2.52930E-04
  833.00      2.50930E-04
  835.00      2.49710E-04
  837.00      2.49360E-04
  839.00      2.48720E-04
  841.00      2.47710E-04
  843.00      2.46840E-04
  845.00      2.45620E-04
  847.00      2.45060E-04
  849.00      2.44230E-04
  851.00      2.42390E-04
  853.00      2.42760E-04
  855.00      2.41530E-04
  857.00      2.41560E-04
  859.00      2.39510E-04
  861.00      2.39220E-04
  863.00      2.40270E-04
  865.00      2.38460E-04
  867.00      2.34400E-04
  869.00      2.38410E-04
  871.00      2.38590E-04
  873.00      2.36630E-04
  875.00      2.28900E-04
  877.00      2.34280E-04
  879.00      2.36670E-04
  881.00      2.36470E-04
  883.00      2.35270E-04
  885.00      2.29200E-04
  887.00      2.21090E-04
  889.00      2.31560E-04
  891.00      2.32260E-04
  893.00      2.31290E-04
  895.00      2.30420E-04
  897.00      2.29610E-04
  899.00      2.26710E-04
  901.00      2.13320E-04
  903.00      2.18760E-04
  905.00      2.25120E-04
  907.00      2.24240E-04
  909.00      2.24100E-04
  911.00      2.23200E-04
  913.00      2.22730E-04
  915.00      2.21990E-04
  917.00      2.20560E-04
  919.00      2.19210E-04
  921.00      2.14480E-04
  923.00      1.99220E-04
  925.00      2.12370E-04
  927.00      2.15480E-04
  929.00      2.15220E-04
  931.00      2.14310E-04
  933.00      2.13520E-04
  935.00      2.08530E-04
  937.00      2.10910E-04
  939.00      2.11050E-04
  941.00      2.09810E-04
  943.00      2.09220E-04
  945.00      2.08560E-04
  947.00      2.07410E-04
  949.00      2.06680E-04
  951.00      2.04430E-04
  953.00      1.99760E-04
  955.00      1.85480E-04
  957.00      2.00160E-04
  959.00      2.02180E-04
  961.00      2.01710E-04
  963.00      2.00650E-04
  965.00      2.00520E-04
  967.00      1.99850E-04
  969.00      1.99000E-04
  971.00      1.93860E-04
  973.00      1.96700E-04
  975.00      1.96470E-04
  977.00      1.94920E-04
  979.00      1.95160E-04
  981.00      1.94400E-04
  983.00      1.93510E-04
  985.00      1.92880E-04
  987.00      1.92160E-04
  989.00      1.91280E-04
  991.00      1.90360E-04
  993.00      1.89970E-04
  995.00      1.89270E-04
  997.00      1.88480E-04
  999.00      1.87700E-04
  1002.5      1.81720E-04
  1007.5      1.77950E-04
  1012.5      1.79630E-04
  1017.5      1.81340E-04
  1022.5      1.79570E-04
  1027.5      1.77800E-04
  1032.5      1.75830E-04
  1037.5      1.74680E-04
  1042.5      1.72430E-04
  1047.5      1.71530E-04
  1052.5      1.69930E-04
  1057.5      1.68410E-04
  1062.5      1.66900E-04
  1067.5      1.65340E-04
  1072.5      1.63940E-04
  1077.5      1.62470E-04
  1082.5      1.59970E-04
  1087.5      1.59370E-04
  1092.5      1.49850E-04
  1097.5      1.54680E-04
  1102.5      1.55180E-04
  1107.5      1.54110E-04
  1112.5      1.52780E-04
  1117.5      1.51570E-04
  1122.5      1.50210E-04
  1127.5      1.48930E-04
  1132.5      1.47620E-04
  1137.5      1.46410E-04
  1142.5      1.45210E-04
  1147.5      1.44000E-04
  1152.5      1.42830E-04
  1157.5      1.41490E-04
  1162.5      1.39090E-04
  1167.5      1.38330E-04
  1172.5      1.38140E-04
  1177.5      1.37040E-04
  1182.5      1.35750E-04
  1187.5      1.34770E-04
  1192.5      1.33680E-04
  1197.5      1.31640E-04
  1202.5      1.31600E-04
  1207.5      1.30480E-04
  1212.5      1.29370E-04
  1217.5      1.28470E-04
  1222.5      1.27420E-04
  1227.5      1.26470E-04
  1232.5      1.25450E-04
  1237.5      1.24490E-04
  1242.5      1.23530E-04
  1247.5      1.22570E-04
  1252.5      1.21490E-04
  1257.5      1.20630E-04
  1262.5      1.19760E-04
  1267.5      1.18860E-04
  1272.5      1.17940E-04
  1277.5      1.15830E-04
  1282.5      1.09680E-04
  1287.5      1.14950E-04
  1292.5      1.14450E-04
  1297.5      1.13300E-04
  1302.5      1.12700E-04
  1307.5      1.11920E-04
  1312.5      1.11090E-04
  1317.5      1.10270E-04
  1322.5      1.09470E-04
  1327.5      1.08670E-04
  1332.5      1.07870E-04
  1337.5      1.07080E-04
  1342.5      1.06280E-04
  1347.5      1.05540E-04
  1352.5      1.04780E-04
  1357.5      1.04050E-04
  1362.5      1.03290E-04
  1367.5      1.02570E-04
  1372.5      1.01780E-04
  1377.5      1.01130E-04
  1382.5      1.00430E-04
  1387.5      9.97220E-05
  1392.5      9.89980E-05
  1397.5      9.83390E-05
  1402.5      9.76250E-05
  1407.5      9.69850E-05
  1412.5      9.63090E-05
  1417.5      9.56370E-05
  1422.5      9.50040E-05
  1427.5      9.43510E-05
  1432.5      9.37020E-05
  1437.5      9.30700E-05
  1442.5      9.24550E-05
  1447.5      9.18340E-05
  1452.5      9.12170E-05
  1457.0      9.06680E-05
  1462.0      9.00890E-05
  1467.5      8.94330E-05
  1472.5      8.88110E-05
  1477.5      8.75600E-05
  1482.5      8.76760E-05
  1487.5      8.71130E-05
  1492.5      8.65480E-05
  1497.5      8.59860E-05
  1502.5      8.54240E-05
  1507.5      8.48180E-05
  1512.5      8.43330E-05
  1517.5      8.37920E-05
  1522.5      8.32570E-05
  1527.5      8.27170E-05
  1532.5      8.21850E-05
  1537.5      8.16720E-05
  1542.5      8.11160E-05
  1547.5      8.06410E-05
  1552.5      8.01220E-05
  1557.5      7.95390E-05
  1562.5      7.91770E-05
  1567.5      7.85530E-05
  1572.5      7.79840E-05
  1577.5      7.77410E-05
  1582.5      7.72290E-05
  1587.5      7.62660E-05
  1592.5      7.61710E-05
  1597.5      7.59070E-05
  1605.0      7.50550E-05
  1615.0      7.37870E-05
  1625.0      7.35800E-05
  1635.0      7.23060E-05
  1645.0      7.08650E-05
  1655.0      7.09730E-05
  1665.0      7.01220E-05
  1675.0      6.88440E-05
  1685.0      6.73510E-05
  1695.0      6.77100E-05
  1705.0      6.67410E-05
  1715.0      6.61960E-05
  1725.0      6.54030E-05
  1735.0      6.30450E-05
  1745.0      6.37980E-05
  1755.0      6.32630E-05
  1765.0      6.25610E-05
  1775.0      6.18630E-05
  1785.0      6.11840E-05
  1795.0      6.05200E-05
  1805.0      5.98500E-05
  1815.0      5.75780E-05
  1825.0      5.82730E-05
  1835.0      5.79490E-05
  1845.0      5.73280E-05
  1855.0      5.66860E-05
  1865.0      5.53390E-05
  1875.0      5.36650E-05
  1885.0      5.49250E-05
  1895.0      5.43820E-05
  1905.0      5.37190E-05
  1915.0      5.32800E-05
  1925.0      5.27360E-05
  1935.0      5.21300E-05
  1945.0      4.98970E-05
  1955.0      5.10450E-05
  1965.0      5.06380E-05
  1975.0      5.01340E-05
  1985.0      4.96310E-05
  1995.0      4.91400E-05
  2005.0      4.86630E-05
  2015.0      4.81870E-05
  2025.0      4.77180E-05
  2035.0      4.72560E-05
  2045.0      4.67930E-05
  2055.0      4.63040E-05
  2065.0      4.59080E-05
  2075.0      4.54500E-05
  2085.0      4.50390E-05
  2095.0      4.46160E-05
  2105.0      4.41960E-05
  2115.0      4.36970E-05
  2125.0      4.33790E-05
  2135.0      4.29760E-05
  2145.0      4.25760E-05
  2155.0      4.21430E-05
  2165.0      4.02330E-05
  2175.0      4.13130E-05
  2185.0      4.10390E-05
  2195.0      4.06820E-05
  2205.0      4.03170E-05
  2215.0      3.99570E-05
  2225.0      3.96000E-05
  2235.0      3.92520E-05
  2245.0      3.89050E-05
  2255.0      3.85640E-05
  2265.0      3.82280E-05
  2275.0      3.78960E-05
  2285.0      3.76350E-05
  2295.0      3.73130E-05
  2305.0      3.69830E-05
  2315.0      3.66730E-05
  2325.0      3.63630E-05
  2335.0      3.60520E-05
  2345.0      3.57480E-05
  2355.0      3.54470E-05
  2365.0      3.51500E-05
  2375.0      3.48570E-05
  2385.0      3.45700E-05
  2395.0      3.42810E-05
  2405.0      3.39980E-05
  2415.0      3.37190E-05
  2425.0      3.34230E-05
  2435.0      3.31710E-05
  2445.0      3.29020E-05
  2455.0      3.26390E-05
  2465.0      3.23570E-05
  2475.0      3.20680E-05
  2485.0      3.18600E-05
  2495.0      3.15480E-05
  2505.0      3.13560E-05
  2515.0      3.11080E-05
  2525.0      3.07770E-05
  2535.0      3.06040E-05
  2545.0      3.03830E-05
  2555.0      3.01200E-05
  2565.0      2.97920E-05
  2575.0      2.96650E-05
  2585.0      2.94550E-05
  2595.0      2.92290E-05
  2605.0      2.89280E-05
  2615.0      2.85100E-05
  2625.0      2.73960E-05
  2635.0      2.82470E-05
  2645.0      2.81360E-05
  2655.0      2.79140E-05
  2665.0      2.76660E-05
  2675.0      2.72220E-05
  2685.0      2.72460E-05
  2695.0      2.71080E-05
  2705.0      2.69090E-05
  2715.0      2.67120E-05
  2725.0      2.65170E-05
  2735.0      2.63240E-05
  2745.0      2.61040E-05
  2755.0      2.55710E-05
  2765.0      2.55860E-05
  2775.0      2.55720E-05
  2785.0      2.53880E-05
  2795.0      2.52090E-05
  2805.0      2.50290E-05
  2815.0      2.48530E-05
  2825.0      2.46770E-05
  2835.0      2.45040E-05
  2845.0      2.43330E-05
  2855.0      2.41560E-05
  2865.0      2.38560E-05
  2875.0      2.33180E-05
  2885.0      2.36210E-05
  2895.0      2.35010E-05
  2905.0      2.33400E-05
  2915.0      2.31800E-05
  2925.0      2.30220E-05
  2935.0      2.28660E-05
  2945.0      2.27110E-05
  2955.0      2.25580E-05
  2965.0      2.24060E-05
  2975.0      2.22560E-05
  2985.0      2.21070E-05
  2995.0      2.19600E-05
  3005.0      2.18140E-05
  3015.0      2.16690E-05
  3025.0      2.15050E-05
  3035.0      2.09140E-05
  3045.0      2.09730E-05
  3055.0      2.10930E-05
  3065.0      2.09670E-05
  3075.0      2.08310E-05
  3085.0      2.06930E-05
  3095.0      2.05650E-05
  3105.0      2.04320E-05
  3115.0      2.03010E-05
  3125.0      2.01720E-05
  3135.0      2.00430E-05
  3145.0      1.99160E-05
  3155.0      1.97900E-05
  3165.0      1.96650E-05
  3175.0      1.95410E-05
  3185.0      1.94190E-05
  3195.0      1.92970E-05
  3210.0      1.91170E-05
  3230.0      1.88810E-05
  3250.0      1.86490E-05
  3270.0      1.84210E-05
  3290.0      1.78190E-05
  3310.0      1.79000E-05
  3330.0      1.77770E-05
  3350.0      1.75670E-05
  3370.0      1.73590E-05
  3390.0      1.71540E-05
  3410.0      1.69530E-05
  3430.0      1.67560E-05
  3450.0      1.65620E-05
  3470.0      1.63710E-05
  3490.0      1.61830E-05
  3510.0      1.59990E-05
  3530.0      1.58170E-05
  3550.0      1.56390E-05
  3570.0      1.54640E-05
  3590.0      1.52920E-05
  3610.0      1.51220E-05
  3630.0      1.49550E-05
  3650.0      1.47910E-05
  3670.0      1.46300E-05
  3690.0      1.44710E-05
  3710.0      1.43010E-05
  3730.0      1.39980E-05
  3750.0      1.37670E-05
  3770.0      1.38610E-05
  3790.0      1.37150E-05
  3810.0      1.35610E-05
  3830.0      1.34200E-05
  3850.0      1.32890E-05
  3870.0      1.31510E-05
  3890.0      1.30150E-05
  3910.0      1.28500E-05
  3930.0      1.27510E-05
  3950.0      1.26210E-05
  3970.0      1.24940E-05
  3990.0      1.23680E-05
  4010.0      1.22170E-05
  4030.0      1.20640E-05
  4050.0      1.17240E-05
  4070.0      1.18790E-05
  4090.0      1.17680E-05
  4110.0      1.16530E-05
  4130.0      1.15340E-05
  4150.0      1.14230E-05
  4170.0      1.12300E-05
  4190.0      1.12010E-05
  4210.0      1.11020E-05
  4230.0      1.09970E-05
  4250.0      1.08910E-05
  4270.0      1.07910E-05
  4290.0      1.06800E-05
  4310.0      1.05900E-05
  4330.0      1.04920E-05
  4350.0      1.03940E-05
  4370.0      1.01920E-05
  4390.0      1.01690E-05
  4410.0      1.01120E-05
  4430.0      1.00200E-05
  4450.0      9.92960E-06
  4470.0      9.84560E-06
  4490.0      9.75740E-06
  4510.0      9.66980E-06
  4530.0      9.58450E-06
  4550.0      9.49980E-06
  4570.0      9.41620E-06
  4590.0      9.33370E-06
  4610.0      9.25060E-06
  4630.0      9.16340E-06
  4650.0      8.81490E-06
  4670.0      8.84590E-06
  4690.0      8.90490E-06
  4710.0      8.86030E-06
  4730.0      8.78500E-06
  4750.0      8.71000E-06
  4770.0      8.63700E-06
  4790.0      8.56440E-06
  4810.0      8.49270E-06
  4830.0      8.42190E-06
  4850.0      8.35200E-06
  4870.0      8.28290E-06
  4890.0      8.21460E-06
  4910.0      8.14720E-06
  4930.0      8.08060E-06
  4950.0      8.01480E-06
  4970.0      7.94980E-06
  4990.0      7.88560E-06
  5010.0      7.82210E-06
  5030.0      7.75940E-06
  5050.0      7.69750E-06
  5070.0      7.63620E-06
  5090.0      7.57560E-06
  5110.0      7.49610E-06
  5130.0      7.29070E-06
  5150.0      7.38540E-06
  5170.0      7.34060E-06
  5190.0      7.28360E-06
  5210.0      7.22720E-06
  5230.0      7.17140E-06
  5250.0      7.11630E-06
  5270.0      7.06180E-06
  5290.0      7.00790E-06
  5310.0      6.95470E-06
  5330.0      6.90200E-06
  5350.0      6.84990E-06
  5370.0      6.79830E-06
  5390.0      6.74740E-06
  5410.0      6.69710E-06
  5430.0      6.64740E-06
  5450.0      6.59810E-06
  5470.0      6.54940E-06
  5490.0      6.50120E-06
  5510.0      6.45340E-06
  5530.0      6.40240E-06
  5550.0      6.35970E-06
  5570.0      6.31370E-06
  5590.0      6.26800E-06
  5610.0      6.22290E-06
  5630.0      6.17830E-06
  5650.0      6.13410E-06
  5670.0      6.09030E-06
  5690.0      6.04700E-06
  5710.0      5.98910E-06
  5730.0      5.96180E-06
  5750.0      5.92000E-06
  5770.0      5.87860E-06
  5790.0      5.83750E-06
  5810.0      5.79690E-06
  5830.0      5.75670E-06
  5850.0      5.71890E-06
  5870.0      5.67940E-06
  5890.0      5.62020E-06
  5910.0      5.44090E-06
  5930.0      5.54600E-06
  5950.0      5.49840E-06
  5970.0      5.47440E-06
  5990.0      5.45140E-06
  6010.0      5.41470E-06
  6030.0      5.37810E-06
  6050.0      5.34240E-06
  6070.0      5.30690E-06
  6090.0      5.27160E-06
  6110.0      5.23670E-06
  6130.0      5.20220E-06
  6150.0      5.16800E-06
  6170.0      5.13410E-06
  6190.0      5.10050E-06
  6210.0      5.06730E-06
  6230.0      5.03430E-06
  6250.0      5.00170E-06
  6270.0      4.96280E-06
  6290.0      4.89210E-06
  6310.0      4.89460E-06
  6330.0      4.87440E-06
  6350.0      4.84330E-06
  6370.0      4.81260E-06
  6390.0      4.78210E-06
  6420.0      4.73690E-06
  6460.0      4.67760E-06
  6500.0      4.61940E-06
  6540.0      4.56230E-06
  6580.0      4.50620E-06
  6620.0      4.45110E-06
  6660.0      4.39710E-06
  6700.0      4.34390E-06
  6740.0      4.28680E-06
  6780.0      4.20290E-06
  6820.0      4.19020E-06
  6860.0      4.14080E-06
  6900.0      4.09230E-06
  6940.0      4.04450E-06
  6980.0      3.99760E-06
  7020.0      3.95150E-06
  7060.0      3.90620E-06
  7100.0      3.86160E-06
  7140.0      3.81790E-06
  7180.0      3.77480E-06
  7220.0      3.73250E-06
  7260.0      3.69080E-06
  7300.0      3.64990E-06
  7340.0      3.60960E-06
  7380.0      3.56990E-06
  7420.0      3.52590E-06
  7460.0      3.41420E-06
  7500.0      3.35630E-06
  7540.0      3.40860E-06
  7580.0      3.38130E-06
  7620.0      3.34530E-06
  7660.0      3.31000E-06
  7700.0      3.27520E-06
  7740.0      3.24080E-06
  7780.0      3.20580E-06
  7820.0      3.17380E-06
  7860.0      3.14110E-06
  7900.0      3.10890E-06
  7940.0      3.07720E-06
  7980.0      3.04590E-06
  8020.0      3.01510E-06
  8060.0      2.98480E-06
  8100.0      2.95490E-06
  8140.0      2.92120E-06
  8180.0      2.89520E-06
  8220.0      2.86790E-06
  8260.0      2.83970E-06
  8300.0      2.81200E-06
  8340.0      2.78460E-06
  8380.0      2.75760E-06
  8420.0      2.73110E-06
  8460.0      2.70490E-06
  8500.0      2.67910E-06
  8540.0      2.65360E-06
  8580.0      2.62850E-06
  8620.0      2.60370E-06
  8660.0      2.56850E-06
  8700.0      2.55420E-06
  8740.0      2.50640E-06
  8780.0      2.48350E-06
  8820.0      2.48500E-06
  8860.0      2.46230E-06
  8900.0      2.43980E-06
  8940.0      2.41770E-06
  8980.0      2.39580E-06
  9020.0      2.37420E-06
  9060.0      2.35300E-06
  9100.0      2.33200E-06
  9140.0      2.31120E-06
  9180.0      2.29080E-06
  9220.0      2.27060E-06
  9260.0      2.25070E-06
  9300.0      2.23100E-06
  9340.0      2.21160E-06
  9380.0      2.17720E-06
  9420.0      2.16890E-06
  9460.0      2.15490E-06
  9500.0      2.13640E-06
  9540.0      2.11820E-06
  9580.0      2.10030E-06
  9620.0      2.08260E-06
  9660.0      2.06500E-06
  9700.0      2.04770E-06
  9740.0      2.03060E-06
  9780.0      2.01380E-06
  9820.0      1.99710E-06
  9860.0      1.98060E-06
  9900.0      1.96440E-06
  9940.0      1.94830E-06
  9980.0      1.93240E-06
  10020.      1.91670E-06
  20000.      4.67260E-07
  40000.      1.13060E-07
  60000.      4.92850E-08
  80000.      2.73350E-08
 1.00000E+05  1.73020E-08
 1.20000E+05  1.19060E-08
 1.40000E+05  8.67890E-09
 1.60000E+05  6.59960E-09
