 WMBASIC, Moont, Westmoquette 2004 (Pauldrach 2003) after SNC 2002
 Z/Z0 1.00 Teff 40.00 logg 3.51 R/R0 21.47 R 1.4933E+12
   Wavelength   Eddington Hnu
 (Angstroms) (erg/s/cm2/Hz/sr)
 5.00000000E+01 1.66879780E-47
 5.44728350E+01 1.50209630E-46
 5.98245410E+01 8.96287640E-46
 6.63423760E+01 3.73555240E-45
 6.87842880E+01 5.65858820E-45
 7.14128330E+01 8.91774800E-45
 7.28039090E+01 1.20267690E-44
 7.42502560E+01 1.93154910E-44
 7.42530130E+01 4.67351380E-44
 8.06599260E+01 9.81305980E-43
 8.50000000E+01 2.64854660E-40
 8.82807830E+01 1.29348030E-38
 9.35000000E+01 3.55540430E-36
 9.74919540E+01 1.73012720E-34
 1.02858030E+02 1.98194940E-32
 1.08849220E+02 2.25139340E-30
 1.08849820E+02 2.25238640E-30
 1.11066990E+02 1.13755160E-29
 1.13377010E+02 5.73885630E-29
 1.13377660E+02 5.74138460E-29
 1.14859780E+02 1.56570370E-28
 1.16381840E+02 4.26861860E-28
 1.17944790E+02 1.16288800E-27
 1.18742110E+02 1.91881840E-27
 1.19550290E+02 3.16548370E-27
 1.19551000E+02 3.16687550E-27
 1.21713390E+02 1.16865440E-26
 1.23956210E+02 4.30776710E-26
 1.23956980E+02 3.91932430E-26
 1.25291800E+02 8.33441370E-26
 1.26656480E+02 1.77207950E-25
 1.26657280E+02 1.77285670E-25
 1.26797720E+02 1.91414120E-25
 1.26798530E+02 1.89998670E-25
 1.27081660E+02 2.21645750E-25
 1.27082470E+02 2.20325430E-25
 1.27447660E+02 2.68486130E-25
 1.27448480E+02 2.68603140E-25
 1.27944040E+02 3.50593710E-25
 1.27944860E+02 3.50198680E-25
 1.28310670E+02 4.25719830E-25
 1.28311500E+02 4.24999360E-25
 1.29932340E+02 9.95903090E-25
 1.31595520E+02 2.33282350E-24
 1.31596380E+02 2.33384400E-24
 1.33462550E+02 5.90823340E-24
 1.35383330E+02 1.49477240E-23
 1.35384240E+02 1.49542470E-23
 1.37200850E+02 3.50920760E-23
 1.39067840E+02 8.23046170E-23
 1.39068810E+02 8.23404560E-23
 1.40058470E+02 1.28139620E-22
 1.41063320E+02 1.99445080E-22
 1.41064320E+02 1.99531820E-22
 1.41853670E+02 2.81159140E-22
 1.41854680E+02 2.81281350E-22
 1.43685140E+02 6.13682050E-22
 1.45564520E+02 1.33825350E-21
 1.45565580E+02 1.33883380E-21
 1.47707840E+02 3.17461910E-21
 1.49915230E+02 7.52186290E-21
 1.52189590E+02 1.78001070E-20
 1.53352840E+02 2.73693530E-20
 1.54534020E+02 4.20693440E-20
 1.54535210E+02 4.22748680E-20
 1.55996320E+02 7.12662100E-20
 1.57486560E+02 1.20131350E-19
 1.57487800E+02 1.19807130E-19
 1.58750220E+02 1.84969720E-19
 1.60034310E+02 2.85594850E-19
 1.60035590E+02 2.86273460E-19
 1.60224390E+02 3.04962840E-19
 1.60225670E+02 1.08125040E-19
 1.62147230E+02 2.00912060E-19
 1.64116780E+02 3.72998660E-19
 1.64118130E+02 6.65263140E-20
 1.65325350E+02 9.69810690E-20
 1.66551860E+02 1.41382130E-19
 1.66553240E+02 1.41441940E-19
 1.68739650E+02 2.72951180E-19
 1.70985680E+02 5.26298980E-19
 1.70987140E+02 5.09952860E-19
 1.71113420E+02 5.28850090E-19
 1.71114880E+02 5.03895650E-19
 1.71458910E+02 5.56296590E-19
 1.71460380E+02 4.97541370E-19
 1.72433830E+02 6.57191470E-19
 1.72435320E+02 5.84984850E-19
 1.72510760E+02 5.97689690E-19
 1.72512240E+02 5.97785100E-19
 1.73777390E+02 8.54557530E-19
 1.75062760E+02 1.22169070E-18
 1.75064300E+02 1.22220730E-18
 1.77188030E+02 2.17931000E-18
 1.79365540E+02 3.88363430E-18
 1.79367150E+02 3.88491970E-18
 1.81856170E+02 7.38420650E-18
 1.84416950E+02 1.40227960E-17
 1.84418650E+02 1.40286630E-17
 1.85778830E+02 1.95705510E-17
 1.87160980E+02 2.73029590E-17
 1.87162730E+02 2.73177840E-17
 1.88738970E+02 3.96800940E-17
 1.88740750E+02 3.96966850E-17
 1.90123900E+02 5.47816040E-17
 1.90125710E+02 5.48044380E-17
 1.90853060E+02 6.47882540E-17
 1.90854880E+02 6.48150620E-17
 1.92241740E+02 8.88405430E-17
 1.92243590E+02 8.89523020E-17
 1.92420960E+02 9.25798070E-17
 1.92783400E+02 1.00349270E-16
 1.93146520E+02 1.08907310E-16
 1.93510330E+02 1.17895720E-16
 1.93566170E+02 1.19402570E-16
 1.93568040E+02 1.19453440E-16
 1.93874820E+02 1.28073900E-16
 1.94239990E+02 1.38820840E-16
 1.94605860E+02 1.50299920E-16
 1.94617540E+02 1.50691880E-16
 1.94619430E+02 1.50919600E-16
 1.94836520E+02 1.58400550E-16
 1.94838420E+02 1.58467550E-16
 1.94972410E+02 1.63269760E-16
 1.95339650E+02 1.76886000E-16
 1.95707590E+02 1.91629280E-16
 1.95961030E+02 2.02304700E-16
 1.96076220E+02 2.07336430E-16
 1.96445540E+02 2.24530690E-16
 1.96815560E+02 2.43295240E-16
 1.97098590E+02 2.58551440E-16
 1.97100530E+02 2.58659240E-16
 1.97186270E+02 2.63460630E-16
 1.97557690E+02 2.85029690E-16
 1.97929800E+02 3.08579160E-16
 1.98302610E+02 3.33803490E-16
 1.98676130E+02 3.61031330E-16
 1.98877180E+02 3.76621270E-16
 1.99050350E+02 3.90559570E-16
 1.99425280E+02 4.22489250E-16
 1.99800910E+02 4.16432350E-16
 2.00177240E+02 4.66031910E-16
 2.00554290E+02 5.33727440E-16
 2.00688160E+02 5.48465840E-16
 2.00690170E+02 5.48690410E-16
 2.00932050E+02 5.76293250E-16
 2.01310520E+02 6.23196680E-16
 2.01590960E+02 6.59903000E-16
 2.01592990E+02 6.60176310E-16
 2.01689700E+02 6.73310060E-16
 2.02069600E+02 7.26839170E-16
 2.02358650E+02 7.70082450E-16
 2.02360700E+02 7.70396890E-16
 2.02450210E+02 7.84260060E-16
 2.02518850E+02 7.95386770E-16
 2.02520900E+02 7.95721610E-16
 2.02831540E+02 8.48097840E-16
 2.03213580E+02 9.02693120E-16
 2.03596350E+02 9.85591040E-16
 2.03979840E+02 1.06639470E-15
 2.04364050E+02 1.15090100E-15
 2.04748980E+02 1.24140170E-15
 2.05134640E+02 1.33935660E-15
 2.05521020E+02 1.44456260E-15
 2.05908140E+02 1.55770120E-15
 2.06295980E+02 1.67911680E-15
 2.06508510E+02 1.74958440E-15
 2.06684550E+02 1.81005110E-15
 2.07073860E+02 1.95047150E-15
 2.07463890E+02 1.99308600E-15
 2.07854660E+02 2.08218920E-15
 2.08246170E+02 2.43968940E-15
 2.08638420E+02 2.62808380E-15
 2.09031400E+02 2.83077260E-15
 2.09425130E+02 3.04795240E-15
 2.09819590E+02 3.28070980E-15
 2.10214800E+02 3.53185460E-15
 2.10610760E+02 3.79695540E-15
 2.10658520E+02 3.83100940E-15
 2.11007460E+02 4.08902360E-15
 2.11404900E+02 4.39920540E-15
 2.11803100E+02 4.73291620E-15
 2.12202040E+02 4.65176630E-15
 2.12601740E+02 5.47283710E-15
 2.13002190E+02 5.88531870E-15
 2.13403400E+02 6.25146060E-15
 2.13805350E+02 6.80030350E-15
 2.14208070E+02 7.30730820E-15
 2.14611550E+02 7.84713470E-15
 2.14978750E+02 8.37775500E-15
 2.15015780E+02 8.43313450E-15
 2.15420780E+02 9.06096690E-15
 2.15826540E+02 9.72962640E-15
 2.16233060E+02 1.04491960E-14
 2.16640350E+02 1.12174210E-14
 2.17048410E+02 1.20425690E-14
 2.17206010E+02 1.23752680E-14
 2.17457230E+02 1.29235310E-14
 2.17866830E+02 1.38669810E-14
 2.18277200E+02 1.48816620E-14
 2.18688340E+02 1.59648500E-14
 2.19100250E+02 1.71229310E-14
 2.19479890E+02 1.82592120E-14
 2.19482300E+02 1.82662270E-14
 2.19512940E+02 1.83609770E-14
 2.19926410E+02 1.96884260E-14
 2.20340650E+02 2.11107720E-14
 2.20755680E+02 2.26292240E-14
 2.21171490E+02 2.35515210E-14
 2.21588080E+02 2.59814670E-14
 2.22005460E+02 2.78474070E-14
 2.22423620E+02 2.98308330E-14
 2.22502670E+02 3.02212150E-14
 2.22842570E+02 3.19551860E-14
 2.23262310E+02 3.42227990E-14
 2.23682840E+02 3.66458270E-14
 2.24104160E+02 3.92325370E-14
 2.24526270E+02 4.19975750E-14
 2.24949180E+02 4.49492570E-14
 2.25372890E+02 4.81001910E-14
 2.25609880E+02 4.99545780E-14
 2.25612420E+02 2.62145810E-14
 2.25797400E+02 2.70103910E-14
 2.25845330E+02 2.72612610E-14
 2.25847880E+02 2.72670690E-14
 2.26222700E+02 2.92453510E-14
 2.26648810E+02 3.09582770E-14
 2.26991880E+02 3.26812180E-14
 2.26994450E+02 3.26944900E-14
 2.27075710E+02 3.31156950E-14
 2.27503430E+02 3.54761280E-14
 2.27837820E+02 3.61612290E-14
 2.27840410E+02 6.75106300E-10
 2.27931940E+02 7.58947230E-10
 2.28361270E+02 5.02615090E-10
 2.28791400E+02 1.68623280E-10
 2.29222350E+02 2.27906750E-11
 2.29654100E+02 1.45610780E-11
 2.30086670E+02 2.02517690E-11
 2.30520060E+02 3.32920980E-11
 2.30721440E+02 1.09436740E-10
 2.30954260E+02 1.98515870E-10
 2.31389270E+02 1.47147740E-10
 2.31825110E+02 1.35635030E-09
 2.32261770E+02 1.97783690E-10
 2.32699250E+02 2.93262090E-10
 2.33137550E+02 1.09769740E-10
 2.33576680E+02 5.69272070E-10
 2.33678980E+02 5.19673860E-10
 2.33681710E+02 5.18347310E-10
 2.34016640E+02 3.53934280E-10
 2.34457430E+02 9.70376720E-10
 2.34899040E+02 6.50257880E-10
 2.34985870E+02 6.27081250E-10
 2.35341490E+02 5.30946770E-10
 2.35784770E+02 1.32905550E-10
 2.36228890E+02 4.89381070E-10
 2.36307460E+02 4.51259700E-10
 2.36310250E+02 1.82503840E-08
 2.36673840E+02 1.83663200E-08
 2.37119630E+02 4.68261670E-11
 2.37566270E+02 4.07449550E-09
 2.37749710E+02 6.81233170E-09
 2.37752530E+02 6.86363230E-09
 2.38013740E+02 1.07910360E-08
 2.38462050E+02 5.30358600E-09
 2.38911210E+02 1.98409770E-08
 2.39361220E+02 3.02121930E-08
 2.39812070E+02 1.55650090E-07
 2.40263770E+02 1.88897880E-07
 2.40641950E+02 7.83444470E-08
 2.40716330E+02 5.64598410E-08
 2.41169730E+02 1.16237160E-07
 2.41623990E+02 7.13139590E-09
 2.42079110E+02 1.35911690E-08
 2.42535080E+02 7.70014620E-10
 2.42991910E+02 1.90016350E-07
 2.43449600E+02 4.80414070E-09
 2.43605420E+02 5.30895380E-09
 2.43608390E+02 5.33043610E-09
 2.43908150E+02 6.31054470E-09
 2.44367570E+02 5.25164290E-08
 2.44827850E+02 2.11908270E-08
 2.45289000E+02 8.56679550E-08
 2.45413770E+02 6.48487490E-08
 2.45416780E+02 6.43595070E-08
 2.45751020E+02 8.16797430E-09
 2.46213910E+02 4.49146080E-09
 2.46677670E+02 1.46195470E-09
 2.47142310E+02 3.13951210E-08
 2.47579110E+02 5.89605300E-08
 2.47582170E+02 5.91868890E-08
 2.47607810E+02 6.08179880E-08
 2.48074200E+02 1.54312710E-07
 2.48541460E+02 1.97563960E-07
 2.49009610E+02 1.21863980E-07
 2.49478640E+02 2.94211090E-08
 2.49834420E+02 8.31223670E-09
 2.49837540E+02 1.44532800E-08
 2.49948550E+02 2.64700970E-09
 2.50419340E+02 1.40259440E-08
 2.50891020E+02 1.02621580E-07
 2.51363590E+02 3.21544560E-07
 2.51553820E+02 3.82621240E-07
 2.51837050E+02 4.74226520E-07
 2.52311400E+02 6.61781120E-07
 2.52786650E+02 1.12372570E-06
 2.53262790E+02 2.39187250E-06
 2.53297040E+02 2.23795550E-06
 2.53300250E+02 2.55822970E-06
 2.53739830E+02 2.67900340E-07
 2.54217760E+02 2.97031770E-06
 2.54600830E+02 7.64641970E-07
 2.54604070E+02 8.06974080E-07
 2.54696600E+02 2.26689560E-07
 2.55176340E+02 4.50162460E-07
 2.55656980E+02 9.53035760E-07
 2.56138530E+02 1.73820580E-06
 2.56620980E+02 1.13015500E-06
 2.56735220E+02 2.43476150E-06
 2.57104340E+02 6.67722140E-06
 2.57588620E+02 7.87223610E-06
 2.58073800E+02 4.31289000E-06
 2.58559900E+02 1.76001570E-06
 2.58905710E+02 6.39674050E-07
 2.58909060E+02 6.47613050E-07
 2.59046920E+02 1.84508990E-07
 2.59534850E+02 1.50688060E-06
 2.60023700E+02 4.24564090E-06
 2.60513470E+02 1.91893490E-06
 2.61004170E+02 7.40950220E-07
 2.61010740E+02 7.31846820E-07
 2.61014140E+02 2.28332010E-07
 2.61378120E+02 9.18502030E-07
 2.61381530E+02 1.28019020E-06
 2.61495790E+02 3.27326470E-07
 2.61988330E+02 7.85784870E-08
 2.62481800E+02 7.13215470E-08
 2.62976210E+02 1.17578090E-07
 2.63471540E+02 3.00774640E-07
 2.63967810E+02 2.15935100E-05
 2.64465010E+02 2.17240850E-06
 2.64575530E+02 4.23654660E-06
 2.64963150E+02 1.15096330E-05
 2.65462220E+02 3.06038950E-07
 2.65962240E+02 1.73336290E-07
 2.66463200E+02 1.26773030E-06
 2.66965100E+02 1.46902850E-06
 2.67467940E+02 9.33367010E-06
 2.67852140E+02 1.22178420E-05
 2.67971740E+02 1.31197410E-05
 2.68476480E+02 6.12987440E-06
 2.68982170E+02 5.88610370E-06
 2.69488820E+02 1.00464110E-05
 2.69996420E+02 1.10900380E-05
 2.70504980E+02 3.79380780E-06
 2.71014490E+02 4.39370110E-06
 2.71210930E+02 5.56493110E-06
 2.71524960E+02 7.44580190E-06
 2.72036400E+02 1.87995280E-05
 2.72548800E+02 2.62433080E-05
 2.72922110E+02 8.62193260E-05
 2.73062160E+02 1.08821630E-04
 2.73576490E+02 7.21647680E-09
 2.74091790E+02 3.11375190E-07
 2.74608060E+02 4.17289990E-05
 2.74655030E+02 4.40288800E-05
 2.74658800E+02 4.53438070E-05
 2.75125310E+02 6.88773470E-05
 2.75643520E+02 1.02794810E-06
 2.76162720E+02 1.51654910E-05
 2.76682890E+02 3.33804030E-05
 2.77204040E+02 4.68420450E-05
 2.77383510E+02 3.44899290E-05
 2.77726170E+02 1.08006250E-05
 2.78249290E+02 1.00549640E-06
 2.78773390E+02 1.63322730E-08
 2.79298480E+02 4.56979430E-07
 2.79824550E+02 6.33032520E-06
 2.80166740E+02 1.17511320E-05
 2.80170670E+02 1.18803160E-05
 2.80351620E+02 1.47757190E-05
 2.80879680E+02 2.81480130E-06
 2.81408740E+02 2.68519770E-07
 2.81938790E+02 2.93117410E-07
 2.82469840E+02 2.52834800E-06
 2.83001890E+02 1.06900890E-05
 2.83305060E+02 1.04423800E-05
 2.83534950E+02 1.02536520E-05
 2.84069000E+02 1.33719170E-05
 2.84604070E+02 9.83741470E-08
 2.85140140E+02 4.83195240E-07
 2.85677220E+02 1.99708240E-06
 2.86215310E+02 5.16843110E-06
 2.86514480E+02 1.07788670E-05
 2.86518580E+02 1.12680500E-05
 2.86754420E+02 1.58781680E-05
 2.87294540E+02 2.33703180E-05
 2.87835680E+02 1.16906280E-05
 2.88377830E+02 1.71284260E-05
 2.88921010E+02 3.00342870E-05
 2.89465220E+02 1.64268520E-05
 2.90010440E+02 1.71551360E-05
 2.90556700E+02 5.48865360E-06
 2.91030630E+02 7.74891420E-06
 2.91103980E+02 8.10020430E-06
 2.91652290E+02 1.73448400E-05
 2.92201640E+02 1.55915390E-05
 2.92752020E+02 5.82030920E-06
 2.93303440E+02 9.78886460E-06
 2.93855900E+02 7.67806550E-07
 2.94409390E+02 3.65575730E-06
 2.94963930E+02 1.81060590E-05
 2.95519520E+02 3.08571180E-05
 2.95691420E+02 3.16542410E-05
 2.95695790E+02 3.16795530E-05
 2.96076150E+02 3.34504460E-05
 2.96633830E+02 1.91347180E-05
 2.97192560E+02 3.47954090E-05
 2.97613730E+02 4.96824370E-05
 2.97752340E+02 5.46014650E-05
 2.98313180E+02 3.38330400E-05
 2.98875070E+02 3.23863690E-05
 2.99438020E+02 2.40357860E-06
 2.99561200E+02 5.22924620E-06
 2.99565690E+02 5.75051920E-06
 2.99930480E+02 1.48057640E-05
 2.99934970E+02 1.49436640E-05
 3.00002030E+02 1.66162640E-05
 3.00567110E+02 3.42632900E-05
 3.01133250E+02 5.17032460E-05
 3.01700450E+02 5.20503410E-08
 3.02141460E+02 8.14477850E-07
 3.02268720E+02 1.03534690E-06
 3.02838070E+02 7.12049180E-06
 3.03408480E+02 1.75896480E-05
 3.03979970E+02 2.10707040E-08
 3.04385280E+02 1.37007440E-07
 3.04389910E+02 1.38344870E-07
 3.04552540E+02 1.85045970E-07
 3.05126190E+02 1.27508640E-05
 3.05700910E+02 2.32309350E-05
 3.06276720E+02 2.50958530E-06
 3.06853610E+02 1.21273230E-05
 3.07431590E+02 1.68423210E-05
 3.08010660E+02 2.63566020E-05
 3.08590820E+02 5.52190220E-05
 3.08844150E+02 7.41408150E-05
 3.09172070E+02 9.87238610E-05
 3.09754420E+02 2.54356210E-05
 3.10337860E+02 2.44096820E-07
 3.10922400E+02 9.82546070E-08
 3.11508050E+02 4.11695530E-07
 3.12094790E+02 3.83030650E-08
 3.12682640E+02 3.19481290E-06
 3.13271600E+02 1.73530530E-05
 3.13435610E+02 2.02254380E-05
 3.13440520E+02 2.03613480E-05
 3.13588740E+02 2.29688400E-05
 3.13593660E+02 2.30554690E-05
 3.13861670E+02 2.77825180E-05
 3.14452850E+02 2.94420790E-05
 3.15045140E+02 7.31220220E-06
 3.15638550E+02 4.17007660E-05
 3.16233080E+02 7.12985470E-05
 3.16351530E+02 6.86094480E-05
 3.16828720E+02 5.77365250E-05
 3.17425490E+02 1.24395350E-04
 3.18023380E+02 8.12074240E-06
 3.18622400E+02 3.71425830E-05
 3.19163430E+02 5.24451440E-06
 3.19168530E+02 4.98395980E-06
 3.19222550E+02 1.76119880E-06
 3.19823830E+02 1.03565690E-05
 3.20426240E+02 1.31495690E-06
 3.20800100E+02 1.64558540E-06
 3.20805250E+02 1.65492730E-06
 3.21029780E+02 1.85474720E-06
 3.21634460E+02 4.30519530E-06
 3.22240280E+02 7.97672220E-07
 3.22847240E+02 2.30238750E-07
 3.23455350E+02 2.73299650E-07
 3.24064600E+02 3.19033900E-06
 3.24233030E+02 3.71164000E-06
 3.24675000E+02 5.08414790E-06
 3.25286540E+02 5.13383180E-05
 3.25899240E+02 4.17601410E-05
 3.26513100E+02 7.07131890E-07
 3.27128100E+02 2.82572350E-06
 3.27740230E+02 3.03431010E-05
 3.27744270E+02 3.05255280E-05
 3.27745600E+02 3.05755840E-05
 3.27954120E+02 2.64934650E-05
 3.27959500E+02 2.64599660E-05
 3.28361600E+02 1.85401040E-05
 3.28839200E+02 7.28386450E-06
 3.28844600E+02 7.18324830E-06
 3.28980090E+02 3.96715190E-06
 3.29599750E+02 4.73306220E-05
 3.30220570E+02 3.15830710E-05
 3.30842560E+02 1.91108740E-05
 3.30968620E+02 1.63480070E-05
 3.31465730E+02 5.41652900E-06
 3.32090070E+02 5.09393400E-06
 3.32715580E+02 1.10092260E-05
 3.33125800E+02 4.36166580E-06
 3.33131340E+02 4.27170070E-06
 3.33342270E+02 8.42335670E-07
 3.33970150E+02 6.53683670E-06
 3.34599200E+02 8.45374410E-07
 3.35229440E+02 5.48822690E-07
 3.35860870E+02 2.66215760E-07
 3.36493480E+02 5.15123190E-06
 3.37127290E+02 5.45473500E-06
 3.37447320E+02 2.67980480E-05
 3.37762290E+02 4.78700940E-05
 3.38398490E+02 1.39504840E-06
 3.39035890E+02 3.22492390E-06
 3.39674490E+02 1.99297050E-05
 3.40314290E+02 2.87207830E-05
 3.40955290E+02 3.57589810E-06
 3.41597500E+02 5.21096710E-06
 3.41882450E+02 5.03565780E-06
 3.41888290E+02 5.07798140E-06
 3.42240920E+02 4.85822440E-06
 3.42885560E+02 1.54318580E-05
 3.43531410E+02 1.02537620E-05
 3.44178470E+02 7.87000480E-05
 3.44826750E+02 8.50897210E-05
 3.45476260E+02 4.28894160E-05
 3.46126990E+02 2.96804660E-05
 3.46778940E+02 6.07260730E-05
 3.46988970E+02 7.35997760E-05
 3.47432120E+02 1.00842410E-04
 3.48086530E+02 9.83069260E-05
 3.48742180E+02 8.36906920E-05
 3.49399060E+02 5.57170950E-05
 3.50057170E+02 3.62691300E-05
 3.50716530E+02 2.90697020E-06
 3.51377130E+02 1.69618280E-05
 3.52038970E+02 2.87279790E-05
 3.52250350E+02 3.85282140E-05
 3.52256560E+02 3.89629500E-05
 3.52702060E+02 5.97556300E-05
 3.53366400E+02 3.18604780E-05
 3.54031990E+02 2.55628390E-05
 3.54698830E+02 3.58972380E-05
 3.55366930E+02 3.83759270E-05
 3.56036290E+02 5.52625370E-05
 3.56567800E+02 4.85078200E-05
 3.56706900E+02 4.67348700E-05
 3.57378790E+02 1.98848650E-05
 3.58051930E+02 1.77791300E-04
 3.58726350E+02 7.83483450E-06
 3.59402030E+02 1.32969890E-05
 3.60078990E+02 1.97848050E-05
 3.60757220E+02 3.30360890E-05
 3.60992390E+02 3.72459950E-05
 3.61436730E+02 4.52220700E-05
 3.62117530E+02 4.34465390E-05
 3.62799600E+02 3.70223390E-06
 3.63482960E+02 3.51439660E-05
 3.64167600E+02 7.97693260E-05
 3.64853530E+02 6.67520020E-05
 3.65528170E+02 2.40241130E-05
 3.65540760E+02 2.32246500E-05
 3.66229280E+02 1.20153820E-04
 3.66919100E+02 2.31449860E-04
 3.67610220E+02 3.64855310E-04
 3.67839080E+02 2.64461160E-04
 3.68302630E+02 6.05753510E-05
 3.68996360E+02 3.82642750E-05
 3.69691390E+02 5.35102370E-05
 3.70179390E+02 6.55063910E-05
 3.70186240E+02 6.56751660E-05
 3.70387720E+02 7.06409940E-05
 3.71085380E+02 8.88413730E-05
 3.71784340E+02 4.46574030E-07
 3.72484620E+02 7.31500860E-06
 3.73186220E+02 3.86970030E-05
 3.73889140E+02 9.01573480E-05
 3.74593390E+02 5.36146140E-05
 3.75000000E+02 2.91621740E-05
 3.75298960E+02 1.11382030E-05
 3.76005860E+02 7.67901260E-06
 3.76714090E+02 1.07253320E-05
 3.77423660E+02 1.28536810E-05
 3.78134560E+02 1.56170670E-05
 3.78846800E+02 2.13708120E-05
 3.79560390E+02 2.69401330E-05
 3.80275310E+02 5.19819960E-05
 3.80991590E+02 9.27108560E-05
 3.81709210E+02 8.18913290E-05
 3.82428190E+02 2.19659350E-06
 3.83148520E+02 6.61890960E-06
 3.83870200E+02 9.12941920E-06
 3.84593250E+02 3.77187910E-06
 3.85317650E+02 3.42993550E-05
 3.86043430E+02 5.80645150E-05
 3.86770560E+02 2.25682410E-05
 3.87499070E+02 5.40715410E-05
 3.87886570E+02 5.18812130E-05
 3.88228950E+02 4.99411510E-05
 3.88960210E+02 1.04831060E-04
 3.89692840E+02 1.31375240E-04
 3.90426850E+02 2.05702060E-05
 3.91162250E+02 5.06128760E-05
 3.91899030E+02 5.16823790E-05
 3.92637200E+02 3.93478700E-05
 3.93376760E+02 1.66011840E-05
 3.94117710E+02 1.20355180E-04
 3.94860060E+02 3.11402060E-04
 3.95000000E+02 3.55105160E-04
 3.95603800E+02 5.44086280E-04
 3.96348950E+02 2.09572980E-04
 3.97095500E+02 1.21713600E-04
 3.97843450E+02 6.53596680E-05
 3.98592820E+02 8.74687110E-05
 3.99343590E+02 1.57676110E-04
 4.00095790E+02 2.19317620E-04
 4.00849390E+02 1.12721150E-04
 4.01604420E+02 1.81163630E-04
 4.02360870E+02 3.71219470E-04
 4.03118740E+02 4.21347660E-04
 4.03878040E+02 3.62972900E-04
 4.04638780E+02 2.85514410E-04
 4.05400940E+02 2.10281000E-04
 4.06164540E+02 2.99358100E-04
 4.06929580E+02 2.12400890E-04
 4.07372880E+02 2.15093590E-04
 4.07696060E+02 2.17059930E-04
 4.08463980E+02 1.42807240E-04
 4.09233350E+02 1.57692610E-04
 4.10004170E+02 1.82359410E-04
 4.10776440E+02 3.67255220E-04
 4.11550160E+02 6.32575590E-04
 4.12325350E+02 4.16890110E-04
 4.13101990E+02 2.52766100E-04
 4.13880090E+02 3.43873720E-04
 4.14000000E+02 3.08357400E-04
 4.14659660E+02 1.12570850E-04
 4.15440700E+02 2.84951600E-04
 4.16223210E+02 4.86323830E-04
 4.17007200E+02 6.39739060E-04
 4.17792660E+02 2.44278150E-04
 4.18579600E+02 1.37474320E-04
 4.19368020E+02 2.29133840E-04
 4.20157930E+02 4.04151110E-05
 4.20949330E+02 2.86793830E-04
 4.21742210E+02 4.27059300E-04
 4.22000000E+02 5.08697710E-04
 4.22536590E+02 6.78952990E-04
 4.23332470E+02 2.55877190E-04
 4.24129840E+02 2.21678310E-04
 4.24928720E+02 2.54861120E-04
 4.25729100E+02 3.38781750E-04
 4.26530990E+02 3.81072090E-04
 4.27334390E+02 3.00420590E-05
 4.28139310E+02 1.00675780E-05
 4.28920620E+02 4.52052440E-05
 4.28945740E+02 4.63369880E-05
 4.29753680E+02 4.19356440E-04
 4.30563150E+02 1.06366900E-05
 4.31374150E+02 1.69695340E-04
 4.32186670E+02 5.51023970E-06
 4.33000720E+02 1.99853360E-04
 4.33816310E+02 4.92540640E-04
 4.34633430E+02 7.67962020E-04
 4.35452090E+02 6.46789590E-04
 4.36272300E+02 3.87418320E-04
 4.37094040E+02 3.71804840E-04
 4.37917340E+02 3.46047450E-04
 4.38742190E+02 4.49843400E-04
 4.39568590E+02 4.62455940E-04
 4.40396540E+02 1.98671840E-05
 4.40572520E+02 1.82110340E-05
 4.41226060E+02 1.20499360E-05
 4.42057140E+02 5.32125870E-05
 4.42889780E+02 2.26138060E-04
 4.43724000E+02 1.15960910E-04
 4.44559780E+02 1.91701610E-05
 4.45397140E+02 3.52860830E-04
 4.46236070E+02 8.02538760E-05
 4.47076590E+02 4.11202250E-04
 4.47918690E+02 9.10530330E-05
 4.48762370E+02 6.60614860E-04
 4.49607650E+02 5.44062330E-04
 4.50454510E+02 7.13440970E-04
 4.51302980E+02 6.74732620E-04
 4.52153040E+02 8.39065160E-04
 4.52875170E+02 8.18430830E-04
 4.52885420E+02 8.18222960E-04
 4.53004700E+02 8.14808210E-04
 4.53857960E+02 7.12428620E-04
 4.54712830E+02 4.18420840E-05
 4.55569320E+02 4.23876480E-04
 4.56427410E+02 8.77873350E-04
 4.56474270E+02 8.91346090E-04
 4.57287120E+02 1.12542670E-03
 4.58148450E+02 1.11807530E-03
 4.59011410E+02 5.75333270E-04
 4.59875990E+02 2.84177010E-04
 4.60131030E+02 4.66189560E-04
 4.60141610E+02 4.74856940E-04
 4.60500780E+02 7.32055020E-04
 4.60511380E+02 7.39653140E-04
 4.60742190E+02 9.05111770E-04
 4.61610030E+02 4.06975340E-06
 4.62479510E+02 1.21662470E-04
 4.63350620E+02 3.56447460E-04
 4.63872020E+02 7.14330650E-04
 4.63882780E+02 7.21739770E-04
 4.64223370E+02 9.55858720E-04
 4.65097770E+02 1.65508030E-03
 4.65973810E+02 8.55276530E-04
 4.66851500E+02 1.10994910E-03
 4.67730850E+02 8.38525150E-04
 4.68011200E+02 7.34381810E-04
 4.68611850E+02 5.10940380E-04
 4.69494510E+02 5.23620000E-04
 4.70378840E+02 9.20641490E-04
 4.71264830E+02 7.06969100E-04
 4.72152490E+02 1.33791940E-03
 4.72224910E+02 1.33684370E-03
 4.72236060E+02 1.33667810E-03
 4.73041820E+02 1.32468700E-03
 4.73932820E+02 1.28140470E-03
 4.74825510E+02 1.02682300E-03
 4.75719870E+02 1.32128770E-03
 4.76615920E+02 4.80241400E-04
 4.77513660E+02 8.85085880E-04
 4.78413090E+02 8.92820010E-04
 4.78684420E+02 8.19422710E-04
 4.79314210E+02 6.48833330E-04
 4.80217030E+02 8.56352610E-04
 4.81121560E+02 5.95602690E-04
 4.82027780E+02 8.37060890E-04
 4.82935710E+02 1.34662400E-03
 4.83845350E+02 1.76763170E-04
 4.84756710E+02 1.56165670E-05
 4.85323100E+02 6.36779610E-06
 4.85334880E+02 6.17533180E-06
 4.85669780E+02 6.99698570E-07
 4.86584570E+02 1.03084280E-06
 4.87501090E+02 2.76130810E-06
 4.88083090E+02 5.63478470E-06
 4.88419330E+02 7.29692300E-06
 4.89339300E+02 6.71628210E-05
 4.90261000E+02 4.04595710E-04
 4.90874640E+02 6.73909850E-04
 4.90886690E+02 6.79707350E-04
 4.91184440E+02 8.10639890E-04
 4.92109620E+02 1.02135240E-04
 4.93036540E+02 7.87917130E-04
 4.93965210E+02 1.10501720E-03
 4.94895630E+02 1.13569510E-03
 4.95263790E+02 1.49092060E-03
 4.95827800E+02 2.03572510E-03
 4.96761720E+02 1.67198980E-03
 4.97697410E+02 1.67228320E-03
 4.98634850E+02 1.45318800E-03
 4.99574060E+02 1.05499070E-03
 4.99732140E+02 1.13080470E-03
 4.99744630E+02 1.14258690E-03
 5.00515050E+02 1.51434880E-03
 5.01457800E+02 1.14329570E-03
 5.02402330E+02 2.42514190E-04
 5.03348640E+02 1.22555590E-03
 5.04273720E+02 2.99908170E-05
 5.04286430E+02 1.35641270E-05
 5.04296730E+02 2.23169530E-07
 5.05246610E+02 1.56683270E-06
 5.06198270E+02 2.34055710E-05
 5.07151730E+02 3.20118770E-04
 5.08106980E+02 9.47641270E-04
 5.08589050E+02 1.07566050E-03
 5.08601990E+02 1.07909710E-03
 5.09064040E+02 1.20192340E-03
 5.10022890E+02 7.52719670E-04
 5.10983560E+02 1.11648320E-03
 5.11946030E+02 2.16168280E-03
 5.12052960E+02 2.16518010E-03
 5.12066070E+02 2.17476200E-03
 5.12910310E+02 2.20249240E-03
 5.13876410E+02 1.66970690E-03
 5.14844340E+02 1.52410470E-03
 5.15814080E+02 7.45058150E-04
 5.16785650E+02 1.27200800E-03
 5.17759050E+02 7.94175480E-04
 5.18734280E+02 1.60515410E-03
 5.19711360E+02 1.62808660E-03
 5.20690270E+02 1.44929640E-03
 5.21671020E+02 1.00254220E-03
 5.22653620E+02 1.50795330E-05
 5.22811300E+02 5.75379220E-05
 5.23638080E+02 2.80360700E-04
 5.24624390E+02 1.15647110E-03
 5.25612550E+02 1.66892270E-03
 5.26602580E+02 1.85629610E-03
 5.27594470E+02 1.09578910E-03
 5.28588230E+02 9.99642730E-04
 5.29583860E+02 6.99714370E-04
 5.30000000E+02 1.10021670E-03
 5.30581370E+02 1.66019410E-03
 5.31580750E+02 1.73253970E-03
 5.32582020E+02 1.64769700E-03
 5.33585170E+02 1.13400660E-03
 5.34031420E+02 6.36242160E-04
 5.34045680E+02 6.20330170E-04
 5.34590220E+02 1.24329950E-05
 5.35597150E+02 2.62956340E-04
 5.36605990E+02 6.26972650E-04
 5.37616720E+02 9.86648020E-04
 5.38629360E+02 1.46927730E-05
 5.39643900E+02 6.02102800E-05
 5.40660360E+02 3.76272130E-05
 5.41678730E+02 8.87563310E-05
 5.42699020E+02 5.33172350E-04
 5.43721230E+02 1.57864300E-03
 5.44745360E+02 2.65810840E-03
 5.44984220E+02 2.07580930E-03
 5.45771430E+02 1.55382150E-04
 5.46799430E+02 5.20544820E-04
 5.47829360E+02 5.46812610E-04
 5.48861230E+02 3.79381510E-04
 5.49895050E+02 6.01707630E-07
 5.50000000E+02 5.42310290E-07
 5.50930810E+02 1.51572980E-08
 5.51968530E+02 2.34731570E-06
 5.53008200E+02 2.56482990E-04
 5.54049830E+02 1.03194800E-03
 5.55093420E+02 9.14861490E-04
 5.56138970E+02 1.06577640E-03
 5.56395710E+02 1.13238440E-03
 5.56411190E+02 1.13640770E-03
 5.57186500E+02 1.33767620E-03
 5.58236000E+02 1.97485860E-03
 5.59287470E+02 2.86526150E-03
 5.60340930E+02 1.64083590E-03
 5.61396370E+02 1.07139790E-03
 5.62453790E+02 1.06649430E-03
 5.63513210E+02 2.20866630E-03
 5.64574630E+02 2.26963360E-03
 5.65161420E+02 1.73969920E-03
 5.65638040E+02 1.30900330E-03
 5.66703460E+02 1.17269750E-03
 5.67770880E+02 6.07669570E-04
 5.68840320E+02 1.78397690E-03
 5.69911770E+02 1.58635110E-03
 5.70985240E+02 1.73278880E-03
 5.72060720E+02 1.65763410E-03
 5.73138240E+02 2.20324830E-03
 5.74207740E+02 1.52561060E-03
 5.74217780E+02 1.51924130E-03
 5.74224220E+02 1.52178670E-03
 5.75299360E+02 1.94700720E-03
 5.76382980E+02 1.09791930E-03
 5.77468630E+02 8.46095510E-04
 5.78556330E+02 1.67401490E-03
 5.79498500E+02 1.64372440E-03
 5.79515290E+02 1.64321790E-03
 5.79646080E+02 1.63901000E-03
 5.80737890E+02 2.45625750E-03
 5.81831750E+02 1.91635360E-03
 5.82927660E+02 1.63486860E-03
 5.83639650E+02 1.31481130E-03
 5.84025650E+02 1.14121340E-03
 5.85125700E+02 1.36279220E-03
 5.86227820E+02 3.51905200E-04
 5.87332020E+02 1.05080120E-03
 5.87840400E+02 1.45119940E-03
 5.87857680E+02 1.46481910E-03
 5.88438300E+02 1.92230540E-03
 5.89546670E+02 2.64412280E-03
 5.90657120E+02 2.50607820E-03
 5.91769660E+02 1.99860380E-03
 5.92884300E+02 9.31631350E-04
 5.94001030E+02 1.22106950E-05
 5.95119880E+02 4.80794530E-04
 5.96240820E+02 6.60067970E-05
 5.97363880E+02 9.58775450E-04
 5.98489060E+02 1.72999540E-03
 5.99616350E+02 1.94817860E-03
 6.00745770E+02 2.11072910E-03
 6.01877320E+02 3.21903680E-03
 6.03010990E+02 2.09006790E-03
 6.03379230E+02 2.18462610E-03
 6.04146800E+02 2.38178810E-03
 6.05284750E+02 3.13507380E-05
 6.06424850E+02 6.81002040E-06
 6.07567090E+02 2.02472140E-04
 6.08711480E+02 1.08721130E-03
 6.09858030E+02 1.90370320E-03
 6.11006740E+02 2.20956070E-03
 6.12157610E+02 2.04183460E-03
 6.13310650E+02 1.79971610E-03
 6.14465870E+02 4.14730690E-04
 6.15623250E+02 5.26422330E-04
 6.16782820E+02 1.56606700E-03
 6.17944570E+02 2.39780080E-03
 6.19108510E+02 1.32227630E-03
 6.19761850E+02 1.57581450E-03
 6.20274650E+02 1.77485530E-03
 6.21442980E+02 3.74011860E-05
 6.22613510E+02 1.33124520E-05
 6.23786240E+02 4.41813280E-05
 6.24961180E+02 4.53412190E-04
 6.25000000E+02 4.82969220E-04
 6.26138340E+02 1.34992860E-03
 6.27317710E+02 4.08310080E-04
 6.28499310E+02 8.59639840E-04
 6.29683130E+02 4.82416590E-04
 6.30869180E+02 1.22613220E-03
 6.32057460E+02 2.15378470E-04
 6.33247990E+02 1.89472740E-03
 6.34440750E+02 6.36816560E-04
 6.35635760E+02 5.46500720E-04
 6.36833030E+02 1.84040930E-03
 6.37058930E+02 1.97964710E-03
 6.38032550E+02 2.57981750E-03
 6.39234320E+02 3.77424720E-04
 6.40438360E+02 8.63300640E-04
 6.41644670E+02 2.18307260E-03
 6.42853250E+02 1.53178390E-04
 6.44064110E+02 3.33339390E-04
 6.45277250E+02 1.23689640E-03
 6.46074650E+02 2.16158150E-03
 6.46492670E+02 2.64635630E-03
 6.47710380E+02 8.49048630E-04
 6.48930390E+02 1.14711960E-03
 6.50152690E+02 1.96686120E-03
 6.51377300E+02 2.72130830E-03
 6.52604210E+02 4.91634130E-04
 6.53833440E+02 5.59736690E-04
 6.55064980E+02 1.20374860E-03
 6.55349220E+02 1.10768660E-03
 6.55370700E+02 1.10042900E-03
 6.56298840E+02 7.86752560E-04
 6.57535020E+02 9.59348360E-04
 6.58773530E+02 9.96610850E-04
 6.60014370E+02 8.90767180E-04
 6.61257560E+02 8.64797610E-04
 6.62503080E+02 1.36296770E-03
 6.63750950E+02 2.34597860E-03
 6.65001170E+02 2.15874860E-03
 6.65523740E+02 2.29906800E-03
 6.66253740E+02 2.49507390E-03
 6.67508680E+02 1.89741980E-04
 6.68765970E+02 1.22271740E-03
 6.70025640E+02 1.77998820E-03
 6.71287680E+02 3.87713030E-03
 6.72552090E+02 3.05759610E-03
 6.73818890E+02 1.10829110E-03
 6.75088070E+02 2.36190740E-03
 6.76019170E+02 1.83645540E-03
 6.76042020E+02 1.82356050E-03
 6.76359650E+02 1.64432440E-03
 6.77633620E+02 7.03640230E-04
 6.78909980E+02 1.21562790E-03
 6.80188760E+02 3.83150070E-04
 6.81098690E+02 1.72256420E-04
 6.81469940E+02 8.62237820E-05
 6.82753530E+02 6.08772520E-04
 6.84039550E+02 2.03182250E-03
 6.85327980E+02 2.55902890E-03
 6.86255130E+02 2.92490500E-03
 6.86278680E+02 2.93421060E-03
 6.86618840E+02 3.06842430E-03
 6.87912130E+02 2.48031880E-03
 6.89207860E+02 2.74783170E-03
 6.90506030E+02 1.99861360E-03
 6.91806650E+02 2.68480070E-03
 6.93109710E+02 1.06110400E-03
 6.94415230E+02 1.30600230E-03
 6.94942120E+02 1.34253430E-03
 6.95723210E+02 1.39667760E-03
 6.97033650E+02 3.30236700E-03
 6.98346560E+02 4.06962040E-06
 6.99661940E+02 2.25153980E-06
 7.00000000E+02 8.96781730E-06
 7.00979800E+02 2.84295810E-05
 7.02300150E+02 4.00480390E-04
 7.03622970E+02 9.60742820E-04
 7.03851860E+02 8.21533970E-04
 7.04948300E+02 1.54848230E-04
 7.06276110E+02 2.75886590E-03
 7.07606430E+02 2.44025950E-03
 7.08939260E+02 2.00644110E-03
 7.10274590E+02 1.12280090E-03
 7.11612440E+02 1.62576160E-03
 7.12952810E+02 2.78471120E-03
 7.12993030E+02 2.79243550E-03
 7.14295710E+02 3.04252790E-03
 7.15641130E+02 2.90550670E-03
 7.16989090E+02 2.52518610E-03
 7.17653240E+02 2.48996560E-03
 7.18339590E+02 2.45357510E-03
 7.19692630E+02 1.74461710E-03
 7.21048220E+02 2.30977700E-03
 7.22374760E+02 1.19470230E-03
 7.22400860E+02 1.17277660E-03
 7.22406360E+02 1.16815270E-03
 7.23767060E+02 1.76081910E-03
 7.25130320E+02 2.21395720E-03
 7.26496160E+02 1.71857520E-03
 7.27864560E+02 1.48636380E-03
 7.29235540E+02 1.99504010E-03
 7.30000000E+02 2.45876560E-03
 7.30609110E+02 2.82811780E-03
 7.31985260E+02 3.21622900E-03
 7.33364000E+02 2.43434500E-03
 7.34745340E+02 2.51495080E-03
 7.36129280E+02 1.48870480E-03
 7.37515830E+02 2.68885120E-03
 7.38904990E+02 2.57063340E-03
 7.40296770E+02 1.93322200E-03
 7.41691170E+02 1.28306390E-03
 7.43088190E+02 2.59268030E-03
 7.44487850E+02 8.69102030E-04
 7.45483810E+02 2.02882910E-03
 7.45890140E+02 2.50176910E-03
 7.47295080E+02 2.47380040E-03
 7.48702660E+02 2.45500110E-03
 7.50000000E+02 5.39535170E-04
 7.50112890E+02 3.72931670E-04
 7.51525780E+02 1.14223540E-04
 7.52941330E+02 6.61729530E-04
 7.54359540E+02 2.94696110E-03
 7.55780430E+02 3.11248720E-03
 7.57203990E+02 4.35349370E-04
 7.58630240E+02 2.60133790E-04
 7.60059170E+02 8.52280470E-06
 7.61490790E+02 7.17874700E-05
 7.62925110E+02 6.99144290E-05
 7.64362130E+02 2.12787270E-04
 7.65801860E+02 1.35435100E-03
 7.67244300E+02 3.69083610E-03
 7.68689460E+02 2.91980920E-03
 7.70120260E+02 2.28357950E-03
 7.70137330E+02 2.27599060E-03
 7.71587940E+02 2.02598900E-03
 7.73041280E+02 1.45965130E-03
 7.74497350E+02 2.54516740E-03
 7.75956170E+02 1.73663150E-03
 7.77417740E+02 8.57142140E-04
 7.78882050E+02 2.17212840E-03
 7.80349130E+02 3.91168770E-03
 7.81818970E+02 8.94209730E-05
 7.83291580E+02 1.11376230E-04
 7.84766960E+02 8.44177480E-05
 7.86245120E+02 1.77386290E-04
 7.87726070E+02 8.65390230E-04
 7.89209800E+02 2.45462830E-03
 7.90000000E+02 2.49924300E-03
 7.90696330E+02 2.53853040E-03
 7.92185660E+02 3.64370760E-03
 7.93677800E+02 4.89841820E-04
 7.95172740E+02 2.41399940E-03
 7.96440710E+02 2.07245060E-03
 7.96670510E+02 2.01058920E-03
 7.98171090E+02 1.55350390E-03
 7.99674500E+02 1.61695030E-03
 8.01180740E+02 1.38338970E-03
 8.02689820E+02 3.55715420E-03
 8.04201740E+02 2.73430910E-03
 8.05716500E+02 2.67445820E-03
 8.07234130E+02 2.72302160E-03
 8.08754610E+02 2.66232910E-03
 8.10277950E+02 2.54162670E-03
 8.10287330E+02 2.54260790E-03
 8.11804160E+02 2.70119670E-03
 8.13333250E+02 2.58928980E-03
 8.14865220E+02 2.71323380E-03
 8.16400070E+02 2.71128040E-03
 8.17937820E+02 2.36634270E-03
 8.19478460E+02 2.32578300E-03
 8.21022000E+02 2.35044820E-03
 8.22568450E+02 2.19182500E-03
 8.24117810E+02 3.06898510E-03
 8.24623930E+02 2.97478010E-03
 8.24657930E+02 2.96845610E-03
 8.25670090E+02 2.78020200E-03
 8.27225300E+02 9.81617220E-06
 8.28783430E+02 3.36063440E-06
 8.30000000E+02 3.51247950E-06
 8.30344500E+02 3.55544270E-06
 8.31908510E+02 2.18036420E-04
 8.33475470E+02 8.75569260E-04
 8.35045380E+02 2.12965370E-03
 8.36618240E+02 3.64342230E-03
 8.38194070E+02 1.74879480E-03
 8.39772860E+02 1.52626710E-03
 8.40282470E+02 1.52431140E-03
 8.41354630E+02 1.52019740E-03
 8.42939380E+02 2.40955890E-03
 8.44527110E+02 1.54073400E-03
 8.46117840E+02 2.02339860E-03
 8.47711560E+02 9.39067440E-04
 8.49308280E+02 1.84440800E-03
 8.50000000E+02 1.40228040E-03
 8.50908010E+02 8.22412610E-04
 8.52510750E+02 1.42965580E-03
 8.54116510E+02 1.91318910E-03
 8.55725300E+02 1.71402930E-03
 8.56547190E+02 1.90254600E-03
 8.57337110E+02 2.08356560E-03
 8.58951960E+02 1.68436660E-03
 8.60569860E+02 3.91101560E-03
 8.62190800E+02 3.28247970E-03
 8.63814790E+02 2.89221880E-03
 8.65441850E+02 2.19263190E-03
 8.67071970E+02 2.81731740E-03
 8.68705150E+02 2.80612140E-03
 8.70000000E+02 2.60847780E-03
 8.70341420E+02 2.55641170E-03
 8.71980760E+02 2.90861100E-03
 8.73453990E+02 2.88051550E-03
 8.73623200E+02 2.87729080E-03
 8.75268730E+02 2.30442620E-03
 8.76917350E+02 2.85191860E-03
 8.78569090E+02 2.72331980E-03
 8.80223930E+02 2.90966200E-03
 8.81881890E+02 2.54163560E-03
 8.82160160E+02 2.42904700E-03
 8.83542980E+02 1.87010660E-03
 8.85207190E+02 2.30437660E-03
 8.86874540E+02 2.92933380E-03
 8.88545020E+02 1.23752060E-03
 8.90218660E+02 2.75553560E-03
 8.91041650E+02 2.88179400E-03
 8.91081350E+02 2.88788200E-03
 8.91895450E+02 3.01264330E-03
 8.93575390E+02 1.81203290E-03
 8.95258500E+02 2.99332070E-03
 8.96944780E+02 3.06730400E-03
 8.98634240E+02 2.94114880E-03
 9.00000000E+02 2.41116220E-03
 9.00440900E+02 2.64123650E-03
 9.00882220E+02 1.99030100E-03
 9.01323990E+02 2.44726380E-03
 9.01766180E+02 1.88522200E-03
 9.02208810E+02 2.76877100E-03
 9.02650790E+02 2.08091060E-03
 9.03093200E+02 2.69281180E-03
 9.03536040E+02 2.90110530E-03
 9.03979320E+02 2.86446190E-03
 9.04423040E+02 2.78080760E-03
 9.04866100E+02 2.36373020E-03
 9.05309600E+02 2.46731820E-03
 9.05753530E+02 1.84723330E-03
 9.06197900E+02 2.14539900E-03
 9.06642700E+02 2.86612340E-03
 9.07086850E+02 2.64415290E-03
 9.07531440E+02 2.79431320E-03
 9.07976460E+02 2.74084460E-03
 9.08421920E+02 2.83228540E-03
 9.08867810E+02 2.64315650E-03
 9.09313050E+02 2.86778730E-03
 9.09758730E+02 2.26047370E-03
 9.10204840E+02 2.83904220E-03
 9.10651390E+02 2.81355980E-03
 9.11098380E+02 2.64879040E-03
 9.11544720E+02 2.80858990E-03
 9.11991490E+02 3.01053870E-03
 9.12438700E+02 2.14436580E-03
 9.12886340E+02 3.33779450E-03
 9.13334430E+02 3.53783050E-03
 9.13781860E+02 3.84703680E-03
 9.14229720E+02 2.69652900E-03
 9.14678030E+02 3.68677560E-03
 9.15126780E+02 3.76934020E-03
 9.15575960E+02 3.28307840E-03
 9.16024490E+02 1.80281370E-03
 9.16473460E+02 3.96854550E-04
 9.16922860E+02 2.66258620E-05
 9.17372710E+02 8.68470340E-06
 9.17823000E+02 9.39382840E-06
 9.18272630E+02 1.06979900E-05
 9.18722690E+02 1.23259670E-05
 9.19173200E+02 1.53942380E-05
 9.19624150E+02 2.37634000E-05
 9.20075550E+02 4.17369600E-05
 9.20526280E+02 6.81533640E-05
 9.20977450E+02 1.02321540E-04
 9.21429070E+02 1.65833510E-04
 9.21881120E+02 2.71563750E-04
 9.22333630E+02 4.13805720E-04
 9.22785460E+02 6.13164750E-04
 9.23237740E+02 9.59760130E-04
 9.23690470E+02 1.35683380E-03
 9.24143630E+02 2.46911820E-03
 9.24597250E+02 4.72235370E-03
 9.25050190E+02 4.49028720E-03
 9.25503580E+02 4.18495470E-03
 9.25957420E+02 3.82221930E-03
 9.26411700E+02 2.47073230E-03
 9.26866420E+02 9.15508450E-05
 9.27320480E+02 2.14802220E-05
 9.27774980E+02 2.33855150E-05
 9.28229930E+02 3.07209230E-05
 9.28685330E+02 5.59727570E-05
 9.29141170E+02 1.15156690E-04
 9.29596340E+02 2.12506510E-04
 9.30051960E+02 4.20304910E-04
 9.30508020E+02 7.84190880E-04
 9.30964530E+02 1.35176980E-03
 9.31421490E+02 2.10294190E-03
 9.31877780E+02 3.02627030E-03
 9.32334520E+02 3.94074720E-03
 9.32791700E+02 4.63498610E-03
 9.33249340E+02 5.88879310E-03
 9.33707420E+02 7.71060760E-03
 9.34164830E+02 8.19146980E-03
 9.34622680E+02 7.80668020E-03
 9.35080990E+02 7.12549060E-03
 9.35539750E+02 6.61037840E-03
 9.35998950E+02 5.90135420E-03
 9.36457480E+02 5.51437050E-03
 9.36916460E+02 4.67268490E-03
 9.37375890E+02 3.32654160E-03
 9.37835780E+02 9.59529170E-04
 9.38296110E+02 1.00925090E-04
 9.38755770E+02 4.05341310E-05
 9.39215870E+02 3.51345180E-05
 9.39676430E+02 5.94672510E-05
 9.40137440E+02 1.21773310E-04
 9.40598910E+02 2.24981910E-04
 9.41059690E+02 4.36539660E-04
 9.41520930E+02 8.05558110E-04
 9.41982620E+02 1.37757710E-03
 9.42444760E+02 2.12944940E-03
 9.42907350E+02 3.05659330E-03
 9.43369270E+02 3.99321270E-03
 9.43831640E+02 4.71660740E-03
 9.44294460E+02 5.93154600E-03
 9.44757730E+02 7.52698040E-03
 9.45221470E+02 8.43266980E-03
 9.45684510E+02 7.43181040E-03
 9.46148020E+02 7.36602020E-03
 9.46611980E+02 6.71420660E-03
 9.47076390E+02 6.12246560E-03
 9.47541260E+02 5.59448430E-03
 9.48005440E+02 4.48275090E-03
 9.48470080E+02 4.20563040E-03
 9.48935180E+02 4.39160210E-03
 9.49400730E+02 3.09660170E-03
 9.49866740E+02 2.91622080E-03
 9.50332070E+02 3.31077750E-03
 9.50797850E+02 2.78162810E-03
 9.51264090E+02 1.63674810E-03
 9.51730780E+02 9.85793290E-04
 9.52197940E+02 7.19282780E-04
 9.52664400E+02 9.08265660E-04
 9.53131330E+02 1.21051050E-03
 9.53598710E+02 1.54879490E-03
 9.54066550E+02 2.05816090E-03
 9.54534850E+02 2.71034630E-03
 9.55002460E+02 3.65883230E-03
 9.55470530E+02 5.85479380E-03
 9.55939060E+02 5.46321790E-03
 9.56408050E+02 5.29422870E-03
 9.56877500E+02 4.95146100E-03
 9.57346260E+02 4.57569600E-03
 9.57815480E+02 4.39558270E-03
 9.58285160E+02 4.13926860E-03
 9.58755300E+02 2.84929100E-03
 9.59225900E+02 3.80695180E-03
 9.59695810E+02 2.81482250E-03
 9.60166180E+02 3.56314740E-03
 9.60637010E+02 3.20641620E-03
 9.61108300E+02 3.69661200E-03
 9.61580060E+02 3.75663790E-03
 9.62051120E+02 3.79193630E-03
 9.62522650E+02 3.46695730E-03
 9.62994630E+02 3.71536070E-03
 9.63467090E+02 3.81196520E-03
 9.63940000E+02 3.02182780E-03
 9.64412220E+02 3.77519340E-03
 9.64884900E+02 3.76347210E-03
 9.65358050E+02 3.58023450E-03
 9.65831660E+02 3.63763930E-03
 9.66305730E+02 3.64669970E-03
 9.66779110E+02 3.29096090E-03
 9.67252950E+02 3.46007880E-03
 9.67727260E+02 3.34575790E-03
 9.68202030E+02 2.38335620E-03
 9.68677270E+02 3.19238040E-03
 9.69151810E+02 2.47437880E-03
 9.69626810E+02 1.69766980E-04
 9.70102280E+02 8.44741580E-07
 9.70578220E+02 7.68256690E-07
 9.71054630E+02 1.29297860E-06
 9.71530330E+02 6.35834740E-06
 9.72006500E+02 5.21954150E-05
 9.72483140E+02 1.57985520E-04
 9.72960250E+02 4.41240170E-04
 9.73437820E+02 1.22106290E-03
 9.73914690E+02 2.70556990E-03
 9.74392030E+02 3.50761320E-03
 9.74869840E+02 3.92766540E-03
 9.75348120E+02 4.19603170E-03
 9.75826860E+02 4.26464130E-03
 9.76304900E+02 4.45955630E-03
 9.76783410E+02 4.08494290E-03
 9.77262390E+02 4.59196640E-03
 9.77741850E+02 4.50149410E-03
 9.78221770E+02 3.20529260E-03
 9.78700980E+02 4.48749710E-03
 9.79180670E+02 3.69152530E-03
 9.79660820E+02 3.91055260E-03
 9.80141450E+02 4.40080920E-03
 9.80622550E+02 3.95693580E-03
 9.81102940E+02 3.68804440E-03
 9.81583800E+02 3.91859200E-03
 9.82065140E+02 3.73249810E-03
 9.82546940E+02 3.45716430E-03
 9.83029220E+02 2.35992430E-03
 9.83510790E+02 1.49105340E-03
 9.83992840E+02 8.88553360E-04
 9.84475350E+02 1.09235010E-03
 9.84958340E+02 7.36988700E-04
 9.85441800E+02 4.38218690E-04
 9.85924560E+02 3.62494990E-04
 9.86407780E+02 5.44147480E-04
 9.86891480E+02 7.38325620E-04
 9.87375660E+02 1.23793040E-03
 9.87860310E+02 1.99520590E-03
 9.88344240E+02 1.96731970E-03
 9.88828660E+02 3.04403990E-03
 9.89313540E+02 2.97014680E-03
 9.89798900E+02 2.76314770E-03
 9.90284740E+02 3.19984090E-03
 9.90769870E+02 4.05544720E-03
 9.91255470E+02 3.13963600E-03
 9.91741550E+02 4.71244440E-03
 9.92228100E+02 4.31335170E-03
 9.92715130E+02 3.98504680E-03
 9.93201450E+02 3.12842500E-03
 9.93688240E+02 4.23996690E-03
 9.94175510E+02 3.97538770E-03
 9.94663260E+02 2.54672740E-03
 9.95151480E+02 2.85988580E-03
 9.95638990E+02 3.82559920E-03
 9.96126980E+02 2.45508870E-03
 9.96615450E+02 3.60725430E-03
 9.97104390E+02 3.18026310E-03
 9.97593820E+02 3.14702490E-03
 9.98082520E+02 3.42343030E-03
 9.98571710E+02 3.35737680E-03
 9.99061370E+02 2.57396310E-03
 9.99551520E+02 3.49367870E-03
 1.00004210E+03 3.94263050E-03
 1.00053200E+03 3.78575050E-03
 1.00102240E+03 3.89693670E-03
 1.00151330E+03 3.94169090E-03
 1.00200460E+03 3.54749250E-03
 1.00249650E+03 3.41226930E-03
 1.00298760E+03 3.35010000E-03
 1.00347920E+03 3.37360540E-03
 1.00397120E+03 3.43459360E-03
 1.00446380E+03 3.21303180E-03
 1.00495680E+03 3.26293680E-03
 1.00544910E+03 3.31108120E-03
 1.00594190E+03 2.15402130E-03
 1.00643520E+03 3.24969910E-03
 1.00692900E+03 3.22214200E-03
 1.00742320E+03 3.34010970E-03
 1.00791680E+03 1.85868550E-03
 1.00841080E+03 2.82806980E-03
 1.00890520E+03 3.26462470E-03
 1.00940020E+03 3.56111510E-03
 1.00989570E+03 3.42227440E-03
 1.01039040E+03 2.22226910E-03
 1.01088560E+03 3.26293580E-03
 1.01138130E+03 2.43365060E-03
 1.01187750E+03 3.68031110E-03
 1.01237420E+03 3.38249980E-03
 1.01287010E+03 2.11280580E-03
 1.01336660E+03 3.45242060E-03
 1.01386350E+03 3.49127570E-03
 1.01436090E+03 3.64678850E-03
 1.01485880E+03 2.45813560E-03
 1.01535600E+03 2.86129680E-03
 1.01585360E+03 3.46610930E-03
 1.01635180E+03 3.57547950E-03
 1.01685040E+03 2.42741280E-03
 1.01734950E+03 2.90505820E-03
 1.01784790E+03 2.46398170E-03
 1.01834680E+03 3.65244210E-03
 1.01884610E+03 3.10427750E-03
 1.01934600E+03 3.60537030E-03
 1.01984630E+03 3.57591620E-03
 1.02034590E+03 2.57683980E-03
 1.02084600E+03 3.58232070E-03
 1.02134660E+03 2.82396010E-03
 1.02184770E+03 3.21643780E-03
 1.02234920E+03 3.48055430E-03
 1.02285010E+03 3.55552270E-03
 1.02335140E+03 3.51525230E-03
 1.02385320E+03 2.74483360E-03
 1.02435550E+03 3.15361980E-03
 1.02485830E+03 2.82318020E-03
 1.02536040E+03 2.54769400E-03
 1.02586290E+03 3.17138010E-03
 1.02636600E+03 3.89884800E-03
 1.02686950E+03 3.86905480E-03
 1.02737360E+03 3.26742680E-03
 1.02787690E+03 3.34820180E-03
 1.02838070E+03 3.68886020E-03
 1.02888490E+03 3.76547850E-03
 1.02938970E+03 3.75405630E-03
 1.02989500E+03 3.72821350E-03
 1.03039950E+03 3.07447070E-03
 1.03090450E+03 3.74256820E-03
 1.03141010E+03 3.67666550E-03
 1.03191610E+03 3.66755620E-03
 1.03242260E+03 3.72307310E-03
 1.03292830E+03 3.69758480E-03
 1.03343460E+03 3.67742660E-03
 1.03394140E+03 3.46365110E-03
 1.03444860E+03 3.42874130E-03
 1.03495640E+03 2.92190680E-03
 1.03546340E+03 2.95982500E-03
 1.03597090E+03 3.19385060E-03
 1.03647890E+03 2.92496450E-03
 1.03698740E+03 3.72275620E-03
 1.03749640E+03 3.66945670E-03
 1.03800470E+03 3.54396840E-03
 1.03851340E+03 3.65463050E-03
 1.03902270E+03 3.46213350E-03
 1.03953240E+03 2.91159920E-03
 1.04004270E+03 3.23975170E-03
 1.04055220E+03 3.76760840E-03
 1.04106220E+03 3.76091130E-03
 1.04157270E+03 3.50685100E-03
 1.04208370E+03 3.70179570E-03
 1.04259520E+03 3.72563240E-03
 1.04310590E+03 3.69297360E-03
 1.04361720E+03 3.09473930E-03
 1.04412890E+03 3.68290160E-03
 1.04464120E+03 3.69587640E-03
 1.04515390E+03 3.57648550E-03
 1.04566590E+03 3.46580290E-03
 1.04617840E+03 3.35029060E-03
 1.04669150E+03 3.39965900E-03
 1.04720500E+03 3.45840060E-03
 1.04771900E+03 3.44671240E-03
 1.04823220E+03 3.48013880E-03
 1.04874600E+03 3.54445460E-03
 1.04926030E+03 3.84181400E-03
 1.04977510E+03 3.95740500E-03
 1.05029030E+03 4.04370130E-03
 1.05080490E+03 4.08013060E-03
 1.05131990E+03 3.94080920E-03
 1.05183540E+03 3.83624470E-03
 1.05235140E+03 3.68920520E-03
 1.05286800E+03 3.52429120E-03
 1.05338380E+03 3.63107800E-03
 1.05390010E+03 3.69257130E-03
 1.05441690E+03 3.66511430E-03
 1.05493420E+03 3.51135680E-03
 1.05545200E+03 3.55052940E-03
 1.05596900E+03 2.83391200E-03
 1.05648660E+03 3.72719250E-03
 1.05700460E+03 3.57337340E-03
 1.05752320E+03 3.58008230E-03
 1.05804230E+03 3.54652810E-03
 1.05856060E+03 3.60228490E-03
 1.05907940E+03 3.56187490E-03
 1.05959880E+03 3.67532090E-03
 1.06011860E+03 3.04529050E-03
 1.06063900E+03 3.32660700E-03
 1.06115860E+03 3.62430570E-03
 1.06167870E+03 3.59093170E-03
 1.06219930E+03 3.06445790E-03
 1.06272040E+03 2.70645060E-03
 1.06324200E+03 3.87482690E-03
 1.06376290E+03 3.78254280E-03
 1.06428430E+03 3.68581790E-03
 1.06480620E+03 3.66858370E-03
 1.06532860E+03 3.66453870E-03
 1.06585150E+03 3.61937610E-03
 1.06637360E+03 3.55991620E-03
 1.06689630E+03 3.65415130E-03
 1.06741940E+03 3.54847280E-03
 1.06794310E+03 3.18910700E-03
 1.06846730E+03 3.66737140E-03
 1.06899070E+03 3.63522520E-03
 1.06951470E+03 3.48637940E-03
 1.07003910E+03 2.79086750E-03
 1.07056410E+03 3.42873920E-03
 1.07108960E+03 3.55398270E-03
 1.07161430E+03 3.75314290E-03
 1.07213950E+03 3.12153570E-03
 1.07266530E+03 2.99366220E-03
 1.07319150E+03 3.86899920E-03
 1.07371830E+03 3.82517180E-03
 1.07424430E+03 3.58121600E-03
 1.07477080E+03 3.68567350E-03
 1.07529780E+03 3.40318290E-03
 1.07582540E+03 3.52642420E-03
 1.07635340E+03 3.50297250E-03
 1.07688070E+03 3.53443810E-03
 1.07740850E+03 3.57086360E-03
 1.07793690E+03 3.35769870E-03
 1.07846570E+03 3.54143300E-03
 1.07899510E+03 3.09627440E-03
 1.07952360E+03 3.66151540E-03
 1.08005270E+03 3.66213500E-03
 1.08058240E+03 3.60355150E-03
 1.08111250E+03 3.23286190E-03
 1.08164320E+03 3.14732060E-03
 1.08217300E+03 3.52809170E-03
 1.08270340E+03 3.30650390E-03
 1.08323440E+03 3.45680230E-03
 1.08376580E+03 3.22433800E-03
 1.08429780E+03 3.21466860E-03
 1.08482890E+03 2.51967930E-03
 1.08536060E+03 3.67610810E-03
 1.08589290E+03 3.47781640E-03
 1.08642560E+03 3.64629620E-03
 1.08695890E+03 3.61002210E-03
 1.08749140E+03 3.58857510E-03
 1.08802440E+03 3.60739840E-03
 1.08855790E+03 3.35773220E-03
 1.08909200E+03 3.59871560E-03
 1.08962650E+03 3.31661940E-03
 1.09016030E+03 3.62787220E-03
 1.09069460E+03 3.46474520E-03
 1.09122950E+03 2.64109300E-03
 1.09176480E+03 3.65204080E-03
 1.09230070E+03 3.50275260E-03
 1.09283580E+03 3.57728240E-03
 1.09337140E+03 3.45653120E-03
 1.09390760E+03 3.64529840E-03
 1.09444430E+03 3.66101440E-03
 1.09498150E+03 3.62645200E-03
 1.09551790E+03 3.65157290E-03
 1.09605480E+03 3.50118040E-03
 1.09659230E+03 3.53837920E-03
 1.09713030E+03 3.61941990E-03
 1.09766880E+03 3.65152500E-03
 1.09820650E+03 3.60822100E-03
 1.09874480E+03 3.66833040E-03
 1.09928360E+03 3.67239200E-03
 1.09982290E+03 3.36037020E-03
 1.10036280E+03 3.78452430E-03
 1.10090180E+03 3.79182750E-03
 1.10144140E+03 3.60689410E-03
 1.10198150E+03 3.51190270E-03
 1.10252210E+03 3.70312860E-03
 1.10306330E+03 3.52689050E-03
 1.10360370E+03 3.36827380E-03
 1.10414460E+03 3.55290170E-03
 1.10468600E+03 3.58965110E-03
 1.10522800E+03 3.53650740E-03
 1.10577050E+03 3.58245550E-03
 1.10631220E+03 3.61165570E-03
 1.10685440E+03 3.50523930E-03
 1.10739720E+03 3.47144460E-03
 1.10794050E+03 2.87520410E-03
 1.10848430E+03 3.08047150E-03
 1.10902730E+03 3.27445080E-03
 1.10957090E+03 1.30445300E-03
 1.11011500E+03 3.30846680E-05
 1.11065960E+03 9.43640900E-06
 1.11120480E+03 1.65916640E-05
 1.11174910E+03 3.57239600E-05
 1.11229400E+03 1.26585760E-04
 1.11283940E+03 3.87625040E-04
 1.11338540E+03 6.56234400E-04
 1.11393190E+03 9.73397830E-04
 1.11447760E+03 1.36745930E-03
 1.11502380E+03 1.57474910E-03
 1.11557060E+03 1.98245550E-03
 1.11611790E+03 2.34630930E-03
 1.11666580E+03 2.82728980E-03
 1.11721280E+03 3.25222240E-03
 1.11776040E+03 3.78752520E-03
 1.11830850E+03 5.19681710E-03
 1.11885710E+03 5.49865730E-03
 1.11940630E+03 4.00373180E-03
 1.11995470E+03 9.63858550E-04
 1.12050360E+03 1.12003790E-04
 1.12105310E+03 6.37682860E-05
 1.12160310E+03 1.02827700E-04
 1.12215360E+03 4.78479410E-04
 1.12270330E+03 1.08902040E-03
 1.12325360E+03 1.32503820E-03
 1.12380440E+03 1.29016900E-03
 1.12435570E+03 1.93250430E-03
 1.12490760E+03 2.12596740E-03
 1.12545870E+03 2.24547320E-03
 1.12601030E+03 2.42251850E-03
 1.12656250E+03 2.54411370E-03
 1.12711520E+03 2.90477810E-03
 1.12766840E+03 3.29774950E-03
 1.12822080E+03 4.03788860E-03
 1.12877380E+03 4.42265130E-03
 1.12932730E+03 5.35286260E-03
 1.12988140E+03 5.01197090E-03
 1.13043600E+03 4.64221080E-03
 1.13098980E+03 4.23259270E-03
 1.13154410E+03 4.20927900E-03
 1.13209890E+03 4.10417870E-03
 1.13265440E+03 3.77430410E-03
 1.13321030E+03 3.41248200E-03
 1.13376550E+03 2.47234480E-03
 1.13432110E+03 3.33686130E-03
 1.13487740E+03 3.54207160E-03
 1.13543420E+03 3.68381950E-03
 1.13599150E+03 3.62469020E-03
 1.13654800E+03 3.59313060E-03
 1.13710500E+03 3.56720170E-03
 1.13766260E+03 3.55885610E-03
 1.13822080E+03 3.30966950E-03
 1.13877950E+03 3.58829760E-03
 1.13933730E+03 3.59670810E-03
 1.13989580E+03 3.58302420E-03
 1.14045470E+03 3.58561540E-03
 1.14101420E+03 3.58835600E-03
 1.14157430E+03 3.56133710E-03
 1.14213350E+03 3.55836070E-03
 1.14269330E+03 3.60216380E-03
 1.14325370E+03 3.60368130E-03
 1.14381450E+03 3.56167050E-03
 1.14437600E+03 3.59220810E-03
 1.14493660E+03 3.58719780E-03
 1.14549780E+03 3.59291870E-03
 1.14605950E+03 3.59678520E-03
 1.14662170E+03 3.59485650E-03
 1.14718450E+03 3.52694880E-03
 1.14774650E+03 3.60130810E-03
 1.14830910E+03 3.56418930E-03
 1.14887220E+03 3.43019860E-03
 1.14943580E+03 3.37279410E-03
 1.15000000E+03 3.34352330E-03
 1.15000000E+03 3.34352330E-03
 1.15072300E+03 3.47499120E-03
 1.15144690E+03 3.52382500E-03
 1.15217170E+03 3.32343010E-03
 1.15289740E+03 3.73232970E-03
 1.15362400E+03 3.48449890E-03
 1.15434930E+03 3.59644100E-03
 1.15507540E+03 3.57611740E-03
 1.15580250E+03 2.87449680E-03
 1.15653050E+03 3.59722760E-03
 1.15725940E+03 3.43190180E-03
 1.15798700E+03 3.56403810E-03
 1.15871540E+03 3.44446690E-03
 1.15944480E+03 3.33215410E-03
 1.16017510E+03 3.40092220E-03
 1.16090630E+03 3.65079610E-03
 1.16163620E+03 3.60026440E-03
 1.16236690E+03 3.25154840E-03
 1.16309860E+03 3.55800780E-03
 1.16383120E+03 3.08640560E-03
 1.16456470E+03 2.72053700E-03
 1.16529680E+03 3.27302700E-03
 1.16602990E+03 3.44431120E-03
 1.16676390E+03 3.29297120E-03
 1.16749880E+03 2.53674750E-03
 1.16823460E+03 2.12729890E-03
 1.16896900E+03 1.28109140E-03
 1.16970440E+03 2.10411580E-03
 1.17044070E+03 2.54048450E-03
 1.17117790E+03 2.95833610E-03
 1.17191610E+03 3.18947300E-03
 1.17265280E+03 3.67361300E-03
 1.17339050E+03 3.77569140E-03
 1.17412910E+03 3.73290730E-03
 1.17486870E+03 2.88644520E-03
 1.17560910E+03 2.89647840E-03
 1.17634820E+03 2.96222740E-03
 1.17708820E+03 4.03196600E-03
 1.17782920E+03 3.17029820E-03
 1.17857100E+03 3.77707440E-03
 1.17931380E+03 3.86038890E-03
 1.18005520E+03 3.63511840E-03
 1.18079760E+03 3.80203580E-03
 1.18154090E+03 3.63347560E-03
 1.18228510E+03 3.58495270E-03
 1.18303020E+03 2.78824770E-03
 1.18377400E+03 3.49153730E-03
 1.18451860E+03 2.54440740E-03
 1.18526430E+03 3.50238070E-03
 1.18601080E+03 3.45270500E-03
 1.18675830E+03 3.52676900E-03
 1.18750440E+03 3.50013280E-03
 1.18825140E+03 3.51708590E-03
 1.18899940E+03 3.42502250E-03
 1.18974830E+03 3.42907100E-03
 1.19049820E+03 3.16984380E-03
 1.19124660E+03 2.67828290E-03
 1.19199600E+03 2.84017980E-03
 1.19274630E+03 3.17390860E-03
 1.19349760E+03 3.41948990E-03
 1.19424980E+03 3.21403190E-03
 1.19500060E+03 3.30247140E-03
 1.19575230E+03 3.41151280E-03
 1.19650500E+03 3.16082290E-03
 1.19725870E+03 2.94482730E-03
 1.19801320E+03 3.30138370E-03
 1.19876640E+03 3.13035560E-03
 1.19952050E+03 4.13953300E-03
 1.20027560E+03 3.85790470E-03
 1.20103160E+03 3.69958530E-03
 1.20178860E+03 3.26111300E-03
 1.20254410E+03 3.33982630E-03
 1.20330060E+03 3.01395750E-03
 1.20405800E+03 3.44782480E-03
 1.20481640E+03 3.51803990E-03
 1.20557580E+03 3.17593780E-03
 1.20633370E+03 3.43769700E-03
 1.20709250E+03 3.29964410E-03
 1.20785240E+03 2.94522690E-03
 1.20861320E+03 2.53697300E-03
 1.20937490E+03 2.81258140E-03
 1.21013520E+03 2.60097850E-03
 1.21089650E+03 2.76278310E-03
 1.21165870E+03 2.94936210E-03
 1.21242190E+03 2.91114330E-03
 1.21318600E+03 2.61673330E-03
 1.21394870E+03 2.53717070E-03
 1.21471240E+03 2.67539960E-03
 1.21547700E+03 3.90791950E-03
 1.21624260E+03 4.57342150E-03
 1.21700910E+03 3.64744200E-03
 1.21777420E+03 3.42789760E-03
 1.21854030E+03 4.27163760E-03
 1.21930730E+03 3.83787400E-03
 1.22007530E+03 3.34699790E-03
 1.22084430E+03 2.74849000E-03
 1.22161180E+03 3.55736040E-03
 1.22238030E+03 3.41316910E-03
 1.22314980E+03 3.09071070E-03
 1.22392020E+03 2.66004810E-03
 1.22469160E+03 3.47708690E-03
 1.22546150E+03 3.48724230E-03
 1.22623240E+03 3.37583620E-03
 1.22700430E+03 3.24510720E-03
 1.22777710E+03 2.76511480E-03
 1.22855100E+03 2.32729010E-03
 1.22932330E+03 3.51172140E-03
 1.23009670E+03 3.34833410E-03
 1.23087100E+03 2.91271730E-03
 1.23164620E+03 3.09352800E-03
 1.23242250E+03 1.41887960E-03
 1.23319730E+03 5.63743370E-04
 1.23397310E+03 3.37404420E-04
 1.23474980E+03 4.97830720E-04
 1.23552750E+03 8.39255340E-04
 1.23630620E+03 1.15526230E-03
 1.23708350E+03 1.25165150E-03
 1.23786170E+03 1.02214750E-03
 1.23864090E+03 1.02382560E-03
 1.23942110E+03 1.23196410E-03
 1.24020220E+03 1.59988440E-03
 1.24098190E+03 2.26221170E-03
 1.24176260E+03 3.53911490E-03
 1.24254420E+03 4.76859950E-03
 1.24332690E+03 5.60285390E-03
 1.24411050E+03 5.01888980E-03
 1.24489260E+03 4.83716300E-03
 1.24567580E+03 4.72255160E-03
 1.24645990E+03 4.33394770E-03
 1.24724500E+03 3.82388350E-03
 1.24803110E+03 3.27980010E-03
 1.24881570E+03 3.32983940E-03
 1.24960130E+03 3.45202470E-03
 1.25038790E+03 2.99234830E-03
 1.25117540E+03 3.27074880E-03
 1.25196400E+03 3.04593120E-03
 1.25275110E+03 2.59630910E-03
 1.25353920E+03 2.88033100E-03
 1.25432820E+03 3.67462710E-03
 1.25511830E+03 3.36176280E-03
 1.25590930E+03 3.18661710E-03
 1.25669890E+03 3.02564110E-03
 1.25748940E+03 2.62947080E-03
 1.25828100E+03 3.09988550E-03
 1.25907350E+03 2.64009270E-03
 1.25986710E+03 2.78870310E-03
 1.26065910E+03 2.78819550E-03
 1.26145220E+03 3.46037440E-03
 1.26224620E+03 3.80737240E-03
 1.26304130E+03 3.59216520E-03
 1.26383730E+03 3.30815360E-03
 1.26463190E+03 3.87884980E-03
 1.26542740E+03 3.21168720E-03
 1.26622400E+03 3.54774610E-03
 1.26702150E+03 3.45143100E-03
 1.26782010E+03 2.77361900E-03
 1.26861710E+03 3.45390150E-03
 1.26941520E+03 2.87585380E-03
 1.27021420E+03 2.52508720E-03
 1.27101430E+03 2.73274090E-03
 1.27181540E+03 2.63700330E-03
 1.27261490E+03 3.09589200E-03
 1.27341550E+03 3.05558410E-03
 1.27421710E+03 3.14721920E-03
 1.27501960E+03 2.92677590E-03
 1.27582320E+03 3.00324410E-03
 1.27662530E+03 2.80453220E-03
 1.27742840E+03 3.50697780E-03
 1.27823250E+03 2.45544060E-03
 1.27903760E+03 3.18857560E-03
 1.27984380E+03 3.49319460E-03
 1.28064840E+03 2.81831470E-03
 1.28145400E+03 3.23792780E-03
 1.28226060E+03 2.61367820E-03
 1.28306830E+03 3.25702300E-03
 1.28387690E+03 2.75282590E-03
 1.28468410E+03 3.10633580E-03
 1.28549220E+03 3.44498680E-03
 1.28630140E+03 3.28696720E-03
 1.28711160E+03 2.82794820E-03
 1.28792280E+03 3.39625850E-03
 1.28873250E+03 3.17653010E-03
 1.28954320E+03 3.22267680E-03
 1.29035490E+03 2.98204470E-03
 1.29116770E+03 2.51192410E-03
 1.29198150E+03 3.01355680E-03
 1.29279370E+03 3.29013890E-03
 1.29360700E+03 3.15617740E-03
 1.29442130E+03 2.88599760E-03
 1.29523660E+03 2.54761050E-03
 1.29605290E+03 2.91362910E-03
 1.29686770E+03 2.59362380E-03
 1.29768350E+03 3.26882110E-03
 1.29850040E+03 3.15892990E-03
 1.29931830E+03 3.11452400E-03
 1.30013720E+03 2.98676710E-03
 1.30095450E+03 2.38186010E-03
 1.30177290E+03 2.52274940E-03
 1.30259240E+03 3.15398770E-03
 1.30341280E+03 2.33021780E-03
 1.30423430E+03 3.28956160E-03
 1.30505420E+03 3.04672560E-03
 1.30587520E+03 2.68894810E-03
 1.30669720E+03 2.70707740E-03
 1.30752030E+03 2.50803530E-03
 1.30834440E+03 3.01450480E-03
 1.30916690E+03 3.08657220E-03
 1.30999040E+03 3.16570160E-03
 1.31081500E+03 2.96893070E-03
 1.31164070E+03 2.66592980E-03
 1.31246730E+03 2.84682810E-03
 1.31329250E+03 2.28714360E-03
 1.31411860E+03 2.77343490E-03
 1.31494580E+03 2.44328640E-03
 1.31577410E+03 2.70565320E-03
 1.31660330E+03 2.56896100E-03
 1.31743110E+03 2.01110650E-03
 1.31825980E+03 2.11009080E-03
 1.31908960E+03 2.94876780E-03
 1.31992050E+03 2.87868260E-03
 1.32075240E+03 2.89805850E-03
 1.32158270E+03 3.28850000E-03
 1.32241410E+03 3.27407330E-03
 1.32324650E+03 2.22492180E-03
 1.32407990E+03 3.01784680E-03
 1.32491450E+03 3.09450120E-03
 1.32574740E+03 2.06305530E-03
 1.32658140E+03 2.91996870E-03
 1.32741640E+03 2.82546590E-03
 1.32825250E+03 2.94343280E-03
 1.32908970E+03 2.42529010E-03
 1.32992520E+03 2.98710540E-03
 1.33076190E+03 3.29200370E-03
 1.33159950E+03 2.20938720E-03
 1.33243830E+03 3.08826580E-03
 1.33327810E+03 2.39103610E-03
 1.33411630E+03 1.60442270E-03
 1.33495550E+03 1.19472660E-03
 1.33579580E+03 1.20643140E-03
 1.33663720E+03 1.55439190E-03
 1.33747960E+03 2.03450240E-03
 1.33832050E+03 2.21529190E-03
 1.33916240E+03 1.63368010E-03
 1.34000530E+03 1.17317180E-03
 1.34084940E+03 1.31662210E-03
 1.34169440E+03 1.77288580E-03
 1.34253790E+03 2.45688170E-03
 1.34338250E+03 3.47508060E-03
 1.34422810E+03 4.24585350E-03
 1.34507480E+03 3.84662260E-03
 1.34592250E+03 3.70627910E-03
 1.34676870E+03 3.44781430E-03
 1.34761590E+03 3.06632640E-03
 1.34846420E+03 3.14186400E-03
 1.34931350E+03 3.01705640E-03
 1.35016400E+03 2.67284600E-03
 1.35101280E+03 2.95715590E-03
 1.35186270E+03 3.16119250E-03
 1.35271360E+03 3.04852270E-03
 1.35356560E+03 2.46992710E-03
 1.35441870E+03 2.89137600E-03
 1.35527020E+03 2.16192020E-03
 1.35612280E+03 2.37533710E-03
 1.35697640E+03 2.06027950E-03
 1.35783110E+03 1.81407650E-03
 1.35868690E+03 2.18073510E-03
 1.35954110E+03 2.50948280E-03
 1.36039640E+03 2.58545680E-03
 1.36125270E+03 2.18722490E-03
 1.36211010E+03 3.16230190E-03
 1.36296860E+03 2.66122110E-03
 1.36382540E+03 2.48418790E-03
 1.36468340E+03 2.84096120E-03
 1.36554240E+03 2.40231700E-03
 1.36640250E+03 2.43512150E-03
 1.36726370E+03 1.50683360E-03
 1.36812330E+03 1.02486830E-03
 1.36898390E+03 1.10915150E-03
 1.36984570E+03 1.34495720E-03
 1.37070850E+03 1.63043180E-03
 1.37157240E+03 2.03103390E-03
 1.37243470E+03 2.23643910E-03
 1.37329800E+03 2.20356870E-03
 1.37416250E+03 2.43125440E-03
 1.37502800E+03 2.97714350E-03
 1.37589460E+03 2.95159190E-03
 1.37675960E+03 3.77194970E-03
 1.37762570E+03 2.93184410E-03
 1.37849290E+03 2.85556750E-03
 1.37936110E+03 3.41447290E-03
 1.38023050E+03 3.01128450E-03
 1.38109820E+03 2.90425390E-03
 1.38196700E+03 2.59766050E-03
 1.38283690E+03 2.25161810E-03
 1.38370790E+03 1.91986810E-03
 1.38458000E+03 1.16523500E-03
 1.38545050E+03 1.04178980E-03
 1.38632200E+03 1.38522980E-03
 1.38719470E+03 1.74616930E-03
 1.38806840E+03 1.89474500E-03
 1.38894330E+03 1.93824590E-03
 1.38981650E+03 2.47506450E-03
 1.39069080E+03 2.12698710E-03
 1.39156620E+03 2.73524330E-03
 1.39244270E+03 2.71480230E-03
 1.39332030E+03 2.36960810E-03
 1.39419620E+03 2.06710770E-03
 1.39507330E+03 2.45198550E-03
 1.39595140E+03 2.21857660E-03
 1.39683070E+03 2.21203240E-03
 1.39771100E+03 1.92766180E-03
 1.39858980E+03 2.37267090E-03
 1.39946960E+03 2.34883000E-03
 1.40035050E+03 2.18732260E-03
 1.40123250E+03 2.00658630E-03
 1.40211570E+03 1.91238080E-03
 1.40299710E+03 2.13977820E-03
 1.40387970E+03 2.00463730E-03
 1.40476340E+03 2.06066800E-03
 1.40564820E+03 2.36791690E-03
 1.40653420E+03 2.46789620E-03
 1.40741840E+03 3.00774850E-03
 1.40830380E+03 3.27854550E-03
 1.40919030E+03 3.14215370E-03
 1.41007790E+03 3.64186500E-03
 1.41096660E+03 3.16350500E-03
 1.41185360E+03 2.97118980E-03
 1.41274180E+03 2.83402040E-03
 1.41363110E+03 2.68096830E-03
 1.41452150E+03 2.31385600E-03
 1.41541300E+03 2.51588110E-03
 1.41630280E+03 2.74880420E-03
 1.41719380E+03 3.00540640E-03
 1.41808590E+03 2.64007870E-03
 1.41897910E+03 3.42712770E-03
 1.41987340E+03 3.07763250E-03
 1.42076600E+03 2.89243320E-03
 1.42165980E+03 2.88153290E-03
 1.42255470E+03 2.28128290E-03
 1.42345070E+03 2.15692550E-03
 1.42434790E+03 1.41874630E-03
 1.42524330E+03 1.88373660E-03
 1.42613990E+03 1.93811440E-03
 1.42703760E+03 2.27559920E-03
 1.42793640E+03 2.51368480E-03
 1.42883640E+03 2.65846990E-03
 1.42973470E+03 3.24331790E-03
 1.43063410E+03 3.15121910E-03
 1.43153460E+03 3.55161770E-03
 1.43243630E+03 2.53005250E-03
 1.43333910E+03 2.66347280E-03
 1.43424020E+03 2.16695770E-03
 1.43514250E+03 1.98682810E-03
 1.43604580E+03 2.12464920E-03
 1.43695040E+03 2.00983900E-03
 1.43785600E+03 2.28203260E-03
 1.43876000E+03 2.15283510E-03
 1.43966500E+03 2.58235180E-03
 1.44057130E+03 2.37370110E-03
 1.44147860E+03 2.61848110E-03
 1.44238710E+03 2.61194490E-03
 1.44329390E+03 2.42897840E-03
 1.44420190E+03 2.37476140E-03
 1.44511100E+03 2.17600130E-03
 1.44602120E+03 2.47567640E-03
 1.44693260E+03 2.74979360E-03
 1.44784220E+03 2.20788730E-03
 1.44875300E+03 2.07245840E-03
 1.44966490E+03 1.94779030E-03
 1.45057800E+03 1.99984520E-03
 1.45149230E+03 2.02383240E-03
 1.45240480E+03 2.07920630E-03
 1.45331850E+03 1.95799480E-03
 1.45423330E+03 2.00273420E-03
 1.45514930E+03 2.20889540E-03
 1.45606640E+03 2.08817570E-03
 1.45698180E+03 2.42069530E-03
 1.45789830E+03 2.21198300E-03
 1.45881600E+03 2.15870510E-03
 1.45973490E+03 2.08288120E-03
 1.46065490E+03 2.10125270E-03
 1.46157320E+03 2.55255780E-03
 1.46249260E+03 2.23244850E-03
 1.46341320E+03 2.71992160E-03
 1.46433500E+03 2.52693950E-03
 1.46525790E+03 2.48052590E-03
 1.46617910E+03 3.04609610E-03
 1.46710140E+03 2.82781140E-03
 1.46802490E+03 2.58002770E-03
 1.46894950E+03 2.28413110E-03
 1.46987540E+03 3.13072080E-03
 1.47079940E+03 2.94469230E-03
 1.47172470E+03 2.47510100E-03
 1.47265110E+03 2.92876130E-03
 1.47357860E+03 2.75431760E-03
 1.47450740E+03 2.88225640E-03
 1.47543440E+03 2.62314720E-03
 1.47636250E+03 2.68269330E-03
 1.47729190E+03 2.85336260E-03
 1.47822240E+03 2.49827930E-03
 1.47915400E+03 2.61501310E-03
 1.48008390E+03 3.17923680E-03
 1.48101500E+03 3.02456020E-03
 1.48194730E+03 2.96689480E-03
 1.48288070E+03 2.85859360E-03
 1.48381530E+03 2.93989550E-03
 1.48474810E+03 2.80518940E-03
 1.48568210E+03 3.03699290E-03
 1.48661730E+03 2.98423150E-03
 1.48755370E+03 3.06850100E-03
 1.48849130E+03 2.61758640E-03
 1.48942700E+03 2.64357370E-03
 1.49036400E+03 3.09202820E-03
 1.49130210E+03 3.21228520E-03
 1.49224140E+03 3.05546390E-03
 1.49318200E+03 2.97800020E-03
 1.49412070E+03 2.95030510E-03
 1.49506060E+03 2.96485700E-03
 1.49600170E+03 2.87597160E-03
 1.49694400E+03 2.22936550E-03
 1.49788740E+03 1.89620940E-03
 1.49882910E+03 1.55754870E-03
 1.49977200E+03 1.49458830E-03
 1.50071600E+03 1.98772930E-03
 1.50166130E+03 2.88462290E-03
 1.50260770E+03 3.47893810E-03
 1.50355240E+03 2.40408870E-03
 1.50449820E+03 3.05686690E-03
 1.50544530E+03 2.76214640E-03
 1.50639350E+03 3.10061110E-03
 1.50734290E+03 3.07917420E-03
 1.50829060E+03 3.02511560E-03
 1.50923940E+03 3.01837830E-03
 1.51018940E+03 2.98204820E-03
 1.51114060E+03 2.45977490E-03
 1.51209300E+03 3.00723850E-03
 1.51304360E+03 2.92775390E-03
 1.51399550E+03 2.87073030E-03
 1.51494850E+03 2.94155760E-03
 1.51590270E+03 2.79574160E-03
 1.51685810E+03 2.65414780E-03
 1.51781170E+03 2.07515040E-03
 1.51876650E+03 2.42853810E-03
 1.51972250E+03 2.70580250E-03
 1.52067980E+03 2.58283600E-03
 1.52163820E+03 2.67030940E-03
 1.52259480E+03 2.99468290E-03
 1.52355260E+03 2.93638870E-03
 1.52451170E+03 2.87933920E-03
 1.52547190E+03 2.97530540E-03
 1.52643330E+03 2.74378720E-03
 1.52739300E+03 2.83055420E-03
 1.52835380E+03 2.70694200E-03
 1.52931590E+03 3.00043340E-03
 1.53027910E+03 2.28432830E-03
 1.53124360E+03 2.64845400E-03
 1.53220630E+03 2.50860550E-03
 1.53317010E+03 2.77700270E-03
 1.53413520E+03 2.77371430E-03
 1.53510150E+03 3.61887920E-04
 1.53606900E+03 2.72150030E-06
 1.53703470E+03 1.76655970E-06
 1.53800160E+03 5.81063630E-07
 1.53896970E+03 9.26765360E-07
 1.53993910E+03 4.14954440E-07
 1.54090970E+03 2.44845830E-07
 1.54187840E+03 4.05861360E-07
 1.54284830E+03 8.46759250E-06
 1.54381950E+03 8.62948930E-05
 1.54479190E+03 2.86285390E-04
 1.54576550E+03 6.12619080E-04
 1.54673730E+03 1.08349850E-03
 1.54771030E+03 1.66631590E-03
 1.54868460E+03 2.38808590E-03
 1.54966000E+03 3.23793620E-03
 1.55063670E+03 4.59239650E-03
 1.55161160E+03 5.55690350E-03
 1.55258760E+03 5.51816850E-03
 1.55356500E+03 5.06328280E-03
 1.55454350E+03 4.78511160E-03
 1.55552330E+03 4.29674500E-03
 1.55650120E+03 4.18791860E-03
 1.55748030E+03 3.74593890E-03
 1.55846070E+03 3.71673490E-03
 1.55944230E+03 3.54317710E-03
 1.56042520E+03 3.17150610E-03
 1.56140620E+03 2.65228490E-03
 1.56238840E+03 2.69660330E-03
 1.56337190E+03 2.92959350E-03
 1.56435660E+03 2.90519730E-03
 1.56534260E+03 2.52037770E-03
 1.56632670E+03 2.65434950E-03
 1.56731200E+03 2.76130110E-03
 1.56829860E+03 2.17453720E-03
 1.56928640E+03 2.62024340E-03
 1.57027550E+03 2.39316150E-03
 1.57126270E+03 2.40412920E-03
 1.57225110E+03 2.12357750E-03
 1.57324080E+03 3.07341550E-03
 1.57423170E+03 2.79052940E-03
 1.57522390E+03 2.76903310E-03
 1.57621420E+03 2.39999900E-03
 1.57720570E+03 2.61841550E-03
 1.57819850E+03 2.73034950E-03
 1.57919260E+03 2.29110840E-03
 1.58018790E+03 2.86403350E-03
 1.58118130E+03 2.84036090E-03
 1.58217600E+03 2.75873390E-03
 1.58317190E+03 2.79353580E-03
 1.58416910E+03 2.58494720E-03
 1.58516760E+03 2.79408040E-03
 1.58616410E+03 2.61773660E-03
 1.58716190E+03 2.79011540E-03
 1.58816100E+03 2.70590690E-03
 1.58916130E+03 2.60404600E-03
 1.59016290E+03 2.46964590E-03
 1.59116260E+03 2.32787760E-03
 1.59216360E+03 2.81290800E-03
 1.59316580E+03 2.76433360E-03
 1.59416930E+03 2.75455070E-03
 1.59517400E+03 3.06767330E-03
 1.59617690E+03 2.90053290E-03
 1.59718100E+03 2.93496200E-03
 1.59818630E+03 2.94335130E-03
 1.59919300E+03 3.05443090E-03
 1.60020090E+03 3.04179590E-03
 1.60120690E+03 2.67543100E-03
 1.60221420E+03 2.75651370E-03
 1.60322270E+03 2.23761440E-03
 1.60423250E+03 2.90022850E-03
 1.60524360E+03 2.88831010E-03
 1.60625280E+03 2.66915860E-03
 1.60726330E+03 2.89335050E-03
 1.60827500E+03 2.72842770E-03
 1.60928800E+03 2.64330250E-03
 1.61030220E+03 2.44139020E-03
 1.61131460E+03 2.51948460E-03
 1.61232820E+03 2.73661510E-03
 1.61334320E+03 2.07797720E-03
 1.61435930E+03 2.55977900E-03
 1.61537680E+03 1.88894260E-03
 1.61639240E+03 2.44910990E-03
 1.61740920E+03 2.29231740E-03
 1.61842730E+03 2.36449010E-03
 1.61944670E+03 2.22583740E-03
 1.62046740E+03 2.64764780E-03
 1.62148610E+03 2.49636650E-03
 1.62250610E+03 2.81629510E-03
 1.62352750E+03 2.52475820E-03
 1.62455010E+03 3.04218300E-03
 1.62557400E+03 3.22445150E-03
 1.62659590E+03 3.11869390E-03
 1.62761920E+03 3.03688570E-03
 1.62864370E+03 2.90562480E-03
 1.62966950E+03 2.63537340E-03
 1.63069660E+03 2.22455460E-03
 1.63172180E+03 2.00181990E-03
 1.63274830E+03 2.46225660E-03
 1.63377610E+03 2.39672520E-03
 1.63480510E+03 2.43549500E-03
 1.63583550E+03 2.39802340E-03
 1.63686390E+03 2.33812750E-03
 1.63789360E+03 2.15302250E-03
 1.63892460E+03 2.35595850E-03
 1.63995690E+03 2.83564300E-03
 1.64099050E+03 3.67049070E-03
 1.64202210E+03 3.28269470E-03
 1.64305510E+03 3.00873390E-03
 1.64408940E+03 2.57080650E-03
 1.64512490E+03 3.01633160E-03
 1.64616180E+03 2.96346610E-03
 1.64719670E+03 2.86283740E-03
 1.64823290E+03 2.82828670E-03
 1.64927040E+03 2.77284340E-03
 1.65030920E+03 2.67737100E-03
 1.65134930E+03 2.70778100E-03
 1.65238750E+03 2.55629690E-03
 1.65342700E+03 2.42267880E-03
 1.65446770E+03 2.52912030E-03
 1.65550980E+03 2.52701090E-03
 1.65655320E+03 2.67791700E-03
 1.65759470E+03 2.26772070E-03
 1.65863740E+03 2.88453900E-03
 1.65968150E+03 2.83348010E-03
 1.66072690E+03 2.80567980E-03
 1.66177360E+03 2.82518270E-03
 1.66281830E+03 2.84930320E-03
 1.66386430E+03 2.85267810E-03
 1.66491170E+03 2.72651050E-03
 1.66596030E+03 2.83391150E-03
 1.66701030E+03 2.81329670E-03
 1.66805830E+03 2.57410660E-03
 1.66910770E+03 2.79300350E-03
 1.67015830E+03 2.63981850E-03
 1.67121030E+03 2.72700270E-03
 1.67226360E+03 2.66838480E-03
 1.67331490E+03 2.69111340E-03
 1.67436750E+03 2.77557840E-03
 1.67542150E+03 2.44237710E-03
 1.67647680E+03 2.40596150E-03
 1.67753340E+03 2.66969540E-03
 1.67858800E+03 2.78166700E-03
 1.67964400E+03 2.82507770E-03
 1.68070130E+03 2.81416010E-03
 1.68175990E+03 2.76254840E-03
 1.68281980E+03 2.80516630E-03
 1.68387780E+03 2.80080220E-03
 1.68493710E+03 2.79712400E-03
 1.68599770E+03 2.76033480E-03
 1.68705960E+03 2.67420990E-03
 1.68812290E+03 2.76104590E-03
 1.68918420E+03 2.78634430E-03
 1.69024680E+03 2.54190280E-03
 1.69131080E+03 2.77960730E-03
 1.69237610E+03 2.76828050E-03
 1.69344270E+03 2.77074030E-03
 1.69450730E+03 2.73271890E-03
 1.69557330E+03 2.74015230E-03
 1.69664060E+03 2.74283640E-03
 1.69770930E+03 2.74425750E-03
 1.69877930E+03 2.52076410E-03
 1.69984730E+03 2.35639280E-03
 1.70091660E+03 2.66759020E-03
 1.70198730E+03 2.72114650E-03
 1.70305930E+03 2.53808260E-03
 1.70413270E+03 2.52724710E-03
 1.70520400E+03 2.71260200E-03
 1.70627670E+03 2.72250490E-03
 1.70735080E+03 2.37230910E-03
 1.70842620E+03 2.67944680E-03
 1.70950290E+03 2.20149400E-03
 1.71057760E+03 1.34521700E-03
 1.71165370E+03 6.00753090E-04
 1.71273110E+03 6.11968800E-04
 1.71380990E+03 8.67621070E-04
 1.71489010E+03 1.20874860E-03
 1.71596820E+03 1.66242310E-03
 1.71704770E+03 2.27941920E-03
 1.71812850E+03 3.09108720E-03
 1.71921070E+03 4.30194880E-03
 1.72029420E+03 3.84648410E-03
 1.72137570E+03 3.52568690E-03
 1.72245860E+03 3.39504440E-03
 1.72354280E+03 3.21007810E-03
 1.72462840E+03 2.91192260E-03
 1.72571540E+03 2.72147080E-03
 1.72680030E+03 2.76965750E-03
 1.72788660E+03 2.72888640E-03
 1.72897430E+03 2.72002520E-03
 1.73006330E+03 2.63833850E-03
 1.73115370E+03 2.33211270E-03
 1.73224200E+03 2.71789840E-03
 1.73333170E+03 2.72737290E-03
 1.73442280E+03 2.66964100E-03
 1.73551520E+03 2.71763090E-03
 1.73660910E+03 2.71389620E-03
 1.73770080E+03 2.69751750E-03
 1.73879400E+03 2.22461560E-03
 1.73988850E+03 2.71156130E-03
 1.74098440E+03 2.69843660E-03
 1.74208170E+03 2.69651780E-03
 1.74317690E+03 2.69738650E-03
 1.74427350E+03 2.69560760E-03
 1.74537140E+03 2.43535760E-03
 1.74647080E+03 2.70925090E-03
 1.74757150E+03 2.42001500E-03
 1.74867020E+03 2.69771880E-03
 1.74977020E+03 2.69749450E-03
 1.75087160E+03 2.69260000E-03
 1.75197440E+03 2.69548820E-03
 1.75307860E+03 2.55274280E-03
 1.75418080E+03 2.65946100E-03
 1.75528430E+03 2.68415200E-03
 1.75638920E+03 2.68872510E-03
 1.75749550E+03 2.68373150E-03
 1.75860310E+03 2.56459610E-03
 1.75970870E+03 2.45673730E-03
 1.76081570E+03 2.41204890E-03
 1.76192410E+03 2.66244740E-03
 1.76303390E+03 2.55314800E-03
 1.76414500E+03 2.67781670E-03
 1.76525410E+03 2.61377970E-03
 1.76636460E+03 2.67541020E-03
 1.76747650E+03 2.66110720E-03
 1.76858970E+03 2.67048330E-03
 1.76970440E+03 2.59500940E-03
 1.77081700E+03 2.64972110E-03
 1.77193100E+03 2.55606800E-03
 1.77304630E+03 2.52799250E-03
 1.77416310E+03 2.23206220E-03
 1.77528130E+03 2.65984030E-03
 1.77639740E+03 2.57752210E-03
 1.77751490E+03 2.62886540E-03
 1.77863370E+03 2.58332520E-03
 1.77975400E+03 2.65326870E-03
 1.78087580E+03 2.64744280E-03
 1.78199540E+03 2.59385180E-03
 1.78311640E+03 2.58736920E-03
 1.78423880E+03 2.64395250E-03
 1.78536260E+03 2.57680310E-03
 1.78648780E+03 2.57778640E-03
 1.78761100E+03 2.58190300E-03
 1.78873550E+03 2.57446480E-03
 1.78986150E+03 2.62617420E-03
 1.79098880E+03 2.60391510E-03
 1.79211760E+03 2.26453960E-03
 1.79324430E+03 2.60186480E-03
 1.79437240E+03 2.60763900E-03
 1.79550190E+03 2.60417630E-03
 1.79663280E+03 2.61608340E-03
 1.79776510E+03 2.61814630E-03
 1.79889540E+03 1.96964710E-03
 1.80002700E+03 2.62569490E-03
 1.80116010E+03 2.62043970E-03
 1.80229450E+03 2.58868790E-03
 1.80343050E+03 2.61681340E-03
 1.80456420E+03 2.60990580E-03
 1.80569940E+03 2.58379730E-03
 1.80683610E+03 2.59890820E-03
 1.80797410E+03 2.62437280E-03
 1.80911360E+03 2.61208200E-03
 1.81025100E+03 2.55973980E-03
 1.81138980E+03 2.54124490E-03
 1.81253000E+03 2.41799890E-03
 1.81367160E+03 2.59261220E-03
 1.81481470E+03 2.59912560E-03
 1.81595560E+03 2.50790600E-03
 1.81709800E+03 2.55290490E-03
 1.81824180E+03 2.59622630E-03
 1.81938710E+03 2.60548980E-03
 1.82053370E+03 2.57656810E-03
 1.82167830E+03 2.43438340E-03
 1.82282420E+03 2.59285340E-03
 1.82397170E+03 2.58923400E-03
 1.82512050E+03 2.51346990E-03
 1.82627080E+03 2.33455510E-03
 1.82741890E+03 2.23602940E-03
 1.82856850E+03 2.57096990E-03
 1.82971950E+03 2.56813210E-03
 1.83087200E+03 2.57888730E-03
 1.83202600E+03 2.57807200E-03
 1.83317770E+03 2.57203320E-03
 1.83433090E+03 2.53493190E-03
 1.83548560E+03 2.49370320E-03
 1.83664170E+03 2.36584500E-03
 1.83779920E+03 2.62709370E-03
 1.83895460E+03 2.57639850E-03
 1.84011150E+03 2.00549010E-03
 1.84126970E+03 2.55083680E-03
 1.84242950E+03 2.55253500E-03
 1.84359070E+03 2.56021390E-03
 1.84474970E+03 2.55677630E-03
 1.84591020E+03 2.44910720E-03
 1.84707220E+03 2.50266840E-03
 1.84823560E+03 2.31045630E-03
 1.84940040E+03 2.52565700E-03
 1.85056310E+03 2.30608440E-03
 1.85172720E+03 2.48823690E-03
 1.85289290E+03 2.53912850E-03
 1.85405990E+03 2.50901870E-03
 1.85522850E+03 2.48616840E-03
 1.85639480E+03 2.54185330E-03
 1.85756260E+03 2.53546810E-03
 1.85873190E+03 2.55461170E-03
 1.85990260E+03 2.54590550E-03
 1.86107490E+03 2.53696300E-03
 1.86224490E+03 2.53162810E-03
 1.86341640E+03 2.52849400E-03
 1.86458930E+03 2.52701200E-03
 1.86576380E+03 2.52476790E-03
 1.86693970E+03 2.52750870E-03
 1.86811340E+03 2.49064450E-03
 1.86928860E+03 2.52228610E-03
 1.87046520E+03 2.48717300E-03
 1.87164340E+03 2.51835930E-03
 1.87282300E+03 2.16374850E-03
 1.87400040E+03 2.46589560E-03
 1.87517930E+03 2.50868650E-03
 1.87635960E+03 2.50393500E-03
 1.87754150E+03 2.19908620E-03
 1.87872480E+03 2.51167400E-03
 1.87990600E+03 2.51134520E-03
 1.88108860E+03 2.49755270E-03
 1.88227260E+03 2.50857710E-03
 1.88345820E+03 2.50681950E-03
 1.88464530E+03 2.50318580E-03
 1.88583010E+03 2.44559420E-03
 1.88701640E+03 2.49976880E-03
 1.88820430E+03 2.49156750E-03
 1.88939360E+03 2.49429130E-03
 1.89058440E+03 2.49213350E-03
 1.89177300E+03 2.47997090E-03
 1.89296300E+03 2.42035610E-03
 1.89415460E+03 2.49018780E-03
 1.89534760E+03 2.47551040E-03
 1.89654220E+03 2.48208480E-03
 1.89773450E+03 2.48005250E-03
 1.89892830E+03 2.44738100E-03
 1.90012360E+03 2.48115930E-03
 1.90132050E+03 2.46755840E-03
 1.90251880E+03 2.47572250E-03
 1.90371490E+03 2.47722180E-03
 1.90491240E+03 2.47604500E-03
 1.90611150E+03 2.47171410E-03
 1.90731210E+03 2.47031900E-03
 1.90851420E+03 2.21980430E-03
 1.90971410E+03 2.46808380E-03
 1.91091540E+03 2.46751510E-03
 1.91211830E+03 2.46668940E-03
 1.91332260E+03 2.46341440E-03
 1.91452850E+03 2.46304180E-03
 1.91573220E+03 2.46148210E-03
 1.91693730E+03 2.45934570E-03
 1.91814390E+03 2.43785480E-03
 1.91935210E+03 2.46122640E-03
 1.92056180E+03 2.38701120E-03
 1.92176920E+03 2.37997560E-03
 1.92297820E+03 2.24488470E-03
 1.92418860E+03 2.45162360E-03
 1.92540060E+03 2.45023040E-03
 1.92661410E+03 2.44731890E-03
 1.92782530E+03 2.44718160E-03
 1.92903810E+03 2.26313610E-03
 1.93025230E+03 2.44219590E-03
 1.93146810E+03 2.44108140E-03
 1.93268550E+03 2.43786850E-03
 1.93390050E+03 2.43376030E-03
 1.93511710E+03 2.43236910E-03
 1.93633510E+03 2.43031880E-03
 1.93755480E+03 2.28839240E-03
 1.93877590E+03 2.42376990E-03
 1.93999480E+03 2.42151390E-03
 1.94121520E+03 2.41875300E-03
 1.94243710E+03 2.35014240E-03
 1.94366060E+03 2.41976790E-03
 1.94488560E+03 2.41674030E-03
 1.94610830E+03 2.41272600E-03
 1.94733260E+03 2.41143260E-03
 1.94855840E+03 2.42208320E-03
 1.94978570E+03 2.41715790E-03
 1.95101460E+03 2.40465820E-03
 1.95224110E+03 2.41328670E-03
 1.95346920E+03 2.41011110E-03
 1.95469890E+03 2.39443000E-03
 1.95593010E+03 2.34869040E-03
 1.95716280E+03 2.40359750E-03
 1.95839320E+03 2.28732000E-03
 1.95962520E+03 2.39908370E-03
 1.96085870E+03 2.35451380E-03
 1.96209380E+03 2.37161040E-03
 1.96333040E+03 2.38912040E-03
 1.96456470E+03 2.38831190E-03
 1.96580060E+03 2.38276170E-03
 1.96703800E+03 2.33435880E-03
 1.96827700E+03 2.34625730E-03
 1.96951750E+03 2.38902020E-03
 1.97075570E+03 2.38695020E-03
 1.97199540E+03 2.21765160E-03
 1.97323680E+03 2.34888330E-03
 1.97447960E+03 2.37133770E-03
 1.97572410E+03 2.38888100E-03
 1.97696620E+03 2.38027620E-03
 1.97820980E+03 2.37728110E-03
 1.97945500E+03 2.35672180E-03
 1.98070180E+03 2.37374120E-03
 1.98195020E+03 2.37069190E-03
 1.98319620E+03 2.36996530E-03
 1.98444380E+03 2.36712240E-03
 1.98569290E+03 2.36218430E-03
 1.98694360E+03 2.32154640E-03
 1.98819590E+03 2.36358890E-03
 1.98944590E+03 2.36173510E-03
 1.99069740E+03 2.36491130E-03
 1.99195040E+03 2.36540710E-03
 1.99320510E+03 2.36504780E-03
 1.99446130E+03 2.35739030E-03
 1.99571520E+03 2.35353480E-03
 1.99697070E+03 2.31965990E-03
 1.99822770E+03 2.29334780E-03
 1.99948630E+03 2.33302450E-03
 2.00074650E+03 2.34619540E-03
 2.00200430E+03 2.34131440E-03
 2.00326370E+03 2.20103960E-03
 2.00452470E+03 2.33484000E-03
 2.00578730E+03 2.27385150E-03
 2.00705150E+03 2.33923090E-03
 2.00831330E+03 2.33651760E-03
 2.00957660E+03 2.33369380E-03
 2.01084160E+03 2.31246580E-03
 2.01210820E+03 2.33023140E-03
 2.01337630E+03 2.32587540E-03
 2.01464210E+03 2.32890540E-03
 2.01590940E+03 2.32709050E-03
 2.01717840E+03 2.32489020E-03
 2.01844890E+03 2.32480350E-03
 2.01972110E+03 2.32284590E-03
 2.02099080E+03 2.32191540E-03
 2.02226220E+03 2.32278550E-03
 2.02353510E+03 2.31667640E-03
 2.02480970E+03 2.30561870E-03
 2.02608590E+03 2.31289780E-03
 2.02735960E+03 2.18186260E-03
 2.02863500E+03 2.31160880E-03
 2.02991190E+03 2.30894140E-03
 2.03119050E+03 2.30720910E-03
 2.03247070E+03 2.30534460E-03
 2.03374850E+03 2.30337320E-03
 2.03502780E+03 2.30084560E-03
 2.03630880E+03 2.27012540E-03
 2.03759140E+03 2.29648560E-03
 2.03887560E+03 2.29480990E-03
 2.04015740E+03 1.96925390E-03
 2.04144080E+03 2.29272340E-03
 2.04272590E+03 2.29137830E-03
 2.04401250E+03 2.28991150E-03
 2.04530080E+03 2.28680410E-03
 2.04658660E+03 2.28916530E-03
 2.04787400E+03 2.25753950E-03
 2.04916310E+03 2.28405900E-03
 2.05045380E+03 2.31714180E-03
 2.05174610E+03 2.29749810E-03
 2.05303600E+03 2.31265640E-03
 2.05432750E+03 2.31224010E-03
 2.05562070E+03 2.30813460E-03
 2.05691540E+03 2.30863300E-03
 2.05821180E+03 2.30640580E-03
 2.05950580E+03 2.30431620E-03
 2.06080130E+03 2.30130080E-03
 2.06209860E+03 2.27066090E-03
 2.06339740E+03 2.30081010E-03
 2.06469790E+03 2.17328360E-03
 2.06599590E+03 2.29407340E-03
 2.06729560E+03 2.29700250E-03
 2.06859690E+03 2.29506270E-03
 2.06989980E+03 2.29286050E-03
 2.07120440E+03 2.28904600E-03
 2.07250650E+03 2.28825220E-03
 2.07381030E+03 2.28666150E-03
 2.07511570E+03 2.28390540E-03
 2.07642270E+03 2.28133890E-03
 2.07773140E+03 2.27805090E-03
 2.07903760E+03 2.27270940E-03
 2.08034550E+03 2.20326090E-03
 2.08165500E+03 2.27794960E-03
 2.08296620E+03 2.26672840E-03
 2.08427900E+03 2.10273820E-03
 2.08558930E+03 2.27334760E-03
 2.08690130E+03 2.26422080E-03
 2.08821490E+03 2.27178180E-03
 2.08953020E+03 2.26809630E-03
 2.09084720E+03 2.26606390E-03
 2.09216160E+03 2.25369040E-03
 2.09347780E+03 2.25250660E-03
 2.09479550E+03 2.26222350E-03
 2.09611500E+03 2.25821050E-03
 2.09743610E+03 2.25701590E-03
 2.09875470E+03 2.25103920E-03
 2.10007500E+03 2.25496110E-03
 2.10139690E+03 2.24976710E-03
 2.10272050E+03 2.25574790E-03
 2.10404580E+03 2.25306870E-03
 2.10536850E+03 2.25040840E-03
 2.10669290E+03 2.24444540E-03
 2.10801900E+03 2.22132880E-03
 2.10934680E+03 2.24709920E-03
 2.11067630E+03 2.24316320E-03
 2.11200320E+03 2.24052210E-03
 2.11333180E+03 2.07914610E-03
 2.11466210E+03 2.23045590E-03
 2.11599400E+03 2.19588940E-03
 2.11732760E+03 2.22964220E-03
 2.11865880E+03 2.23154460E-03
 2.11999160E+03 2.22886270E-03
 2.12132600E+03 2.15887420E-03
 2.12266220E+03 2.23064780E-03
 2.12400000E+03 2.20819090E-03
 2.12500000E+03 2.22637210E-03
 2.13923310E+03 2.20950640E-03
 2.17500000E+03 2.16773720E-03
 2.22500000E+03 2.11080530E-03
 2.23681870E+03 2.09759420E-03
 2.27500000E+03 2.05555050E-03
 2.32500000E+03 2.00194240E-03
 2.34373310E+03 1.98227470E-03
 2.37500000E+03 1.94994660E-03
 2.40111680E+03 1.92341620E-03
 2.42500000E+03 1.89952630E-03
 2.46138090E+03 1.86380750E-03
 2.46141120E+03 1.86377850E-03
 2.48000000E+03 1.84583750E-03
 2.49659840E+03 1.82999190E-03
 2.53283820E+03 1.79596000E-03
 2.57014570E+03 1.76172040E-03
 2.57500000E+03 1.75732380E-03
 2.58921460E+03 1.74452570E-03
 2.60856860E+03 1.72728240E-03
 2.60860260E+03 1.72726820E-03
 2.62500000E+03 1.71282210E-03
 2.67500000E+03 1.66967710E-03
 2.72258120E+03 1.62985670E-03
 2.77500000E+03 1.58734180E-03
 2.82500000E+03 1.54807060E-03
 2.84701560E+03 1.53116530E-03
 2.87500000E+03 1.51001070E-03
 2.95000000E+03 1.45510820E-03
 2.98336920E+03 1.43149570E-03
 3.05000000E+03 1.38579140E-03
 3.05656400E+03 1.38139060E-03
 3.13344070E+03 1.33116260E-03
 3.13348980E+03 1.33112820E-03
 3.15000000E+03 1.32065010E-03
 3.20394980E+03 1.28714690E-03
 3.25000000E+03 1.25941780E-03
 3.27770520E+03 1.24310920E-03
 3.35000000E+03 1.20183360E-03
 3.35493630E+03 1.19908130E-03
 3.39493300E+03 1.17708230E-03
 3.43589480E+03 1.15509990E-03
 3.43595380E+03 1.15511140E-03
 3.45000000E+03 1.14769850E-03
 3.48542270E+03 1.12928110E-03
 3.53639930E+03 1.10345710E-03
 3.55000000E+03 1.09669970E-03
 3.58888920E+03 1.07767880E-03
 3.61572280E+03 1.06480960E-03
 3.62000000E+03 1.06277710E-03
 3.64296070E+03 1.05195500E-03
 3.64302710E+03 1.05697450E-03
 3.64701290E+03 1.05511440E-03
 3.64707940E+03 1.13608000E-03
 3.67132800E+03 1.12523710E-03
 3.69596950E+03 1.11436550E-03
 3.69603780E+03 1.11431170E-03
 3.75000000E+03 1.09101080E-03
 3.85000000E+03 1.04959530E-03
 3.95000000E+03 1.01034780E-03
 4.05085030E+03 9.72823220E-04
 4.15000000E+03 9.37818900E-04
 4.25000000E+03 9.04292420E-04
 4.35000000E+03 8.72442200E-04
 4.48111990E+03 8.33050280E-04
 4.55000000E+03 8.13369110E-04
 4.65000000E+03 7.85962460E-04
 4.75000000E+03 7.59863470E-04
 4.85000000E+03 7.34994930E-04
 4.95000000E+03 7.11284720E-04
 5.01365590E+03 6.96764110E-04
 5.05000000E+03 6.88665490E-04
 5.15000000E+03 6.67074270E-04
 5.25000000E+03 6.46452190E-04
 5.33038740E+03 6.30539880E-04
 5.35000000E+03 6.26744200E-04
 5.45000000E+03 6.07898840E-04
 5.55000000E+03 5.89867960E-04
 5.65000000E+03 5.72606500E-04
 5.68983570E+03 5.65935100E-04
 5.68999760E+03 5.68261830E-04
 5.75000000E+03 5.58454090E-04
 5.85000000E+03 5.42652470E-04
 5.95000000E+03 5.27499180E-04
 6.05000000E+03 5.12959870E-04
 6.15000000E+03 4.99002320E-04
 6.16217930E+03 4.97340640E-04
 6.25000000E+03 4.85596300E-04
 6.35000000E+03 4.72713470E-04
 6.45000000E+03 4.60327260E-04
 6.55000000E+03 4.48412660E-04
 6.65000000E+03 4.36946210E-04
 6.72004620E+03 4.29169450E-04
 6.75000000E+03 4.25905900E-04
 6.85000000E+03 4.15270970E-04
 6.95000000E+03 4.05021950E-04
 7.05000000E+03 3.95140460E-04
 7.15000000E+03 3.85609250E-04
 7.25000000E+03 3.76412010E-04
 7.35000000E+03 3.67533400E-04
 7.38897600E+03 3.64156020E-04
 7.45000000E+03 3.58958950E-04
 7.55000000E+03 3.50674980E-04
 7.65000000E+03 3.42668590E-04
 7.75000000E+03 3.34927560E-04
 7.77599690E+03 3.32957150E-04
 7.85000000E+03 3.27440360E-04
 7.95000000E+03 3.20196100E-04
 8.05000000E+03 3.13184420E-04
 8.15000000E+03 3.06395560E-04
 8.20580150E+03 3.02700660E-04
 8.20613820E+03 3.08098620E-04
 8.25000000E+03 3.05255780E-04
 8.35000000E+03 2.98919060E-04
 8.45000000E+03 2.92776740E-04
 8.55000000E+03 2.86820920E-04
 8.65000000E+03 2.81044140E-04
 8.75000000E+03 2.75439320E-04
 8.85000000E+03 2.69999670E-04
 8.95000000E+03 2.64718800E-04
 9.05000000E+03 2.59590600E-04
 9.15000000E+03 2.54609220E-04
 9.21353280E+03 2.51518160E-04
 9.25000000E+03 2.49769150E-04
 9.35000000E+03 2.45065090E-04
 9.45000000E+03 2.40492020E-04
 9.55000000E+03 2.36045120E-04
 9.65000000E+03 2.31719810E-04
 9.75000000E+03 2.27511730E-04
 9.85000000E+03 2.23416670E-04
 9.95000000E+03 2.19430660E-04
 1.01250000E+04 2.12706110E-04
 1.03750000E+04 2.03620860E-04
 1.05034290E+04 1.99177280E-04
 1.06250000E+04 1.95103130E-04
 1.08750000E+04 1.87106890E-04
 1.11250000E+04 1.79590740E-04
 1.13750000E+04 1.72517290E-04
 1.16250000E+04 1.65852730E-04
 1.18750000E+04 1.59566450E-04
 1.21250000E+04 1.53630610E-04
 1.22132930E+04 1.51613170E-04
 1.23750000E+04 1.48019930E-04
 1.26250000E+04 1.42711350E-04
 1.28750000E+04 1.37683810E-04
 1.31250000E+04 1.32918070E-04
 1.32954860E+04 1.29809150E-04
 1.33750000E+04 1.28396490E-04
 1.36250000E+04 1.24102890E-04
 1.38750000E+04 1.20022410E-04
 1.41250000E+04 1.16141360E-04
 1.44200000E+04 1.11801110E-04
 1.45881050E+04 1.09436860E-04
 1.45882110E+04 1.10054200E-04
 1.46700000E+04 1.08931920E-04
 1.48750000E+04 1.06194410E-04
 1.51250000E+04 1.02995630E-04
 1.53750000E+04 9.99417420E-05
 1.56250000E+04 9.70242420E-05
 1.58750000E+04 9.42352360E-05
 1.60308430E+04 9.25583900E-05
 1.62000000E+04 9.07896220E-05
 1.66000000E+04 8.68081770E-05
 1.70000000E+04 8.30895510E-05
 1.74000000E+04 7.96113490E-05
 1.77902710E+04 7.64302460E-05
 1.78000000E+04 7.63534720E-05
 1.82000000E+04 7.32978310E-05
 1.86000000E+04 7.04281240E-05
 1.90000000E+04 6.77296180E-05
 1.94000000E+04 6.51889780E-05
 1.98000000E+04 6.27941160E-05
 1.99835140E+04 6.17411250E-05
 2.02500000E+04 6.02605140E-05
 2.07500000E+04 5.76283730E-05
 2.12500000E+04 5.51720880E-05
 2.12962490E+04 5.49532100E-05
 2.17500000E+04 5.28761650E-05
 2.22500000E+04 5.07267550E-05
 2.26500000E+04 4.91043400E-05
 2.27935810E+04 4.85417790E-05
 2.27938410E+04 4.86427130E-05
 2.29000000E+04 4.82335140E-05
 2.32500000E+04 4.69221770E-05
 2.37500000E+04 4.51441520E-05
 2.42500000E+04 4.34702150E-05
 2.47500000E+04 4.18922420E-05
 2.52500000E+04 4.04028870E-05
 2.57500000E+04 3.89955090E-05
 2.62500000E+04 3.76640860E-05
 2.67500000E+04 3.64031500E-05
 2.72500000E+04 3.52077300E-05
 2.77500000E+04 3.40732940E-05
 2.82500000E+04 3.29957090E-05
 2.87500000E+04 3.19711960E-05
 2.92500000E+04 3.09962900E-05
 2.97500000E+04 3.00678150E-05
 3.02500000E+04 2.91828530E-05
 3.07500000E+04 2.83387150E-05
 3.12500000E+04 2.75329220E-05
 3.17500000E+04 2.67631820E-05
 3.24000000E+04 2.58129550E-05
 3.34000000E+04 2.44533670E-05
 3.45000000E+04 2.30866860E-05
 3.50017500E+04 2.25039180E-05
 3.55000000E+04 2.19485150E-05
 3.65000000E+04 2.08989990E-05
 3.75000000E+04 1.99291490E-05
 3.85000000E+04 1.90310750E-05
 3.95000000E+04 1.81978250E-05
 4.05000000E+04 1.74232550E-05
 4.15000000E+04 1.67019240E-05
 4.25000000E+04 1.60290010E-05
 4.35000000E+04 1.54001880E-05
 4.45000000E+04 1.48116510E-05
 4.55000000E+04 1.42599620E-05
 4.65000000E+04 1.37420570E-05
 4.75000000E+04 1.32551810E-05
 4.85000000E+04 1.27968570E-05
 5.00000000E+04 1.21580810E-05
 1.20000000E+05 3.17686470E-06
 2.50000000E+05 1.21210870E-06
 5.99999990E+05 4.61990050E-07
 1.00000000E+06 2.85938580E-07
 1.20000000E+07 4.73402280E-08
 2.00000000E+08 1.47390270E-09
 6.00000000E+08 4.75170920E-12
