 Castelli and Kurucz 2004-2012 Atmosphere
 T     38000.     G    5.00000 [+0.2] N(He)/Ntot=0.07828 VTURB=2.0  L/H=1.25 NO
 Wavelength  Eddington Hnu
   (nm)    (ergs/s/cm2/Hz/sr)
  9.0900      2.28740E-26
  9.3500      9.21880E-26
  9.6100      3.43810E-25
  9.7700      7.56960E-25
  9.9600      1.85930E-24
  10.200      5.53400E-24
  10.380      1.21810E-23
  10.560      2.61510E-23
  10.770      6.19040E-23
  11.040      1.79330E-22
  11.400      6.89020E-22
  11.780      2.63290E-21
  12.130      8.45980E-21
  12.480      2.55700E-20
  12.710      5.13020E-20
  12.840      7.52600E-20
  13.050      1.37560E-19
  13.240      2.33980E-19
  13.390      3.52560E-19
  13.660      7.20470E-19
  13.980      1.63370E-18
  14.330      3.83210E-18
  14.720      9.37870E-18
  15.100      2.19860E-17
  15.520      5.31440E-17
  15.880      1.09290E-16
  16.200      2.01370E-16
  16.600      4.23370E-16
  17.030      8.98900E-16
  17.340      1.52030E-15
  17.680      2.65960E-15
  18.020      4.53450E-15
  18.170      5.72540E-15
  18.610      1.10250E-14
  19.100      2.21050E-14
  19.390      3.28890E-14
  19.840      5.95840E-14
  20.180      9.13540E-14
  20.500      1.35240E-13
  21.050      2.58610E-13
  21.620      4.85460E-13
  21.980      7.20710E-13
  22.300      1.00560E-12
  22.680      1.49000E-12
  23.000      5.80350E-10
  23.400      1.53410E-09
  24.000      2.23970E-09
  24.650      3.34450E-09
  25.240      5.35220E-09
  25.680      7.42190E-09
  26.000      1.06060E-08
  26.400      2.15010E-08
  26.850      3.26290E-08
  27.350      4.11500E-08
  27.850      4.42670E-08
  28.400      8.38040E-08
  29.000      1.14670E-07
  29.600      1.35440E-07
  30.100      2.88140E-07
  30.800      1.14660E-06
  31.800      1.31890E-06
  32.800      2.04100E-06
  33.800      3.08810E-06
  34.800      4.34900E-06
  35.700      1.00180E-05
  36.600      2.20540E-05
  37.500      2.78030E-05
  38.500      3.12750E-05
  39.500      5.53430E-05
  40.500      7.82790E-05
  41.400      7.63250E-05
  42.200      8.09540E-05
  43.000      7.88110E-05
  44.100      9.41220E-05
  45.100      1.00790E-04
  46.000      9.00020E-05
  47.000      9.95930E-05
  48.000      1.17740E-04
  49.000      1.01780E-04
  50.000      1.28820E-04
  50.600      1.30690E-04
  51.200      4.64090E-04
  52.000      4.41860E-04
  53.000      4.07910E-04
  54.000      3.72030E-04
  55.000      3.92970E-04
  56.000      5.36580E-04
  57.000      5.98790E-04
  58.000      5.81590E-04
  59.000      6.10970E-04
  60.000      4.93660E-04
  61.000      5.65490E-04
  62.000      7.13450E-04
  63.000      6.96390E-04
  64.000      7.48640E-04
  65.000      7.31390E-04
  65.800      6.24590E-04
  66.500      7.51750E-04
  67.500      8.47300E-04
  68.500      6.92230E-04
  69.500      8.72530E-04
  70.500      7.20440E-04
  71.600      9.49110E-04
  72.600      9.56650E-04
  73.500      9.83010E-04
  74.500      9.30000E-04
  75.500      9.43470E-04
  76.500      9.26780E-04
  77.500      9.85470E-04
  78.500      9.77420E-04
  79.500      1.03530E-03
  80.500      1.02150E-03
  81.500      1.03920E-03
  82.500      1.08610E-03
  83.500      9.23790E-04
  84.500      1.07740E-03
  85.500      1.07040E-03
  86.500      1.12170E-03
  87.500      1.13580E-03
  88.500      1.14870E-03
  89.500      1.16230E-03
  90.500      1.14410E-03
  91.500      9.74560E-04
  92.500      1.78630E-03
  93.500      2.63490E-03
  94.500      3.43960E-03
  95.500      3.90760E-03
  96.500      4.62550E-03
  97.500      2.66270E-03
  98.500      4.11710E-03
  99.500      3.65880E-03
  100.50      3.80380E-03
  101.50      4.03750E-03
  102.50      3.24040E-03
  103.50      4.16330E-03
  104.50      4.61990E-03
  105.50      4.50100E-03
  106.50      4.10240E-03
  107.50      4.24680E-03
  108.50      3.89250E-03
  109.50      4.22360E-03
  110.50      4.09230E-03
  111.50      4.11230E-03
  112.50      3.69180E-03
  113.50      4.07010E-03
  114.50      4.04820E-03
  115.50      3.82270E-03
  116.50      3.69160E-03
  117.50      2.86850E-03
  118.50      3.52720E-03
  119.50      3.44040E-03
  120.50      3.38710E-03
  121.50      2.66700E-03
  122.50      3.28540E-03
  123.50      3.49630E-03
  124.50      3.46050E-03
  125.50      3.48590E-03
  126.50      3.59710E-03
  127.50      3.72150E-03
  128.50      3.75260E-03
  129.50      3.64460E-03
  130.50      3.62290E-03
  131.50      3.77500E-03
  132.50      3.71400E-03
  133.50      3.66770E-03
  134.50      3.68260E-03
  135.50      3.60410E-03
  136.50      3.53200E-03
  137.50      3.45910E-03
  138.50      3.41580E-03
  139.50      3.11130E-03
  140.50      3.06790E-03
  141.50      3.42450E-03
  142.50      3.10660E-03
  143.50      3.33190E-03
  144.20      3.26610E-03
  144.70      3.27920E-03
  145.50      3.16580E-03
  146.50      3.16710E-03
  147.50      3.18310E-03
  148.50      3.23840E-03
  149.50      3.16720E-03
  150.50      3.16580E-03
  151.20      3.15410E-03
  151.70      3.15740E-03
  152.50      3.08940E-03
  153.50      2.79020E-03
  154.50      2.34190E-03
  155.50      2.41430E-03
  156.50      2.70450E-03
  157.50      2.82690E-03
  158.50      2.84770E-03
  159.50      2.87700E-03
  160.50      2.73690E-03
  161.50      2.65060E-03
  162.50      2.73330E-03
  163.50      2.73880E-03
  164.50      2.71790E-03
  165.50      2.80630E-03
  166.50      2.77710E-03
  167.20      2.60320E-03
  167.70      2.96520E-03
  168.50      2.87680E-03
  169.50      2.82900E-03
  170.50      2.80600E-03
  171.50      2.71820E-03
  172.50      2.65180E-03
  173.50      2.76120E-03
  174.50      2.76270E-03
  175.50      2.72680E-03
  176.50      2.71350E-03
  177.50      2.65680E-03
  178.50      2.71010E-03
  179.50      2.65620E-03
  180.50      2.65550E-03
  181.50      2.63150E-03
  182.50      2.59380E-03
  183.50      2.61690E-03
  184.50      2.57740E-03
  185.50      2.59760E-03
  186.50      2.60250E-03
  187.50      2.55110E-03
  188.50      2.50260E-03
  189.50      2.52440E-03
  190.50      2.54880E-03
  191.50      2.51840E-03
  192.50      2.39850E-03
  193.50      2.51600E-03
  194.50      2.53050E-03
  195.50      2.38520E-03
  196.70      2.46970E-03
  197.60      2.48450E-03
  198.40      2.46520E-03
  199.50      2.42390E-03
  200.50      2.46490E-03
  201.50      2.45500E-03
  202.50      2.44480E-03
  203.50      2.40610E-03
  204.50      2.38480E-03
  205.50      1.83290E-03
  206.50      1.76450E-03
  207.40      1.80820E-03
  207.80      1.82380E-03
  208.50      1.92510E-03
  209.50      2.10770E-03
  210.50      2.26850E-03
  211.50      2.31670E-03
  212.50      2.27880E-03
  213.50      2.28400E-03
  214.50      2.26810E-03
  215.50      2.27860E-03
  216.50      2.17390E-03
  217.50      2.26910E-03
  218.50      2.18110E-03
  219.50      2.26050E-03
  220.50      2.24670E-03
  221.50      2.14020E-03
  222.50      2.21460E-03
  223.50      2.20450E-03
  224.50      2.17660E-03
  225.50      2.09050E-03
  226.50      2.15970E-03
  227.50      2.15650E-03
  228.50      2.11390E-03
  229.50      2.00530E-03
  230.50      2.02030E-03
  231.50      2.06710E-03
  232.50      2.07650E-03
  233.50      2.06410E-03
  234.50      2.04320E-03
  235.50      2.01530E-03
  236.50      1.99880E-03
  237.50      1.96930E-03
  238.50      1.87130E-03
  239.50      1.93020E-03
  240.50      1.93950E-03
  241.50      1.93520E-03
  242.50      1.94010E-03
  243.50      1.92100E-03
  244.50      1.91270E-03
  245.50      1.89640E-03
  246.50      1.89050E-03
  247.50      1.88440E-03
  248.50      1.85150E-03
  249.50      1.55700E-03
  250.50      1.81020E-03
  251.30      1.69780E-03
  251.80      1.77260E-03
  252.50      1.81320E-03
  253.50      1.81710E-03
  254.50      1.80350E-03
  255.50      1.78980E-03
  256.50      1.78140E-03
  257.50      1.77120E-03
  258.50      1.76250E-03
  259.50      1.73560E-03
  260.50      1.74520E-03
  261.50      1.72220E-03
  262.50      1.72540E-03
  263.50      1.71960E-03
  264.50      1.70180E-03
  265.50      1.69770E-03
  266.50      1.67960E-03
  267.50      1.64630E-03
  268.50      1.66200E-03
  269.50      1.64410E-03
  270.50      1.64710E-03
  271.50      1.63090E-03
  272.50      1.62250E-03
  273.50      1.56910E-03
  274.50      1.61380E-03
  275.50      1.60260E-03
  276.50      1.58890E-03
  277.50      1.58860E-03
  278.50      1.57200E-03
  279.50      1.53970E-03
  280.50      1.55230E-03
  281.50      1.55170E-03
  282.50      1.53970E-03
  283.50      1.52870E-03
  284.50      1.53020E-03
  285.50      1.51930E-03
  286.50      1.50210E-03
  287.50      1.49840E-03
  288.50      1.49260E-03
  289.50      1.48200E-03
  291.00      1.46530E-03
  293.00      1.45870E-03
  295.00      1.43810E-03
  297.00      1.42220E-03
  299.00      1.39800E-03
  301.00      1.38100E-03
  303.00      1.36000E-03
  305.00      1.35550E-03
  307.00      1.34530E-03
  309.00      1.33050E-03
  311.00      1.32280E-03
  313.00      1.30610E-03
  315.00      1.29750E-03
  317.00      1.28200E-03
  319.00      1.27020E-03
  321.00      1.23970E-03
  323.00      1.24660E-03
  325.00      1.23800E-03
  327.00      1.21340E-03
  329.00      1.20970E-03
  331.00      1.19620E-03
  333.00      1.18340E-03
  335.00      1.16470E-03
  337.00      1.15820E-03
  339.00      1.15300E-03
  341.00      1.14120E-03
  343.00      1.13280E-03
  345.00      1.11450E-03
  347.00      1.11030E-03
  349.00      1.10120E-03
  351.00      1.09220E-03
  353.00      1.08170E-03
  355.00      1.07090E-03
  357.00      1.06340E-03
  359.00      1.05040E-03
  361.00      1.03880E-03
  363.00      1.03000E-03
  364.00      1.01580E-03
  365.00      9.43750E-04
  367.00      9.37400E-04
  369.00      9.29790E-04
  371.00      9.15280E-04
  373.00      9.19590E-04
  375.00      9.22390E-04
  377.00      9.18110E-04
  379.00      9.43970E-04
  381.00      9.69600E-04
  383.00      9.03220E-04
  385.00      9.79760E-04
  387.00      9.75730E-04
  389.00      8.67250E-04
  391.00      9.82130E-04
  393.00      9.70230E-04
  395.00      9.54660E-04
  397.00      8.31240E-04
  399.00      9.46600E-04
  401.00      9.43080E-04
  403.00      9.13420E-04
  405.00      9.33530E-04
  407.00      9.12380E-04
  409.00      8.64530E-04
  411.00      8.05530E-04
  413.00      8.90300E-04
  415.00      8.87280E-04
  417.00      8.88350E-04
  419.00      8.76540E-04
  421.00      8.62730E-04
  423.00      8.69820E-04
  425.00      8.57900E-04
  427.00      8.49130E-04
  429.00      8.42460E-04
  431.00      8.28620E-04
  433.00      7.80920E-04
  435.00      7.40450E-04
  437.00      8.11030E-04
  439.00      7.98110E-04
  441.00      7.98300E-04
  443.00      7.97960E-04
  445.00      7.90950E-04
  447.00      7.69500E-04
  449.00      7.79410E-04
  451.00      7.67300E-04
  453.00      7.63560E-04
  455.00      7.46430E-04
  457.00      7.56180E-04
  459.00      7.47980E-04
  461.00      7.42880E-04
  463.00      7.31560E-04
  465.00      7.04610E-04
  467.00      7.22360E-04
  469.00      7.01810E-04
  471.00      7.11260E-04
  473.00      7.16330E-04
  475.00      7.10760E-04
  477.00      7.06350E-04
  479.00      7.00840E-04
  481.00      6.94660E-04
  483.00      6.86420E-04
  485.00      6.53590E-04
  487.00      6.06460E-04
  489.00      6.69570E-04
  491.00      6.67370E-04
  493.00      6.55710E-04
  495.00      6.58440E-04
  497.00      6.56380E-04
  499.00      6.51770E-04
  501.00      6.39520E-04
  503.00      6.40410E-04
  505.00      6.35420E-04
  507.00      6.33310E-04
  509.00      6.28770E-04
  511.00      6.24300E-04
  513.00      6.19570E-04
  515.00      6.15270E-04
  517.00      6.10840E-04
  519.00      6.06920E-04
  521.00      6.02930E-04
  523.00      5.98980E-04
  525.00      5.93110E-04
  527.00      5.88990E-04
  529.00      5.86750E-04
  531.00      5.82630E-04
  533.00      5.78730E-04
  535.00      5.74930E-04
  537.00      5.71050E-04
  539.00      5.67020E-04
  541.00      5.52370E-04
  543.00      5.59470E-04
  545.00      5.56000E-04
  547.00      5.52200E-04
  549.00      5.48630E-04
  551.00      5.44540E-04
  553.00      5.41370E-04
  555.00      5.38040E-04
  557.00      5.34230E-04
  559.00      5.29310E-04
  561.00      5.27640E-04
  563.00      5.24240E-04
  565.00      5.20770E-04
  567.00      5.17120E-04
  569.00      5.06340E-04
  571.00      4.87410E-04
  573.00      4.84650E-04
  575.00      4.81500E-04
  577.00      4.79120E-04
  579.00      4.76240E-04
  581.00      4.71810E-04
  583.00      4.69950E-04
  585.00      4.69010E-04
  587.00      4.59300E-04
  589.00      4.65060E-04
  591.00      4.64380E-04
  593.00      4.63300E-04
  595.00      4.62480E-04
  597.00      4.62180E-04
  599.00      4.61410E-04
  601.00      4.60820E-04
  603.00      4.59430E-04
  605.00      4.58570E-04
  607.00      4.56350E-04
  609.00      4.54170E-04
  611.00      4.51210E-04
  613.00      4.48880E-04
  615.00      4.45870E-04
  617.00      4.43080E-04
  619.00      4.41220E-04
  621.00      4.38760E-04
  623.00      4.35590E-04
  625.00      4.33300E-04
  627.00      4.30980E-04
  629.00      4.28560E-04
  631.00      4.24950E-04
  633.00      4.23510E-04
  635.00      4.20930E-04
  637.00      4.18750E-04
  639.00      4.16190E-04
  641.00      4.12550E-04
  643.00      4.11590E-04
  645.00      4.08850E-04
  647.00      4.06220E-04
  649.00      4.04140E-04
  651.00      4.01090E-04
  653.00      3.96460E-04
  655.00      3.86760E-04
  657.00      3.54930E-04
  659.00      3.90190E-04
  661.00      3.90600E-04
  663.00      3.88920E-04
  665.00      3.86740E-04
  667.00      3.80570E-04
  669.00      3.77180E-04
  671.00      3.79410E-04
  673.00      3.77400E-04
  675.00      3.75520E-04
  677.00      3.74090E-04
  679.00      3.71970E-04
  681.00      3.70200E-04
  683.00      3.68160E-04
  685.00      3.66110E-04
  687.00      3.63930E-04
  689.00      3.59000E-04
  691.00      3.59690E-04
  693.00      3.58440E-04
  695.00      3.56500E-04
  697.00      3.54630E-04
  699.00      3.52690E-04
  701.00      3.50540E-04
  703.00      3.48100E-04
  705.00      3.46700E-04
  707.00      3.41590E-04
  709.00      3.43540E-04
  711.00      3.41660E-04
  713.00      3.39880E-04
  715.00      3.38220E-04
  717.00      3.34390E-04
  719.00      3.33350E-04
  721.00      3.33000E-04
  723.00      3.30580E-04
  725.00      3.29470E-04
  727.00      3.27900E-04
  729.00      3.24660E-04
  731.00      3.24370E-04
  733.00      3.22890E-04
  735.00      3.21260E-04
  737.00      3.19570E-04
  739.00      3.18040E-04
  741.00      3.16370E-04
  743.00      3.14860E-04
  745.00      3.13050E-04
  747.00      3.11500E-04
  749.00      3.09050E-04
  751.00      3.08510E-04
  753.00      3.07030E-04
  755.00      3.05530E-04
  757.00      3.03960E-04
  759.00      2.98900E-04
  761.00      3.00410E-04
  763.00      2.99410E-04
  765.00      2.98020E-04
  767.00      2.96660E-04
  769.00      2.94470E-04
  771.00      2.93440E-04
  773.00      2.91450E-04
  775.00      2.90860E-04
  777.00      2.89600E-04
  779.00      2.88180E-04
  781.00      2.86780E-04
  783.00      2.85420E-04
  785.00      2.83740E-04
  787.00      2.82440E-04
  789.00      2.81210E-04
  791.00      2.80130E-04
  793.00      2.78800E-04
  795.00      2.77550E-04
  797.00      2.76020E-04
  799.00      2.74880E-04
  801.00      2.73620E-04
  803.00      2.72110E-04
  805.00      2.71120E-04
  807.00      2.69840E-04
  809.00      2.68550E-04
  811.00      2.67010E-04
  813.00      2.66120E-04
  815.00      2.64800E-04
  817.00      2.63500E-04
  819.00      2.61460E-04
  821.00      2.54680E-04
  823.00      2.52030E-04
  825.00      2.52130E-04
  827.00      2.51000E-04
  829.00      2.50390E-04
  831.00      2.49470E-04
  833.00      2.47770E-04
  835.00      2.46370E-04
  837.00      2.45930E-04
  839.00      2.45190E-04
  841.00      2.44090E-04
  843.00      2.43110E-04
  845.00      2.41600E-04
  847.00      2.41130E-04
  849.00      2.40070E-04
  851.00      2.38480E-04
  853.00      2.38170E-04
  855.00      2.37230E-04
  857.00      2.36670E-04
  859.00      2.34500E-04
  861.00      2.34460E-04
  863.00      2.34660E-04
  865.00      2.32650E-04
  867.00      2.30140E-04
  869.00      2.32250E-04
  871.00      2.32210E-04
  873.00      2.29720E-04
  875.00      2.24310E-04
  877.00      2.27170E-04
  879.00      2.29580E-04
  881.00      2.29490E-04
  883.00      2.27930E-04
  885.00      2.21530E-04
  887.00      2.15840E-04
  889.00      2.24110E-04
  891.00      2.25600E-04
  893.00      2.25190E-04
  895.00      2.24410E-04
  897.00      2.23230E-04
  899.00      2.19200E-04
  901.00      2.07080E-04
  903.00      2.11210E-04
  905.00      2.18170E-04
  907.00      2.17820E-04
  909.00      2.18180E-04
  911.00      2.17730E-04
  913.00      2.17100E-04
  915.00      2.16080E-04
  917.00      2.14580E-04
  919.00      2.12860E-04
  921.00      2.06570E-04
  923.00      1.92840E-04
  925.00      2.04510E-04
  927.00      2.09120E-04
  929.00      2.09420E-04
  931.00      2.08650E-04
  933.00      2.08050E-04
  935.00      2.03880E-04
  937.00      2.06190E-04
  939.00      2.05920E-04
  941.00      2.04870E-04
  943.00      2.04160E-04
  945.00      2.03370E-04
  947.00      2.01790E-04
  949.00      2.01080E-04
  951.00      1.98200E-04
  953.00      1.91860E-04
  955.00      1.78780E-04
  957.00      1.92760E-04
  959.00      1.96290E-04
  961.00      1.96240E-04
  963.00      1.95440E-04
  965.00      1.95530E-04
  967.00      1.94850E-04
  969.00      1.94000E-04
  971.00      1.90100E-04
  973.00      1.92050E-04
  975.00      1.91720E-04
  977.00      1.90670E-04
  979.00      1.90270E-04
  981.00      1.89530E-04
  983.00      1.88770E-04
  985.00      1.88050E-04
  987.00      1.87320E-04
  989.00      1.86490E-04
  991.00      1.85550E-04
  993.00      1.85200E-04
  995.00      1.84490E-04
  997.00      1.83610E-04
  999.00      1.82490E-04
  1002.5      1.75400E-04
  1007.5      1.71790E-04
  1012.5      1.75460E-04
  1017.5      1.76760E-04
  1022.5      1.75050E-04
  1027.5      1.73420E-04
  1032.5      1.71360E-04
  1037.5      1.70290E-04
  1042.5      1.68430E-04
  1047.5      1.67200E-04
  1052.5      1.65660E-04
  1057.5      1.64170E-04
  1062.5      1.62690E-04
  1067.5      1.61110E-04
  1072.5      1.59800E-04
  1077.5      1.58370E-04
  1082.5      1.55860E-04
  1087.5      1.54960E-04
  1092.5      1.44330E-04
  1097.5      1.49570E-04
  1102.5      1.50930E-04
  1107.5      1.50150E-04
  1112.5      1.48920E-04
  1117.5      1.47680E-04
  1122.5      1.46370E-04
  1127.5      1.45150E-04
  1132.5      1.43880E-04
  1137.5      1.42690E-04
  1142.5      1.41500E-04
  1147.5      1.40320E-04
  1152.5      1.39160E-04
  1157.5      1.37970E-04
  1162.5      1.35790E-04
  1167.5      1.35170E-04
  1172.5      1.34620E-04
  1177.5      1.33520E-04
  1182.5      1.32380E-04
  1187.5      1.31340E-04
  1192.5      1.30280E-04
  1197.5      1.28120E-04
  1202.5      1.28220E-04
  1207.5      1.27160E-04
  1212.5      1.26100E-04
  1217.5      1.25180E-04
  1222.5      1.24190E-04
  1227.5      1.23220E-04
  1232.5      1.22250E-04
  1237.5      1.21300E-04
  1242.5      1.20360E-04
  1247.5      1.19420E-04
  1252.5      1.18350E-04
  1257.5      1.17560E-04
  1262.5      1.16690E-04
  1267.5      1.15810E-04
  1272.5      1.14820E-04
  1277.5      1.12300E-04
  1282.5      1.05600E-04
  1287.5      1.11560E-04
  1292.5      1.11470E-04
  1297.5      1.10250E-04
  1302.5      1.09820E-04
  1307.5      1.09040E-04
  1312.5      1.08240E-04
  1317.5      1.07440E-04
  1322.5      1.06660E-04
  1327.5      1.05880E-04
  1332.5      1.05100E-04
  1337.5      1.04340E-04
  1342.5      1.03550E-04
  1347.5      1.02840E-04
  1352.5      1.02100E-04
  1357.5      1.01390E-04
  1362.5      1.00640E-04
  1367.5      9.99510E-05
  1372.5      9.91970E-05
  1377.5      9.85480E-05
  1382.5      9.78570E-05
  1387.5      9.71720E-05
  1392.5      9.64720E-05
  1397.5      9.58240E-05
  1402.5      9.51390E-05
  1407.5      9.45070E-05
  1412.5      9.38510E-05
  1417.5      9.32070E-05
  1422.5      9.25780E-05
  1427.5      9.19440E-05
  1432.5      9.13210E-05
  1437.5      9.07030E-05
  1442.5      9.00970E-05
  1447.5      8.94930E-05
  1452.5      8.88930E-05
  1457.0      8.83580E-05
  1462.0      8.77710E-05
  1467.5      8.71340E-05
  1472.5      8.65360E-05
  1477.5      8.55050E-05
  1482.5      8.54270E-05
  1487.5      8.48780E-05
  1492.5      8.43280E-05
  1497.5      8.37820E-05
  1502.5      8.32370E-05
  1507.5      8.26240E-05
  1512.5      8.21760E-05
  1517.5      8.16510E-05
  1522.5      8.11310E-05
  1527.5      8.06110E-05
  1532.5      8.00970E-05
  1537.5      7.95940E-05
  1542.5      7.90750E-05
  1547.5      7.85930E-05
  1552.5      7.80920E-05
  1557.5      7.75670E-05
  1562.5      7.71400E-05
  1567.5      7.65860E-05
  1572.5      7.60780E-05
  1577.5      7.57290E-05
  1582.5      7.52310E-05
  1587.5      7.45060E-05
  1592.5      7.42360E-05
  1597.5      7.39290E-05
  1605.0      7.31180E-05
  1615.0      7.20180E-05
  1625.0      7.15750E-05
  1635.0      7.03970E-05
  1645.0      6.91910E-05
  1655.0      6.91690E-05
  1665.0      6.83760E-05
  1675.0      6.69710E-05
  1685.0      6.56750E-05
  1695.0      6.59870E-05
  1705.0      6.50090E-05
  1715.0      6.45500E-05
  1725.0      6.36970E-05
  1735.0      6.13860E-05
  1745.0      6.20570E-05
  1755.0      6.16930E-05
  1765.0      6.10100E-05
  1775.0      6.03330E-05
  1785.0      5.96680E-05
  1795.0      5.90230E-05
  1805.0      5.83050E-05
  1815.0      5.59960E-05
  1825.0      5.66250E-05
  1835.0      5.65200E-05
  1845.0      5.59190E-05
  1855.0      5.52950E-05
  1865.0      5.39980E-05
  1875.0      5.20620E-05
  1885.0      5.35280E-05
  1895.0      5.30480E-05
  1905.0      5.23640E-05
  1915.0      5.19670E-05
  1925.0      5.14420E-05
  1935.0      5.07400E-05
  1945.0      4.84220E-05
  1955.0      4.96850E-05
  1965.0      4.94000E-05
  1975.0      4.89090E-05
  1985.0      4.84220E-05
  1995.0      4.79440E-05
  2005.0      4.74770E-05
  2015.0      4.70140E-05
  2025.0      4.65570E-05
  2035.0      4.61070E-05
  2045.0      4.56570E-05
  2055.0      4.51780E-05
  2065.0      4.47960E-05
  2075.0      4.43670E-05
  2085.0      4.39510E-05
  2095.0      4.35380E-05
  2105.0      4.31300E-05
  2115.0      4.26300E-05
  2125.0      4.23340E-05
  2135.0      4.19420E-05
  2145.0      4.15510E-05
  2155.0      4.10580E-05
  2165.0      3.90450E-05
  2175.0      4.02040E-05
  2185.0      4.00530E-05
  2195.0      3.97080E-05
  2205.0      3.93540E-05
  2215.0      3.90030E-05
  2225.0      3.86550E-05
  2235.0      3.83170E-05
  2245.0      3.79800E-05
  2255.0      3.76470E-05
  2265.0      3.73200E-05
  2275.0      3.69960E-05
  2285.0      3.67430E-05
  2295.0      3.64290E-05
  2305.0      3.61080E-05
  2315.0      3.58060E-05
  2325.0      3.55050E-05
  2335.0      3.52040E-05
  2345.0      3.49070E-05
  2355.0      3.46120E-05
  2365.0      3.43250E-05
  2375.0      3.40370E-05
  2385.0      3.37570E-05
  2395.0      3.34770E-05
  2405.0      3.32010E-05
  2415.0      3.29290E-05
  2425.0      3.26500E-05
  2435.0      3.23980E-05
  2445.0      3.21360E-05
  2455.0      3.18770E-05
  2465.0      3.16190E-05
  2475.0      3.13180E-05
  2485.0      3.11180E-05
  2495.0      3.08470E-05
  2505.0      3.06270E-05
  2515.0      3.03860E-05
  2525.0      3.00870E-05
  2535.0      2.99010E-05
  2545.0      2.96800E-05
  2555.0      2.94250E-05
  2565.0      2.91340E-05
  2575.0      2.89800E-05
  2585.0      2.87750E-05
  2595.0      2.85530E-05
  2605.0      2.82440E-05
  2615.0      2.78520E-05
  2625.0      2.66080E-05
  2635.0      2.75130E-05
  2645.0      2.74760E-05
  2655.0      2.72720E-05
  2665.0      2.70150E-05
  2675.0      2.66770E-05
  2685.0      2.66070E-05
  2695.0      2.64900E-05
  2705.0      2.62960E-05
  2715.0      2.61040E-05
  2725.0      2.59140E-05
  2735.0      2.57250E-05
  2745.0      2.54890E-05
  2755.0      2.50650E-05
  2765.0      2.50050E-05
  2775.0      2.49780E-05
  2785.0      2.48150E-05
  2795.0      2.46390E-05
  2805.0      2.44650E-05
  2815.0      2.42920E-05
  2825.0      2.41220E-05
  2835.0      2.39530E-05
  2845.0      2.37850E-05
  2855.0      2.35960E-05
  2865.0      2.32890E-05
  2875.0      2.28610E-05
  2885.0      2.30550E-05
  2895.0      2.29750E-05
  2905.0      2.28180E-05
  2915.0      2.26630E-05
  2925.0      2.25090E-05
  2935.0      2.23560E-05
  2945.0      2.22050E-05
  2955.0      2.20560E-05
  2965.0      2.19080E-05
  2975.0      2.17620E-05
  2985.0      2.16170E-05
  2995.0      2.14730E-05
  3005.0      2.13310E-05
  3015.0      2.11890E-05
  3025.0      2.09960E-05
  3035.0      2.04740E-05
  3045.0      2.04810E-05
  3055.0      2.06060E-05
  3065.0      2.05060E-05
  3075.0      2.03730E-05
  3085.0      2.02410E-05
  3095.0      2.01130E-05
  3105.0      1.99840E-05
  3115.0      1.98570E-05
  3125.0      1.97300E-05
  3135.0      1.96050E-05
  3145.0      1.94810E-05
  3155.0      1.93580E-05
  3165.0      1.92360E-05
  3175.0      1.91160E-05
  3185.0      1.89960E-05
  3195.0      1.88780E-05
  3210.0      1.87020E-05
  3230.0      1.84720E-05
  3250.0      1.82460E-05
  3270.0      1.80170E-05
  3290.0      1.74210E-05
  3310.0      1.74800E-05
  3330.0      1.73890E-05
  3350.0      1.71900E-05
  3370.0      1.69870E-05
  3390.0      1.67880E-05
  3410.0      1.65910E-05
  3430.0      1.63990E-05
  3450.0      1.62090E-05
  3470.0      1.60230E-05
  3490.0      1.58400E-05
  3510.0      1.56600E-05
  3530.0      1.54840E-05
  3550.0      1.53100E-05
  3570.0      1.51390E-05
  3590.0      1.49710E-05
  3610.0      1.48050E-05
  3630.0      1.46430E-05
  3650.0      1.44830E-05
  3670.0      1.43250E-05
  3690.0      1.41700E-05
  3710.0      1.39980E-05
  3730.0      1.36740E-05
  3750.0      1.34620E-05
  3770.0      1.35660E-05
  3790.0      1.34320E-05
  3810.0      1.32900E-05
  3830.0      1.31520E-05
  3850.0      1.30160E-05
  3870.0      1.28820E-05
  3890.0      1.27490E-05
  3910.0      1.26020E-05
  3930.0      1.24910E-05
  3950.0      1.23650E-05
  3970.0      1.22400E-05
  3990.0      1.21170E-05
  4010.0      1.19750E-05
  4030.0      1.18210E-05
  4050.0      1.14440E-05
  4070.0      1.16320E-05
  4090.0      1.15310E-05
  4110.0      1.14190E-05
  4130.0      1.13020E-05
  4150.0      1.11920E-05
  4170.0      1.10290E-05
  4190.0      1.09760E-05
  4210.0      1.08810E-05
  4230.0      1.07790E-05
  4250.0      1.06740E-05
  4270.0      1.05770E-05
  4290.0      1.04690E-05
  4310.0      1.03810E-05
  4330.0      1.02850E-05
  4350.0      1.01860E-05
  4370.0      1.00120E-05
  4390.0      9.96550E-06
  4410.0      9.91390E-06
  4430.0      9.82440E-06
  4450.0      9.73600E-06
  4470.0      9.65370E-06
  4490.0      9.56750E-06
  4510.0      9.48240E-06
  4530.0      9.39860E-06
  4550.0      9.31580E-06
  4570.0      9.23410E-06
  4590.0      9.15350E-06
  4610.0      9.07220E-06
  4630.0      8.97650E-06
  4650.0      8.61490E-06
  4670.0      8.68180E-06
  4690.0      8.72210E-06
  4710.0      8.69080E-06
  4730.0      8.61720E-06
  4750.0      8.54440E-06
  4770.0      8.47260E-06
  4790.0      8.40170E-06
  4810.0      8.33160E-06
  4830.0      8.26240E-06
  4850.0      8.19400E-06
  4870.0      8.12650E-06
  4890.0      8.05970E-06
  4910.0      7.99380E-06
  4930.0      7.92870E-06
  4950.0      7.86440E-06
  4970.0      7.80080E-06
  4990.0      7.73810E-06
  5010.0      7.67600E-06
  5030.0      7.61470E-06
  5050.0      7.55410E-06
  5070.0      7.49420E-06
  5090.0      7.43490E-06
  5110.0      7.34490E-06
  5130.0      7.16420E-06
  5150.0      7.23880E-06
  5170.0      7.20510E-06
  5190.0      7.14940E-06
  5210.0      7.09420E-06
  5230.0      7.03970E-06
  5250.0      6.98580E-06
  5270.0      6.93250E-06
  5290.0      6.87980E-06
  5310.0      6.82770E-06
  5330.0      6.77620E-06
  5350.0      6.72520E-06
  5370.0      6.67480E-06
  5390.0      6.62500E-06
  5410.0      6.57570E-06
  5430.0      6.52700E-06
  5450.0      6.47890E-06
  5470.0      6.43120E-06
  5490.0      6.38400E-06
  5510.0      6.33730E-06
  5530.0      6.29120E-06
  5550.0      6.24560E-06
  5570.0      6.20050E-06
  5590.0      6.15590E-06
  5610.0      6.11170E-06
  5630.0      6.06800E-06
  5650.0      6.02480E-06
  5670.0      5.98190E-06
  5690.0      5.93960E-06
  5710.0      5.89280E-06
  5730.0      5.85620E-06
  5750.0      5.81530E-06
  5770.0      5.77470E-06
  5790.0      5.73450E-06
  5810.0      5.69480E-06
  5830.0      5.65540E-06
  5850.0      5.61820E-06
  5870.0      5.57860E-06
  5890.0      5.51010E-06
  5910.0      5.34340E-06
  5930.0      5.44150E-06
  5950.0      5.40790E-06
  5970.0      5.38070E-06
  5990.0      5.35630E-06
  6010.0      5.32040E-06
  6030.0      5.28480E-06
  6050.0      5.24960E-06
  6070.0      5.21480E-06
  6090.0      5.18020E-06
  6110.0      5.14610E-06
  6130.0      5.11220E-06
  6150.0      5.07870E-06
  6170.0      5.04550E-06
  6190.0      5.01260E-06
  6210.0      4.98000E-06
  6230.0      4.94780E-06
  6250.0      4.91580E-06
  6270.0      4.87680E-06
  6290.0      4.82140E-06
  6310.0      4.81050E-06
  6330.0      4.79110E-06
  6350.0      4.76070E-06
  6370.0      4.73050E-06
  6390.0      4.70070E-06
  6420.0      4.65640E-06
  6460.0      4.59830E-06
  6500.0      4.54130E-06
  6540.0      4.48530E-06
  6580.0      4.43040E-06
  6620.0      4.37640E-06
  6660.0      4.32350E-06
  6700.0      4.27140E-06
  6740.0      4.21370E-06
  6780.0      4.13830E-06
  6820.0      4.12040E-06
  6860.0      4.07230E-06
  6900.0      4.02470E-06
  6940.0      3.97790E-06
  6980.0      3.93200E-06
  7020.0      3.88680E-06
  7060.0      3.84240E-06
  7100.0      3.79870E-06
  7140.0      3.75570E-06
  7180.0      3.71350E-06
  7220.0      3.67200E-06
  7260.0      3.63120E-06
  7300.0      3.59100E-06
  7340.0      3.55150E-06
  7380.0      3.51260E-06
  7420.0      3.46760E-06
  7460.0      3.34510E-06
  7500.0      3.29760E-06
  7540.0      3.34920E-06
  7580.0      3.32750E-06
  7620.0      3.29220E-06
  7660.0      3.25750E-06
  7700.0      3.22340E-06
  7740.0      3.18970E-06
  7780.0      3.15650E-06
  7820.0      3.12400E-06
  7860.0      3.09190E-06
  7900.0      3.06020E-06
  7940.0      3.02910E-06
  7980.0      2.99840E-06
  8020.0      2.96820E-06
  8060.0      2.93840E-06
  8100.0      2.90910E-06
  8140.0      2.87840E-06
  8180.0      2.85170E-06
  8220.0      2.82370E-06
  8260.0      2.79600E-06
  8300.0      2.76880E-06
  8340.0      2.74190E-06
  8380.0      2.71550E-06
  8420.0      2.68940E-06
  8460.0      2.66370E-06
  8500.0      2.63830E-06
  8540.0      2.61330E-06
  8580.0      2.58870E-06
  8620.0      2.56430E-06
  8660.0      2.53290E-06
  8700.0      2.51460E-06
  8740.0      2.46680E-06
  8780.0      2.44410E-06
  8820.0      2.44780E-06
  8860.0      2.42550E-06
  8900.0      2.40340E-06
  8940.0      2.38170E-06
  8980.0      2.36020E-06
  9020.0      2.33900E-06
  9060.0      2.31810E-06
  9100.0      2.29750E-06
  9140.0      2.27710E-06
  9180.0      2.25700E-06
  9220.0      2.23720E-06
  9260.0      2.21760E-06
  9300.0      2.19830E-06
  9340.0      2.17920E-06
  9380.0      2.14880E-06
  9420.0      2.13710E-06
  9460.0      2.12340E-06
  9500.0      2.10530E-06
  9540.0      2.08750E-06
  9580.0      2.06980E-06
  9620.0      2.05240E-06
  9660.0      2.03520E-06
  9700.0      2.01810E-06
  9740.0      2.00140E-06
  9780.0      1.98480E-06
  9820.0      1.96840E-06
  9860.0      1.95220E-06
  9900.0      1.93620E-06
  9940.0      1.92040E-06
  9980.0      1.90480E-06
  10020.      1.88940E-06
  20000.      4.61960E-07
  40000.      1.11830E-07
  60000.      4.87110E-08
  80000.      2.69980E-08
 1.00000E+05  1.70810E-08
 1.20000E+05  1.17520E-08
 1.40000E+05  8.56650E-09
 1.60000E+05  6.51490E-09
