 Castelli and Kurucz 2004-2012 Atmosphere
 T     32000.     G    5.00000 [+0.2] N(He)/Ntot=0.07828 VTURB=2.0  L/H=1.25 NO
 Wavelength  Eddington Hnu
   (nm)    (ergs/s/cm2/Hz/sr)
  9.0900      4.39910E-33
  9.3500      2.64040E-32
  9.6100      1.44530E-31
  9.7700      3.94350E-31
  9.9600      1.24810E-30
  10.200      5.04850E-30
  10.380      1.38550E-29
  10.560      3.68160E-29
  10.770      1.10760E-28
  11.040      4.31020E-28
  11.400      2.40350E-27
  11.780      1.33030E-26
  12.130      5.89290E-26
  12.480      2.41690E-25
  12.710      5.87740E-25
  12.840      9.58670E-25
  13.050      2.07210E-24
  13.240      4.08720E-24
  13.390      6.89770E-24
  13.660      1.72480E-23
  13.980      4.90170E-23
  14.330      1.46220E-22
  14.720      4.66950E-22
  15.100      1.37210E-21
  15.520      4.26510E-21
  15.880      1.07890E-20
  16.200      2.38610E-20
  16.600      6.18150E-20
  17.030      1.63580E-19
  17.340      3.22000E-19
  17.680      6.57970E-19
  18.020      1.31030E-18
  18.170      1.76340E-18
  18.610      4.10020E-18
  19.100      1.00530E-17
  19.390      1.67390E-17
  19.840      3.59160E-17
  20.180      6.25670E-17
  20.500      1.03790E-16
  21.050      2.39750E-16
  21.620      5.45740E-16
  21.980      9.00780E-16
  22.300      1.38670E-15
  22.680      2.32440E-15
  23.000      3.74200E-13
  23.400      8.35660E-13
  24.000      1.49350E-12
  24.650      2.80340E-12
  25.240      4.91140E-12
  25.680      7.07240E-12
  26.000      1.14130E-11
  26.400      1.71700E-11
  26.850      2.61230E-11
  27.350      3.85380E-11
  27.850      5.39320E-11
  28.400      1.09680E-10
  29.000      1.67800E-10
  29.600      2.42760E-10
  30.100      3.42710E-10
  30.800      6.88800E-10
  31.800      1.46110E-09
  32.800      2.37390E-09
  33.800      4.30510E-09
  34.800      7.12170E-09
  35.700      1.82450E-08
  36.600      3.62050E-08
  37.500      4.77730E-08
  38.500      7.35940E-08
  39.500      1.35900E-07
  40.500      1.79110E-07
  41.400      2.51280E-07
  42.200      3.02780E-07
  43.000      3.84180E-07
  44.100      5.11940E-07
  45.100      6.25080E-07
  46.000      7.29300E-07
  47.000      9.32720E-07
  48.000      1.16430E-06
  49.000      1.41200E-06
  50.000      1.74080E-06
  50.600      3.70700E-06
  51.200      2.87220E-05
  52.000      2.79750E-05
  53.000      2.76400E-05
  54.000      2.62620E-05
  55.000      3.44880E-05
  56.000      4.21390E-05
  57.000      4.53290E-05
  58.000      4.28750E-05
  59.000      4.87040E-05
  60.000      4.45380E-05
  61.000      5.35960E-05
  62.000      6.24340E-05
  63.000      6.31070E-05
  64.000      6.22350E-05
  65.000      6.67250E-05
  65.800      6.30970E-05
  66.500      7.11220E-05
  67.500      7.62400E-05
  68.500      6.67490E-05
  69.500      8.99320E-05
  70.500      8.09920E-05
  71.600      1.01270E-04
  72.600      1.01510E-04
  73.500      1.04130E-04
  74.500      1.10060E-04
  75.500      1.13080E-04
  76.500      1.19370E-04
  77.500      1.25650E-04
  78.500      1.33890E-04
  79.500      1.36670E-04
  80.500      1.36890E-04
  81.500      1.39480E-04
  82.500      1.50620E-04
  83.500      1.30180E-04
  84.500      1.52090E-04
  85.500      1.54220E-04
  86.500      1.63210E-04
  87.500      1.69700E-04
  88.500      1.78730E-04
  89.500      1.85020E-04
  90.500      1.83830E-04
  91.500      1.91010E-04
  92.500      5.78780E-04
  93.500      1.06880E-03
  94.500      1.81280E-03
  95.500      2.15490E-03
  96.500      2.71820E-03
  97.500      8.42520E-04
  98.500      2.39230E-03
  99.500      2.17470E-03
  100.50      2.39870E-03
  101.50      2.51870E-03
  102.50      1.54620E-03
  103.50      2.39760E-03
  104.50      3.04760E-03
  105.50      2.90770E-03
  106.50      2.43250E-03
  107.50      2.67090E-03
  108.50      2.44670E-03
  109.50      2.71730E-03
  110.50      2.60600E-03
  111.50      2.60970E-03
  112.50      2.09470E-03
  113.50      2.57710E-03
  114.50      2.44310E-03
  115.50      2.41920E-03
  116.50      2.37260E-03
  117.50      1.51810E-03
  118.50      2.23770E-03
  119.50      2.19200E-03
  120.50      2.01320E-03
  121.50      1.35600E-03
  122.50      2.07430E-03
  123.50      2.31720E-03
  124.50      2.26090E-03
  125.50      2.28100E-03
  126.50      2.37390E-03
  127.50      2.46700E-03
  128.50      2.49700E-03
  129.50      2.22250E-03
  130.50      2.30790E-03
  131.50      2.53420E-03
  132.50      2.43450E-03
  133.50      2.39930E-03
  134.50      2.40020E-03
  135.50      2.40780E-03
  136.50      2.30720E-03
  137.50      2.26890E-03
  138.50      2.21050E-03
  139.50      1.70040E-03
  140.50      1.80610E-03
  141.50      2.12770E-03
  142.50      1.96150E-03
  143.50      2.10910E-03
  144.20      2.13730E-03
  144.70      2.12800E-03
  145.50      2.05220E-03
  146.50      1.98380E-03
  147.50      2.02450E-03
  148.50      2.03770E-03
  149.50      2.00020E-03
  150.50      1.89630E-03
  151.20      1.81190E-03
  151.70      1.85000E-03
  152.50      1.84130E-03
  153.50      1.58480E-03
  154.50      1.44160E-03
  155.50      1.43920E-03
  156.50      1.61020E-03
  157.50      1.71580E-03
  158.50      1.74440E-03
  159.50      1.75510E-03
  160.50      1.71870E-03
  161.50      1.65030E-03
  162.50      1.70200E-03
  163.50      1.75490E-03
  164.50      1.76560E-03
  165.50      1.79350E-03
  166.50      1.79550E-03
  167.20      1.68850E-03
  167.70      1.94600E-03
  168.50      1.86260E-03
  169.50      1.80180E-03
  170.50      1.78510E-03
  171.50      1.72580E-03
  172.50      1.66530E-03
  173.50      1.74740E-03
  174.50      1.74600E-03
  175.50      1.74660E-03
  176.50      1.73610E-03
  177.50      1.67370E-03
  178.50      1.71880E-03
  179.50      1.71950E-03
  180.50      1.73610E-03
  181.50      1.65880E-03
  182.50      1.67600E-03
  183.50      1.66990E-03
  184.50      1.55670E-03
  185.50      1.60690E-03
  186.50      1.63650E-03
  187.50      1.63850E-03
  188.50      1.52760E-03
  189.50      1.47280E-03
  190.50      1.55760E-03
  191.50      1.51060E-03
  192.50      1.42560E-03
  193.50      1.53820E-03
  194.50      1.58740E-03
  195.50      1.43800E-03
  196.70      1.53960E-03
  197.60      1.61540E-03
  198.40      1.52480E-03
  199.50      1.51240E-03
  200.50      1.55350E-03
  201.50      1.56310E-03
  202.50      1.58990E-03
  203.50      1.50300E-03
  204.50      1.51220E-03
  205.50      1.33140E-03
  206.50      1.31510E-03
  207.40      1.36680E-03
  207.80      1.30990E-03
  208.50      1.35390E-03
  209.50      1.36100E-03
  210.50      1.47160E-03
  211.50      1.49900E-03
  212.50      1.50170E-03
  213.50      1.48960E-03
  214.50      1.45820E-03
  215.50      1.48820E-03
  216.50      1.45810E-03
  217.50      1.47370E-03
  218.50      1.44780E-03
  219.50      1.47510E-03
  220.50      1.46850E-03
  221.50      1.43860E-03
  222.50      1.44180E-03
  223.50      1.42650E-03
  224.50      1.42770E-03
  225.50      1.39390E-03
  226.50      1.41420E-03
  227.50      1.40830E-03
  228.50      1.38830E-03
  229.50      1.26470E-03
  230.50      1.35180E-03
  231.50      1.35290E-03
  232.50      1.35390E-03
  233.50      1.34020E-03
  234.50      1.34710E-03
  235.50      1.33360E-03
  236.50      1.32630E-03
  237.50      1.30530E-03
  238.50      1.27850E-03
  239.50      1.28550E-03
  240.50      1.28770E-03
  241.50      1.27960E-03
  242.50      1.28020E-03
  243.50      1.26070E-03
  244.50      1.26110E-03
  245.50      1.25730E-03
  246.50      1.25140E-03
  247.50      1.24110E-03
  248.50      1.22230E-03
  249.50      1.00220E-03
  250.50      1.19100E-03
  251.30      1.14260E-03
  251.80      1.17530E-03
  252.50      1.20370E-03
  253.50      1.20290E-03
  254.50      1.17730E-03
  255.50      1.17790E-03
  256.50      1.17280E-03
  257.50      1.16980E-03
  258.50      1.16690E-03
  259.50      1.15940E-03
  260.50      1.15780E-03
  261.50      1.14590E-03
  262.50      1.14510E-03
  263.50      1.13980E-03
  264.50      1.12800E-03
  265.50      1.12530E-03
  266.50      1.09910E-03
  267.50      1.09270E-03
  268.50      1.10380E-03
  269.50      1.07540E-03
  270.50      1.06770E-03
  271.50      1.06810E-03
  272.50      1.06810E-03
  273.50      1.05580E-03
  274.50      1.05930E-03
  275.50      1.05710E-03
  276.50      1.04430E-03
  277.50      1.05570E-03
  278.50      1.04450E-03
  279.50      1.01280E-03
  280.50      1.02480E-03
  281.50      1.03320E-03
  282.50      1.02100E-03
  283.50      9.99340E-04
  284.50      1.01560E-03
  285.50      1.00460E-03
  286.50      1.00030E-03
  287.50      9.95670E-04
  288.50      9.89700E-04
  289.50      9.83920E-04
  291.00      9.69800E-04
  293.00      9.70410E-04
  295.00      9.50850E-04
  297.00      9.47520E-04
  299.00      9.32860E-04
  301.00      9.14300E-04
  303.00      9.10460E-04
  305.00      9.07820E-04
  307.00      9.05180E-04
  309.00      8.80880E-04
  311.00      8.86320E-04
  313.00      8.72330E-04
  315.00      8.67110E-04
  317.00      8.55360E-04
  319.00      8.46730E-04
  321.00      8.40870E-04
  323.00      8.31970E-04
  325.00      8.28970E-04
  327.00      8.16690E-04
  329.00      8.10870E-04
  331.00      8.03620E-04
  333.00      7.93090E-04
  335.00      7.86100E-04
  337.00      7.78660E-04
  339.00      7.76440E-04
  341.00      7.68850E-04
  343.00      7.62030E-04
  345.00      7.51490E-04
  347.00      7.45950E-04
  349.00      7.38890E-04
  351.00      7.33340E-04
  353.00      7.29490E-04
  355.00      7.22320E-04
  357.00      7.18850E-04
  359.00      7.05240E-04
  361.00      7.02370E-04
  363.00      6.95290E-04
  364.00      6.96760E-04
  365.00      6.80790E-04
  367.00      6.78730E-04
  369.00      6.73690E-04
  371.00      6.55360E-04
  373.00      6.47780E-04
  375.00      6.43100E-04
  377.00      6.26790E-04
  379.00      6.48220E-04
  381.00      6.72720E-04
  383.00      6.04240E-04
  385.00      6.93000E-04
  387.00      6.93040E-04
  389.00      5.81470E-04
  391.00      7.08220E-04
  393.00      7.01000E-04
  395.00      6.86850E-04
  397.00      5.59290E-04
  399.00      6.79630E-04
  401.00      6.85520E-04
  403.00      6.53990E-04
  405.00      6.78790E-04
  407.00      6.51570E-04
  409.00      6.05350E-04
  411.00      5.50150E-04
  413.00      6.40870E-04
  415.00      6.42820E-04
  417.00      6.47350E-04
  419.00      6.42620E-04
  421.00      6.40350E-04
  423.00      6.34850E-04
  425.00      6.21080E-04
  427.00      6.11330E-04
  429.00      6.07090E-04
  431.00      5.92210E-04
  433.00      5.44640E-04
  435.00      5.08150E-04
  437.00      5.78950E-04
  439.00      5.75750E-04
  441.00      5.80520E-04
  443.00      5.82400E-04
  445.00      5.76210E-04
  447.00      5.50780E-04
  449.00      5.68280E-04
  451.00      5.65810E-04
  453.00      5.63510E-04
  455.00      5.57820E-04
  457.00      5.55460E-04
  459.00      5.49600E-04
  461.00      5.41460E-04
  463.00      5.34740E-04
  465.00      5.17010E-04
  467.00      5.29500E-04
  469.00      5.25760E-04
  471.00      5.14060E-04
  473.00      5.22720E-04
  475.00      5.18150E-04
  477.00      5.19550E-04
  479.00      5.14830E-04
  481.00      5.07680E-04
  483.00      4.99310E-04
  485.00      4.64390E-04
  487.00      4.21710E-04
  489.00      4.88170E-04
  491.00      4.88740E-04
  493.00      4.75180E-04
  495.00      4.81740E-04
  497.00      4.82880E-04
  499.00      4.78930E-04
  501.00      4.63550E-04
  503.00      4.70350E-04
  505.00      4.65230E-04
  507.00      4.65970E-04
  509.00      4.61720E-04
  511.00      4.57910E-04
  513.00      4.52840E-04
  515.00      4.50230E-04
  517.00      4.48360E-04
  519.00      4.46200E-04
  521.00      4.43270E-04
  523.00      4.40220E-04
  525.00      4.36690E-04
  527.00      4.33250E-04
  529.00      4.31390E-04
  531.00      4.28370E-04
  533.00      4.25670E-04
  535.00      4.22560E-04
  537.00      4.20070E-04
  539.00      4.16880E-04
  541.00      4.12960E-04
  543.00      4.11860E-04
  545.00      4.08910E-04
  547.00      4.06200E-04
  549.00      4.03540E-04
  551.00      4.01360E-04
  553.00      3.98160E-04
  555.00      3.96290E-04
  557.00      3.93610E-04
  559.00      3.90890E-04
  561.00      3.88690E-04
  563.00      3.86320E-04
  565.00      3.83230E-04
  567.00      3.79520E-04
  569.00      3.74320E-04
  571.00      3.73600E-04
  573.00      3.71910E-04
  575.00      3.68520E-04
  577.00      3.67820E-04
  579.00      3.65250E-04
  581.00      3.62940E-04
  583.00      3.59810E-04
  585.00      3.58440E-04
  587.00      3.45700E-04
  589.00      3.51540E-04
  591.00      3.51360E-04
  593.00      3.49180E-04
  595.00      3.47150E-04
  597.00      3.46670E-04
  599.00      3.43700E-04
  601.00      3.42680E-04
  603.00      3.40110E-04
  605.00      3.38470E-04
  607.00      3.36920E-04
  609.00      3.34990E-04
  611.00      3.32940E-04
  613.00      3.31140E-04
  615.00      3.27980E-04
  617.00      3.26480E-04
  619.00      3.25150E-04
  621.00      3.23520E-04
  623.00      3.21710E-04
  625.00      3.19290E-04
  627.00      3.17730E-04
  629.00      3.16130E-04
  631.00      3.14070E-04
  633.00      3.12550E-04
  635.00      3.10380E-04
  637.00      3.09090E-04
  639.00      3.07200E-04
  641.00      3.05490E-04
  643.00      3.03860E-04
  645.00      3.02030E-04
  647.00      2.99280E-04
  649.00      2.97980E-04
  651.00      2.96050E-04
  653.00      2.92950E-04
  655.00      2.80720E-04
  657.00      2.51170E-04
  659.00      2.85240E-04
  661.00      2.87550E-04
  663.00      2.87050E-04
  665.00      2.85480E-04
  667.00      2.80690E-04
  669.00      2.79340E-04
  671.00      2.80860E-04
  673.00      2.78770E-04
  675.00      2.78040E-04
  677.00      2.76710E-04
  679.00      2.73580E-04
  681.00      2.73470E-04
  683.00      2.71940E-04
  685.00      2.70770E-04
  687.00      2.69250E-04
  689.00      2.67430E-04
  691.00      2.65660E-04
  693.00      2.65160E-04
  695.00      2.63770E-04
  697.00      2.62400E-04
  699.00      2.60980E-04
  701.00      2.59580E-04
  703.00      2.57980E-04
  705.00      2.56790E-04
  707.00      2.51550E-04
  709.00      2.54260E-04
  711.00      2.52200E-04
  713.00      2.51010E-04
  715.00      2.50380E-04
  717.00      2.49040E-04
  719.00      2.47870E-04
  721.00      2.46620E-04
  723.00      2.42640E-04
  725.00      2.43650E-04
  727.00      2.42880E-04
  729.00      2.39770E-04
  731.00      2.40380E-04
  733.00      2.39140E-04
  735.00      2.38010E-04
  737.00      2.36870E-04
  739.00      2.35690E-04
  741.00      2.34520E-04
  743.00      2.33350E-04
  745.00      2.32180E-04
  747.00      2.30180E-04
  749.00      2.29600E-04
  751.00      2.28710E-04
  753.00      2.27490E-04
  755.00      2.26590E-04
  757.00      2.25470E-04
  759.00      2.24260E-04
  761.00      2.22890E-04
  763.00      2.22130E-04
  765.00      2.21090E-04
  767.00      2.20080E-04
  769.00      2.18890E-04
  771.00      2.17850E-04
  773.00      2.16660E-04
  775.00      2.15910E-04
  777.00      2.14730E-04
  779.00      2.13890E-04
  781.00      2.12800E-04
  783.00      2.11880E-04
  785.00      2.10990E-04
  787.00      2.09610E-04
  789.00      2.08410E-04
  791.00      2.07830E-04
  793.00      2.06810E-04
  795.00      2.06000E-04
  797.00      2.04990E-04
  799.00      2.04070E-04
  801.00      2.03110E-04
  803.00      2.02130E-04
  805.00      2.01260E-04
  807.00      2.00310E-04
  809.00      1.99220E-04
  811.00      1.97180E-04
  813.00      1.97590E-04
  815.00      1.96580E-04
  817.00      1.95860E-04
  819.00      1.93960E-04
  821.00      1.92920E-04
  823.00      1.91720E-04
  825.00      1.91700E-04
  827.00      1.89390E-04
  829.00      1.89890E-04
  831.00      1.89280E-04
  833.00      1.88310E-04
  835.00      1.86790E-04
  837.00      1.86400E-04
  839.00      1.86000E-04
  841.00      1.85030E-04
  843.00      1.84320E-04
  845.00      1.82480E-04
  847.00      1.82740E-04
  849.00      1.81610E-04
  851.00      1.80660E-04
  853.00      1.79910E-04
  855.00      1.79100E-04
  857.00      1.78900E-04
  859.00      1.75720E-04
  861.00      1.76360E-04
  863.00      1.77210E-04
  865.00      1.74400E-04
  867.00      1.71400E-04
  869.00      1.74760E-04
  871.00      1.75150E-04
  873.00      1.71690E-04
  875.00      1.64740E-04
  877.00      1.68770E-04
  879.00      1.72620E-04
  881.00      1.72870E-04
  883.00      1.70810E-04
  885.00      1.62920E-04
  887.00      1.56710E-04
  889.00      1.67050E-04
  891.00      1.69430E-04
  893.00      1.69400E-04
  895.00      1.69000E-04
  897.00      1.67620E-04
  899.00      1.62990E-04
  901.00      1.49920E-04
  903.00      1.54760E-04
  905.00      1.63130E-04
  907.00      1.63050E-04
  909.00      1.64060E-04
  911.00      1.64160E-04
  913.00      1.63560E-04
  915.00      1.62790E-04
  917.00      1.61380E-04
  919.00      1.59670E-04
  921.00      1.52610E-04
  923.00      1.38610E-04
  925.00      1.50950E-04
  927.00      1.56630E-04
  929.00      1.57610E-04
  931.00      1.56880E-04
  933.00      1.56730E-04
  935.00      1.56290E-04
  937.00      1.56000E-04
  939.00      1.55440E-04
  941.00      1.54700E-04
  943.00      1.54110E-04
  945.00      1.53270E-04
  947.00      1.51680E-04
  949.00      1.51300E-04
  951.00      1.48210E-04
  953.00      1.41340E-04
  955.00      1.28710E-04
  957.00      1.42980E-04
  959.00      1.47380E-04
  961.00      1.47540E-04
  963.00      1.46870E-04
  965.00      1.47630E-04
  967.00      1.47130E-04
  969.00      1.46420E-04
  971.00      1.44500E-04
  973.00      1.45250E-04
  975.00      1.44820E-04
  977.00      1.44300E-04
  979.00      1.43700E-04
  981.00      1.43030E-04
  983.00      1.42620E-04
  985.00      1.41980E-04
  987.00      1.41380E-04
  989.00      1.40620E-04
  991.00      1.39440E-04
  993.00      1.39860E-04
  995.00      1.39210E-04
  997.00      1.38310E-04
  999.00      1.37510E-04
  1002.5      1.30150E-04
  1007.5      1.27100E-04
  1012.5      1.33540E-04
  1017.5      1.33580E-04
  1022.5      1.32270E-04
  1027.5      1.31120E-04
  1032.5      1.29360E-04
  1037.5      1.28750E-04
  1042.5      1.27580E-04
  1047.5      1.26420E-04
  1052.5      1.25240E-04
  1057.5      1.24150E-04
  1062.5      1.23030E-04
  1067.5      1.21730E-04
  1072.5      1.20860E-04
  1077.5      1.19780E-04
  1082.5      1.17470E-04
  1087.5      1.16880E-04
  1092.5      1.06300E-04
  1097.5      1.11850E-04
  1102.5      1.13720E-04
  1107.5      1.13510E-04
  1112.5      1.12680E-04
  1117.5      1.11740E-04
  1122.5      1.10750E-04
  1127.5      1.09840E-04
  1132.5      1.08780E-04
  1137.5      1.07980E-04
  1142.5      1.07040E-04
  1147.5      1.06210E-04
  1152.5      1.05350E-04
  1157.5      1.04410E-04
  1162.5      1.03540E-04
  1167.5      1.02630E-04
  1172.5      1.01940E-04
  1177.5      1.01100E-04
  1182.5      1.00270E-04
  1187.5      9.94810E-05
  1192.5      9.86820E-05
  1197.5      9.66420E-05
  1202.5      9.71160E-05
  1207.5      9.63500E-05
  1212.5      9.55750E-05
  1217.5      9.48340E-05
  1222.5      9.40910E-05
  1227.5      9.33630E-05
  1232.5      9.26220E-05
  1237.5      9.19070E-05
  1242.5      9.12130E-05
  1247.5      9.04670E-05
  1252.5      8.95650E-05
  1257.5      8.90840E-05
  1262.5      8.84120E-05
  1267.5      8.77820E-05
  1272.5      8.69120E-05
  1277.5      8.44190E-05
  1282.5      7.80470E-05
  1287.5      8.41700E-05
  1292.5      8.43880E-05
  1297.5      8.32360E-05
  1302.5      8.32380E-05
  1307.5      8.26970E-05
  1312.5      8.20940E-05
  1317.5      8.14930E-05
  1322.5      8.09020E-05
  1327.5      8.03160E-05
  1332.5      7.97100E-05
  1337.5      7.91020E-05
  1342.5      7.85000E-05
  1347.5      7.80180E-05
  1352.5      7.74170E-05
  1357.5      7.69150E-05
  1362.5      7.62740E-05
  1367.5      7.58330E-05
  1372.5      7.52380E-05
  1377.5      7.47910E-05
  1382.5      7.42700E-05
  1387.5      7.37460E-05
  1392.5      7.31710E-05
  1397.5      7.27160E-05
  1402.5      7.21900E-05
  1407.5      7.17440E-05
  1412.5      7.12390E-05
  1417.5      7.07640E-05
  1422.5      7.02910E-05
  1427.5      6.98070E-05
  1432.5      6.93400E-05
  1437.5      6.88700E-05
  1442.5      6.84200E-05
  1447.5      6.79650E-05
  1452.5      6.75040E-05
  1457.0      6.71070E-05
  1462.0      6.66500E-05
  1467.5      6.61740E-05
  1472.5      6.57420E-05
  1477.5      6.52950E-05
  1482.5      6.48940E-05
  1487.5      6.44750E-05
  1492.5      6.40620E-05
  1497.5      6.36510E-05
  1502.5      6.32300E-05
  1507.5      6.27240E-05
  1512.5      6.24440E-05
  1517.5      6.20500E-05
  1522.5      6.16580E-05
  1527.5      6.12650E-05
  1532.5      6.08800E-05
  1537.5      6.04990E-05
  1542.5      6.01020E-05
  1547.5      5.97420E-05
  1552.5      5.93560E-05
  1557.5      5.89480E-05
  1562.5      5.86580E-05
  1567.5      5.81970E-05
  1572.5      5.77960E-05
  1577.5      5.76010E-05
  1582.5      5.72070E-05
  1587.5      5.65140E-05
  1592.5      5.64120E-05
  1597.5      5.62700E-05
  1605.0      5.55770E-05
  1615.0      5.46310E-05
  1625.0      5.45300E-05
  1635.0      5.34620E-05
  1645.0      5.23870E-05
  1655.0      5.27080E-05
  1665.0      5.21480E-05
  1675.0      5.08070E-05
  1685.0      4.96110E-05
  1695.0      5.02940E-05
  1705.0      4.95060E-05
  1715.0      4.92950E-05
  1725.0      4.85550E-05
  1735.0      4.61780E-05
  1745.0      4.72180E-05
  1755.0      4.71210E-05
  1765.0      4.66100E-05
  1775.0      4.60940E-05
  1785.0      4.55560E-05
  1795.0      4.51000E-05
  1805.0      4.44790E-05
  1815.0      4.21590E-05
  1825.0      4.30170E-05
  1835.0      4.31660E-05
  1845.0      4.27300E-05
  1855.0      4.22190E-05
  1865.0      4.13460E-05
  1875.0      3.92620E-05
  1885.0      4.08530E-05
  1895.0      4.05350E-05
  1905.0      3.99630E-05
  1915.0      3.97170E-05
  1925.0      3.93310E-05
  1935.0      3.86840E-05
  1945.0      3.63940E-05
  1955.0      3.78600E-05
  1965.0      3.77750E-05
  1975.0      3.74040E-05
  1985.0      3.70350E-05
  1995.0      3.66710E-05
  2005.0      3.63130E-05
  2015.0      3.59610E-05
  2025.0      3.56130E-05
  2035.0      3.52700E-05
  2045.0      3.49220E-05
  2055.0      3.45320E-05
  2065.0      3.42700E-05
  2075.0      3.39430E-05
  2085.0      3.36270E-05
  2095.0      3.33090E-05
  2105.0      3.29920E-05
  2115.0      3.25590E-05
  2125.0      3.23940E-05
  2135.0      3.20950E-05
  2145.0      3.17900E-05
  2155.0      3.13330E-05
  2165.0      2.94070E-05
  2175.0      3.06470E-05
  2185.0      3.06330E-05
  2195.0      3.03930E-05
  2205.0      3.01220E-05
  2215.0      2.98550E-05
  2225.0      2.95840E-05
  2235.0      2.93310E-05
  2245.0      2.90750E-05
  2255.0      2.88210E-05
  2265.0      2.85710E-05
  2275.0      2.83240E-05
  2285.0      2.80780E-05
  2295.0      2.78380E-05
  2305.0      2.75960E-05
  2315.0      2.73670E-05
  2325.0      2.71370E-05
  2335.0      2.69090E-05
  2345.0      2.66840E-05
  2355.0      2.64610E-05
  2365.0      2.62410E-05
  2375.0      2.60240E-05
  2385.0      2.58110E-05
  2395.0      2.55970E-05
  2405.0      2.53890E-05
  2415.0      2.51830E-05
  2425.0      2.49780E-05
  2435.0      2.47770E-05
  2445.0      2.45770E-05
  2455.0      2.43810E-05
  2465.0      2.41840E-05
  2475.0      2.39500E-05
  2485.0      2.38030E-05
  2495.0      2.36050E-05
  2505.0      2.34300E-05
  2515.0      2.32450E-05
  2525.0      2.30410E-05
  2535.0      2.28810E-05
  2545.0      2.27140E-05
  2555.0      2.25210E-05
  2565.0      2.23070E-05
  2575.0      2.21800E-05
  2585.0      2.20260E-05
  2595.0      2.18490E-05
  2605.0      2.16180E-05
  2615.0      2.12470E-05
  2625.0      2.01300E-05
  2635.0      2.10170E-05
  2645.0      2.10330E-05
  2655.0      2.08710E-05
  2665.0      2.06790E-05
  2675.0      2.03750E-05
  2685.0      2.03680E-05
  2695.0      2.03120E-05
  2705.0      2.01810E-05
  2715.0      2.00340E-05
  2725.0      1.98890E-05
  2735.0      1.97410E-05
  2745.0      1.95240E-05
  2755.0      1.91140E-05
  2765.0      1.91100E-05
  2775.0      1.91410E-05
  2785.0      1.90480E-05
  2795.0      1.89140E-05
  2805.0      1.87760E-05
  2815.0      1.86480E-05
  2825.0      1.85170E-05
  2835.0      1.83880E-05
  2845.0      1.82600E-05
  2855.0      1.80860E-05
  2865.0      1.77980E-05
  2875.0      1.73850E-05
  2885.0      1.76540E-05
  2895.0      1.76250E-05
  2905.0      1.75200E-05
  2915.0      1.74010E-05
  2925.0      1.72830E-05
  2935.0      1.71660E-05
  2945.0      1.70500E-05
  2955.0      1.69360E-05
  2965.0      1.68230E-05
  2975.0      1.67110E-05
  2985.0      1.66000E-05
  2995.0      1.64900E-05
  3005.0      1.63810E-05
  3015.0      1.62590E-05
  3025.0      1.60880E-05
  3035.0      1.55770E-05
  3045.0      1.56140E-05
  3055.0      1.57920E-05
  3065.0      1.57430E-05
  3075.0      1.56360E-05
  3085.0      1.55400E-05
  3095.0      1.54490E-05
  3105.0      1.53490E-05
  3115.0      1.52510E-05
  3125.0      1.51520E-05
  3135.0      1.50600E-05
  3145.0      1.49640E-05
  3155.0      1.48710E-05
  3165.0      1.47770E-05
  3175.0      1.46850E-05
  3185.0      1.45930E-05
  3195.0      1.45030E-05
  3210.0      1.43680E-05
  3230.0      1.41920E-05
  3250.0      1.40190E-05
  3270.0      1.38340E-05
  3290.0      1.32790E-05
  3310.0      1.33840E-05
  3330.0      1.33370E-05
  3350.0      1.31890E-05
  3370.0      1.30360E-05
  3390.0      1.29080E-05
  3410.0      1.27580E-05
  3430.0      1.26110E-05
  3450.0      1.24660E-05
  3470.0      1.23230E-05
  3490.0      1.21830E-05
  3510.0      1.20450E-05
  3530.0      1.19090E-05
  3550.0      1.17760E-05
  3570.0      1.16440E-05
  3590.0      1.15160E-05
  3610.0      1.13890E-05
  3630.0      1.12640E-05
  3650.0      1.11420E-05
  3670.0      1.10210E-05
  3690.0      1.08880E-05
  3710.0      1.07440E-05
  3730.0      1.04640E-05
  3750.0      1.02980E-05
  3770.0      1.04200E-05
  3790.0      1.03360E-05
  3810.0      1.02130E-05
  3830.0      1.01100E-05
  3850.0      1.00170E-05
  3870.0      9.91380E-06
  3890.0      9.80400E-06
  3910.0      9.68280E-06
  3930.0      9.61320E-06
  3950.0      9.51700E-06
  3970.0      9.42150E-06
  3990.0      9.32730E-06
  4010.0      9.20130E-06
  4030.0      9.08050E-06
  4050.0      8.75970E-06
  4070.0      8.94420E-06
  4090.0      8.87740E-06
  4110.0      8.79130E-06
  4130.0      8.69950E-06
  4150.0      8.60840E-06
  4170.0      8.46980E-06
  4190.0      8.44120E-06
  4210.0      8.37890E-06
  4230.0      8.30000E-06
  4250.0      8.21880E-06
  4270.0      8.14530E-06
  4290.0      8.05860E-06
  4310.0      7.99480E-06
  4330.0      7.92110E-06
  4350.0      7.83820E-06
  4370.0      7.68330E-06
  4390.0      7.65810E-06
  4410.0      7.63490E-06
  4430.0      7.56750E-06
  4450.0      7.49970E-06
  4470.0      7.43860E-06
  4490.0      7.37240E-06
  4510.0      7.30710E-06
  4530.0      7.24270E-06
  4550.0      7.17910E-06
  4570.0      7.11640E-06
  4590.0      7.05440E-06
  4610.0      6.98760E-06
  4630.0      6.90460E-06
  4650.0      6.59730E-06
  4670.0      6.64870E-06
  4690.0      6.70550E-06
  4710.0      6.68970E-06
  4730.0      6.64250E-06
  4750.0      6.58660E-06
  4770.0      6.53140E-06
  4790.0      6.47700E-06
  4810.0      6.42310E-06
  4830.0      6.37000E-06
  4850.0      6.31750E-06
  4870.0      6.26560E-06
  4890.0      6.21430E-06
  4910.0      6.16370E-06
  4930.0      6.11370E-06
  4950.0      6.06430E-06
  4970.0      6.01550E-06
  4990.0      5.96720E-06
  5010.0      5.91960E-06
  5030.0      5.87250E-06
  5050.0      5.82590E-06
  5070.0      5.77990E-06
  5090.0      5.72940E-06
  5110.0      5.65270E-06
  5130.0      5.49120E-06
  5150.0      5.57290E-06
  5170.0      5.55450E-06
  5190.0      5.51510E-06
  5210.0      5.47270E-06
  5230.0      5.43080E-06
  5250.0      5.38940E-06
  5270.0      5.34840E-06
  5290.0      5.30800E-06
  5310.0      5.26790E-06
  5330.0      5.22840E-06
  5350.0      5.18920E-06
  5370.0      5.15050E-06
  5390.0      5.11220E-06
  5410.0      5.07440E-06
  5430.0      5.03700E-06
  5450.0      4.99990E-06
  5470.0      4.96330E-06
  5490.0      4.92710E-06
  5510.0      4.89120E-06
  5530.0      4.85570E-06
  5550.0      4.82070E-06
  5570.0      4.78610E-06
  5590.0      4.75180E-06
  5610.0      4.71780E-06
  5630.0      4.68430E-06
  5650.0      4.65100E-06
  5670.0      4.61810E-06
  5690.0      4.58550E-06
  5710.0      4.54330E-06
  5730.0      4.52140E-06
  5750.0      4.49000E-06
  5770.0      4.45880E-06
  5790.0      4.42790E-06
  5810.0      4.39740E-06
  5830.0      4.36710E-06
  5850.0      4.33920E-06
  5870.0      4.30320E-06
  5890.0      4.24540E-06
  5910.0      4.10380E-06
  5930.0      4.19430E-06
  5950.0      4.17100E-06
  5970.0      4.15070E-06
  5990.0      4.13540E-06
  6010.0      4.11020E-06
  6030.0      4.08290E-06
  6050.0      4.05580E-06
  6070.0      4.02900E-06
  6090.0      4.00250E-06
  6110.0      3.97620E-06
  6130.0      3.95010E-06
  6150.0      3.92440E-06
  6170.0      3.89880E-06
  6190.0      3.87350E-06
  6210.0      3.84850E-06
  6230.0      3.82370E-06
  6250.0      3.79900E-06
  6270.0      3.76320E-06
  6290.0      3.71840E-06
  6310.0      3.71250E-06
  6330.0      3.70170E-06
  6350.0      3.67970E-06
  6370.0      3.65650E-06
  6390.0      3.63360E-06
  6420.0      3.59950E-06
  6460.0      3.55480E-06
  6500.0      3.51090E-06
  6540.0      3.46780E-06
  6580.0      3.42550E-06
  6620.0      3.38400E-06
  6660.0      3.34320E-06
  6700.0      3.30310E-06
  6740.0      3.25510E-06
  6780.0      3.19270E-06
  6820.0      3.18500E-06
  6860.0      3.14980E-06
  6900.0      3.11310E-06
  6940.0      3.07710E-06
  6980.0      3.04170E-06
  7020.0      3.00690E-06
  7060.0      2.97260E-06
  7100.0      2.93900E-06
  7140.0      2.90590E-06
  7180.0      2.87340E-06
  7220.0      2.84140E-06
  7260.0      2.80990E-06
  7300.0      2.77900E-06
  7340.0      2.74860E-06
  7380.0      2.71860E-06
  7420.0      2.68090E-06
  7460.0      2.58310E-06
  7500.0      2.54370E-06
  7540.0      2.58810E-06
  7580.0      2.57550E-06
  7620.0      2.54880E-06
  7660.0      2.52210E-06
  7700.0      2.49570E-06
  7740.0      2.46980E-06
  7780.0      2.44420E-06
  7820.0      2.41910E-06
  7860.0      2.39440E-06
  7900.0      2.37000E-06
  7940.0      2.34600E-06
  7980.0      2.32230E-06
  8020.0      2.29910E-06
  8060.0      2.27610E-06
  8100.0      2.25350E-06
  8140.0      2.22860E-06
  8180.0      2.20840E-06
  8220.0      2.18760E-06
  8260.0      2.16630E-06
  8300.0      2.14530E-06
  8340.0      2.12460E-06
  8380.0      2.10420E-06
  8420.0      2.08410E-06
  8460.0      2.06430E-06
  8500.0      2.04470E-06
  8540.0      2.02540E-06
  8580.0      2.00640E-06
  8620.0      1.98750E-06
  8660.0      1.96140E-06
  8700.0      1.94650E-06
  8740.0      1.90820E-06
  8780.0      1.89080E-06
  8820.0      1.89700E-06
  8860.0      1.88050E-06
  8900.0      1.86350E-06
  8940.0      1.84670E-06
  8980.0      1.83010E-06
  9020.0      1.81380E-06
  9060.0      1.79770E-06
  9100.0      1.78170E-06
  9140.0      1.76600E-06
  9180.0      1.75050E-06
  9220.0      1.73520E-06
  9260.0      1.72010E-06
  9300.0      1.70520E-06
  9340.0      1.68940E-06
  9380.0      1.66480E-06
  9420.0      1.65620E-06
  9460.0      1.64740E-06
  9500.0      1.63350E-06
  9540.0      1.61970E-06
  9580.0      1.60600E-06
  9620.0      1.59260E-06
  9660.0      1.57930E-06
  9700.0      1.56610E-06
  9740.0      1.55320E-06
  9780.0      1.54040E-06
  9820.0      1.52770E-06
  9860.0      1.51520E-06
  9900.0      1.50290E-06
  9940.0      1.49070E-06
  9980.0      1.47860E-06
  10020.      1.46670E-06
  20000.      3.61290E-07
  40000.      8.80250E-08
  60000.      3.84590E-08
  80000.      2.13600E-08
 1.00000E+05  1.35340E-08
 1.20000E+05  9.32210E-09
 1.40000E+05  6.80220E-09
 1.60000E+05  5.17770E-09
