 Castelli and Kurucz 2004-2012 Atmosphere
 T     50000.     G    5.00000 [+0.2] N(He)/Ntot=0.07828 VTURB=2.0  L/H=1.25 NO
 Wavelength  Eddington Hnu
   (nm)    (ergs/s/cm2/Hz/sr)
  9.0900      1.73780E-18
  9.3500      4.68010E-18
  9.6100      1.16750E-17
  9.7700      2.06830E-17
  9.9600      3.89710E-17
  10.200      8.40480E-17
  10.380      1.46390E-16
  10.560      2.50450E-16
  10.770      4.58670E-16
  11.040      9.66820E-16
  11.400      2.48130E-15
  11.780      6.27380E-15
  12.130      1.42680E-14
  12.480      3.05770E-14
  12.710      4.98230E-14
  12.840      6.94720E-14
  13.050      1.05400E-13
  13.240      1.52130E-13
  13.390      2.02880E-13
  13.660      3.31990E-13
  13.980      5.85970E-13
  14.330      1.04260E-12
  14.720      1.83010E-12
  15.100      3.40780E-12
  15.520      6.23370E-12
  15.880      1.05040E-11
  16.200      2.13550E-11
  16.600      3.58300E-11
  17.030      5.70200E-11
  17.340      7.96300E-11
  17.680      1.18430E-10
  18.020      1.73700E-10
  18.170      1.89350E-10
  18.610      3.19390E-10
  19.100      4.96590E-10
  19.390      7.06030E-10
  19.840      1.06360E-09
  20.180      1.28600E-09
  20.500      1.80760E-09
  21.050      2.74770E-09
  21.620      4.13210E-09
  21.980      5.44580E-09
  22.300      6.48320E-09
  22.680      8.26600E-09
  23.000      3.05870E-07
  23.400      1.53130E-06
  24.000      3.06030E-06
  24.650      8.04280E-06
  25.240      3.23950E-05
  25.680      8.79460E-05
  26.000      6.69550E-05
  26.400      2.21410E-04
  26.850      2.55720E-04
  27.350      3.09930E-04
  27.850      2.21810E-04
  28.400      3.96910E-04
  29.000      5.86110E-04
  29.600      5.04520E-04
  30.100      3.84030E-04
  30.800      4.36720E-04
  31.800      1.17200E-04
  32.800      1.58140E-04
  33.800      1.08230E-04
  34.800      1.18280E-04
  35.700      3.22100E-04
  36.600      7.15230E-04
  37.500      9.50790E-04
  38.500      7.91770E-04
  39.500      1.40390E-03
  40.500      2.26360E-03
  41.400      2.23810E-03
  42.200      2.03150E-03
  43.000      1.96770E-03
  44.100      2.55250E-03
  45.100      2.66130E-03
  46.000      2.24750E-03
  47.000      2.62240E-03
  48.000      3.02690E-03
  49.000      2.60270E-03
  50.000      3.67310E-03
  50.600      3.09330E-03
  51.200      3.73560E-03
  52.000      3.61170E-03
  53.000      3.44540E-03
  54.000      2.83960E-03
  55.000      2.41860E-03
  56.000      3.24730E-03
  57.000      3.82580E-03
  58.000      3.93590E-03
  59.000      3.98520E-03
  60.000      3.54470E-03
  61.000      2.95530E-03
  62.000      3.83710E-03
  63.000      3.38980E-03
  64.000      4.11120E-03
  65.000      3.89370E-03
  65.800      3.54650E-03
  66.500      4.14910E-03
  67.500      4.21460E-03
  68.500      3.82830E-03
  69.500      4.24970E-03
  70.500      3.84180E-03
  71.600      4.19630E-03
  72.600      4.37330E-03
  73.500      4.34080E-03
  74.500      4.17950E-03
  75.500      4.12600E-03
  76.500      3.71440E-03
  77.500      4.15750E-03
  78.500      3.71460E-03
  79.500      4.10800E-03
  80.500      4.26990E-03
  81.500      4.25790E-03
  82.500      4.30200E-03
  83.500      3.95680E-03
  84.500      4.23650E-03
  85.500      4.03850E-03
  86.500      4.26900E-03
  87.500      4.30330E-03
  88.500      4.21490E-03
  89.500      4.18360E-03
  90.500      4.10150E-03
  91.500      3.04840E-03
  92.500      4.48390E-03
  93.500      5.58220E-03
  94.500      6.30370E-03
  95.500      7.32480E-03
  96.500      7.70970E-03
  97.500      6.25260E-03
  98.500      7.17340E-03
  99.500      6.38030E-03
  100.50      6.58700E-03
  101.50      6.73190E-03
  102.50      6.35660E-03
  103.50      7.27100E-03
  104.50      7.57540E-03
  105.50      7.50210E-03
  106.50      7.14930E-03
  107.50      7.51440E-03
  108.50      6.86950E-03
  109.50      7.32330E-03
  110.50      7.27930E-03
  111.50      7.29960E-03
  112.50      7.17580E-03
  113.50      7.32630E-03
  114.50      7.38180E-03
  115.50      7.14600E-03
  116.50      6.67610E-03
  117.50      6.37490E-03
  118.50      6.79850E-03
  119.50      6.43170E-03
  120.50      6.42640E-03
  121.50      5.50040E-03
  122.50      6.25300E-03
  123.50      5.97100E-03
  124.50      5.82130E-03
  125.50      6.16760E-03
  126.50      6.21690E-03
  127.50      6.22920E-03
  128.50      6.21270E-03
  129.50      6.27350E-03
  130.50      6.09690E-03
  131.50      6.04670E-03
  132.50      5.98290E-03
  133.50      5.93730E-03
  134.50      5.85350E-03
  135.50      5.68920E-03
  136.50      5.45980E-03
  137.50      5.24620E-03
  138.50      5.41590E-03
  139.50      5.33100E-03
  140.50      5.11200E-03
  141.50      5.63500E-03
  142.50      5.37940E-03
  143.50      5.57330E-03
  144.20      5.27580E-03
  144.70      5.31180E-03
  145.50      5.22980E-03
  146.50      5.21940E-03
  147.50      5.26730E-03
  148.50      5.32910E-03
  149.50      5.21900E-03
  150.50      5.14700E-03
  151.20      5.14270E-03
  151.70      5.03070E-03
  152.50      5.11730E-03
  153.50      4.87250E-03
  154.50      4.29500E-03
  155.50      4.38390E-03
  156.50      4.76510E-03
  157.50      4.85760E-03
  158.50      4.76650E-03
  159.50      4.84500E-03
  160.50      4.70910E-03
  161.50      4.64930E-03
  162.50      4.70850E-03
  163.50      4.70800E-03
  164.50      4.50720E-03
  165.50      4.69050E-03
  166.50      4.66980E-03
  167.20      4.51870E-03
  167.70      4.73890E-03
  168.50      4.71930E-03
  169.50      4.72790E-03
  170.50      4.60430E-03
  171.50      4.44640E-03
  172.50      4.43640E-03
  173.50      4.57840E-03
  174.50      4.54190E-03
  175.50      4.50320E-03
  176.50      4.45390E-03
  177.50      4.39740E-03
  178.50      4.41380E-03
  179.50      4.33610E-03
  180.50      4.30810E-03
  181.50      4.23650E-03
  182.50      4.23050E-03
  183.50      4.20970E-03
  184.50      4.21040E-03
  185.50      4.17970E-03
  186.50      4.17550E-03
  187.50      4.11940E-03
  188.50      4.07890E-03
  189.50      4.10600E-03
  190.50      4.07750E-03
  191.50      4.05240E-03
  192.50      3.91970E-03
  193.50      3.99950E-03
  194.50      3.98060E-03
  195.50      3.91390E-03
  196.70      3.90610E-03
  197.60      3.85640E-03
  198.40      3.87710E-03
  199.50      3.83140E-03
  200.50      3.82220E-03
  201.50      3.79550E-03
  202.50      3.77420E-03
  203.50      3.72320E-03
  204.50      3.68120E-03
  205.50      2.79630E-03
  206.50      2.69700E-03
  207.40      2.75400E-03
  207.80      2.81570E-03
  208.50      2.98290E-03
  209.50      3.31690E-03
  210.50      3.48130E-03
  211.50      3.52150E-03
  212.50      3.48230E-03
  213.50      3.47880E-03
  214.50      3.44780E-03
  215.50      3.46030E-03
  216.50      3.29500E-03
  217.50      3.43910E-03
  218.50      3.30420E-03
  219.50      3.40610E-03
  220.50      3.38290E-03
  221.50      3.22390E-03
  222.50      3.34500E-03
  223.50      3.32500E-03
  224.50      3.29700E-03
  225.50      3.15540E-03
  226.50      3.25020E-03
  227.50      3.24950E-03
  228.50      3.19650E-03
  229.50      3.15040E-03
  230.50      3.04870E-03
  231.50      3.11790E-03
  232.50      3.13260E-03
  233.50      3.11170E-03
  234.50      3.07380E-03
  235.50      3.03780E-03
  236.50      3.01440E-03
  237.50      2.98080E-03
  238.50      2.83520E-03
  239.50      2.92750E-03
  240.50      2.89570E-03
  241.50      2.89330E-03
  242.50      2.91020E-03
  243.50      2.87890E-03
  244.50      2.86530E-03
  245.50      2.82070E-03
  246.50      2.82130E-03
  247.50      2.82720E-03
  248.50      2.78540E-03
  249.50      2.64210E-03
  250.50      2.75130E-03
  251.30      2.54780E-03
  251.80      2.68440E-03
  252.50      2.68930E-03
  253.50      2.71360E-03
  254.50      2.70830E-03
  255.50      2.68900E-03
  256.50      2.67730E-03
  257.50      2.65320E-03
  258.50      2.63700E-03
  259.50      2.57080E-03
  260.50      2.61150E-03
  261.50      2.56260E-03
  262.50      2.58140E-03
  263.50      2.56690E-03
  264.50      2.53970E-03
  265.50      2.53320E-03
  266.50      2.51780E-03
  267.50      2.47680E-03
  268.50      2.48170E-03
  269.50      2.45560E-03
  270.50      2.46410E-03
  271.50      2.44590E-03
  272.50      2.42840E-03
  273.50      2.33290E-03
  274.50      2.40440E-03
  275.50      2.38300E-03
  276.50      2.37340E-03
  277.50      2.35460E-03
  278.50      2.32420E-03
  279.50      2.31320E-03
  280.50      2.31020E-03
  281.50      2.29600E-03
  282.50      2.27540E-03
  283.50      2.27530E-03
  284.50      2.26410E-03
  285.50      2.24780E-03
  286.50      2.21200E-03
  287.50      2.19310E-03
  288.50      2.20200E-03
  289.50      2.18510E-03
  291.00      2.17460E-03
  293.00      2.15730E-03
  295.00      2.13220E-03
  297.00      2.10390E-03
  299.00      2.07320E-03
  301.00      2.05180E-03
  303.00      2.01820E-03
  305.00      2.00450E-03
  307.00      1.96820E-03
  309.00      1.96580E-03
  311.00      1.94490E-03
  313.00      1.92270E-03
  315.00      1.90870E-03
  317.00      1.88650E-03
  319.00      1.86970E-03
  321.00      1.81250E-03
  323.00      1.83410E-03
  325.00      1.81550E-03
  327.00      1.78090E-03
  329.00      1.77420E-03
  331.00      1.75490E-03
  333.00      1.73590E-03
  335.00      1.70640E-03
  337.00      1.69810E-03
  339.00      1.67640E-03
  341.00      1.65780E-03
  343.00      1.65350E-03
  345.00      1.62710E-03
  347.00      1.61750E-03
  349.00      1.60210E-03
  351.00      1.59220E-03
  353.00      1.57240E-03
  355.00      1.55910E-03
  357.00      1.54280E-03
  359.00      1.52960E-03
  361.00      1.51420E-03
  363.00      1.49730E-03
  364.00      1.46200E-03
  365.00      1.31780E-03
  367.00      1.30710E-03
  369.00      1.29800E-03
  371.00      1.29330E-03
  373.00      1.30520E-03
  375.00      1.32200E-03
  377.00      1.33960E-03
  379.00      1.36720E-03
  381.00      1.38980E-03
  383.00      1.33450E-03
  385.00      1.38620E-03
  387.00      1.38900E-03
  389.00      1.28050E-03
  391.00      1.37160E-03
  393.00      1.35110E-03
  395.00      1.34650E-03
  397.00      1.22720E-03
  399.00      1.32460E-03
  401.00      1.31870E-03
  403.00      1.28580E-03
  405.00      1.29770E-03
  407.00      1.28550E-03
  409.00      1.23820E-03
  411.00      1.17320E-03
  413.00      1.25030E-03
  415.00      1.24390E-03
  417.00      1.23420E-03
  419.00      1.21690E-03
  421.00      1.19180E-03
  423.00      1.20520E-03
  425.00      1.19490E-03
  427.00      1.18500E-03
  429.00      1.17520E-03
  431.00      1.16140E-03
  433.00      1.11330E-03
  435.00      1.07130E-03
  437.00      1.12940E-03
  439.00      1.11920E-03
  441.00      1.10940E-03
  443.00      1.10590E-03
  445.00      1.09430E-03
  447.00      1.08560E-03
  449.00      1.08020E-03
  451.00      1.06870E-03
  453.00      1.05790E-03
  455.00      1.02940E-03
  457.00      1.04450E-03
  459.00      1.03670E-03
  461.00      1.03000E-03
  463.00      1.01620E-03
  465.00      9.95830E-04
  467.00      1.00270E-03
  469.00      9.61440E-04
  471.00      9.91130E-04
  473.00      9.85350E-04
  475.00      9.78170E-04
  477.00      9.70430E-04
  479.00      9.60590E-04
  481.00      9.55430E-04
  483.00      9.46520E-04
  485.00      9.17910E-04
  487.00      8.68460E-04
  489.00      9.24200E-04
  491.00      9.19760E-04
  493.00      9.12790E-04
  495.00      9.07180E-04
  497.00      9.00440E-04
  499.00      8.94330E-04
  501.00      8.85890E-04
  503.00      8.80790E-04
  505.00      8.73910E-04
  507.00      8.68190E-04
  509.00      8.62400E-04
  511.00      8.55680E-04
  513.00      8.48970E-04
  515.00      8.43620E-04
  517.00      8.38410E-04
  519.00      8.32390E-04
  521.00      8.25770E-04
  523.00      8.20820E-04
  525.00      8.14030E-04
  527.00      8.08220E-04
  529.00      8.03830E-04
  531.00      7.98230E-04
  533.00      7.92590E-04
  535.00      7.87450E-04
  537.00      7.81850E-04
  539.00      7.76570E-04
  541.00      7.53020E-04
  543.00      7.65790E-04
  545.00      7.61080E-04
  547.00      7.55630E-04
  549.00      7.50860E-04
  551.00      7.45130E-04
  553.00      7.40920E-04
  555.00      7.36060E-04
  557.00      7.30330E-04
  559.00      7.24070E-04
  561.00      7.21600E-04
  563.00      7.16820E-04
  565.00      7.12070E-04
  567.00      7.07410E-04
  569.00      6.91700E-04
  571.00      6.45920E-04
  573.00      6.42050E-04
  575.00      6.38040E-04
  577.00      6.34620E-04
  579.00      6.31160E-04
  581.00      6.23130E-04
  583.00      6.25730E-04
  585.00      6.24400E-04
  587.00      6.21350E-04
  589.00      6.22920E-04
  591.00      6.22890E-04
  593.00      6.23310E-04
  595.00      6.24480E-04
  597.00      6.25760E-04
  599.00      6.27690E-04
  601.00      6.27390E-04
  603.00      6.27680E-04
  605.00      6.26150E-04
  607.00      6.22540E-04
  609.00      6.19580E-04
  611.00      6.15890E-04
  613.00      6.12440E-04
  615.00      6.09570E-04
  617.00      6.04160E-04
  619.00      6.02500E-04
  621.00      5.99170E-04
  623.00      5.92970E-04
  625.00      5.91290E-04
  627.00      5.88600E-04
  629.00      5.85080E-04
  631.00      5.78020E-04
  633.00      5.77840E-04
  635.00      5.74930E-04
  637.00      5.71630E-04
  639.00      5.67220E-04
  641.00      5.60130E-04
  643.00      5.61530E-04
  645.00      5.58250E-04
  647.00      5.54970E-04
  649.00      5.52030E-04
  651.00      5.47820E-04
  653.00      5.38810E-04
  655.00      5.34100E-04
  657.00      4.99600E-04
  659.00      5.34680E-04
  661.00      5.33500E-04
  663.00      5.30500E-04
  665.00      5.27520E-04
  667.00      5.22190E-04
  669.00      5.13630E-04
  671.00      5.17970E-04
  673.00      5.15640E-04
  675.00      5.12730E-04
  677.00      5.10040E-04
  679.00      5.07340E-04
  681.00      5.04520E-04
  683.00      5.01770E-04
  685.00      4.98990E-04
  687.00      4.96090E-04
  689.00      4.84960E-04
  691.00      4.90220E-04
  693.00      4.88270E-04
  695.00      4.85630E-04
  697.00      4.83020E-04
  699.00      4.80390E-04
  701.00      4.77630E-04
  703.00      4.74640E-04
  705.00      4.72280E-04
  707.00      4.69430E-04
  709.00      4.67760E-04
  711.00      4.64730E-04
  713.00      4.62260E-04
  715.00      4.60400E-04
  717.00      4.51810E-04
  719.00      4.51690E-04
  721.00      4.52920E-04
  723.00      4.50860E-04
  725.00      4.48520E-04
  727.00      4.46200E-04
  729.00      4.43750E-04
  731.00      4.41270E-04
  733.00      4.39340E-04
  735.00      4.37090E-04
  737.00      4.34690E-04
  739.00      4.32150E-04
  741.00      4.30260E-04
  743.00      4.28260E-04
  745.00      4.25660E-04
  747.00      4.23900E-04
  749.00      4.21260E-04
  751.00      4.19480E-04
  753.00      4.17560E-04
  755.00      4.15420E-04
  757.00      4.13230E-04
  759.00      4.02500E-04
  761.00      4.08280E-04
  763.00      4.07210E-04
  765.00      4.05190E-04
  767.00      4.03040E-04
  769.00      4.00710E-04
  771.00      3.98790E-04
  773.00      3.96670E-04
  775.00      3.95190E-04
  777.00      3.93540E-04
  779.00      3.91550E-04
  781.00      3.89710E-04
  783.00      3.87780E-04
  785.00      3.85280E-04
  787.00      3.83870E-04
  789.00      3.82170E-04
  791.00      3.80440E-04
  793.00      3.78650E-04
  795.00      3.76730E-04
  797.00      3.74690E-04
  799.00      3.73270E-04
  801.00      3.71500E-04
  803.00      3.69550E-04
  805.00      3.68020E-04
  807.00      3.66290E-04
  809.00      3.64580E-04
  811.00      3.62870E-04
  813.00      3.61180E-04
  815.00      3.59500E-04
  817.00      3.57500E-04
  819.00      3.54300E-04
  821.00      3.36860E-04
  823.00      3.32680E-04
  825.00      3.33230E-04
  827.00      3.32440E-04
  829.00      3.31040E-04
  831.00      3.29640E-04
  833.00      3.27870E-04
  835.00      3.26690E-04
  837.00      3.25420E-04
  839.00      3.24100E-04
  841.00      3.22910E-04
  843.00      3.21690E-04
  845.00      3.20480E-04
  847.00      3.19440E-04
  849.00      3.18520E-04
  851.00      3.17350E-04
  853.00      3.16670E-04
  855.00      3.15540E-04
  857.00      3.14930E-04
  859.00      3.13900E-04
  861.00      3.13100E-04
  863.00      3.12980E-04
  865.00      3.11930E-04
  867.00      3.09730E-04
  869.00      3.10990E-04
  871.00      3.10750E-04
  873.00      3.09680E-04
  875.00      3.05580E-04
  877.00      3.07830E-04
  879.00      3.08760E-04
  881.00      3.08550E-04
  883.00      3.07670E-04
  885.00      3.03320E-04
  887.00      2.97890E-04
  889.00      3.03640E-04
  891.00      3.04160E-04
  893.00      3.03330E-04
  895.00      3.02340E-04
  897.00      3.00950E-04
  899.00      2.97970E-04
  901.00      2.87550E-04
  903.00      2.90480E-04
  905.00      2.95080E-04
  907.00      2.94870E-04
  909.00      2.93990E-04
  911.00      2.92410E-04
  913.00      2.91810E-04
  915.00      2.90840E-04
  917.00      2.89140E-04
  919.00      2.87180E-04
  921.00      2.82860E-04
  923.00      2.69400E-04
  925.00      2.79560E-04
  927.00      2.82300E-04
  929.00      2.82030E-04
  931.00      2.81210E-04
  933.00      2.79390E-04
  935.00      2.70950E-04
  937.00      2.76290E-04
  939.00      2.76410E-04
  941.00      2.75420E-04
  943.00      2.74410E-04
  945.00      2.73300E-04
  947.00      2.72220E-04
  949.00      2.70710E-04
  951.00      2.68670E-04
  953.00      2.63460E-04
  955.00      2.49750E-04
  957.00      2.62710E-04
  959.00      2.64710E-04
  961.00      2.64530E-04
  963.00      2.63500E-04
  965.00      2.62590E-04
  967.00      2.61550E-04
  969.00      2.60520E-04
  971.00      2.58640E-04
  973.00      2.58300E-04
  975.00      2.56840E-04
  977.00      2.54550E-04
  979.00      2.55370E-04
  981.00      2.54420E-04
  983.00      2.53310E-04
  985.00      2.52440E-04
  987.00      2.51450E-04
  989.00      2.50470E-04
  991.00      2.49470E-04
  993.00      2.48540E-04
  995.00      2.47580E-04
  997.00      2.46620E-04
  999.00      2.45520E-04
  1002.5      2.39210E-04
  1007.5      2.34680E-04
  1012.5      2.34490E-04
  1017.5      2.37110E-04
  1022.5      2.34890E-04
  1027.5      2.32590E-04
  1032.5      2.30390E-04
  1037.5      2.28370E-04
  1042.5      2.24750E-04
  1047.5      2.24200E-04
  1052.5      2.22140E-04
  1057.5      2.20130E-04
  1062.5      2.18130E-04
  1067.5      2.16160E-04
  1072.5      2.14220E-04
  1077.5      2.12300E-04
  1082.5      2.10130E-04
  1087.5      2.08260E-04
  1092.5      1.98150E-04
  1097.5      2.02610E-04
  1102.5      2.03070E-04
  1107.5      2.01310E-04
  1112.5      1.99560E-04
  1117.5      1.97980E-04
  1122.5      1.96250E-04
  1127.5      1.94550E-04
  1132.5      1.92880E-04
  1137.5      1.91270E-04
  1142.5      1.89660E-04
  1147.5      1.88060E-04
  1152.5      1.86480E-04
  1157.5      1.84870E-04
  1162.5      1.80690E-04
  1167.5      1.79880E-04
  1172.5      1.80320E-04
  1177.5      1.78870E-04
  1182.5      1.77350E-04
  1187.5      1.75930E-04
  1192.5      1.74510E-04
  1197.5      1.72960E-04
  1202.5      1.71710E-04
  1207.5      1.70310E-04
  1212.5      1.68910E-04
  1217.5      1.67610E-04
  1222.5      1.66280E-04
  1227.5      1.64970E-04
  1232.5      1.63660E-04
  1237.5      1.62380E-04
  1242.5      1.61110E-04
  1247.5      1.59860E-04
  1252.5      1.58610E-04
  1257.5      1.57380E-04
  1262.5      1.56180E-04
  1267.5      1.54980E-04
  1272.5      1.53780E-04
  1277.5      1.51790E-04
  1282.5      1.44260E-04
  1287.5      1.49890E-04
  1292.5      1.49180E-04
  1297.5      1.48060E-04
  1302.5      1.46960E-04
  1307.5      1.45870E-04
  1312.5      1.44780E-04
  1317.5      1.43710E-04
  1322.5      1.42650E-04
  1327.5      1.41610E-04
  1332.5      1.40570E-04
  1337.5      1.39550E-04
  1342.5      1.38530E-04
  1347.5      1.37530E-04
  1352.5      1.36540E-04
  1357.5      1.35560E-04
  1362.5      1.34590E-04
  1367.5      1.33630E-04
  1372.5      1.32670E-04
  1377.5      1.31730E-04
  1382.5      1.30810E-04
  1387.5      1.29880E-04
  1392.5      1.28970E-04
  1397.5      1.28070E-04
  1402.5      1.27180E-04
  1407.5      1.26300E-04
  1412.5      1.25420E-04
  1417.5      1.24550E-04
  1422.5      1.23700E-04
  1427.5      1.22860E-04
  1432.5      1.21960E-04
  1437.5      1.21160E-04
  1442.5      1.20370E-04
  1447.5      1.19550E-04
  1452.5      1.18750E-04
  1457.0      1.18030E-04
  1462.0      1.17280E-04
  1467.5      1.16420E-04
  1472.5      1.15550E-04
  1477.5      1.13350E-04
  1482.5      1.14100E-04
  1487.5      1.13380E-04
  1492.5      1.12640E-04
  1497.5      1.11910E-04
  1502.5      1.11180E-04
  1507.5      1.10450E-04
  1512.5      1.09740E-04
  1517.5      1.09040E-04
  1522.5      1.08340E-04
  1527.5      1.07640E-04
  1532.5      1.06950E-04
  1537.5      1.06270E-04
  1542.5      1.05580E-04
  1547.5      1.04920E-04
  1552.5      1.04250E-04
  1557.5      1.03570E-04
  1562.5      1.03010E-04
  1567.5      1.02270E-04
  1572.5      1.01600E-04
  1577.5      1.01190E-04
  1582.5      1.00490E-04
  1587.5      9.95940E-05
  1592.5      9.91450E-05
  1597.5      9.87740E-05
  1605.0      9.76830E-05
  1615.0      9.62850E-05
  1625.0      9.55120E-05
  1635.0      9.40820E-05
  1645.0      9.26420E-05
  1655.0      9.21240E-05
  1665.0      9.10370E-05
  1675.0      8.95740E-05
  1685.0      8.80860E-05
  1695.0      8.78910E-05
  1705.0      8.68430E-05
  1715.0      8.58880E-05
  1725.0      8.48730E-05
  1735.0      8.26240E-05
  1745.0      8.28150E-05
  1755.0      8.20690E-05
  1765.0      8.11550E-05
  1775.0      8.02530E-05
  1785.0      7.93690E-05
  1795.0      7.84980E-05
  1805.0      7.76340E-05
  1815.0      7.53500E-05
  1825.0      7.56560E-05
  1835.0      7.51520E-05
  1845.0      7.43490E-05
  1855.0      7.35700E-05
  1865.0      7.17230E-05
  1875.0      6.99410E-05
  1885.0      7.12470E-05
  1895.0      7.05360E-05
  1905.0      6.97950E-05
  1915.0      6.90860E-05
  1925.0      6.83780E-05
  1935.0      6.75970E-05
  1945.0      6.52900E-05
  1955.0      6.62290E-05
  1965.0      6.56490E-05
  1975.0      6.49930E-05
  1985.0      6.43450E-05
  1995.0      6.37060E-05
  2005.0      6.30800E-05
  2015.0      6.24610E-05
  2025.0      6.18510E-05
  2035.0      6.12500E-05
  2045.0      6.06570E-05
  2055.0      6.00690E-05
  2065.0      5.94980E-05
  2075.0      5.88560E-05
  2085.0      5.83650E-05
  2095.0      5.78200E-05
  2105.0      5.72760E-05
  2115.0      5.67330E-05
  2125.0      5.62120E-05
  2135.0      5.56900E-05
  2145.0      5.51750E-05
  2155.0      5.46130E-05
  2165.0      5.25680E-05
  2175.0      5.35410E-05
  2185.0      5.31870E-05
  2195.0      5.27070E-05
  2205.0      5.22340E-05
  2215.0      5.17660E-05
  2225.0      5.13050E-05
  2235.0      5.08490E-05
  2245.0      5.03990E-05
  2255.0      4.99560E-05
  2265.0      4.95190E-05
  2275.0      4.90870E-05
  2285.0      4.87090E-05
  2295.0      4.82870E-05
  2305.0      4.78710E-05
  2315.0      4.74610E-05
  2325.0      4.70560E-05
  2335.0      4.66560E-05
  2345.0      4.62600E-05
  2355.0      4.58700E-05
  2365.0      4.54860E-05
  2375.0      4.51050E-05
  2385.0      4.47290E-05
  2395.0      4.43580E-05
  2405.0      4.39910E-05
  2415.0      4.36300E-05
  2425.0      4.32670E-05
  2435.0      4.29180E-05
  2445.0      4.25700E-05
  2455.0      4.22250E-05
  2465.0      4.18840E-05
  2475.0      4.15430E-05
  2485.0      4.12150E-05
  2495.0      4.08860E-05
  2505.0      4.05620E-05
  2515.0      4.02410E-05
  2525.0      3.99240E-05
  2535.0      3.96110E-05
  2545.0      3.93010E-05
  2555.0      3.89950E-05
  2565.0      3.86680E-05
  2575.0      3.83930E-05
  2585.0      3.80980E-05
  2595.0      3.78050E-05
  2605.0      3.74810E-05
  2615.0      3.70580E-05
  2625.0      3.56670E-05
  2635.0      3.65570E-05
  2645.0      3.63920E-05
  2655.0      3.61190E-05
  2665.0      3.58270E-05
  2675.0      3.54180E-05
  2685.0      3.52950E-05
  2695.0      3.50570E-05
  2705.0      3.47990E-05
  2715.0      3.45440E-05
  2725.0      3.42910E-05
  2735.0      3.40410E-05
  2745.0      3.37800E-05
  2755.0      3.33140E-05
  2765.0      3.31870E-05
  2775.0      3.30670E-05
  2785.0      3.28300E-05
  2795.0      3.25960E-05
  2805.0      3.23640E-05
  2815.0      3.21350E-05
  2825.0      3.19080E-05
  2835.0      3.16830E-05
  2845.0      3.14610E-05
  2855.0      3.12400E-05
  2865.0      3.09030E-05
  2875.0      3.04460E-05
  2885.0      3.05560E-05
  2895.0      3.03830E-05
  2905.0      3.01750E-05
  2915.0      2.99680E-05
  2925.0      2.97630E-05
  2935.0      2.95610E-05
  2945.0      2.93600E-05
  2955.0      2.91620E-05
  2965.0      2.89650E-05
  2975.0      2.87710E-05
  2985.0      2.85780E-05
  2995.0      2.83870E-05
  3005.0      2.81980E-05
  3015.0      2.80110E-05
  3025.0      2.78070E-05
  3035.0      2.72640E-05
  3045.0      2.72230E-05
  3055.0      2.72710E-05
  3065.0      2.71040E-05
  3075.0      2.69280E-05
  3085.0      2.67530E-05
  3095.0      2.65800E-05
  3105.0      2.64090E-05
  3115.0      2.62390E-05
  3125.0      2.60710E-05
  3135.0      2.59050E-05
  3145.0      2.57400E-05
  3155.0      2.55770E-05
  3165.0      2.54150E-05
  3175.0      2.52550E-05
  3185.0      2.50970E-05
  3195.0      2.49390E-05
  3210.0      2.47060E-05
  3230.0      2.44000E-05
  3250.0      2.41000E-05
  3270.0      2.38050E-05
  3290.0      2.31660E-05
  3310.0      2.31570E-05
  3330.0      2.29640E-05
  3350.0      2.26900E-05
  3370.0      2.24210E-05
  3390.0      2.21560E-05
  3410.0      2.18960E-05
  3430.0      2.16410E-05
  3450.0      2.13890E-05
  3470.0      2.11430E-05
  3490.0      2.09000E-05
  3510.0      2.06610E-05
  3530.0      2.04270E-05
  3550.0      2.01960E-05
  3570.0      1.99700E-05
  3590.0      1.97470E-05
  3610.0      1.95270E-05
  3630.0      1.93120E-05
  3650.0      1.90990E-05
  3670.0      1.88910E-05
  3690.0      1.86850E-05
  3710.0      1.84810E-05
  3730.0      1.81220E-05
  3750.0      1.78470E-05
  3770.0      1.78960E-05
  3790.0      1.77070E-05
  3810.0      1.75200E-05
  3830.0      1.73360E-05
  3850.0      1.71550E-05
  3870.0      1.69770E-05
  3890.0      1.68020E-05
  3910.0      1.66290E-05
  3930.0      1.64590E-05
  3950.0      1.62920E-05
  3970.0      1.61270E-05
  3990.0      1.59650E-05
  4010.0      1.57940E-05
  4030.0      1.56240E-05
  4050.0      1.51760E-05
  4070.0      1.53330E-05
  4090.0      1.51880E-05
  4110.0      1.50390E-05
  4130.0      1.48920E-05
  4150.0      1.47480E-05
  4170.0      1.45530E-05
  4190.0      1.44660E-05
  4210.0      1.43280E-05
  4230.0      1.41910E-05
  4250.0      1.40570E-05
  4270.0      1.39250E-05
  4290.0      1.37930E-05
  4310.0      1.36650E-05
  4330.0      1.35380E-05
  4350.0      1.34120E-05
  4370.0      1.32180E-05
  4390.0      1.31400E-05
  4410.0      1.30470E-05
  4430.0      1.29280E-05
  4450.0      1.28110E-05
  4470.0      1.27000E-05
  4490.0      1.25860E-05
  4510.0      1.24730E-05
  4530.0      1.23620E-05
  4550.0      1.22530E-05
  4570.0      1.21450E-05
  4590.0      1.20380E-05
  4610.0      1.19320E-05
  4630.0      1.18210E-05
  4650.0      1.14250E-05
  4670.0      1.14850E-05
  4690.0      1.14990E-05
  4710.0      1.14260E-05
  4730.0      1.13290E-05
  4750.0      1.12330E-05
  4770.0      1.11380E-05
  4790.0      1.10440E-05
  4810.0      1.09510E-05
  4830.0      1.08600E-05
  4850.0      1.07690E-05
  4870.0      1.06800E-05
  4890.0      1.05920E-05
  4910.0      1.05050E-05
  4930.0      1.04190E-05
  4950.0      1.03340E-05
  4970.0      1.02500E-05
  4990.0      1.01670E-05
  5010.0      1.00850E-05
  5030.0      1.00040E-05
  5050.0      9.92430E-06
  5070.0      9.84520E-06
  5090.0      9.76700E-06
  5110.0      9.67070E-06
  5130.0      9.47330E-06
  5150.0      9.52580E-06
  5170.0      9.46370E-06
  5190.0      9.39010E-06
  5210.0      9.31730E-06
  5230.0      9.24530E-06
  5250.0      9.17420E-06
  5270.0      9.10380E-06
  5290.0      9.03430E-06
  5310.0      8.96560E-06
  5330.0      8.89760E-06
  5350.0      8.83040E-06
  5370.0      8.76390E-06
  5390.0      8.69820E-06
  5410.0      8.63320E-06
  5430.0      8.56900E-06
  5450.0      8.50540E-06
  5470.0      8.44250E-06
  5490.0      8.38030E-06
  5510.0      8.31880E-06
  5530.0      8.25790E-06
  5550.0      8.19780E-06
  5570.0      8.13830E-06
  5590.0      8.07940E-06
  5610.0      8.02110E-06
  5630.0      7.96350E-06
  5650.0      7.90650E-06
  5670.0      7.85010E-06
  5690.0      7.79420E-06
  5710.0      7.73880E-06
  5730.0      7.68430E-06
  5750.0      7.63030E-06
  5770.0      7.57680E-06
  5790.0      7.52390E-06
  5810.0      7.47140E-06
  5830.0      7.41950E-06
  5850.0      7.36970E-06
  5870.0      7.31880E-06
  5890.0      7.24580E-06
  5910.0      7.06420E-06
  5930.0      7.15400E-06
  5950.0      7.10630E-06
  5970.0      7.06760E-06
  5990.0      7.02450E-06
  6010.0      6.97720E-06
  6030.0      6.93040E-06
  6050.0      6.88400E-06
  6070.0      6.83810E-06
  6090.0      6.79260E-06
  6110.0      6.74760E-06
  6130.0      6.70300E-06
  6150.0      6.65890E-06
  6170.0      6.61520E-06
  6190.0      6.57190E-06
  6210.0      6.52900E-06
  6230.0      6.48650E-06
  6250.0      6.44440E-06
  6270.0      6.40040E-06
  6290.0      6.33400E-06
  6310.0      6.31500E-06
  6330.0      6.28020E-06
  6350.0      6.24020E-06
  6370.0      6.20050E-06
  6390.0      6.16120E-06
  6420.0      6.10290E-06
  6460.0      6.02650E-06
  6500.0      5.95150E-06
  6540.0      5.87780E-06
  6580.0      5.80550E-06
  6620.0      5.73450E-06
  6660.0      5.66480E-06
  6700.0      5.59630E-06
  6740.0      5.52520E-06
  6780.0      5.43610E-06
  6820.0      5.39810E-06
  6860.0      5.33440E-06
  6900.0      5.27180E-06
  6940.0      5.21020E-06
  6980.0      5.14970E-06
  7020.0      5.09030E-06
  7060.0      5.03190E-06
  7100.0      4.97440E-06
  7140.0      4.91800E-06
  7180.0      4.86240E-06
  7220.0      4.80780E-06
  7260.0      4.75410E-06
  7300.0      4.70130E-06
  7340.0      4.64940E-06
  7380.0      4.59830E-06
  7420.0      4.54610E-06
  7460.0      4.40410E-06
  7500.0      4.34890E-06
  7540.0      4.39250E-06
  7580.0      4.35500E-06
  7620.0      4.30870E-06
  7660.0      4.26310E-06
  7700.0      4.21820E-06
  7740.0      4.17390E-06
  7780.0      4.13040E-06
  7820.0      4.08760E-06
  7860.0      4.04540E-06
  7900.0      4.00390E-06
  7940.0      3.96290E-06
  7980.0      3.92260E-06
  8020.0      3.88300E-06
  8060.0      3.84390E-06
  8100.0      3.80530E-06
  8140.0      3.76730E-06
  8180.0      3.72990E-06
  8220.0      3.69320E-06
  8260.0      3.65690E-06
  8300.0      3.62110E-06
  8340.0      3.58590E-06
  8380.0      3.55110E-06
  8420.0      3.51690E-06
  8460.0      3.48310E-06
  8500.0      3.44980E-06
  8540.0      3.41700E-06
  8580.0      3.38470E-06
  8620.0      3.35280E-06
  8660.0      3.31630E-06
  8700.0      3.29020E-06
  8740.0      3.23670E-06
  8780.0      3.20680E-06
  8820.0      3.19980E-06
  8860.0      3.17050E-06
  8900.0      3.14160E-06
  8940.0      3.11300E-06
  8980.0      3.08480E-06
  9020.0      3.05700E-06
  9060.0      3.02960E-06
  9100.0      3.00260E-06
  9140.0      2.97580E-06
  9180.0      2.94950E-06
  9220.0      2.92350E-06
  9260.0      2.89780E-06
  9300.0      2.87250E-06
  9340.0      2.84740E-06
  9380.0      2.81360E-06
  9420.0      2.79560E-06
  9460.0      2.77440E-06
  9500.0      2.75060E-06
  9540.0      2.72720E-06
  9580.0      2.70400E-06
  9620.0      2.68120E-06
  9660.0      2.65860E-06
  9700.0      2.63630E-06
  9740.0      2.61430E-06
  9780.0      2.59260E-06
  9820.0      2.57110E-06
  9860.0      2.54990E-06
  9900.0      2.52890E-06
  9940.0      2.50820E-06
  9980.0      2.48780E-06
  10020.      2.46760E-06
  20000.      6.01310E-07
  40000.      1.45470E-07
  60000.      6.33760E-08
  80000.      3.51370E-08
 1.00000E+05  2.22320E-08
 1.20000E+05  1.52930E-08
 1.40000E+05  1.11450E-08
 1.60000E+05  8.47130E-09
