 Castelli and Kurucz 2004-2012 Atmosphere
 T     37000.     G    4.50000 [+0.2] N(He)/Ntot=0.07828 VTURB=2.0  L/H=1.25 NO
 Wavelength  Eddington Hnu
   (nm)    (ergs/s/cm2/Hz/sr)
  9.0900      1.12690E-27
  9.3500      4.87160E-27
  9.6100      1.94220E-26
  9.7700      4.45250E-26
  9.9600      1.14520E-25
  10.200      3.60720E-25
  10.380      8.27200E-25
  10.560      1.84870E-24
  10.770      4.57890E-24
  11.040      1.40290E-23
  11.400      5.78420E-23
  11.780      2.37040E-22
  12.130      8.08980E-22
  12.480      2.58770E-21
  12.710      5.37900E-21
  12.840      8.04540E-21
  13.050      1.51590E-20
  13.240      2.64820E-20
  13.390      4.07340E-20
  13.660      8.62510E-20
  13.980      2.03700E-19
  14.330      4.98310E-19
  14.720      1.27470E-18
  15.100      3.11670E-18
  15.520      7.87660E-18
  15.880      1.68180E-17
  16.200      3.19990E-17
  16.600      6.99570E-17
  17.030      1.54680E-16
  17.340      2.69150E-16
  17.680      4.85620E-16
  18.020      8.53010E-16
  18.170      1.09160E-15
  18.610      2.18240E-15
  19.100      4.55700E-15
  19.390      6.94280E-15
  19.840      1.30340E-14
  20.180      2.05130E-14
  20.500      3.11100E-14
  21.050      6.19200E-14
  21.620      1.20990E-13
  21.980      1.84030E-13
  22.300      2.62200E-13
  22.680      3.97990E-13
  23.000      2.41030E-10
  23.400      5.98990E-10
  24.000      8.76480E-10
  24.650      1.33490E-09
  25.240      2.19260E-09
  25.680      3.08680E-09
  26.000      4.55730E-09
  26.400      1.02800E-08
  26.850      1.60930E-08
  27.350      2.04540E-08
  27.850      2.17980E-08
  28.400      4.34470E-08
  29.000      6.02970E-08
  29.600      7.14070E-08
  30.100      1.59240E-07
  30.800      5.68710E-07
  31.800      7.62610E-07
  32.800      1.23660E-06
  33.800      1.96410E-06
  34.800      2.81790E-06
  35.700      6.74530E-06
  36.600      1.58780E-05
  37.500      2.03510E-05
  38.500      2.29860E-05
  39.500      4.34120E-05
  40.500      6.65130E-05
  41.400      6.42760E-05
  42.200      6.91860E-05
  43.000      6.66170E-05
  44.100      8.18640E-05
  45.100      8.68590E-05
  46.000      7.61350E-05
  47.000      8.57800E-05
  48.000      1.03420E-04
  49.000      8.37290E-05
  50.000      1.13440E-04
  50.600      1.11860E-04
  51.200      3.80740E-04
  52.000      3.64450E-04
  53.000      3.33560E-04
  54.000      3.04640E-04
  55.000      3.10100E-04
  56.000      4.39880E-04
  57.000      5.15670E-04
  58.000      5.01810E-04
  59.000      5.26280E-04
  60.000      4.05090E-04
  61.000      4.68360E-04
  62.000      6.17990E-04
  63.000      6.00690E-04
  64.000      6.60050E-04
  65.000      6.38620E-04
  65.800      5.28610E-04
  66.500      6.59670E-04
  67.500      7.58860E-04
  68.500      6.02270E-04
  69.500      7.81280E-04
  70.500      6.16430E-04
  71.600      8.58490E-04
  72.600      8.68780E-04
  73.500      8.94650E-04
  74.500      8.33710E-04
  75.500      8.48970E-04
  76.500      8.19270E-04
  77.500      8.93560E-04
  78.500      8.65660E-04
  79.500      9.43340E-04
  80.500      9.30250E-04
  81.500      9.47460E-04
  82.500      9.95310E-04
  83.500      8.21360E-04
  84.500      9.86000E-04
  85.500      9.76660E-04
  86.500      1.03100E-03
  87.500      1.04630E-03
  88.500      1.05890E-03
  89.500      1.07160E-03
  90.500      1.05460E-03
  91.500      9.19500E-04
  92.500      1.77850E-03
  93.500      2.61530E-03
  94.500      3.16430E-03
  95.500      3.52900E-03
  96.500      3.97770E-03
  97.500      2.42630E-03
  98.500      3.49190E-03
  99.500      3.13800E-03
  100.50      3.22130E-03
  101.50      3.44630E-03
  102.50      3.01080E-03
  103.50      3.59200E-03
  104.50      3.94100E-03
  105.50      3.84290E-03
  106.50      3.56530E-03
  107.50      3.65310E-03
  108.50      3.40980E-03
  109.50      3.63000E-03
  110.50      3.54220E-03
  111.50      3.54620E-03
  112.50      3.21520E-03
  113.50      3.52930E-03
  114.50      3.53870E-03
  115.50      3.33530E-03
  116.50      3.24030E-03
  117.50      2.51010E-03
  118.50      3.08540E-03
  119.50      3.00700E-03
  120.50      2.98090E-03
  121.50      2.49930E-03
  122.50      2.90130E-03
  123.50      3.06880E-03
  124.50      3.03140E-03
  125.50      3.05700E-03
  126.50      3.16240E-03
  127.50      3.28430E-03
  128.50      3.30930E-03
  129.50      3.24280E-03
  130.50      3.20640E-03
  131.50      3.34030E-03
  132.50      3.29860E-03
  133.50      3.25160E-03
  134.50      3.28450E-03
  135.50      3.19750E-03
  136.50      3.14160E-03
  137.50      3.06890E-03
  138.50      3.04750E-03
  139.50      2.78340E-03
  140.50      2.73380E-03
  141.50      3.07220E-03
  142.50      2.78730E-03
  143.50      2.99100E-03
  144.20      2.92060E-03
  144.70      2.93790E-03
  145.50      2.83560E-03
  146.50      2.84120E-03
  147.50      2.87010E-03
  148.50      2.91850E-03
  149.50      2.85540E-03
  150.50      2.86440E-03
  151.20      2.85640E-03
  151.70      2.86140E-03
  152.50      2.80010E-03
  153.50      2.53290E-03
  154.50      2.08780E-03
  155.50      2.16390E-03
  156.50      2.45880E-03
  157.50      2.58280E-03
  158.50      2.60090E-03
  159.50      2.62450E-03
  160.50      2.49210E-03
  161.50      2.42060E-03
  162.50      2.49650E-03
  163.50      2.51430E-03
  164.50      2.49800E-03
  165.50      2.56720E-03
  166.50      2.54330E-03
  167.20      2.37680E-03
  167.70      2.72510E-03
  168.50      2.64200E-03
  169.50      2.60020E-03
  170.50      2.58340E-03
  171.50      2.49050E-03
  172.50      2.44620E-03
  173.50      2.54820E-03
  174.50      2.54970E-03
  175.50      2.51760E-03
  176.50      2.50990E-03
  177.50      2.45720E-03
  178.50      2.50780E-03
  179.50      2.45630E-03
  180.50      2.45860E-03
  181.50      2.43770E-03
  182.50      2.40390E-03
  183.50      2.42770E-03
  184.50      2.40050E-03
  185.50      2.42060E-03
  186.50      2.42410E-03
  187.50      2.37540E-03
  188.50      2.33490E-03
  189.50      2.36130E-03
  190.50      2.38230E-03
  191.50      2.35820E-03
  192.50      2.24850E-03
  193.50      2.35630E-03
  194.50      2.36740E-03
  195.50      2.23300E-03
  196.70      2.31360E-03
  197.60      2.32340E-03
  198.40      2.31260E-03
  199.50      2.27410E-03
  200.50      2.31400E-03
  201.50      2.30430E-03
  202.50      2.29520E-03
  203.50      2.26090E-03
  204.50      2.23950E-03
  205.50      1.71520E-03
  206.50      1.65680E-03
  207.40      1.72270E-03
  207.80      1.74880E-03
  208.50      1.88950E-03
  209.50      2.08460E-03
  210.50      2.15100E-03
  211.50      2.18240E-03
  212.50      2.14880E-03
  213.50      2.15500E-03
  214.50      2.14110E-03
  215.50      2.15710E-03
  216.50      2.05670E-03
  217.50      2.14530E-03
  218.50      2.06990E-03
  219.50      2.14000E-03
  220.50      2.12570E-03
  221.50      2.03750E-03
  222.50      2.09530E-03
  223.50      2.08520E-03
  224.50      2.06120E-03
  225.50      1.99540E-03
  226.50      2.04470E-03
  227.50      2.04280E-03
  228.50      2.00510E-03
  229.50      1.89890E-03
  230.50      1.93060E-03
  231.50      1.95990E-03
  232.50      1.96990E-03
  233.50      1.95830E-03
  234.50      1.93660E-03
  235.50      1.91060E-03
  236.50      1.89470E-03
  237.50      1.86750E-03
  238.50      1.78600E-03
  239.50      1.83240E-03
  240.50      1.83950E-03
  241.50      1.83610E-03
  242.50      1.84200E-03
  243.50      1.82470E-03
  244.50      1.81660E-03
  245.50      1.80120E-03
  246.50      1.79460E-03
  247.50      1.79100E-03
  248.50      1.75490E-03
  249.50      1.43780E-03
  250.50      1.71870E-03
  251.30      1.63420E-03
  251.80      1.69150E-03
  252.50      1.72510E-03
  253.50      1.72970E-03
  254.50      1.71880E-03
  255.50      1.70580E-03
  256.50      1.69820E-03
  257.50      1.68790E-03
  258.50      1.67980E-03
  259.50      1.65230E-03
  260.50      1.66400E-03
  261.50      1.64100E-03
  262.50      1.64530E-03
  263.50      1.64090E-03
  264.50      1.62330E-03
  265.50      1.62030E-03
  266.50      1.60430E-03
  267.50      1.57260E-03
  268.50      1.58740E-03
  269.50      1.57180E-03
  270.50      1.57600E-03
  271.50      1.56000E-03
  272.50      1.55380E-03
  273.50      1.50870E-03
  274.50      1.54500E-03
  275.50      1.53320E-03
  276.50      1.52170E-03
  277.50      1.51980E-03
  278.50      1.50290E-03
  279.50      1.47540E-03
  280.50      1.48720E-03
  281.50      1.48520E-03
  282.50      1.47480E-03
  283.50      1.46600E-03
  284.50      1.46570E-03
  285.50      1.45580E-03
  286.50      1.43930E-03
  287.50      1.43500E-03
  288.50      1.43060E-03
  289.50      1.42200E-03
  291.00      1.40640E-03
  293.00      1.39940E-03
  295.00      1.38130E-03
  297.00      1.36510E-03
  299.00      1.34200E-03
  301.00      1.32650E-03
  303.00      1.30580E-03
  305.00      1.30210E-03
  307.00      1.29130E-03
  309.00      1.27960E-03
  311.00      1.27190E-03
  313.00      1.25650E-03
  315.00      1.24880E-03
  317.00      1.23440E-03
  319.00      1.22430E-03
  321.00      1.19530E-03
  323.00      1.20060E-03
  325.00      1.19250E-03
  327.00      1.16890E-03
  329.00      1.16560E-03
  331.00      1.15270E-03
  333.00      1.14090E-03
  335.00      1.12220E-03
  337.00      1.11670E-03
  339.00      1.11190E-03
  341.00      1.10040E-03
  343.00      1.09310E-03
  345.00      1.07560E-03
  347.00      1.07200E-03
  349.00      1.06360E-03
  351.00      1.05510E-03
  353.00      1.04430E-03
  355.00      1.03440E-03
  357.00      1.02700E-03
  359.00      1.01560E-03
  361.00      1.00380E-03
  363.00      9.95900E-04
  364.00      9.80190E-04
  365.00      9.05140E-04
  367.00      8.98970E-04
  369.00      8.92430E-04
  371.00      8.82360E-04
  373.00      8.88020E-04
  375.00      8.98420E-04
  377.00      9.00850E-04
  379.00      9.28470E-04
  381.00      9.49250E-04
  383.00      8.90500E-04
  385.00      9.55590E-04
  387.00      9.47380E-04
  389.00      8.60910E-04
  391.00      9.51310E-04
  393.00      9.33600E-04
  395.00      9.24960E-04
  397.00      8.26080E-04
  399.00      9.18060E-04
  401.00      9.10390E-04
  403.00      8.85940E-04
  405.00      8.99840E-04
  407.00      8.81520E-04
  409.00      8.46500E-04
  411.00      7.95360E-04
  413.00      8.60530E-04
  415.00      8.56530E-04
  417.00      8.56220E-04
  419.00      8.46150E-04
  421.00      8.32140E-04
  423.00      8.38410E-04
  425.00      8.27770E-04
  427.00      8.19930E-04
  429.00      8.13790E-04
  431.00      8.01870E-04
  433.00      7.67470E-04
  435.00      7.30230E-04
  437.00      7.85160E-04
  439.00      7.72880E-04
  441.00      7.70350E-04
  443.00      7.70180E-04
  445.00      7.63440E-04
  447.00      7.48020E-04
  449.00      7.52860E-04
  451.00      7.40450E-04
  453.00      7.37290E-04
  455.00      7.21910E-04
  457.00      7.29910E-04
  459.00      7.21990E-04
  461.00      7.18070E-04
  463.00      7.07980E-04
  465.00      6.81780E-04
  467.00      6.98710E-04
  469.00      6.79140E-04
  471.00      6.88990E-04
  473.00      6.92550E-04
  475.00      6.87420E-04
  477.00      6.82880E-04
  479.00      6.77690E-04
  481.00      6.72270E-04
  483.00      6.65920E-04
  485.00      6.43110E-04
  487.00      5.99460E-04
  489.00      6.50290E-04
  491.00      6.46900E-04
  493.00      6.37040E-04
  495.00      6.37590E-04
  497.00      6.35280E-04
  499.00      6.30990E-04
  501.00      6.20300E-04
  503.00      6.20260E-04
  505.00      6.15560E-04
  507.00      6.13280E-04
  509.00      6.09080E-04
  511.00      6.04790E-04
  513.00      6.00260E-04
  515.00      5.96150E-04
  517.00      5.91980E-04
  519.00      5.88150E-04
  521.00      5.84320E-04
  523.00      5.80590E-04
  525.00      5.74930E-04
  527.00      5.70920E-04
  529.00      5.68880E-04
  531.00      5.64950E-04
  533.00      5.61180E-04
  535.00      5.57600E-04
  537.00      5.53860E-04
  539.00      5.50080E-04
  541.00      5.37250E-04
  543.00      5.42930E-04
  545.00      5.39470E-04
  547.00      5.35780E-04
  549.00      5.32400E-04
  551.00      5.28380E-04
  553.00      5.25450E-04
  555.00      5.22250E-04
  557.00      5.18470E-04
  559.00      5.13660E-04
  561.00      5.12280E-04
  563.00      5.09000E-04
  565.00      5.05680E-04
  567.00      5.02240E-04
  569.00      4.91310E-04
  571.00      4.70590E-04
  573.00      4.67930E-04
  575.00      4.64940E-04
  577.00      4.62670E-04
  579.00      4.60030E-04
  581.00      4.55780E-04
  583.00      4.54870E-04
  585.00      4.54680E-04
  587.00      4.47060E-04
  589.00      4.52390E-04
  591.00      4.52000E-04
  593.00      4.51510E-04
  595.00      4.51410E-04
  597.00      4.51710E-04
  599.00      4.51600E-04
  601.00      4.50660E-04
  603.00      4.48400E-04
  605.00      4.46820E-04
  607.00      4.44330E-04
  609.00      4.42030E-04
  611.00      4.38930E-04
  613.00      4.36530E-04
  615.00      4.33910E-04
  617.00      4.30700E-04
  619.00      4.29330E-04
  621.00      4.27040E-04
  623.00      4.23380E-04
  625.00      4.21670E-04
  627.00      4.19590E-04
  629.00      4.17200E-04
  631.00      4.13040E-04
  633.00      4.12330E-04
  635.00      4.09860E-04
  637.00      4.07750E-04
  639.00      4.05280E-04
  641.00      4.01110E-04
  643.00      4.00840E-04
  645.00      3.98160E-04
  647.00      3.95670E-04
  649.00      3.93740E-04
  651.00      3.91040E-04
  653.00      3.86260E-04
  655.00      3.80540E-04
  657.00      3.51070E-04
  659.00      3.81520E-04
  661.00      3.80980E-04
  663.00      3.79000E-04
  665.00      3.76870E-04
  667.00      3.71510E-04
  669.00      3.67460E-04
  671.00      3.69820E-04
  673.00      3.67820E-04
  675.00      3.66000E-04
  677.00      3.64610E-04
  679.00      3.62670E-04
  681.00      3.60880E-04
  683.00      3.58930E-04
  685.00      3.56920E-04
  687.00      3.54820E-04
  689.00      3.49520E-04
  691.00      3.50800E-04
  693.00      3.49500E-04
  695.00      3.47630E-04
  697.00      3.45820E-04
  699.00      3.43970E-04
  701.00      3.41850E-04
  703.00      3.39480E-04
  705.00      3.38170E-04
  707.00      3.33410E-04
  709.00      3.35090E-04
  711.00      3.33250E-04
  713.00      3.31540E-04
  715.00      3.29940E-04
  717.00      3.25900E-04
  719.00      3.25270E-04
  721.00      3.24890E-04
  723.00      3.22700E-04
  725.00      3.21490E-04
  727.00      3.19950E-04
  729.00      3.16930E-04
  731.00      3.16490E-04
  733.00      3.15100E-04
  735.00      3.13520E-04
  737.00      3.11860E-04
  739.00      3.10390E-04
  741.00      3.08750E-04
  743.00      3.07320E-04
  745.00      3.05520E-04
  747.00      3.04070E-04
  749.00      3.01720E-04
  751.00      3.01130E-04
  753.00      2.99730E-04
  755.00      2.98270E-04
  757.00      2.96700E-04
  759.00      2.91730E-04
  761.00      2.93390E-04
  763.00      2.92330E-04
  765.00      2.90990E-04
  767.00      2.89690E-04
  769.00      2.87560E-04
  771.00      2.86560E-04
  773.00      2.84690E-04
  775.00      2.83960E-04
  777.00      2.82830E-04
  779.00      2.81390E-04
  781.00      2.80100E-04
  783.00      2.78770E-04
  785.00      2.76990E-04
  787.00      2.75870E-04
  789.00      2.74700E-04
  791.00      2.73630E-04
  793.00      2.72350E-04
  795.00      2.71140E-04
  797.00      2.69610E-04
  799.00      2.68550E-04
  801.00      2.67320E-04
  803.00      2.65840E-04
  805.00      2.64890E-04
  807.00      2.63650E-04
  809.00      2.62360E-04
  811.00      2.60970E-04
  813.00      2.60050E-04
  815.00      2.58740E-04
  817.00      2.57460E-04
  819.00      2.55500E-04
  821.00      2.47870E-04
  823.00      2.45360E-04
  825.00      2.45540E-04
  827.00      2.44360E-04
  829.00      2.43710E-04
  831.00      2.42810E-04
  833.00      2.41160E-04
  835.00      2.39840E-04
  837.00      2.39420E-04
  839.00      2.38700E-04
  841.00      2.37710E-04
  843.00      2.36800E-04
  845.00      2.35440E-04
  847.00      2.34980E-04
  849.00      2.34070E-04
  851.00      2.32460E-04
  853.00      2.32470E-04
  855.00      2.31230E-04
  857.00      2.31360E-04
  859.00      2.28880E-04
  861.00      2.28700E-04
  863.00      2.29790E-04
  865.00      2.27690E-04
  867.00      2.23690E-04
  869.00      2.27700E-04
  871.00      2.27910E-04
  873.00      2.25550E-04
  875.00      2.17690E-04
  877.00      2.22970E-04
  879.00      2.25700E-04
  881.00      2.25480E-04
  883.00      2.24210E-04
  885.00      2.17720E-04
  887.00      2.09940E-04
  889.00      2.20470E-04
  891.00      2.21390E-04
  893.00      2.20600E-04
  895.00      2.19760E-04
  897.00      2.18890E-04
  899.00      2.15730E-04
  901.00      2.02590E-04
  903.00      2.07900E-04
  905.00      2.14450E-04
  907.00      2.13600E-04
  909.00      2.13630E-04
  911.00      2.12980E-04
  913.00      2.12440E-04
  915.00      2.11660E-04
  917.00      2.10320E-04
  919.00      2.08940E-04
  921.00      2.03890E-04
  923.00      1.89310E-04
  925.00      2.02050E-04
  927.00      2.05390E-04
  929.00      2.05270E-04
  931.00      2.04330E-04
  933.00      2.03710E-04
  935.00      1.99630E-04
  937.00      2.01500E-04
  939.00      2.01380E-04
  941.00      2.00340E-04
  943.00      1.99670E-04
  945.00      1.98960E-04
  947.00      1.97740E-04
  949.00      1.97110E-04
  951.00      1.94770E-04
  953.00      1.89870E-04
  955.00      1.76370E-04
  957.00      1.90560E-04
  959.00      1.92760E-04
  961.00      1.92380E-04
  963.00      1.91420E-04
  965.00      1.91300E-04
  967.00      1.90610E-04
  969.00      1.89800E-04
  971.00      1.85820E-04
  973.00      1.87840E-04
  975.00      1.87510E-04
  977.00      1.86280E-04
  979.00      1.86150E-04
  981.00      1.85430E-04
  983.00      1.84670E-04
  985.00      1.83990E-04
  987.00      1.83290E-04
  989.00      1.82490E-04
  991.00      1.81620E-04
  993.00      1.81210E-04
  995.00      1.80540E-04
  997.00      1.79790E-04
  999.00      1.79010E-04
  1002.5      1.73090E-04
  1007.5      1.69570E-04
  1012.5      1.71920E-04
  1017.5      1.73010E-04
  1022.5      1.71340E-04
  1027.5      1.69720E-04
  1032.5      1.67780E-04
  1037.5      1.66690E-04
  1042.5      1.64750E-04
  1047.5      1.63680E-04
  1052.5      1.62180E-04
  1057.5      1.60720E-04
  1062.5      1.59280E-04
  1067.5      1.57770E-04
  1072.5      1.56470E-04
  1077.5      1.55070E-04
  1082.5      1.52660E-04
  1087.5      1.52080E-04
  1092.5      1.42780E-04
  1097.5      1.47540E-04
  1102.5      1.48070E-04
  1107.5      1.47100E-04
  1112.5      1.45860E-04
  1117.5      1.44660E-04
  1122.5      1.43390E-04
  1127.5      1.42190E-04
  1132.5      1.40950E-04
  1137.5      1.39790E-04
  1142.5      1.38630E-04
  1147.5      1.37480E-04
  1152.5      1.36350E-04
  1157.5      1.35160E-04
  1162.5      1.33100E-04
  1167.5      1.32360E-04
  1172.5      1.31910E-04
  1177.5      1.30840E-04
  1182.5      1.29720E-04
  1187.5      1.28710E-04
  1192.5      1.27670E-04
  1197.5      1.25720E-04
  1202.5      1.25660E-04
  1207.5      1.24630E-04
  1212.5      1.23590E-04
  1217.5      1.22690E-04
  1222.5      1.21720E-04
  1227.5      1.20780E-04
  1232.5      1.19820E-04
  1237.5      1.18900E-04
  1242.5      1.17980E-04
  1247.5      1.17070E-04
  1252.5      1.16030E-04
  1257.5      1.15240E-04
  1262.5      1.14390E-04
  1267.5      1.13540E-04
  1272.5      1.12670E-04
  1277.5      1.10530E-04
  1282.5      1.04690E-04
  1287.5      1.09740E-04
  1292.5      1.09330E-04
  1297.5      1.08160E-04
  1302.5      1.07680E-04
  1307.5      1.06920E-04
  1312.5      1.06140E-04
  1317.5      1.05360E-04
  1322.5      1.04590E-04
  1327.5      1.03830E-04
  1332.5      1.03070E-04
  1337.5      1.02330E-04
  1342.5      1.01550E-04
  1347.5      1.00860E-04
  1352.5      1.00130E-04
  1357.5      9.94370E-05
  1362.5      9.87150E-05
  1367.5      9.80320E-05
  1372.5      9.72950E-05
  1377.5      9.66590E-05
  1382.5      9.59830E-05
  1387.5      9.53130E-05
  1392.5      9.46300E-05
  1397.5      9.39950E-05
  1402.5      9.33240E-05
  1407.5      9.27050E-05
  1412.5      9.20630E-05
  1417.5      9.14320E-05
  1422.5      9.08170E-05
  1427.5      9.01970E-05
  1432.5      8.95850E-05
  1437.5      8.89810E-05
  1442.5      8.83890E-05
  1447.5      8.77970E-05
  1452.5      8.72090E-05
  1457.0      8.66860E-05
  1462.0      8.61140E-05
  1467.5      8.54910E-05
  1472.5      8.49100E-05
  1477.5      8.38830E-05
  1482.5      8.38200E-05
  1487.5      8.32810E-05
  1492.5      8.27420E-05
  1497.5      8.22070E-05
  1502.5      8.16730E-05
  1507.5      8.10800E-05
  1512.5      8.06320E-05
  1517.5      8.01170E-05
  1522.5      7.96080E-05
  1527.5      7.90940E-05
  1532.5      7.85860E-05
  1537.5      7.80970E-05
  1542.5      7.75710E-05
  1547.5      7.71150E-05
  1552.5      7.66180E-05
  1557.5      7.60650E-05
  1562.5      7.57190E-05
  1567.5      7.51210E-05
  1572.5      7.45790E-05
  1577.5      7.43520E-05
  1582.5      7.38610E-05
  1587.5      7.29320E-05
  1592.5      7.28470E-05
  1597.5      7.26080E-05
  1605.0      7.17850E-05
  1615.0      7.05680E-05
  1625.0      7.04020E-05
  1635.0      6.91480E-05
  1645.0      6.77880E-05
  1655.0      6.79320E-05
  1665.0      6.71370E-05
  1675.0      6.58490E-05
  1685.0      6.44210E-05
  1695.0      6.48250E-05
  1705.0      6.38630E-05
  1715.0      6.33660E-05
  1725.0      6.26040E-05
  1735.0      6.03030E-05
  1745.0      6.10610E-05
  1755.0      6.05670E-05
  1765.0      5.98960E-05
  1775.0      5.92330E-05
  1785.0      5.85820E-05
  1795.0      5.79480E-05
  1805.0      5.72980E-05
  1815.0      5.51070E-05
  1825.0      5.57680E-05
  1835.0      5.54940E-05
  1845.0      5.49040E-05
  1855.0      5.42960E-05
  1865.0      5.30980E-05
  1875.0      5.14220E-05
  1885.0      5.26040E-05
  1895.0      5.20910E-05
  1905.0      5.14400E-05
  1915.0      5.10330E-05
  1925.0      5.05140E-05
  1935.0      4.99190E-05
  1945.0      4.77780E-05
  1955.0      4.88780E-05
  1965.0      4.85100E-05
  1975.0      4.80290E-05
  1985.0      4.75510E-05
  1995.0      4.70820E-05
  2005.0      4.66240E-05
  2015.0      4.61700E-05
  2025.0      4.57220E-05
  2035.0      4.52800E-05
  2045.0      4.48380E-05
  2055.0      4.43690E-05
  2065.0      4.39930E-05
  2075.0      4.35710E-05
  2085.0      4.31650E-05
  2095.0      4.27600E-05
  2105.0      4.23590E-05
  2115.0      4.18740E-05
  2125.0      4.15780E-05
  2135.0      4.11940E-05
  2145.0      4.08110E-05
  2155.0      4.03930E-05
  2165.0      3.85700E-05
  2175.0      3.95880E-05
  2185.0      3.93420E-05
  2195.0      3.90020E-05
  2205.0      3.86530E-05
  2215.0      3.83090E-05
  2225.0      3.79680E-05
  2235.0      3.76350E-05
  2245.0      3.73040E-05
  2255.0      3.69780E-05
  2265.0      3.66560E-05
  2275.0      3.63390E-05
  2285.0      3.60870E-05
  2295.0      3.57830E-05
  2305.0      3.54670E-05
  2315.0      3.51710E-05
  2325.0      3.48750E-05
  2335.0      3.45780E-05
  2345.0      3.42870E-05
  2355.0      3.39990E-05
  2365.0      3.37150E-05
  2375.0      3.34350E-05
  2385.0      3.31600E-05
  2395.0      3.28840E-05
  2405.0      3.26130E-05
  2415.0      3.23470E-05
  2425.0      3.20700E-05
  2435.0      3.18250E-05
  2445.0      3.15650E-05
  2455.0      3.13130E-05
  2465.0      3.10430E-05
  2475.0      3.07580E-05
  2485.0      3.05680E-05
  2495.0      3.02630E-05
  2505.0      3.00860E-05
  2515.0      2.98500E-05
  2525.0      2.95320E-05
  2535.0      2.93670E-05
  2545.0      2.91560E-05
  2555.0      2.89040E-05
  2565.0      2.85900E-05
  2575.0      2.84680E-05
  2585.0      2.82680E-05
  2595.0      2.80520E-05
  2605.0      2.77560E-05
  2615.0      2.73580E-05
  2625.0      2.63150E-05
  2635.0      2.71020E-05
  2645.0      2.70080E-05
  2655.0      2.67930E-05
  2665.0      2.65550E-05
  2675.0      2.61310E-05
  2685.0      2.61520E-05
  2695.0      2.60240E-05
  2705.0      2.58330E-05
  2715.0      2.56450E-05
  2725.0      2.54580E-05
  2735.0      2.52730E-05
  2745.0      2.50630E-05
  2755.0      2.45530E-05
  2765.0      2.45630E-05
  2775.0      2.45540E-05
  2785.0      2.43790E-05
  2795.0      2.42070E-05
  2805.0      2.40350E-05
  2815.0      2.38660E-05
  2825.0      2.36980E-05
  2835.0      2.35320E-05
  2845.0      2.33680E-05
  2855.0      2.31980E-05
  2865.0      2.29060E-05
  2875.0      2.23980E-05
  2885.0      2.26830E-05
  2895.0      2.25720E-05
  2905.0      2.24170E-05
  2915.0      2.22650E-05
  2925.0      2.21140E-05
  2935.0      2.19640E-05
  2945.0      2.18150E-05
  2955.0      2.16690E-05
  2965.0      2.15240E-05
  2975.0      2.13800E-05
  2985.0      2.12370E-05
  2995.0      2.10960E-05
  3005.0      2.09570E-05
  3015.0      2.08170E-05
  3025.0      2.06590E-05
  3035.0      2.01000E-05
  3045.0      2.01480E-05
  3055.0      2.02660E-05
  3065.0      2.01460E-05
  3075.0      2.00150E-05
  3085.0      1.98860E-05
  3095.0      1.97600E-05
  3105.0      1.96330E-05
  3115.0      1.95080E-05
  3125.0      1.93840E-05
  3135.0      1.92610E-05
  3145.0      1.91390E-05
  3155.0      1.90180E-05
  3165.0      1.88980E-05
  3175.0      1.87800E-05
  3185.0      1.86630E-05
  3195.0      1.85470E-05
  3210.0      1.83740E-05
  3230.0      1.81480E-05
  3250.0      1.79260E-05
  3270.0      1.77070E-05
  3290.0      1.71360E-05
  3310.0      1.72030E-05
  3330.0      1.70900E-05
  3350.0      1.68890E-05
  3370.0      1.66900E-05
  3390.0      1.64940E-05
  3410.0      1.63010E-05
  3430.0      1.61120E-05
  3450.0      1.59260E-05
  3470.0      1.57430E-05
  3490.0      1.55630E-05
  3510.0      1.53860E-05
  3530.0      1.52130E-05
  3550.0      1.50420E-05
  3570.0      1.48740E-05
  3590.0      1.47080E-05
  3610.0      1.45460E-05
  3630.0      1.43860E-05
  3650.0      1.42290E-05
  3670.0      1.40740E-05
  3690.0      1.39220E-05
  3710.0      1.37580E-05
  3730.0      1.34660E-05
  3750.0      1.32510E-05
  3770.0      1.33370E-05
  3790.0      1.31960E-05
  3810.0      1.30490E-05
  3830.0      1.29140E-05
  3850.0      1.27880E-05
  3870.0      1.26560E-05
  3890.0      1.25260E-05
  3910.0      1.23680E-05
  3930.0      1.22720E-05
  3950.0      1.21480E-05
  3970.0      1.20250E-05
  3990.0      1.19050E-05
  4010.0      1.17600E-05
  4030.0      1.16130E-05
  4050.0      1.12920E-05
  4070.0      1.14350E-05
  4090.0      1.13290E-05
  4110.0      1.12180E-05
  4130.0      1.11040E-05
  4150.0      1.09980E-05
  4170.0      1.08140E-05
  4190.0      1.07850E-05
  4210.0      1.06900E-05
  4230.0      1.05890E-05
  4250.0      1.04870E-05
  4270.0      1.03910E-05
  4290.0      1.02840E-05
  4310.0      1.01990E-05
  4330.0      1.01040E-05
  4350.0      1.00110E-05
  4370.0      9.81850E-06
  4390.0      9.79490E-06
  4410.0      9.73970E-06
  4430.0      9.65170E-06
  4450.0      9.56480E-06
  4470.0      9.48400E-06
  4490.0      9.39940E-06
  4510.0      9.31560E-06
  4530.0      9.23340E-06
  4550.0      9.15200E-06
  4570.0      9.07170E-06
  4590.0      8.99240E-06
  4610.0      8.91260E-06
  4630.0      8.82870E-06
  4650.0      8.50060E-06
  4670.0      8.52660E-06
  4690.0      8.57990E-06
  4710.0      8.53770E-06
  4730.0      8.46540E-06
  4750.0      8.39380E-06
  4770.0      8.32330E-06
  4790.0      8.25360E-06
  4810.0      8.18470E-06
  4830.0      8.11670E-06
  4850.0      8.04950E-06
  4870.0      7.98310E-06
  4890.0      7.91760E-06
  4910.0      7.85280E-06
  4930.0      7.78890E-06
  4950.0      7.72570E-06
  4970.0      7.66320E-06
  4990.0      7.60150E-06
  5010.0      7.54050E-06
  5030.0      7.48030E-06
  5050.0      7.42080E-06
  5070.0      7.36190E-06
  5090.0      7.30370E-06
  5110.0      7.22700E-06
  5130.0      7.03320E-06
  5150.0      7.12080E-06
  5170.0      7.07790E-06
  5190.0      7.02320E-06
  5210.0      6.96900E-06
  5230.0      6.91540E-06
  5250.0      6.86240E-06
  5270.0      6.81000E-06
  5290.0      6.75830E-06
  5310.0      6.70710E-06
  5330.0      6.65650E-06
  5350.0      6.60640E-06
  5370.0      6.55680E-06
  5390.0      6.50780E-06
  5410.0      6.45950E-06
  5430.0      6.41170E-06
  5450.0      6.36430E-06
  5470.0      6.31750E-06
  5490.0      6.27110E-06
  5510.0      6.22520E-06
  5530.0      6.17620E-06
  5550.0      6.13510E-06
  5570.0      6.09080E-06
  5590.0      6.04690E-06
  5610.0      6.00350E-06
  5630.0      5.96050E-06
  5650.0      5.91800E-06
  5670.0      5.87590E-06
  5690.0      5.83420E-06
  5710.0      5.77880E-06
  5730.0      5.75230E-06
  5750.0      5.71210E-06
  5770.0      5.67220E-06
  5790.0      5.63270E-06
  5810.0      5.59370E-06
  5830.0      5.55500E-06
  5850.0      5.51850E-06
  5870.0      5.48060E-06
  5890.0      5.42330E-06
  5910.0      5.25470E-06
  5930.0      5.35190E-06
  5950.0      5.30680E-06
  5970.0      5.28340E-06
  5990.0      5.26110E-06
  6010.0      5.22590E-06
  6030.0      5.19090E-06
  6050.0      5.15630E-06
  6070.0      5.12210E-06
  6090.0      5.08810E-06
  6110.0      5.05450E-06
  6130.0      5.02130E-06
  6150.0      4.98830E-06
  6170.0      4.95570E-06
  6190.0      4.92340E-06
  6210.0      4.89140E-06
  6230.0      4.85970E-06
  6250.0      4.82830E-06
  6270.0      4.79090E-06
  6290.0      4.72380E-06
  6310.0      4.72530E-06
  6330.0      4.70580E-06
  6350.0      4.67590E-06
  6370.0      4.64630E-06
  6390.0      4.61690E-06
  6420.0      4.57340E-06
  6460.0      4.51640E-06
  6500.0      4.46030E-06
  6540.0      4.40540E-06
  6580.0      4.35140E-06
  6620.0      4.29830E-06
  6660.0      4.24630E-06
  6700.0      4.19520E-06
  6740.0      4.14000E-06
  6780.0      4.05980E-06
  6820.0      4.04710E-06
  6860.0      3.99960E-06
  6900.0      3.95280E-06
  6940.0      3.90680E-06
  6980.0      3.86160E-06
  7020.0      3.81720E-06
  7060.0      3.77350E-06
  7100.0      3.73060E-06
  7140.0      3.68840E-06
  7180.0      3.64690E-06
  7220.0      3.60610E-06
  7260.0      3.56600E-06
  7300.0      3.52650E-06
  7340.0      3.48770E-06
  7380.0      3.44950E-06
  7420.0      3.40690E-06
  7460.0      3.30080E-06
  7500.0      3.24570E-06
  7540.0      3.29390E-06
  7580.0      3.26770E-06
  7620.0      3.23300E-06
  7660.0      3.19890E-06
  7700.0      3.16540E-06
  7740.0      3.13230E-06
  7780.0      3.09850E-06
  7820.0      3.06770E-06
  7860.0      3.03620E-06
  7900.0      3.00510E-06
  7940.0      2.97450E-06
  7980.0      2.94440E-06
  8020.0      2.91470E-06
  8060.0      2.88540E-06
  8100.0      2.85660E-06
  8140.0      2.82430E-06
  8180.0      2.79910E-06
  8220.0      2.77270E-06
  8260.0      2.74560E-06
  8300.0      2.71880E-06
  8340.0      2.69240E-06
  8380.0      2.66640E-06
  8420.0      2.64080E-06
  8460.0      2.61560E-06
  8500.0      2.59070E-06
  8540.0      2.56610E-06
  8580.0      2.54190E-06
  8620.0      2.51800E-06
  8660.0      2.48420E-06
  8700.0      2.47020E-06
  8740.0      2.42440E-06
  8780.0      2.40240E-06
  8820.0      2.40350E-06
  8860.0      2.38150E-06
  8900.0      2.35990E-06
  8940.0      2.33850E-06
  8980.0      2.31740E-06
  9020.0      2.29660E-06
  9060.0      2.27610E-06
  9100.0      2.25580E-06
  9140.0      2.23580E-06
  9180.0      2.21610E-06
  9220.0      2.19660E-06
  9260.0      2.17740E-06
  9300.0      2.15840E-06
  9340.0      2.13960E-06
  9380.0      2.10670E-06
  9420.0      2.09840E-06
  9460.0      2.08490E-06
  9500.0      2.06710E-06
  9540.0      2.04950E-06
  9580.0      2.03220E-06
  9620.0      2.01510E-06
  9660.0      1.99820E-06
  9700.0      1.98140E-06
  9740.0      1.96500E-06
  9780.0      1.94870E-06
  9820.0      1.93260E-06
  9860.0      1.91670E-06
  9900.0      1.90100E-06
  9940.0      1.88550E-06
  9980.0      1.87010E-06
  10020.      1.85500E-06
  20000.      4.53540E-07
  40000.      1.09850E-07
  60000.      4.78680E-08
  80000.      2.65340E-08
 1.00000E+05  1.67870E-08
 1.20000E+05  1.15490E-08
 1.40000E+05  8.41790E-09
 1.60000E+05  6.40110E-09
