%
% R. L. Porter  G. J. Ferland  and K. B. MacAdam 2007  ApJ 657 327
%
% HeI Levels and ids
% Levels from NIST ADS, triples averaged
% id Ei (cm^-1) level
%
% Effective Recombination:
% upper lower
%   id    id vac l a b c d
%
%
% Collisional Contributions
% level id n a1 a2 a3 a4 a5 a6 b1 b2 b3 b4 b5 b6 c1 c2 c3 c4 c5 c6
%
Helium I Recombination Spectrum v5.2.0
He I Singlet System Levels nheis heisej(14)  heislvl(14)
14
01       0.000  1s1S
02  166277.440  2s1S
03  171134.897  2p1P
04  184864.829  3s1S
05  186104.967  3d1D
06  186209.365  3p1P
07  190940.226  4s1S
08  191446.456  4d1D
09  191451.897  4f1F
10  191492.712  4p1P
11  193663.512  5s1S
12  193918.290  5d1D
13  193921.131  5f1F
14  193942.462  5p1P
HeI Triplet System  Levels nheit heisej(13)  heislvl(14)
13
01  159855.974  2s3S
02  169086.910  2p3P
03  183236.792  3s3S
04  185564.602  3p3P
05  186101.546  3d3D
06  190298.113  4s3S
07  191217.057  4p3P
08  191444.485  4d3D
09  191451.881  4f3F
10  193346.991  5s3S
11  193800.716  5p3P
12  193917.154  5d3D
13  193921.121  5f3F
He I Singlet recombination lines effective recombination
15
03 02 20586.903 -6.5411E+04 -3.4797E+02  8.7844E+03  1.6613E+05
06 02 5017.0769 -1.3442E+05 -5.9029E+02  1.6033E+04  3.7142E+05
10 02 3965.8505 -6.2095E+04 -2.6386E+02  7.2700E+03  1.7424E+05
14 02 3614.6727 -3.0442E+04 -1.2890E+02  3.5599E+03  8.5434E+04
04 03 7283.3573  1.3544E+04  9.9057E+01 -1.8831E+03 -3.4394E+04
05 03 6679.9955  6.7315E+04  7.5157E+01 -4.7101E+03 -2.3610E+05
07 03 5049.1461  7.1813E+03  4.5389E+01 -9.5007E+02 -1.8788E+04
08 03 4923.3050 -6.1979E+03 -1.1414E+02  2.0047E+03 -8.6195E+03
11 03 4438.7993  3.7527E+03  2.2646E+01 -4.8794E+02 -9.9429E+03
12 03 4389.1619 -1.1349E+04 -8.7804E+01  1.8895E+03  1.9916E+04
10 04 15087.773 -3.3007E+03 -1.4026E+01  3.8644E+02  9.2617E+03
09 05 18702.320  2.9217E+04  9.3839E+01 -2.9404E+03 -8.6063E+04
13 05 12793.999  1.2480E+04  3.3619E+01 -1.1530E+03 -4.0523E+04
08 06 19094.569 -5.7257E+02 -1.0544E+01  1.8518E+02 -7.9601E+02
12 06 12971.977 -1.4362E+03 -1.1111E+01  2.3910E+02  2.5205E+03
He I Triplet recombination line effective recombination
18
02 01 10833.137 -3.9020E+05 -1.7846E+03  4.9448E+04  1.0443E+06
04 01 3889.7447 -6.0645E+05 -2.5058E+03  7.0181E+04  1.7184E+06
07 01 3188.6654 -2.3591E+05 -8.6438E+02  2.5969E+04  6.9653E+05
11 01 2945.9644 -1.1849E+05 -4.2559E+02  1.2913E+04  3.5306E+05
03 02 7067.1967  5.8675E+04  4.1954E+02 -8.2053E+03 -1.4565E+05
05 02 5877.2929  2.0620E+05  1.7479E+02 -1.3548E+04 -7.3492E+05
06 02 4714.4898  2.4264E+04  1.5802E+02 -3.2993E+03 -6.1132E+04
08 02 4472.7570 -3.5209E+04 -4.5168E+02  8.5367E+03  9.1635E+03
10 02 4121.9978  1.0266E+04  6.5524E+01 -1.3829E+03 -2.6154E+04
12 02 4027.3467 -4.8009E+04 -3.4233E+02  7.5849E+03  9.2951E+04
07 03 12530.912 -7.5547E+03 -2.7681E+01  8.3162E+02  2.2306E+04
11 03 9466.1794 -6.5519E+03 -2.3532E+01  7.1399E+02  1.9522E+04
06 04 21125.967  3.7041E+03  2.4122E+01 -5.0366E+02 -9.3323E+03
08 04 17007.141 -2.4898E+03 -3.1940E+01  6.0368E+02  6.4809E+02
12 04 11972.388 -4.8419E+03 -3.4526E+01  7.6497E+02  9.3744E+03
07 05 19548.389 -4.4053E+03 -1.6141E+01  4.8493E+02  1.3007E+04
09 05 18690.418  8.7712E+04  2.8178E+02 -8.8285E+03 -2.5836E+05
13 05 12788.418  3.7439E+04  1.0086E+02 -3.4590E+03 -1.2157E+05
HeI Singlet level collisonal contributions  nheiscr(14) heiscrA(6 14)  heiscrB(6 14)  heiscrC(6 14)
14
01 00  0.0000  0.0000  0.0000  0.0000  0.0000  0.0000  0.0000  0.0000  0.0000  0.0000  0.0000  0.0000  0.0000  0.0000  0.0000  0.0000  0.0000  0.0000
02 00  0.0000  0.0000  0.0000  0.0000  0.0000  0.0000  0.0000  0.0000  0.0000  0.0000  0.0000  0.0000  0.0000  0.0000  0.0000  0.0000  0.0000  0.0000
03 00  0.0000  0.0000  0.0000  0.0000  0.0000  0.0000  0.0000  0.0000  0.0000  0.0000  0.0000  0.0000  0.0000  0.0000  0.0000  0.0000  0.0000  0.0000
04 02 17.4945  0.5015  0.0000  0.0000  0.0000  0.0000 -1.4946 -1.1724  0.0000  0.0000  0.0000  0.0000 -3.5982 -4.5518  0.0000  0.0000  0.0000  0.0000
05 06  0.4340  0.1942  0.1263  0.0549  0.0785  0.0935 -0.7808 -0.7687 -1.1108  1.8948  2.0453  2.0461 -3.7766 -4.5459 -4.9012 -4.9013 -5.0942 -5.0942
06 05  2.8310  0.8019  0.4130  0.2782  0.1912  0.0000 -1.0005 -1.3326 -1.0703 -1.3273 -1.0948  0.0000 -3.7917 -4.4724 -4.5452 -4.8641 -4.9008  0.0000
07 02 17.4301  0.3277  0.0000  0.0000  0.0000  0.0000 -1.5851 -1.3035  0.0000  0.0000  0.0000  0.0000 -4.4724 -4.9043  0.0000  0.0000  0.0000  0.0000
08 04  2.5507  0.3106  0.0739  0.0399  0.0000  0.0000 -0.8404 -0.8657  2.0732  2.0304  0.0000  0.0000 -4.5452 -4.9012 -5.0942 -5.0942  0.0000  0.0000
09 04  0.9680  0.2817  0.1045  0.1885  0.0000  0.0000 -0.6405 -0.9699  2.3128  2.3128  0.0000  0.0000 -4.5459 -4.9013 -5.0942 -5.0942  0.0000  0.0000
10 05  2.8275  0.5209  0.2236  0.0641  0.0385  0.0000 -0.9962 -1.3550 -1.1224  1.8784  1.8788  0.0000 -4.5518 -4.8641 -4.9008 -5.0730 -5.0940  0.0000
11 01 17.8299  0.0000  0.0000  0.0000  0.0000  0.0000 -1.5992  0.0000  0.0000  0.0000  0.0000  0.0000 -4.8641  0.0000  0.0000  0.0000  0.0000  0.0000
12 02  2.7165  0.0841  0.0000  0.0000  0.0000  0.0000 -0.9041  2.0783  0.0000  0.0000  0.0000  0.0000 -4.9008 -5.0942  0.0000  0.0000  0.0000  0.0000
13 02  1.5158  0.1860  0.0000  0.0000  0.0000  0.0000 -0.6943  2.2606  0.0000  0.0000  0.0000  0.0000 -4.9012 -5.0942  0.0000  0.0000  0.0000  0.0000
14 03  3.4972  0.1006  0.0413  0.0000  0.0000  0.0000 -1.0841  1.8740  1.8744  0.0000  0.0000  0.0000 -4.9043 -5.0730 -5.0940  0.0000  0.0000  0.0000
HeI Triplet level collisonal contributions  nheitcr(14) heitcrA(6 14)  heitcrB(6 14)  heitcrC(6 14)
13
01 00  0.0000  0.0000  0.0000  0.0000  0.0000  0.0000  0.0000  0.0000  0.0000  0.0000  0.0000  0.0000  0.0000  0.0000  0.0000  0.0000  0.0000  0.0000
02 00  0.0000  0.0000  0.0000  0.0000  0.0000  0.0000  0.0000  0.0000  0.0000  0.0000  0.0000  0.0000  0.0000  0.0000  0.0000  0.0000  0.0000  0.0000
03 03 37.2702  2.6982  0.9598  0.0000  0.0000  0.0000 -1.2670 -1.2918 -1.3903  0.0000  0.0000  0.0000 -3.3640 -3.6989 -4.5122  0.0000  0.0000  0.0000
04 05  8.9027  1.0004  0.5387  0.3533  0.2345  0.0000 -1.0970 -1.0491 -0.5550 -1.1615 -0.6632  0.0000 -3.6989 -4.3800 -4.5449 -4.8186 -4.9006  0.0000
05 05  6.7937  0.1808  1.3478  0.4792  0.2950  0.0000 -0.1116 -0.8306 -0.4017 -0.4062 -0.8224  0.0000 -3.7761 -4.5122 -4.5459 -4.9012 -4.9013  0.0000
06 02 29.1613  1.2121  0.0000  0.0000  0.0000  0.0000 -1.3278 -1.4745  0.0000  0.0000  0.0000  0.0000 -4.3800 -4.5122  0.0000  0.0000  0.0000  0.0000
07 03  8.5965  0.6886  0.2282  0.0000  0.0000  0.0000 -1.2591 -1.2274 -0.7294  0.0000  0.0000  0.0000 -4.5122 -4.8186 -4.9006  0.0000  0.0000  0.0000
08 03  4.4397  0.1341  0.7546  0.0000  0.0000  0.0000 -0.2954 -0.7331 -0.5041  0.0000  0.0000  0.0000 -4.5449 -4.8839 -4.9012  0.0000  0.0000  0.0000
09 04  3.1027  0.6790  0.0348  0.0629  0.0000  0.0000 -0.2421 -0.6626  2.3128  2.3128  0.0000  0.0000 -4.5459 -4.9013 -5.0942 -5.0942  0.0000  0.0000
10 02 33.8477  0.4717  0.0000  0.0000  0.0000  0.0000 -1.4584 -1.2851  0.0000  0.0000  0.0000  0.0000 -4.8186 -4.8839  0.0000  0.0000  0.0000  0.0000
11 01  5.7783  0.0000  0.0000  0.0000  0.0000  0.0000 -1.0686  0.0000  0.0000  0.0000  0.0000  0.0000 -4.8839  0.0000  0.0000  0.0000  0.0000  0.0000
12 01  4.0162  0.0000  0.0000  0.0000  0.0000  0.0000 -0.4399  0.0000  0.0000  0.0000  0.0000  0.0000 -4.9006  0.0000  0.0000  0.0000  0.0000  0.0000
13 02  3.8606  0.0621  0.0000  0.0000  0.0000  0.0000 -0.3120  2.2606  0.0000  0.0000  0.0000  0.0000 -4.9012 -5.0942  0.0000  0.0000  0.0000  0.0000
