 WMBASIC, Moont, Westmoquette 2004 (Pauldrach 2003) after SNC 2002
 Z/Z0 0.20 Teff 30.20 logg 4.00 R/R0 9.53 R 6.6282E+11
   Wavelength   Eddington Hnu
 (Angstroms) (erg/s/cm2/Hz/sr)
 5.00000000E+01 8.14873370E-52
 5.39979250E+01 7.56362260E-49
 5.86907500E+01 4.37347430E-46
 6.42768940E+01 1.41382180E-43
 6.72896990E+01 1.72279690E-42
 7.05988270E+01 1.84115300E-41
 7.23785180E+01 5.76740530E-41
 7.42502560E+01 1.76719520E-40
 7.42530130E+01 1.84238980E-40
 8.28169820E+01 1.33944070E-38
 8.60000000E+01 5.05848100E-38
 9.36183240E+01 7.55350580E-37
 9.96000000E+01 4.18723260E-36
 1.03800000E+02 1.17822090E-35
 1.07659770E+02 2.80814470E-35
 1.16388060E+02 2.36451060E-34
 1.21300000E+02 3.39046880E-33
 1.26656480E+02 1.54089030E-31
 1.26657280E+02 1.54176610E-31
 1.27447660E+02 2.69224880E-31
 1.27448480E+02 2.69377990E-31
 1.29343070E+02 1.00280810E-30
 1.31295690E+02 3.75433900E-30
 1.33308180E+02 1.40969070E-29
 1.34337740E+02 2.73362730E-29
 1.35383330E+02 5.30291640E-29
 1.35384240E+02 5.30597400E-29
 1.37200850E+02 1.63907530E-28
 1.39067840E+02 5.06931540E-28
 1.39068810E+02 5.07224160E-28
 1.40058470E+02 9.11795750E-28
 1.41063320E+02 1.64014650E-27
 1.41064320E+02 1.64109360E-27
 1.44205920E+02 9.76166910E-27
 1.47491730E+02 5.80980040E-26
 1.50930770E+02 3.45590900E-25
 1.52711150E+02 8.42566320E-25
 1.54534020E+02 2.05353630E-24
 1.54535210E+02 2.04690650E-24
 1.57236080E+02 7.37505160E-24
 1.60034310E+02 2.65586160E-23
 1.60035590E+02 2.65771090E-23
 1.60224390E+02 2.89288770E-23
 1.60225670E+02 2.89455530E-23
 1.62147230E+02 6.78170780E-23
 1.64116780E+02 1.58878070E-22
 1.64118130E+02 4.22643230E-24
 1.65325350E+02 7.04733830E-24
 1.66551860E+02 1.17549890E-23
 1.66553240E+02 1.17617400E-23
 1.68739650E+02 2.87263410E-23
 1.70985680E+02 7.01396250E-23
 1.70987140E+02 6.14312900E-23
 1.71113420E+02 6.45464300E-23
 1.71114880E+02 5.12896790E-23
 1.71458910E+02 5.86665200E-23
 1.71460380E+02 2.74795020E-23
 1.72433830E+02 4.00729070E-23
 1.72435320E+02 1.47471850E-24
 1.75831390E+02 5.37627660E-24
 1.79365540E+02 1.96070500E-23
 1.79367150E+02 1.96166250E-23
 1.80916590E+02 3.40396470E-23
 1.80918230E+02 3.40592800E-23
 1.83985820E+02 9.86335940E-23
 1.87160980E+02 2.85580010E-22
 1.87162730E+02 2.85513710E-22
 1.88738970E+02 4.77440320E-22
 1.88740750E+02 4.77715400E-22
 1.89790130E+02 6.69433440E-22
 1.90853060E+02 9.38523120E-22
 1.90854880E+02 9.39059370E-22
 1.92241740E+02 1.45085780E-21
 1.92243590E+02 1.44552750E-21
 1.93566170E+02 2.17588000E-21
 1.93568040E+02 2.17713190E-21
 1.94617540E+02 2.99941980E-21
 1.94619430E+02 2.96516730E-21
 1.94836520E+02 3.16710930E-21
 1.94838420E+02 3.16893210E-21
 1.95961030E+02 4.44453720E-21
 1.97098590E+02 6.23617760E-21
 1.97100530E+02 6.23976340E-21
 1.98877180E+02 1.05045920E-20
 2.00688160E+02 1.76869620E-20
 2.00690170E+02 1.76971150E-20
 2.01029230E+02 1.94890520E-20
 2.01031250E+02 1.95002390E-20
 2.01590960E+02 2.28488060E-20
 2.01592990E+02 2.28619170E-20
 2.02358650E+02 2.83539110E-20
 2.02360700E+02 2.83701740E-20
 2.02518850E+02 2.96538960E-20
 2.02520900E+02 2.96709030E-20
 2.06041210E+02 7.80043590E-20
 2.09688270E+02 2.04817810E-19
 2.13466760E+02 5.36729310E-19
 2.15407540E+02 8.68165110E-19
 2.17383930E+02 1.40347590E-18
 2.17386300E+02 1.40427420E-18
 2.19479890E+02 2.31234550E-18
 2.19482300E+02 2.31365160E-18
 2.22379990E+02 4.53830250E-18
 2.25357750E+02 8.89566600E-18
 2.25360290E+02 8.90070030E-18
 2.25609880E+02 9.40905610E-18
 2.25612420E+02 4.28289480E-18
 2.25845330E+02 4.51100250E-18
 2.25847880E+02 3.50982070E-18
 2.26991880E+02 4.52891170E-18
 2.26994450E+02 4.53149860E-18
 2.27837820E+02 5.45893970E-18
 2.27840410E+02 3.37218720E-12
 2.28062080E+02 3.45289240E-12
 2.28506890E+02 3.55157360E-12
 2.28952570E+02 2.24307090E-12
 2.29399110E+02 6.38939310E-15
 2.29846530E+02 4.18466510E-15
 2.30294820E+02 7.82932670E-14
 2.30721440E+02 6.37876970E-15
 2.30743990E+02 2.40246510E-15
 2.31194030E+02 2.57152420E-13
 2.31644950E+02 2.33303640E-12
 2.32096740E+02 1.39851610E-13
 2.32549420E+02 1.24122200E-11
 2.33002980E+02 6.55132730E-12
 2.33457430E+02 3.83241100E-14
 2.33678980E+02 1.51948260E-13
 2.33681710E+02 1.53378900E-13
 2.33912760E+02 2.77180830E-13
 2.34368990E+02 1.31004620E-11
 2.34826100E+02 7.90848560E-12
 2.34985870E+02 7.58185410E-12
 2.35284100E+02 6.93945130E-12
 2.35742990E+02 7.14048540E-12
 2.36202790E+02 7.00079680E-12
 2.36307460E+02 5.46854490E-12
 2.36310250E+02 5.18637760E-12
 2.36663470E+02 1.90989330E-14
 2.37125060E+02 1.74342930E-12
 2.37587540E+02 8.17968470E-12
 2.37749710E+02 6.84819730E-12
 2.37752530E+02 6.82593840E-12
 2.38050930E+02 4.26013920E-12
 2.38515230E+02 3.35611760E-12
 2.38980420E+02 9.72957180E-12
 2.39446530E+02 7.90759460E-12
 2.39913540E+02 8.72699900E-12
 2.40381470E+02 9.20359450E-12
 2.40641950E+02 1.06754970E-11
 2.40850300E+02 1.18999680E-11
 2.41320060E+02 9.66535990E-12
 2.41790720E+02 7.89321390E-12
 2.42262310E+02 6.56537970E-15
 2.42734820E+02 5.61121030E-13
 2.43208240E+02 6.15178610E-12
 2.43605420E+02 1.00319570E-11
 2.43608390E+02 1.00690580E-11
 2.43682590E+02 1.08247870E-11
 2.44157870E+02 8.92142260E-12
 2.44634070E+02 4.93159150E-12
 2.45111210E+02 1.61801930E-11
 2.45413770E+02 1.55534540E-11
 2.45416780E+02 1.55470330E-11
 2.45589270E+02 1.51685250E-11
 2.46068260E+02 1.43949060E-11
 2.46548190E+02 1.55547460E-11
 2.47029060E+02 1.05140390E-11
 2.47510860E+02 1.26523140E-11
 2.47579110E+02 1.23708940E-11
 2.47582170E+02 1.23590600E-11
 2.47993600E+02 1.05789390E-11
 2.48477290E+02 4.06187760E-11
 2.48961910E+02 3.78048150E-11
 2.49447490E+02 2.79057650E-11
 2.49834420E+02 2.64044180E-11
 2.49837540E+02 2.63596650E-11
 2.49934010E+02 2.59650350E-11
 2.50421470E+02 6.62863170E-12
 2.50909890E+02 7.76663670E-12
 2.51399270E+02 1.78440510E-11
 2.51553820E+02 2.21125730E-11
 2.51889590E+02 3.17620380E-11
 2.52380880E+02 3.45896970E-11
 2.52873120E+02 3.70875930E-11
 2.53297040E+02 3.63617180E-11
 2.53300250E+02 3.63260360E-11
 2.53366320E+02 3.62036760E-11
 2.53860480E+02 3.66094590E-11
 2.54355610E+02 2.49298340E-11
 2.54600830E+02 2.71712670E-11
 2.54604070E+02 2.65756000E-11
 2.54851700E+02 2.88682710E-11
 2.55348760E+02 2.89425530E-13
 2.55846790E+02 6.91133520E-13
 2.56345790E+02 8.81106130E-11
 2.56735220E+02 5.71815760E-11
 2.56845760E+02 4.80286080E-11
 2.57346710E+02 4.80066630E-11
 2.57848640E+02 5.28162180E-11
 2.58351550E+02 5.31985960E-11
 2.58855430E+02 5.81090000E-11
 2.58905710E+02 5.75235960E-11
 2.58909060E+02 5.31208420E-11
 2.59360300E+02 4.80431490E-11
 2.59866150E+02 4.15116070E-11
 2.60372990E+02 4.64699850E-11
 2.60880820E+02 6.63423130E-11
 2.61010740E+02 6.29802950E-11
 2.61014140E+02 6.21075140E-11
 2.61378120E+02 5.23951910E-11
 2.61381530E+02 3.62958710E-11
 2.61389640E+02 3.61407110E-11
 2.61899450E+02 4.73260530E-12
 2.62410260E+02 1.23042990E-11
 2.62922060E+02 2.25496200E-12
 2.63434860E+02 7.51044580E-12
 2.63948660E+02 1.53904900E-11
 2.64463470E+02 1.40017770E-10
 2.64575530E+02 2.05383260E-10
 2.64979270E+02 4.50246170E-10
 2.65496090E+02 6.46178900E-11
 2.66013910E+02 1.43751140E-12
 2.66532740E+02 1.41405220E-11
 2.67052580E+02 6.77826860E-11
 2.67573440E+02 8.81571920E-11
 2.67852140E+02 8.41573820E-11
 2.68095310E+02 8.04948500E-11
 2.68618200E+02 6.96439800E-11
 2.69142110E+02 6.48155730E-11
 2.69667040E+02 8.22460200E-11
 2.70193000E+02 9.96772930E-11
 2.70719980E+02 9.38023460E-11
 2.71210930E+02 8.09849480E-11
 2.71247990E+02 7.99747530E-11
 2.71777030E+02 8.73450270E-11
 2.72307100E+02 1.05161460E-10
 2.72838200E+02 1.10340450E-10
 2.72922110E+02 1.09345240E-10
 2.73370350E+02 1.03745620E-10
 2.73903520E+02 1.08077230E-10
 2.74437740E+02 6.36401040E-11
 2.74655030E+02 6.64242780E-11
 2.74658800E+02 6.35805660E-11
 2.74973000E+02 6.75498690E-11
 2.75509310E+02 3.69301500E-10
 2.76046660E+02 1.62076660E-10
 2.76585060E+02 8.19943870E-11
 2.77124500E+02 7.99280880E-11
 2.77383510E+02 1.19436350E-10
 2.77665010E+02 1.63966430E-10
 2.78206560E+02 1.63139570E-10
 2.78749170E+02 1.44714090E-10
 2.79292840E+02 7.32638150E-11
 2.79837570E+02 9.10730320E-11
 2.80166740E+02 1.53230370E-10
 2.80170670E+02 1.66425410E-10
 2.80383360E+02 2.11416270E-10
 2.80930220E+02 2.14533010E-10
 2.81478140E+02 1.90575430E-10
 2.82027140E+02 1.05420890E-09
 2.82577200E+02 1.65940030E-10
 2.83128330E+02 3.27042160E-10
 2.83305060E+02 3.56959190E-10
 2.83680540E+02 4.22694490E-10
 2.84233830E+02 2.94213940E-10
 2.84788200E+02 2.27681120E-10
 2.85343650E+02 2.14786790E-10
 2.85900180E+02 2.47607180E-10
 2.86457800E+02 3.52702120E-10
 2.86514480E+02 3.49141780E-10
 2.86518580E+02 3.48855900E-10
 2.87016500E+02 3.16206170E-10
 2.87576290E+02 2.76762720E-10
 2.88137180E+02 3.52018730E-10
 2.88699160E+02 3.79777560E-10
 2.89262230E+02 4.80435780E-10
 2.89826410E+02 3.81499330E-10
 2.90391680E+02 1.15472270E-10
 2.90958060E+02 4.66381950E-10
 2.91525540E+02 3.99576030E-10
 2.92094130E+02 5.40637610E-10
 2.92663830E+02 1.31448280E-09
 2.92892620E+02 9.93674650E-10
 2.93234640E+02 4.96629790E-10
 2.93806560E+02 4.88349980E-10
 2.94379600E+02 4.68824550E-10
 2.94953750E+02 5.60263220E-10
 2.95529020E+02 1.88819470E-09
 2.96000000E+02 1.05427620E-09
 2.96105420E+02 8.60915780E-10
 2.96682940E+02 6.29131410E-10
 2.97261590E+02 6.24889680E-10
 2.97841370E+02 5.74525740E-10
 2.98422270E+02 6.23512430E-10
 2.99004310E+02 5.62460880E-10
 2.99561200E+02 8.12861990E-10
 2.99565690E+02 7.12756120E-10
 2.99587490E+02 7.21614520E-10
 2.99930480E+02 6.42304790E-10
 2.99934970E+02 6.41241380E-10
 3.00171800E+02 5.84385560E-10
 3.00757250E+02 5.10241060E-10
 3.01343850E+02 6.93735470E-10
 3.01931580E+02 6.61869830E-10
 3.02520470E+02 2.66084650E-12
 3.03110500E+02 6.95984610E-11
 3.03701680E+02 1.00569570E-09
 3.04294020E+02 8.88336520E-10
 3.04887510E+02 3.63518270E-11
 3.05482160E+02 6.21930040E-10
 3.06077970E+02 1.53907600E-09
 3.06534360E+02 1.14663800E-09
 3.06674940E+02 1.02149080E-09
 3.07273080E+02 9.67687420E-10
 3.07872380E+02 9.23007940E-10
 3.08472850E+02 1.03089850E-09
 3.09074490E+02 4.01455160E-10
 3.09677310E+02 1.78845820E-09
 3.10281300E+02 1.83324620E-09
 3.10886470E+02 9.01489910E-10
 3.11492820E+02 2.91183150E-09
 3.12100350E+02 3.52211340E-09
 3.12709070E+02 3.44636410E-09
 3.13318970E+02 2.48593440E-09
 3.13435610E+02 2.16853020E-09
 3.13440520E+02 2.15487090E-09
 3.13588740E+02 1.74546710E-09
 3.13593660E+02 1.73177300E-09
 3.13930070E+02 7.77460020E-10
 3.14542350E+02 5.21026340E-09
 3.15155830E+02 3.31181200E-09
 3.15770510E+02 1.67976260E-09
 3.16351530E+02 1.59235990E-09
 3.16386390E+02 1.58689240E-09
 3.17003460E+02 2.11647530E-09
 3.17621740E+02 1.76305240E-09
 3.18241230E+02 1.84620100E-09
 3.18861920E+02 1.78097640E-09
 3.19163430E+02 1.82102460E-09
 3.19168530E+02 1.82040080E-09
 3.19483830E+02 1.86307450E-09
 3.20106950E+02 7.81168720E-10
 3.20731280E+02 1.87662440E-09
 3.20800100E+02 1.77088560E-09
 3.20805250E+02 1.76294910E-09
 3.21356830E+02 8.87259150E-10
 3.21983600E+02 1.54153890E-09
 3.22611600E+02 3.26420590E-09
 3.23240810E+02 5.22384550E-08
 3.23871260E+02 2.64873330E-08
 3.24233030E+02 1.35112020E-08
 3.24502930E+02 3.52129950E-09
 3.25135840E+02 2.53598500E-09
 3.25769980E+02 1.47418590E-09
 3.26405360E+02 2.24909030E-09
 3.27041980E+02 2.62415430E-09
 3.27679840E+02 2.32212370E-09
 3.27740230E+02 2.48409000E-09
 3.27745600E+02 2.49853890E-09
 3.27954120E+02 3.06516450E-09
 3.27959500E+02 3.07933880E-09
 3.28318940E+02 4.08249900E-09
 3.28839200E+02 2.46791180E-09
 3.28844600E+02 2.45066350E-09
 3.28959290E+02 2.08336180E-09
 3.29600890E+02 2.85265760E-09
 3.30243740E+02 1.38812230E-09
 3.30887840E+02 2.94212850E-09
 3.31533200E+02 3.38410630E-09
 3.32179820E+02 6.30940860E-09
 3.32827700E+02 4.01161170E-09
 3.33476850E+02 3.83859570E-09
 3.34127260E+02 4.14768120E-09
 3.34778940E+02 3.53651800E-09
 3.35234000E+02 3.19830980E-09
 3.35431880E+02 3.04628530E-09
 3.36086110E+02 4.60213570E-09
 3.36741610E+02 3.49961530E-09
 3.37398380E+02 3.30632500E-09
 3.38056440E+02 5.18731400E-09
 3.38715780E+02 4.53126680E-09
 3.39376410E+02 6.24962440E-09
 3.40038330E+02 5.08026010E-09
 3.40701540E+02 4.28206230E-09
 3.41366040E+02 6.31337720E-09
 3.41882450E+02 6.12992150E-09
 3.41888290E+02 6.10588090E-09
 3.42031830E+02 6.05290290E-09
 3.42698930E+02 6.11992420E-09
 3.43367320E+02 6.35225940E-09
 3.44037020E+02 6.25896150E-09
 3.44708030E+02 5.90037230E-09
 3.45380350E+02 8.98389780E-09
 3.46053970E+02 7.56457200E-09
 3.46728910E+02 7.50906530E-09
 3.46988970E+02 7.62497850E-09
 3.47405170E+02 7.81361290E-09
 3.48082740E+02 7.71500300E-09
 3.48761640E+02 8.23805300E-09
 3.49441860E+02 8.68203730E-09
 3.50123410E+02 8.17171250E-09
 3.50806290E+02 9.04841840E-09
 3.51490500E+02 8.66114760E-09
 3.52176040E+02 9.54291730E-09
 3.52250350E+02 9.53514650E-09
 3.52256560E+02 9.53267170E-09
 3.52412100E+02 9.51591240E-09
 3.52418310E+02 8.61493730E-09
 3.52862920E+02 8.56580740E-09
 3.53551140E+02 9.28909640E-09
 3.54240700E+02 9.05345040E-09
 3.54931610E+02 6.19706320E-09
 3.55623860E+02 6.15934810E-09
 3.56317470E+02 1.04467130E-08
 3.56692090E+02 1.06373300E-08
 3.57012430E+02 1.08026880E-08
 3.57708740E+02 1.03072410E-08
 3.58406410E+02 2.49844250E-08
 3.59105440E+02 1.29700860E-08
 3.59805840E+02 1.19682560E-08
 3.60507600E+02 1.16245780E-08
 3.61077310E+02 1.27421980E-08
 3.61210730E+02 1.30100120E-08
 3.61915230E+02 1.28482280E-08
 3.62621110E+02 1.09273420E-08
 3.63328360E+02 1.44636080E-08
 3.64036990E+02 1.37062310E-08
 3.64747010E+02 1.24091040E-08
 3.65458410E+02 1.55768970E-08
 3.65571700E+02 1.54009240E-08
 3.66171190E+02 1.44396570E-08
 3.66885370E+02 1.60695420E-08
 3.67600940E+02 1.66707550E-08
 3.67861110E+02 1.61588110E-08
 3.68317900E+02 1.52320900E-08
 3.69036270E+02 1.72309740E-08
 3.69756030E+02 1.80974660E-08
 3.70179390E+02 1.80172170E-08
 3.70186240E+02 1.80043820E-08
 3.70477200E+02 1.79449020E-08
 3.71199770E+02 1.65530340E-08
 3.71923760E+02 2.22670670E-08
 3.72649160E+02 2.07858420E-10
 3.73375970E+02 4.96438080E-09
 3.74104190E+02 6.67603360E-08
 3.74833840E+02 5.26480890E-08
 3.75564920E+02 2.48290870E-08
 3.76297410E+02 2.30667900E-08
 3.77031340E+02 2.35073680E-08
 3.77652630E+02 2.17641160E-08
 3.77766700E+02 2.14345980E-08
 3.78503490E+02 2.04618670E-08
 3.79241720E+02 1.57583790E-08
 3.79981390E+02 2.67717080E-08
 3.80722500E+02 2.71774920E-08
 3.81465060E+02 2.79690600E-08
 3.82209060E+02 2.86325270E-08
 3.82954520E+02 2.95621030E-08
 3.83701430E+02 1.72190280E-08
 3.84449800E+02 2.99667180E-08
 3.85199620E+02 2.10773020E-09
 3.85433840E+02 2.41633300E-08
 3.85441270E+02 2.48686380E-08
 3.85950910E+02 7.40614650E-08
 3.86703670E+02 4.30617410E-08
 3.87457890E+02 3.72910160E-08
 3.88213590E+02 3.49205620E-08
 3.88970750E+02 6.23909150E-08
 3.89193040E+02 5.52082510E-08
 3.89200620E+02 5.36633410E-08
 3.89729400E+02 3.65522880E-08
 3.90489520E+02 3.85603160E-08
 3.91251130E+02 3.83109490E-08
 3.92014220E+02 5.89725540E-08
 3.92778800E+02 3.97999670E-08
 3.93544870E+02 4.06296030E-08
 3.94312440E+02 3.83325540E-08
 3.95081500E+02 3.56636000E-08
 3.95852060E+02 4.80169630E-08
 3.96624130E+02 4.49534610E-08
 3.97046770E+02 4.60955300E-08
 3.97397700E+02 4.70594760E-08
 3.98172780E+02 4.05271220E-08
 3.98949370E+02 4.95710490E-08
 3.99727480E+02 5.27209630E-08
 4.00507110E+02 5.29525750E-08
 4.01288250E+02 5.40415850E-08
 4.02070920E+02 5.49325740E-08
 4.02855110E+02 5.62222290E-08
 4.03640840E+02 5.51085260E-08
 4.04428100E+02 5.88366880E-08
 4.05216890E+02 7.27385280E-08
 4.05223990E+02 7.26435100E-08
 4.05232200E+02 7.25436240E-08
 4.06007220E+02 6.19011600E-08
 4.06799090E+02 6.17403170E-08
 4.07592510E+02 6.57948310E-08
 4.08106300E+02 6.67198380E-08
 4.08387470E+02 6.72303040E-08
 4.09183990E+02 6.87060330E-08
 4.09982050E+02 6.93988950E-08
 4.10781680E+02 7.27661960E-08
 4.11029910E+02 7.30717680E-08
 4.11038350E+02 7.24759340E-08
 4.11582860E+02 7.31399440E-08
 4.12385610E+02 7.48352240E-08
 4.13189920E+02 7.64983780E-08
 4.13995800E+02 7.79431190E-08
 4.14803260E+02 8.08222540E-08
 4.15612290E+02 8.24575280E-08
 4.16422890E+02 8.39472740E-08
 4.17235080E+02 8.78961790E-08
 4.18048850E+02 8.43186170E-08
 4.18050540E+02 8.43830520E-08
 4.18864210E+02 1.15966880E-07
 4.19681160E+02 7.32681670E-08
 4.20499700E+02 9.54356950E-08
 4.21319840E+02 9.91887870E-08
 4.22000000E+02 9.98466250E-08
 4.22141570E+02 9.99815980E-08
 4.22964910E+02 1.00028780E-07
 4.23789860E+02 1.06306310E-07
 4.24616420E+02 1.03726780E-07
 4.25315190E+02 1.07063950E-07
 4.25444580E+02 1.07690640E-07
 4.26274370E+02 1.14136700E-07
 4.27105770E+02 1.10489250E-07
 4.27938790E+02 1.18462650E-07
 4.28773440E+02 1.21221830E-07
 4.29609710E+02 1.27443200E-07
 4.30447620E+02 1.25304310E-07
 4.31287160E+02 1.28885750E-07
 4.32128340E+02 1.30468420E-07
 4.32836770E+02 1.37125520E-07
 4.32971160E+02 1.38409200E-07
 4.33815620E+02 1.25537560E-07
 4.34661730E+02 1.36507010E-07
 4.35509490E+02 1.48757550E-07
 4.36358900E+02 1.49966090E-07
 4.36698220E+02 1.49883810E-07
 4.37209970E+02 1.49733120E-07
 4.38062700E+02 1.52306320E-07
 4.38917090E+02 1.58832920E-07
 4.39773150E+02 1.66508310E-07
 4.40629180E+02 1.55153480E-07
 4.40630880E+02 1.55130400E-07
 4.40638890E+02 1.55205310E-07
 4.41490280E+02 1.63813440E-07
 4.42351360E+02 1.70011700E-07
 4.43214120E+02 1.80572690E-07
 4.43332170E+02 1.80876390E-07
 4.43342000E+02 1.80899680E-07
 4.44078560E+02 1.82793700E-07
 4.44944690E+02 1.83187320E-07
 4.45812500E+02 1.85365410E-07
 4.46543000E+02 1.94535940E-07
 4.46552970E+02 1.94649550E-07
 4.46682010E+02 1.96295380E-07
 4.47553210E+02 1.90971990E-07
 4.48426120E+02 1.97952490E-07
 4.49300720E+02 1.66398000E-07
 4.49716120E+02 1.58281380E-07
 4.49726230E+02 1.58080590E-07
 4.50177030E+02 1.49072490E-07
 4.51055050E+02 1.92481610E-07
 4.51934790E+02 3.46482610E-07
 4.52816240E+02 2.84518490E-07
 4.52875170E+02 2.81624000E-07
 4.52885420E+02 2.81119480E-07
 4.53699400E+02 2.40271990E-07
 4.54584290E+02 2.36590750E-07
 4.55470910E+02 2.43759820E-07
 4.56359260E+02 2.11861490E-07
 4.56474270E+02 2.16079510E-07
 4.57249340E+02 2.45019970E-07
 4.58141150E+02 1.87873010E-06
 4.59034700E+02 3.46362510E-07
 4.59930000E+02 5.23010270E-07
 4.60131030E+02 4.83579070E-07
 4.60141610E+02 4.81492800E-07
 4.60500780E+02 4.10128100E-07
 4.60511380E+02 4.07968220E-07
 4.60827040E+02 3.44282090E-07
 4.61725830E+02 2.75722260E-07
 4.62626380E+02 2.90271490E-07
 4.63528680E+02 2.91387370E-07
 4.63872020E+02 2.88038710E-07
 4.63882780E+02 2.87932680E-07
 4.64432740E+02 2.82423770E-07
 4.65338570E+02 2.81956560E-07
 4.66246160E+02 3.13024960E-07
 4.67155520E+02 3.14311650E-07
 4.68011200E+02 3.24115190E-07
 4.68066660E+02 3.24758240E-07
 4.68979570E+02 3.11517860E-07
 4.69894260E+02 3.42675390E-07
 4.70810740E+02 3.47788610E-07
 4.71729000E+02 3.49604370E-07
 4.72224910E+02 3.47674770E-07
 4.72236060E+02 3.47630110E-07
 4.72649060E+02 3.45958050E-07
 4.73570910E+02 3.65230550E-07
 4.74494560E+02 3.79034180E-07
 4.75420010E+02 4.49905480E-07
 4.76347260E+02 3.90226510E-07
 4.77276320E+02 4.00175310E-07
 4.78207200E+02 4.12639530E-07
 4.78684420E+02 4.15364460E-07
 4.79139890E+02 4.17970110E-07
 4.80074400E+02 4.29506510E-07
 4.81010730E+02 4.35904060E-07
 4.81948890E+02 4.47060440E-07
 4.82888880E+02 4.27880430E-07
 4.83830700E+02 4.63105060E-07
 4.84774360E+02 4.71320190E-07
 4.85323100E+02 4.78485280E-07
 4.85334880E+02 4.78455740E-07
 4.85719850E+02 4.83531830E-07
 4.86667200E+02 2.46662970E-07
 4.87616390E+02 4.07580060E-08
 4.88083090E+02 1.24648820E-07
 4.88567430E+02 2.13255170E-07
 4.89520330E+02 4.60518500E-07
 4.90475080E+02 6.51502820E-07
 4.90874640E+02 7.41058710E-07
 4.90886690E+02 7.43736600E-07
 4.91431700E+02 8.67993850E-07
 4.92390180E+02 6.04822400E-07
 4.93350540E+02 5.40363050E-07
 4.94312760E+02 5.69165170E-07
 4.95263790E+02 5.65763800E-07
 4.95276860E+02 5.65714750E-07
 4.96242850E+02 5.97696680E-07
 4.97210710E+02 5.40441040E-07
 4.98180470E+02 6.14790510E-07
 4.99152110E+02 5.96269450E-07
 4.99732140E+02 6.06645610E-07
 4.99744630E+02 6.06870430E-07
 5.00125660E+02 6.13760250E-07
 5.01101100E+02 6.45265180E-07
 5.02078440E+02 6.48380960E-07
 5.03057690E+02 6.75665360E-07
 5.04038840E+02 6.69765050E-07
 5.04273720E+02 6.48902820E-07
 5.04286430E+02 8.25884070E-06
 5.05021920E+02 8.29718230E-06
 5.06006910E+02 4.43145300E-08
 5.06993820E+02 3.24800480E-07
 5.07982650E+02 2.44235580E-06
 5.08589050E+02 7.36102140E-06
 5.08601990E+02 8.13949890E-06
 5.08973420E+02 1.14362570E-05
 5.09966110E+02 1.08431370E-05
 5.10960750E+02 9.26857280E-06
 5.11957320E+02 7.15728530E-06
 5.12052960E+02 7.29241830E-06
 5.12066070E+02 7.31105330E-06
 5.12955830E+02 8.57353200E-06
 5.13956300E+02 1.02798360E-05
 5.14958710E+02 1.12414590E-05
 5.15963080E+02 8.11731360E-06
 5.16969410E+02 4.19494030E-06
 5.17977700E+02 5.16644690E-06
 5.18987960E+02 4.65903720E-06
 5.20000190E+02 9.73172970E-06
 5.21014390E+02 4.13787060E-06
 5.22030580E+02 5.80093860E-06
 5.22811300E+02 8.11158120E-06
 5.23048740E+02 8.81752960E-06
 5.24068890E+02 4.05274040E-06
 5.25091030E+02 4.83261750E-06
 5.26115160E+02 1.18303600E-05
 5.27141290E+02 8.73481050E-06
 5.28169420E+02 1.23135570E-05
 5.29199550E+02 1.11226920E-05
 5.30000000E+02 7.91912450E-06
 5.30231700E+02 6.98728250E-06
 5.31265860E+02 1.26280880E-05
 5.32302030E+02 1.30385690E-05
 5.33340230E+02 1.29545690E-05
 5.34031420E+02 7.17985110E-06
 5.34045680E+02 7.06044060E-06
 5.34380450E+02 4.24912870E-06
 5.35422700E+02 9.27163120E-06
 5.36466980E+02 8.15262140E-06
 5.37513300E+02 9.96887770E-06
 5.38561660E+02 1.25887450E-05
 5.39612070E+02 3.85248590E-06
 5.40664520E+02 2.35896610E-06
 5.41719030E+02 3.82160820E-06
 5.42775590E+02 3.01573720E-06
 5.43834220E+02 2.80499290E-06
 5.44894900E+02 3.13059410E-06
 5.44984220E+02 3.87402310E-06
 5.45957660E+02 1.20202940E-05
 5.47022490E+02 4.64738100E-06
 5.48089400E+02 2.75406480E-06
 5.49158390E+02 1.36582290E-05
 5.50000000E+02 1.26404130E-05
 5.50229460E+02 1.23613500E-05
 5.51302620E+02 3.66600270E-06
 5.52377880E+02 1.09741410E-05
 5.53455230E+02 1.25472640E-06
 5.54534680E+02 1.36238490E-06
 5.55616240E+02 1.51526600E-05
 5.56395710E+02 1.52984380E-05
 5.56411190E+02 1.53013440E-05
 5.56699910E+02 1.53556150E-05
 5.57785690E+02 1.40458590E-05
 5.58873590E+02 1.56450540E-05
 5.59963610E+02 1.24171780E-05
 5.61055760E+02 1.56823000E-05
 5.62150040E+02 1.51128450E-05
 5.63246450E+02 1.59969090E-05
 5.64345000E+02 1.59202360E-05
 5.65161420E+02 1.58765170E-05
 5.65445690E+02 1.58611510E-05
 5.66548530E+02 1.20034610E-05
 5.67653520E+02 1.64841550E-05
 5.68760670E+02 1.59121660E-05
 5.69869970E+02 1.55145140E-05
 5.70981440E+02 1.70667640E-05
 5.72095080E+02 1.67983790E-05
 5.73210880E+02 1.54870020E-05
 5.74207740E+02 6.77204770E-06
 5.74224220E+02 6.63271100E-06
 5.74328870E+02 5.71144100E-06
 5.75449030E+02 1.77325860E-05
 5.76571380E+02 1.38271910E-05
 5.77695920E+02 5.14542230E-06
 5.78822650E+02 1.73226020E-05
 5.79498500E+02 1.19425660E-05
 5.79515290E+02 1.18083960E-05
 5.79951580E+02 8.31370740E-06
 5.81082720E+02 1.09824920E-05
 5.82216050E+02 1.78834420E-05
 5.83351600E+02 1.43849320E-05
 5.83639650E+02 1.44987150E-05
 5.84489360E+02 1.48362320E-05
 5.85629350E+02 7.53270780E-06
 5.86771550E+02 1.46037130E-05
 5.87840400E+02 1.87911770E-05
 5.87857680E+02 1.88592920E-05
 5.87915980E+02 1.90891230E-05
 5.89062650E+02 1.93349920E-05
 5.90211550E+02 1.94793360E-05
 5.91362690E+02 1.95260660E-05
 5.92516080E+02 1.93379510E-05
 5.93671720E+02 2.03117990E-05
 5.94829610E+02 1.11222870E-05
 5.95989760E+02 1.88745460E-05
 5.97152170E+02 1.68149030E-05
 5.98316850E+02 7.01490640E-06
 5.99483800E+02 1.78019820E-05
 6.00653030E+02 2.47345910E-05
 6.01824540E+02 2.12622370E-05
 6.02998330E+02 1.51478800E-05
 6.03379230E+02 1.70738690E-05
 6.04174410E+02 2.11197730E-05
 6.05352790E+02 1.07480700E-05
 6.06533460E+02 1.13587300E-05
 6.07716440E+02 7.66482830E-06
 6.08901720E+02 7.50416760E-06
 6.10089320E+02 1.32470920E-05
 6.11279230E+02 2.21529050E-05
 6.12471460E+02 7.40492030E-06
 6.13666020E+02 2.32931550E-05
 6.14862910E+02 2.25487310E-05
 6.16062130E+02 7.89140100E-06
 6.17263690E+02 1.83939140E-05
 6.18467590E+02 2.38045680E-05
 6.19673850E+02 2.42021310E-05
 6.19761850E+02 2.42135740E-05
 6.20882450E+02 2.43596230E-05
 6.22093420E+02 1.46462350E-05
 6.23306740E+02 2.47437710E-05
 6.24522430E+02 2.18345130E-05
 6.25000000E+02 2.26454590E-05
 6.25740490E+02 2.39104750E-05
 6.26960930E+02 2.21441470E-05
 6.28183750E+02 2.46873150E-05
 6.29408950E+02 2.60812440E-05
 6.30636540E+02 2.58340260E-05
 6.31866530E+02 2.55547310E-05
 6.33098920E+02 2.29012530E-05
 6.34333710E+02 2.55009180E-05
 6.35570900E+02 2.72295170E-05
 6.36810520E+02 1.16426560E-05
 6.37058930E+02 1.46710710E-05
 6.38052540E+02 2.68605420E-05
 6.39297000E+02 2.86021220E-05
 6.40543870E+02 2.77045070E-05
 6.41793180E+02 9.31288510E-06
 6.43044930E+02 2.82502160E-05
 6.44299120E+02 2.68838200E-05
 6.45555750E+02 2.77795350E-05
 6.46074650E+02 2.47267960E-05
 6.46814840E+02 2.03443990E-05
 6.48076380E+02 1.93098750E-05
 6.49340380E+02 2.89702680E-05
 6.50606850E+02 1.74027840E-05
 6.51875780E+02 3.00139420E-05
 6.53147200E+02 2.99838580E-05
 6.54421090E+02 1.47979890E-05
 6.55349220E+02 2.57254440E-05
 6.55370700E+02 2.59807940E-05
 6.55697460E+02 2.98524680E-05
 6.56976330E+02 2.63937380E-05
 6.58257690E+02 2.52377180E-05
 6.59541550E+02 2.39989070E-05
 6.60827910E+02 2.37051000E-05
 6.62116780E+02 3.15549070E-05
 6.63408170E+02 3.43116310E-05
 6.64702070E+02 2.82890120E-05
 6.65523740E+02 2.97369470E-05
 6.65998500E+02 3.05784380E-05
 6.67297460E+02 2.04121170E-05
 6.68598950E+02 3.34111310E-05
 6.69902980E+02 3.26826880E-05
 6.71209550E+02 3.37454980E-05
 6.72518670E+02 3.41299530E-05
 6.73830340E+02 3.28666320E-05
 6.75144570E+02 3.42640070E-05
 6.76019170E+02 3.29590870E-05
 6.76042020E+02 3.29244290E-05
 6.76461370E+02 3.22945380E-05
 6.77780730E+02 3.54254960E-05
 6.79102670E+02 2.50459930E-05
 6.80427180E+02 3.55736520E-05
 6.81098690E+02 3.54572420E-05
 6.81754280E+02 3.53423900E-05
 6.83083970E+02 3.83887800E-06
 6.84416250E+02 4.58947710E-05
 6.85751130E+02 3.26608880E-04
 6.86255130E+02 2.67196520E-04
 6.86278680E+02 2.64414020E-04
 6.87088610E+02 1.68346050E-04
 6.88428700E+02 2.46313620E-05
 6.89771400E+02 3.81045430E-05
 6.91116730E+02 3.80504640E-05
 6.92464670E+02 3.82682230E-05
 6.93815250E+02 3.90608620E-05
 6.94942120E+02 2.72193790E-05
 6.95168460E+02 2.48265970E-05
 6.96524310E+02 3.82824350E-05
 6.97882800E+02 3.79547140E-05
 6.99243940E+02 4.01166610E-05
 7.00000000E+02 1.80141150E-05
 7.00607740E+02 1.41140170E-07
 7.01974200E+02 1.37548260E-06
 7.03343320E+02 2.76290160E-05
 7.03851860E+02 3.56345220E-05
 7.04715120E+02 4.93039390E-05
 7.06089590E+02 4.16226560E-05
 7.07466740E+02 3.99927180E-05
 7.08846570E+02 4.17983360E-05
 7.10229100E+02 4.27473680E-05
 7.11614320E+02 4.30834070E-05
 7.12993030E+02 4.29317430E-05
 7.13002250E+02 4.29307160E-05
 7.14392880E+02 4.36731250E-05
 7.15786220E+02 4.40518050E-05
 7.17182290E+02 4.43663300E-05
 7.17653240E+02 3.38432770E-05
 7.18581070E+02 1.29901930E-05
 7.19982580E+02 4.49846950E-05
 7.21386830E+02 4.45619100E-05
 7.22374760E+02 4.54552350E-05
 7.22400860E+02 4.54806610E-05
 7.22793820E+02 4.58377290E-05
 7.24203550E+02 4.51466050E-05
 7.25514610E+02 4.59257040E-05
 7.25540930E+02 4.59416460E-05
 7.25616020E+02 4.59864660E-05
 7.27031260E+02 4.68919400E-05
 7.28449250E+02 4.71935600E-05
 7.29870010E+02 4.63101100E-05
 7.30000000E+02 4.64649230E-05
 7.31293540E+02 4.80131420E-05
 7.32719850E+02 4.83747180E-05
 7.34148940E+02 4.83790070E-05
 7.35580820E+02 4.89507020E-05
 7.37015490E+02 4.45748750E-05
 7.38452950E+02 4.74920320E-05
 7.39893220E+02 4.99399130E-05
 7.41336300E+02 5.00933600E-05
 7.42782200E+02 5.05314430E-05
 7.44230910E+02 4.89933820E-05
 7.45682450E+02 5.08865780E-05
 7.47136830E+02 5.06904130E-05
 7.47989310E+02 5.20550470E-05
 7.48594030E+02 5.30278750E-05
 7.50054080E+02 2.28763200E-05
 7.51516980E+02 5.37470140E-05
 7.52982730E+02 5.16939100E-05
 7.54451340E+02 5.24108000E-05
 7.55922820E+02 5.42333530E-05
 7.57397160E+02 5.43472250E-05
 7.58874380E+02 5.51942430E-05
 7.60354480E+02 5.23827960E-05
 7.61837470E+02 1.35374530E-05
 7.63323350E+02 4.59663990E-05
 7.64812130E+02 1.13020590E-04
 7.66303810E+02 1.00371640E-04
 7.67798400E+02 6.18895060E-05
 7.69295900E+02 5.42042860E-05
 7.70796330E+02 5.28128520E-05
 7.71900950E+02 4.60915340E-05
 7.72299680E+02 4.36520300E-05
 7.73805970E+02 6.10482310E-05
 7.75315190E+02 5.99236360E-05
 7.76827360E+02 5.23171620E-05
 7.78342480E+02 6.08618450E-05
 7.79860550E+02 5.50437330E-05
 7.81381580E+02 6.18128740E-05
 7.82905580E+02 6.22001980E-05
 7.84432550E+02 3.52611550E-06
 7.85962500E+02 4.06231630E-05
 7.87495430E+02 5.32784030E-05
 7.89031350E+02 4.09147730E-05
 7.90000000E+02 6.65551720E-05
 7.90570270E+02 8.17283790E-05
 7.92112190E+02 6.50904210E-05
 7.93657120E+02 6.54596890E-05
 7.95205060E+02 6.52057260E-05
 7.96756020E+02 6.13867710E-05
 7.97391890E+02 6.35143920E-05
 7.98310000E+02 6.66012390E-05
 7.99867020E+02 6.70934580E-05
 8.01427070E+02 3.48164380E-05
 8.02990170E+02 6.78784140E-05
 8.04556310E+02 6.86781300E-05
 8.06125510E+02 6.92486490E-05
 8.07697770E+02 6.94633710E-05
 8.09273090E+02 6.75296230E-05
 8.10779310E+02 7.04886410E-05
 8.10851490E+02 7.06310760E-05
 8.12432970E+02 7.12318410E-05
 8.14017530E+02 7.00048960E-05
 8.15605180E+02 5.11715800E-05
 8.17195930E+02 6.40400300E-05
 8.18789780E+02 7.33144220E-05
 8.20386740E+02 5.04045430E-05
 8.21986810E+02 7.40030500E-05
 8.23590000E+02 7.47414170E-05
 8.24623930E+02 7.49187790E-05
 8.24657930E+02 7.49246210E-05
 8.25196330E+02 7.50168320E-05
 8.26805780E+02 7.57018910E-05
 8.28418370E+02 7.28322770E-05
 8.30000000E+02 4.68445430E-06
 8.30034110E+02 3.20749550E-06
 8.31653000E+02 3.09620950E-05
 8.33275050E+02 3.97848540E-05
 8.34900260E+02 1.03377200E-04
 8.36528640E+02 1.01935680E-04
 8.38160200E+02 8.01459220E-05
 8.39794940E+02 7.39926180E-05
 8.40282470E+02 7.34280690E-05
 8.41432860E+02 7.20884100E-05
 8.43073990E+02 7.50690880E-05
 8.44718310E+02 8.55547600E-05
 8.46365840E+02 8.23021650E-05
 8.48016580E+02 5.41898170E-05
 8.49670550E+02 7.39447690E-05
 8.50000000E+02 7.11824220E-05
 8.51327730E+02 5.99965600E-05
 8.52988150E+02 8.28028760E-05
 8.54651810E+02 6.09549730E-05
 8.56318720E+02 5.55205980E-05
 8.56547190E+02 5.99439330E-05
 8.57988870E+02 8.79834250E-05
 8.59662290E+02 7.63705370E-05
 8.61338960E+02 8.37333970E-05
 8.63018910E+02 6.41149170E-05
 8.64702130E+02 8.81149720E-05
 8.66388640E+02 8.83766250E-05
 8.68078430E+02 8.94537090E-05
 8.69771520E+02 8.99360010E-05
 8.70000000E+02 9.00507560E-05
 8.71467920E+02 9.07896570E-05
 8.73167620E+02 8.54811950E-05
 8.73453990E+02 8.65347290E-05
 8.74870640E+02 9.17683020E-05
 8.76576980E+02 8.81188450E-05
 8.78286640E+02 7.75981110E-05
 8.79999640E+02 7.40644900E-05
 8.81715990E+02 9.37339240E-05
 8.82160160E+02 9.39441030E-05
 8.83435670E+02 9.45488310E-05
 8.85158720E+02 9.51379530E-05
 8.86885120E+02 9.58354670E-05
 8.88614890E+02 9.65638730E-05
 8.90348040E+02 9.71766110E-05
 8.91041650E+02 9.72428400E-05
 8.91081350E+02 9.72466170E-05
 8.92084570E+02 9.73416320E-05
 8.93824480E+02 9.73449500E-05
 8.95567780E+02 9.61789610E-05
 8.97314490E+02 9.95881050E-05
 8.99064600E+02 9.74101850E-05
 9.00000000E+02 9.99669300E-05
 9.00440900E+02 9.85067880E-05
 9.00882220E+02 9.94970340E-05
 9.01323990E+02 1.01454710E-04
 9.01766180E+02 1.00517310E-04
 9.02208810E+02 1.01517400E-04
 9.02650790E+02 1.01189900E-04
 9.03093200E+02 1.01643860E-04
 9.03536040E+02 9.84957190E-05
 9.03979320E+02 1.21536050E-04
 9.04423040E+02 9.08516570E-05
 9.04866100E+02 1.02168450E-04
 9.05309600E+02 7.60552950E-05
 9.05753530E+02 1.01627520E-04
 9.06197900E+02 1.02836450E-04
 9.06642700E+02 1.02287340E-04
 9.07086850E+02 1.01879940E-04
 9.07531440E+02 1.03223850E-04
 9.07976460E+02 1.03507050E-04
 9.08421920E+02 1.03550900E-04
 9.08867810E+02 1.71267800E-04
 9.09313050E+02 1.42066840E-04
 9.09758730E+02 1.05346140E-04
 9.10204840E+02 1.04956010E-04
 9.10651390E+02 1.70128030E-04
 9.11098380E+02 1.04548210E-04
 9.11544720E+02 1.04683070E-04
 9.11991490E+02 2.14145350E-03
 9.12438700E+02 1.91746380E-03
 9.12886340E+02 2.13337640E-03
 9.13334430E+02 1.22759410E-03
 9.13781860E+02 2.15542560E-03
 9.14229720E+02 1.86319230E-03
 9.14678030E+02 2.06354830E-03
 9.15126780E+02 2.10899290E-03
 9.15575960E+02 2.10052350E-03
 9.16024490E+02 2.14966770E-03
 9.16473460E+02 1.92510100E-03
 9.16922860E+02 2.15311000E-03
 9.17372710E+02 2.12426060E-03
 9.17823000E+02 1.88456420E-03
 9.18272630E+02 2.14735830E-03
 9.18722690E+02 7.05696190E-04
 9.19173200E+02 1.28239250E-03
 9.19624150E+02 1.91220180E-03
 9.20075550E+02 2.09413980E-03
 9.20526280E+02 2.08674620E-03
 9.20977450E+02 1.26955910E-04
 9.21429070E+02 1.59947120E-03
 9.21881120E+02 1.27777820E-03
 9.22333630E+02 1.61302890E-03
 9.22785460E+02 1.51941260E-03
 9.23237740E+02 1.72860280E-03
 9.23690470E+02 1.58451130E-03
 9.24143630E+02 1.77942600E-03
 9.24597250E+02 2.38592690E-03
 9.25050190E+02 2.02905740E-03
 9.25503580E+02 2.11100850E-03
 9.25957420E+02 2.13757630E-03
 9.26411700E+02 6.25271790E-04
 9.26866420E+02 2.17481110E-03
 9.27320480E+02 2.08661750E-03
 9.27774980E+02 2.17199600E-03
 9.28229930E+02 2.14315260E-03
 9.28685330E+02 1.73833320E-03
 9.29141170E+02 6.06798050E-04
 9.29596340E+02 1.74725980E-03
 9.30051960E+02 4.87175560E-04
 9.30508020E+02 1.82630640E-03
 9.30964530E+02 1.34115240E-03
 9.31421490E+02 1.92921910E-03
 9.31877780E+02 1.98530440E-03
 9.32334520E+02 2.03238560E-03
 9.32791700E+02 2.11301310E-03
 9.33249340E+02 2.08828430E-03
 9.33707420E+02 2.16558470E-03
 9.34164830E+02 2.17380220E-03
 9.34622680E+02 2.09345650E-03
 9.35080990E+02 2.11283250E-03
 9.35539750E+02 2.13419440E-03
 9.35998950E+02 2.08299390E-03
 9.36457480E+02 2.09538290E-03
 9.36916460E+02 1.55679170E-03
 9.37375890E+02 1.07636400E-03
 9.37835780E+02 9.50402820E-05
 9.38296110E+02 2.14850420E-03
 9.38755770E+02 2.10922270E-03
 9.39215870E+02 2.14213150E-03
 9.39676430E+02 2.16163010E-03
 9.40137440E+02 2.16083090E-03
 9.40598910E+02 2.16365880E-03
 9.41059690E+02 2.15586250E-03
 9.41520930E+02 2.15589860E-03
 9.41982620E+02 2.11981930E-03
 9.42444760E+02 1.39468380E-03
 9.42907350E+02 1.99960750E-03
 9.43369270E+02 1.92300020E-03
 9.43831640E+02 1.98571310E-03
 9.44294460E+02 2.05934720E-03
 9.44757730E+02 1.86381680E-03
 9.45221470E+02 2.10829590E-03
 9.45684510E+02 2.01531770E-03
 9.46148020E+02 2.15275760E-03
 9.46611980E+02 1.83196400E-03
 9.47076390E+02 2.12518680E-03
 9.47541260E+02 2.11637490E-03
 9.48005440E+02 1.50532710E-03
 9.48470080E+02 2.03266670E-03
 9.48935180E+02 4.98896420E-04
 9.49400730E+02 7.95804020E-04
 9.49866740E+02 1.16265730E-04
 9.50332070E+02 1.08315990E-03
 9.50797850E+02 2.07345520E-03
 9.51264090E+02 2.06376190E-03
 9.51730780E+02 2.18443940E-03
 9.52197940E+02 2.18095320E-03
 9.52664400E+02 2.17699260E-03
 9.53131330E+02 2.17926420E-03
 9.53598710E+02 2.12932970E-03
 9.54066550E+02 2.00467250E-03
 9.54534850E+02 2.13339930E-03
 9.55002460E+02 1.29335790E-03
 9.55470530E+02 2.15636870E-03
 9.55939060E+02 2.11718030E-03
 9.56408050E+02 1.85494160E-03
 9.56877500E+02 2.00506700E-03
 9.57346260E+02 2.04448910E-03
 9.57815480E+02 1.97278780E-03
 9.58285160E+02 1.90896380E-03
 9.58755300E+02 5.97629370E-04
 9.59225900E+02 1.93075080E-03
 9.59695810E+02 1.98486670E-03
 9.60166180E+02 2.06504010E-03
 9.60637010E+02 2.14337760E-03
 9.61108300E+02 2.16086610E-03
 9.61580060E+02 2.11995060E-03
 9.62051120E+02 2.07261270E-03
 9.62522650E+02 2.13324450E-03
 9.62994630E+02 2.07021350E-03
 9.63467090E+02 2.16367340E-03
 9.63940000E+02 1.62576540E-03
 9.64412220E+02 2.10444230E-03
 9.64884900E+02 2.17159360E-03
 9.65358050E+02 2.16847940E-03
 9.65831660E+02 2.14915800E-03
 9.66305730E+02 2.17147380E-03
 9.66779110E+02 1.99046590E-03
 9.67252950E+02 1.38809160E-03
 9.67727260E+02 1.89300430E-03
 9.68202030E+02 2.12309220E-03
 9.68677270E+02 2.14571000E-03
 9.69151810E+02 2.14235260E-03
 9.69626810E+02 1.85787740E-03
 9.70102280E+02 2.10854580E-03
 9.70578220E+02 1.78410870E-03
 9.71054630E+02 2.08426480E-03
 9.71530330E+02 2.04656540E-03
 9.72006500E+02 1.05637210E-03
 9.72483140E+02 1.24688080E-04
 9.72960250E+02 3.96142040E-07
 9.73437820E+02 6.51876720E-07
 9.73914690E+02 2.66319960E-06
 9.74392030E+02 2.81518810E-05
 9.74869840E+02 1.49816350E-04
 9.75348120E+02 3.92902110E-04
 9.75826860E+02 8.40632380E-04
 9.76304900E+02 1.48749390E-03
 9.76783410E+02 2.35939990E-03
 9.77262390E+02 3.73548300E-03
 9.77741850E+02 3.25065510E-03
 9.78221770E+02 2.88866310E-03
 9.78700980E+02 2.67706480E-03
 9.79180670E+02 2.24886060E-03
 9.79660820E+02 1.71611020E-03
 9.80141450E+02 2.26107040E-03
 9.80622550E+02 2.16169920E-03
 9.81102940E+02 1.04751240E-03
 9.81583800E+02 2.11575860E-03
 9.82065140E+02 1.95644280E-03
 9.82546940E+02 2.04354610E-03
 9.83029220E+02 1.99216200E-03
 9.83510790E+02 6.77660890E-04
 9.83992840E+02 1.87754270E-03
 9.84475350E+02 1.92627100E-03
 9.84958340E+02 1.78356020E-03
 9.85441800E+02 1.82473560E-03
 9.85924560E+02 2.03092570E-04
 9.86407780E+02 4.77626140E-04
 9.86891480E+02 5.54726190E-04
 9.87375660E+02 6.34671720E-04
 9.87860310E+02 2.82995050E-04
 9.88344240E+02 3.44507650E-04
 9.88828660E+02 7.20572640E-04
 9.89313540E+02 1.23910150E-03
 9.89798900E+02 1.78950580E-03
 9.90284740E+02 2.27173800E-03
 9.90769870E+02 3.07161660E-03
 9.91255470E+02 4.24077870E-03
 9.91741550E+02 5.42992310E-03
 9.92228100E+02 4.72098290E-03
 9.92715130E+02 4.06112950E-03
 9.93201450E+02 3.56542180E-03
 9.93688240E+02 3.12296150E-03
 9.94175510E+02 2.65308320E-03
 9.94663260E+02 1.63572010E-03
 9.95151480E+02 6.83532500E-04
 9.95638990E+02 2.14690100E-03
 9.96126980E+02 2.04647360E-03
 9.96615450E+02 1.89943750E-03
 9.97104390E+02 6.36822760E-04
 9.97593820E+02 6.61719650E-04
 9.98082520E+02 2.09501800E-03
 9.98571710E+02 2.10467740E-03
 9.99061370E+02 2.03654990E-03
 9.99551520E+02 2.12172240E-03
 1.00004210E+03 2.14570730E-03
 1.00053200E+03 2.00956130E-03
 1.00102240E+03 1.72364200E-03
 1.00151330E+03 2.15691610E-03
 1.00200460E+03 1.67601640E-03
 1.00249650E+03 3.89103940E-04
 1.00298760E+03 2.13448900E-03
 1.00347920E+03 2.14256590E-03
 1.00397120E+03 2.14196420E-03
 1.00446380E+03 2.14620480E-03
 1.00495680E+03 2.13705170E-03
 1.00544910E+03 1.80714490E-03
 1.00594190E+03 6.24083510E-04
 1.00643520E+03 2.12187540E-03
 1.00692900E+03 1.79013930E-03
 1.00742320E+03 2.12231880E-03
 1.00791680E+03 1.85317650E-03
 1.00841080E+03 1.59609920E-03
 1.00890520E+03 1.83453730E-03
 1.00940020E+03 2.13388250E-03
 1.00989570E+03 4.68566220E-04
 1.01039040E+03 6.96050620E-04
 1.01088560E+03 2.12450560E-03
 1.01138130E+03 2.07405370E-03
 1.01187750E+03 2.14645500E-03
 1.01237420E+03 1.31611170E-03
 1.01287010E+03 1.66275570E-03
 1.01336660E+03 2.14363830E-03
 1.01386350E+03 2.14939770E-03
 1.01436090E+03 2.15122010E-03
 1.01485880E+03 2.10351760E-03
 1.01535600E+03 2.10383090E-03
 1.01585360E+03 2.10930020E-03
 1.01635180E+03 1.96679680E-03
 1.01685040E+03 2.09284420E-03
 1.01734950E+03 2.00244050E-03
 1.01784790E+03 1.95943190E-03
 1.01834680E+03 7.90906730E-04
 1.01884610E+03 2.09299520E-03
 1.01934600E+03 2.04877820E-03
 1.01984630E+03 1.17951040E-03
 1.02034590E+03 2.08532830E-03
 1.02084600E+03 2.06692160E-03
 1.02134660E+03 2.10532360E-03
 1.02184770E+03 2.14074030E-03
 1.02234920E+03 2.15057600E-03
 1.02285010E+03 1.60628480E-03
 1.02335140E+03 2.15287130E-03
 1.02385320E+03 2.12299710E-03
 1.02435550E+03 2.11261190E-03
 1.02485830E+03 2.06909370E-03
 1.02536040E+03 7.34068650E-04
 1.02586290E+03 1.53546080E-04
 1.02636600E+03 2.01832620E-03
 1.02686950E+03 1.89770700E-03
 1.02737360E+03 2.10829800E-03
 1.02787690E+03 2.11750070E-03
 1.02838070E+03 2.14013800E-03
 1.02888490E+03 2.07305460E-03
 1.02938970E+03 1.97432990E-03
 1.02989500E+03 1.63879660E-03
 1.03039950E+03 1.82326240E-03
 1.03090450E+03 5.08245520E-04
 1.03141010E+03 1.65785400E-03
 1.03191610E+03 2.01097080E-03
 1.03242260E+03 1.84964020E-03
 1.03292830E+03 2.11999340E-03
 1.03343460E+03 2.13258680E-03
 1.03394140E+03 1.17390790E-03
 1.03444860E+03 2.08838660E-03
 1.03495640E+03 1.88258570E-03
 1.03546340E+03 3.28894550E-04
 1.03597090E+03 2.10636010E-03
 1.03647890E+03 2.01235500E-03
 1.03698740E+03 5.69049410E-04
 1.03749640E+03 1.61371180E-03
 1.03800470E+03 1.20828080E-03
 1.03851340E+03 2.09978710E-03
 1.03902270E+03 1.88645200E-03
 1.03953240E+03 1.46669330E-03
 1.04004270E+03 2.13776660E-03
 1.04055220E+03 2.14538000E-03
 1.04106220E+03 2.14504740E-03
 1.04157270E+03 1.95560150E-03
 1.04208370E+03 2.14440530E-03
 1.04259520E+03 2.14408590E-03
 1.04310590E+03 2.14373920E-03
 1.04361720E+03 2.13640760E-03
 1.04412890E+03 2.14304590E-03
 1.04464120E+03 2.14242790E-03
 1.04515390E+03 2.12361790E-03
 1.04566590E+03 2.13517170E-03
 1.04617840E+03 2.13155420E-03
 1.04669150E+03 2.12769230E-03
 1.04720500E+03 2.12459940E-03
 1.04771900E+03 2.13135570E-03
 1.04823220E+03 2.11598970E-03
 1.04874600E+03 2.13916410E-03
 1.04926030E+03 2.11924670E-03
 1.04977510E+03 2.11496270E-03
 1.05029030E+03 2.12652410E-03
 1.05080490E+03 2.10341980E-03
 1.05131990E+03 1.99887430E-03
 1.05183540E+03 2.12378810E-03
 1.05235140E+03 2.12150550E-03
 1.05286800E+03 2.00166010E-03
 1.05338380E+03 2.08832510E-03
 1.05390010E+03 2.12547220E-03
 1.05441690E+03 2.12947920E-03
 1.05493420E+03 2.13247810E-03
 1.05545200E+03 1.33686910E-03
 1.05596900E+03 2.08815140E-03
 1.05648660E+03 2.03234320E-03
 1.05700460E+03 2.11691950E-03
 1.05752320E+03 2.05013150E-03
 1.05804230E+03 2.13129880E-03
 1.05856060E+03 1.93390390E-03
 1.05907940E+03 2.09608460E-03
 1.05959880E+03 2.08918530E-03
 1.06011860E+03 2.02318430E-03
 1.06063900E+03 2.02711130E-03
 1.06115860E+03 1.21580250E-03
 1.06167870E+03 6.56892470E-04
 1.06219930E+03 1.74482640E-03
 1.06272040E+03 5.86819890E-04
 1.06324200E+03 1.70268640E-03
 1.06376290E+03 2.12478880E-03
 1.06428430E+03 2.12550140E-03
 1.06480620E+03 2.12365170E-03
 1.06532860E+03 2.12040080E-03
 1.06585150E+03 1.48440120E-03
 1.06637360E+03 2.12484660E-03
 1.06689630E+03 2.09561150E-03
 1.06741940E+03 2.07259770E-03
 1.06794310E+03 2.02187020E-03
 1.06846730E+03 2.12507240E-03
 1.06899070E+03 7.17341120E-04
 1.06951470E+03 1.95300540E-03
 1.07003910E+03 2.08721150E-03
 1.07056410E+03 1.08330030E-03
 1.07108960E+03 2.06204210E-03
 1.07161430E+03 2.05922150E-03
 1.07213950E+03 1.88981770E-03
 1.07266530E+03 1.36468230E-03
 1.07319150E+03 1.91236780E-03
 1.07371830E+03 1.89604270E-03
 1.07424430E+03 1.86802420E-03
 1.07477080E+03 1.98764730E-03
 1.07529780E+03 1.94402410E-03
 1.07582540E+03 2.07596600E-03
 1.07635340E+03 2.06808310E-03
 1.07688070E+03 2.09934770E-03
 1.07740850E+03 2.11119060E-03
 1.07793690E+03 2.08743580E-03
 1.07846570E+03 2.10014560E-03
 1.07899510E+03 2.05263870E-03
 1.07952360E+03 1.94021920E-03
 1.08005270E+03 2.06886190E-03
 1.08058240E+03 2.08591780E-03
 1.08111250E+03 2.04234370E-03
 1.08164320E+03 2.09669350E-03
 1.08217300E+03 2.08535580E-03
 1.08270340E+03 2.04006180E-03
 1.08323440E+03 1.32160010E-03
 1.08376580E+03 2.01127250E-03
 1.08429780E+03 2.03811470E-03
 1.08482890E+03 1.81673560E-03
 1.08536060E+03 2.00971450E-03
 1.08589290E+03 1.98023680E-03
 1.08642560E+03 1.99966460E-03
 1.08695890E+03 2.00041360E-03
 1.08749140E+03 2.04491200E-03
 1.08802440E+03 1.71773590E-03
 1.08855790E+03 1.89117720E-03
 1.08909200E+03 1.20800230E-03
 1.08962650E+03 8.96389720E-04
 1.09016030E+03 1.98262510E-03
 1.09069460E+03 2.01696110E-03
 1.09122950E+03 2.06840830E-03
 1.09176480E+03 2.05072400E-03
 1.09230070E+03 1.93436600E-03
 1.09283580E+03 2.04673040E-03
 1.09337140E+03 1.77996440E-03
 1.09390760E+03 2.10216400E-03
 1.09444430E+03 2.09947860E-03
 1.09498150E+03 2.10296400E-03
 1.09551790E+03 1.39594650E-03
 1.09605480E+03 2.00625680E-03
 1.09659230E+03 6.96944050E-04
 1.09713030E+03 2.08750130E-03
 1.09766880E+03 8.40256290E-04
 1.09820650E+03 1.16957400E-03
 1.09874480E+03 2.06678990E-03
 1.09928360E+03 2.07991020E-03
 1.09982290E+03 2.04514800E-03
 1.10036280E+03 2.09154600E-03
 1.10090180E+03 2.09681450E-03
 1.10144140E+03 2.09724430E-03
 1.10198150E+03 2.08431760E-03
 1.10252210E+03 2.09451670E-03
 1.10306330E+03 1.80884840E-03
 1.10360370E+03 2.04744670E-03
 1.10414460E+03 1.42214700E-03
 1.10468600E+03 2.05736090E-03
 1.10522800E+03 2.06488510E-03
 1.10577050E+03 2.09302990E-03
 1.10631220E+03 2.05458390E-03
 1.10685440E+03 2.02425060E-03
 1.10739720E+03 1.99761270E-03
 1.10794050E+03 1.53588700E-03
 1.10848430E+03 3.66825100E-04
 1.10902730E+03 2.04993000E-03
 1.10957090E+03 1.97511990E-03
 1.11011500E+03 1.96809390E-03
 1.11065960E+03 2.04880330E-03
 1.11120480E+03 1.96720030E-03
 1.11174910E+03 2.00593800E-03
 1.11229400E+03 1.90602860E-03
 1.11283940E+03 2.04619080E-03
 1.11338540E+03 2.02148380E-03
 1.11393190E+03 1.90710050E-03
 1.11447760E+03 1.87247350E-03
 1.11502380E+03 1.87871100E-03
 1.11557060E+03 1.91129720E-03
 1.11611790E+03 1.86053760E-03
 1.11666580E+03 1.68197080E-03
 1.11721280E+03 1.87791000E-03
 1.11776040E+03 1.93390200E-03
 1.11830850E+03 2.29116220E-03
 1.11885710E+03 2.21858600E-03
 1.11940630E+03 1.79153900E-03
 1.11995470E+03 2.10844860E-03
 1.12050360E+03 2.08089360E-03
 1.12105310E+03 1.95297070E-03
 1.12160310E+03 2.07022940E-03
 1.12215360E+03 2.06377510E-03
 1.12270330E+03 2.07430500E-03
 1.12325360E+03 1.97747970E-03
 1.12380440E+03 5.51433910E-04
 1.12435570E+03 1.80830120E-03
 1.12490760E+03 3.96397960E-04
 1.12545870E+03 1.80279710E-03
 1.12601030E+03 1.82757650E-03
 1.12656250E+03 1.83881050E-03
 1.12711520E+03 1.90928720E-03
 1.12766840E+03 1.92415530E-03
 1.12822080E+03 5.63280680E-04
 1.12877380E+03 3.94971220E-04
 1.12932730E+03 1.89158030E-03
 1.12988140E+03 1.82421510E-03
 1.13043600E+03 3.41602910E-04
 1.13098980E+03 2.03130000E-03
 1.13154410E+03 2.05690710E-03
 1.13209890E+03 2.07116790E-03
 1.13265440E+03 2.04318020E-03
 1.13321030E+03 2.03773220E-03
 1.13376550E+03 2.04291310E-03
 1.13432110E+03 1.91632640E-03
 1.13487740E+03 1.81111840E-03
 1.13543420E+03 1.96206490E-03
 1.13599150E+03 2.05173860E-03
 1.13654800E+03 2.05085830E-03
 1.13710500E+03 2.05547390E-03
 1.13766260E+03 2.03409610E-03
 1.13822080E+03 2.04007250E-03
 1.13877950E+03 2.01951900E-03
 1.13933730E+03 7.12197450E-04
 1.13989580E+03 1.14396910E-03
 1.14045470E+03 2.01604090E-03
 1.14101420E+03 2.02311170E-03
 1.14157430E+03 6.05471150E-04
 1.14213350E+03 2.05204340E-03
 1.14269330E+03 2.05534290E-03
 1.14325370E+03 2.05476110E-03
 1.14381450E+03 2.03676820E-03
 1.14437600E+03 1.06380910E-03
 1.14493660E+03 7.30337340E-04
 1.14549780E+03 2.05588770E-03
 1.14605950E+03 2.05395440E-03
 1.14662170E+03 2.05022300E-03
 1.14718450E+03 1.98993020E-03
 1.14774650E+03 2.02306930E-03
 1.14830910E+03 2.04385220E-03
 1.14887220E+03 1.99470210E-03
 1.14943580E+03 2.04917330E-03
 1.15000000E+03 1.98221600E-03
 1.15000000E+03 1.98221600E-03
 1.15072300E+03 1.92410260E-03
 1.15144690E+03 2.04963550E-03
 1.15217170E+03 1.97374240E-03
 1.15289740E+03 1.91083040E-03
 1.15362400E+03 1.85903520E-03
 1.15434930E+03 1.87737780E-03
 1.15507540E+03 1.79123820E-03
 1.15580250E+03 1.94833480E-03
 1.15653050E+03 1.61390420E-03
 1.15725940E+03 1.92951490E-03
 1.15798700E+03 1.90120410E-03
 1.15871540E+03 1.85725990E-03
 1.15944480E+03 1.31799910E-03
 1.16017510E+03 1.74837020E-03
 1.16090630E+03 2.02740270E-03
 1.16163620E+03 1.27752160E-03
 1.16236690E+03 1.30415600E-03
 1.16309860E+03 1.99186130E-03
 1.16383120E+03 1.63726060E-03
 1.16456470E+03 1.89641900E-03
 1.16529680E+03 1.88882970E-03
 1.16602990E+03 1.86336210E-03
 1.16676390E+03 1.67243830E-03
 1.16749880E+03 1.83405850E-03
 1.16823460E+03 1.98245360E-03
 1.16896900E+03 1.42521120E-03
 1.16970440E+03 1.84808060E-03
 1.17044070E+03 1.35461490E-03
 1.17117790E+03 1.28873750E-03
 1.17191610E+03 1.09994420E-03
 1.17265280E+03 6.30796150E-04
 1.17339050E+03 5.66712260E-04
 1.17412910E+03 7.69904520E-04
 1.17486870E+03 1.16796660E-03
 1.17560910E+03 1.69189350E-03
 1.17634820E+03 1.84130760E-03
 1.17708820E+03 2.44031540E-03
 1.17782920E+03 2.18038060E-03
 1.17857100E+03 2.09713190E-03
 1.17931380E+03 2.02716720E-03
 1.18005520E+03 1.99686800E-03
 1.18079760E+03 1.93737470E-03
 1.18154090E+03 2.01340380E-03
 1.18228510E+03 2.01058170E-03
 1.18303020E+03 5.97665710E-04
 1.18377400E+03 1.91496530E-03
 1.18451860E+03 6.02334780E-04
 1.18526430E+03 1.95381250E-03
 1.18601080E+03 1.96632980E-03
 1.18675830E+03 1.94280040E-03
 1.18750440E+03 2.00312780E-03
 1.18825140E+03 2.00149660E-03
 1.18899940E+03 2.00170170E-03
 1.18974830E+03 2.00187390E-03
 1.19049820E+03 1.97930230E-03
 1.19124660E+03 9.54843270E-04
 1.19199600E+03 1.91830420E-03
 1.19274630E+03 1.84929950E-03
 1.19349760E+03 1.99987460E-03
 1.19424980E+03 1.99824350E-03
 1.19500060E+03 1.98971990E-03
 1.19575230E+03 1.91836470E-03
 1.19650500E+03 1.85735900E-03
 1.19725870E+03 7.08717230E-04
 1.19801320E+03 1.78684610E-03
 1.19876640E+03 1.88707680E-03
 1.19952050E+03 1.96842240E-03
 1.20027560E+03 1.97986210E-03
 1.20103160E+03 1.95894990E-03
 1.20178860E+03 1.54560560E-03
 1.20254410E+03 1.57454430E-03
 1.20330060E+03 1.93129100E-03
 1.20405800E+03 2.02494830E-03
 1.20481640E+03 1.99550360E-03
 1.20557580E+03 1.95726350E-03
 1.20633370E+03 1.93530500E-03
 1.20709250E+03 1.89959280E-03
 1.20785240E+03 1.95942140E-03
 1.20861320E+03 8.27279250E-04
 1.20937490E+03 1.93638810E-03
 1.21013520E+03 1.31022540E-03
 1.21089650E+03 1.91776170E-03
 1.21165870E+03 1.74114170E-03
 1.21242190E+03 1.89025860E-03
 1.21318600E+03 1.51818500E-03
 1.21394870E+03 1.56065320E-03
 1.21471240E+03 1.92257490E-03
 1.21547700E+03 3.32998470E-04
 1.21624260E+03 1.96196480E-03
 1.21700910E+03 1.41756290E-03
 1.21777420E+03 8.25635460E-04
 1.21854030E+03 1.95625720E-03
 1.21930730E+03 1.95624900E-03
 1.22007530E+03 1.26731330E-03
 1.22084430E+03 1.94391400E-03
 1.22161180E+03 1.91078950E-03
 1.22238030E+03 1.85486830E-03
 1.22314980E+03 8.62747160E-04
 1.22392020E+03 1.83956980E-03
 1.22469160E+03 1.89924490E-03
 1.22546150E+03 1.28051130E-03
 1.22623240E+03 1.95915210E-03
 1.22700430E+03 1.96016710E-03
 1.22777710E+03 1.24355050E-03
 1.22855100E+03 1.94372110E-03
 1.22932330E+03 1.94522110E-03
 1.23009670E+03 1.87704230E-03
 1.23087100E+03 1.84253660E-03
 1.23164620E+03 1.94795490E-03
 1.23242250E+03 1.88439110E-03
 1.23319730E+03 1.89964210E-03
 1.23397310E+03 1.93336720E-03
 1.23474980E+03 1.93954150E-03
 1.23552750E+03 1.93642200E-03
 1.23630620E+03 1.94183120E-03
 1.23708350E+03 1.93352010E-03
 1.23786170E+03 1.94530180E-03
 1.23864090E+03 1.94191850E-03
 1.23942110E+03 1.90484850E-03
 1.24020220E+03 1.94139500E-03
 1.24098190E+03 1.93604600E-03
 1.24176260E+03 1.86869140E-03
 1.24254420E+03 1.88358370E-03
 1.24332690E+03 1.88878220E-03
 1.24411050E+03 1.86999140E-03
 1.24489260E+03 1.82016050E-03
 1.24567580E+03 1.62775150E-03
 1.24645990E+03 1.61694990E-03
 1.24724500E+03 5.14926440E-04
 1.24803110E+03 1.89835490E-03
 1.24881570E+03 1.83884120E-03
 1.24960130E+03 1.93904630E-03
 1.25038790E+03 1.87272490E-03
 1.25117540E+03 1.91603550E-03
 1.25196400E+03 1.79128440E-03
 1.25275110E+03 1.88880450E-03
 1.25353920E+03 1.88674110E-03
 1.25432820E+03 1.88128780E-03
 1.25511830E+03 1.83791750E-03
 1.25590930E+03 1.87432020E-03
 1.25669890E+03 1.91522190E-03
 1.25748940E+03 1.91818140E-03
 1.25828100E+03 1.91969130E-03
 1.25907350E+03 1.90827820E-03
 1.25986710E+03 1.87213650E-03
 1.26065910E+03 1.91628070E-03
 1.26145220E+03 1.91275490E-03
 1.26224620E+03 1.91505270E-03
 1.26304130E+03 1.91321590E-03
 1.26383730E+03 1.75982330E-03
 1.26463190E+03 1.90957690E-03
 1.26542740E+03 1.88103720E-03
 1.26622400E+03 1.90244240E-03
 1.26702150E+03 1.87164670E-03
 1.26782010E+03 1.87738550E-03
 1.26861710E+03 1.74243010E-03
 1.26941520E+03 1.89986290E-03
 1.27021420E+03 1.89103120E-03
 1.27101430E+03 1.89053300E-03
 1.27181540E+03 1.90271850E-03
 1.27261490E+03 1.62825710E-03
 1.27341550E+03 1.88358880E-03
 1.27421710E+03 1.89509390E-03
 1.27501960E+03 1.89168600E-03
 1.27582320E+03 1.89641700E-03
 1.27662530E+03 1.89184140E-03
 1.27742840E+03 1.88905390E-03
 1.27823250E+03 1.89420450E-03
 1.27903760E+03 1.89137620E-03
 1.27984380E+03 1.89132790E-03
 1.28064840E+03 1.88328430E-03
 1.28145400E+03 1.88861540E-03
 1.28226060E+03 1.85295590E-03
 1.28306830E+03 1.87677440E-03
 1.28387690E+03 1.84279790E-03
 1.28468410E+03 1.86590120E-03
 1.28549220E+03 1.85734870E-03
 1.28630140E+03 1.59397570E-03
 1.28711160E+03 1.72180010E-03
 1.28792280E+03 1.86036140E-03
 1.28873250E+03 1.77337480E-03
 1.28954320E+03 1.81582340E-03
 1.29035490E+03 1.84561360E-03
 1.29116770E+03 1.82546930E-03
 1.29198150E+03 1.87336920E-03
 1.29279370E+03 1.87415040E-03
 1.29360700E+03 1.86966230E-03
 1.29442130E+03 1.67596140E-03
 1.29523660E+03 1.80946300E-03
 1.29605290E+03 1.81722610E-03
 1.29686770E+03 1.77668820E-03
 1.29768350E+03 1.81260540E-03
 1.29850040E+03 1.82819340E-03
 1.29931830E+03 1.73333340E-03
 1.30013720E+03 1.84705760E-03
 1.30095450E+03 1.76964030E-03
 1.30177290E+03 1.80131560E-03
 1.30259240E+03 1.85131880E-03
 1.30341280E+03 5.27350080E-04
 1.30423430E+03 1.85873230E-03
 1.30505420E+03 1.85270480E-03
 1.30587520E+03 1.85466910E-03
 1.30669720E+03 1.85143630E-03
 1.30752030E+03 1.84994990E-03
 1.30834440E+03 1.83842600E-03
 1.30916690E+03 1.79031430E-03
 1.30999040E+03 1.80054630E-03
 1.31081500E+03 1.81793360E-03
 1.31164070E+03 1.77062730E-03
 1.31246730E+03 1.76311060E-03
 1.31329250E+03 1.79414580E-03
 1.31411860E+03 1.81280020E-03
 1.31494580E+03 1.79543180E-03
 1.31577410E+03 1.78234380E-03
 1.31660330E+03 1.83147910E-03
 1.31743110E+03 1.82682910E-03
 1.31825980E+03 1.83359110E-03
 1.31908960E+03 1.74584880E-03
 1.31992050E+03 1.83173580E-03
 1.32075240E+03 1.71396510E-03
 1.32158270E+03 1.82860790E-03
 1.32241410E+03 1.83465550E-03
 1.32324650E+03 1.72871340E-03
 1.32407990E+03 1.73504220E-03
 1.32491450E+03 1.59163230E-03
 1.32574740E+03 1.78297390E-03
 1.32658140E+03 1.81727290E-03
 1.32741640E+03 1.82749000E-03
 1.32825250E+03 1.82152730E-03
 1.32908970E+03 1.82588660E-03
 1.32992520E+03 1.49506650E-03
 1.33076190E+03 1.82040800E-03
 1.33159950E+03 1.78517640E-03
 1.33243830E+03 1.52987010E-03
 1.33327810E+03 1.81866680E-03
 1.33411630E+03 1.81888950E-03
 1.33495550E+03 1.77241260E-03
 1.33579580E+03 2.31707760E-04
 1.33663720E+03 1.77506240E-03
 1.33747960E+03 1.80540010E-03
 1.33832050E+03 1.81346050E-03
 1.33916240E+03 1.58613840E-03
 1.34000530E+03 1.80371270E-03
 1.34084940E+03 1.80832750E-03
 1.34169440E+03 1.80241650E-03
 1.34253790E+03 1.69486000E-03
 1.34338250E+03 1.35622210E-03
 1.34422810E+03 1.70715820E-03
 1.34507480E+03 1.72995560E-03
 1.34592250E+03 1.72115000E-03
 1.34676870E+03 1.74016540E-03
 1.34761590E+03 1.77195760E-03
 1.34846420E+03 1.77535250E-03
 1.34931350E+03 1.78068800E-03
 1.35016400E+03 1.52034750E-03
 1.35101280E+03 1.79572570E-03
 1.35186270E+03 1.79489790E-03
 1.35271360E+03 1.79365740E-03
 1.35356560E+03 1.78007270E-03
 1.35441870E+03 1.75591280E-03
 1.35527020E+03 1.48129130E-03
 1.35612280E+03 1.37876410E-03
 1.35697640E+03 1.54710580E-03
 1.35783110E+03 1.72727360E-03
 1.35868690E+03 1.76370510E-03
 1.35954110E+03 1.77865680E-03
 1.36039640E+03 1.70769310E-03
 1.36125270E+03 1.72347370E-03
 1.36211010E+03 1.70240210E-03
 1.36296860E+03 1.71406880E-03
 1.36382540E+03 1.73631010E-03
 1.36468340E+03 1.77600750E-03
 1.36554240E+03 1.70296140E-03
 1.36640250E+03 1.76206350E-03
 1.36726370E+03 1.76875310E-03
 1.36812330E+03 1.75407600E-03
 1.36898390E+03 1.72910090E-03
 1.36984570E+03 1.77012290E-03
 1.37070850E+03 1.76398750E-03
 1.37157240E+03 1.58222570E-03
 1.37243470E+03 1.48758840E-03
 1.37329800E+03 1.74359260E-03
 1.37416250E+03 1.71747300E-03
 1.37502800E+03 1.71628690E-03
 1.37589460E+03 1.75873910E-03
 1.37675960E+03 1.75618980E-03
 1.37762570E+03 1.59215890E-03
 1.37849290E+03 1.71264740E-03
 1.37936110E+03 1.73334350E-03
 1.38023050E+03 1.75705800E-03
 1.38109820E+03 1.75724380E-03
 1.38196700E+03 1.75435680E-03
 1.38283690E+03 1.75292900E-03
 1.38370790E+03 1.69716630E-03
 1.38458000E+03 1.57904140E-03
 1.38545050E+03 1.71344650E-03
 1.38632200E+03 1.53163380E-03
 1.38719470E+03 1.69994760E-03
 1.38806840E+03 3.81839350E-04
 1.38894330E+03 2.28647290E-05
 1.38981650E+03 9.06490200E-05
 1.39069080E+03 2.73779150E-04
 1.39156620E+03 8.79833320E-04
 1.39244270E+03 1.72550350E-03
 1.39332030E+03 2.11828400E-03
 1.39419620E+03 2.66208920E-03
 1.39507330E+03 2.42869340E-03
 1.39595140E+03 1.88636870E-03
 1.39683070E+03 1.51824820E-03
 1.39771100E+03 1.42707890E-04
 1.39858980E+03 1.36863230E-04
 1.39946960E+03 2.96133750E-04
 1.40035050E+03 8.90664440E-04
 1.40123250E+03 1.69024630E-03
 1.40211570E+03 2.08934140E-03
 1.40299710E+03 2.60744350E-03
 1.40387970E+03 2.33930940E-03
 1.40476340E+03 2.13291170E-03
 1.40564820E+03 1.80896590E-03
 1.40653420E+03 1.80173010E-03
 1.40741840E+03 1.61652620E-03
 1.40830380E+03 1.65553320E-03
 1.40919030E+03 1.55051770E-03
 1.41007790E+03 1.60693550E-03
 1.41096660E+03 1.67465660E-03
 1.41185360E+03 1.68846160E-03
 1.41274180E+03 1.67997140E-03
 1.41363110E+03 1.69876400E-03
 1.41452150E+03 1.60277130E-03
 1.41541300E+03 1.69166730E-03
 1.41630280E+03 1.69331210E-03
 1.41719380E+03 5.21824350E-04
 1.41808590E+03 1.61078170E-03
 1.41897910E+03 1.62259100E-03
 1.41987340E+03 1.57261230E-03
 1.42076600E+03 1.61504730E-03
 1.42165980E+03 1.57989620E-03
 1.42255470E+03 1.55616870E-03
 1.42345070E+03 1.43342850E-03
 1.42434790E+03 6.38700730E-04
 1.42524330E+03 1.65465860E-03
 1.42613990E+03 1.50115520E-03
 1.42703760E+03 1.65262530E-03
 1.42793640E+03 1.21592960E-03
 1.42883640E+03 1.29307590E-03
 1.42973470E+03 1.65237200E-03
 1.43063410E+03 1.53773860E-03
 1.43153460E+03 1.61238720E-03
 1.43243630E+03 1.19617770E-03
 1.43333910E+03 1.63330100E-03
 1.43424020E+03 1.48695950E-03
 1.43514250E+03 1.65731380E-03
 1.43604580E+03 1.56848990E-03
 1.43695040E+03 1.56407260E-03
 1.43785600E+03 1.57173490E-03
 1.43876000E+03 1.30006140E-03
 1.43966500E+03 1.39346940E-03
 1.44057130E+03 1.52934780E-03
 1.44147860E+03 1.67349890E-03
 1.44238710E+03 1.51033930E-03
 1.44329390E+03 1.63156050E-03
 1.44420190E+03 1.62359680E-03
 1.44511100E+03 1.40852370E-03
 1.44602120E+03 1.55299920E-03
 1.44693260E+03 1.63351900E-03
 1.44784220E+03 1.55740440E-03
 1.44875300E+03 1.49066640E-03
 1.44966490E+03 1.61263310E-03
 1.45057800E+03 1.65703340E-03
 1.45149230E+03 1.37163960E-03
 1.45240480E+03 1.06372290E-03
 1.45331850E+03 1.66086040E-03
 1.45423330E+03 1.58958140E-03
 1.45514930E+03 1.57119170E-03
 1.45606640E+03 1.59947150E-03
 1.45698180E+03 1.64722810E-03
 1.45789830E+03 1.39289660E-03
 1.45881600E+03 1.49255590E-03
 1.45973490E+03 1.50525640E-03
 1.46065490E+03 1.42766430E-03
 1.46157320E+03 1.62188300E-03
 1.46249260E+03 1.49246370E-03
 1.46341320E+03 1.59215310E-03
 1.46433500E+03 1.60748420E-03
 1.46525790E+03 1.57656750E-03
 1.46617910E+03 1.60951500E-03
 1.46710140E+03 1.48255660E-03
 1.46802490E+03 1.42098400E-03
 1.46894950E+03 1.12232680E-03
 1.46987540E+03 9.07767090E-04
 1.47079940E+03 1.62032020E-03
 1.47172470E+03 1.49986790E-03
 1.47265110E+03 1.41389620E-03
 1.47357860E+03 1.44303100E-03
 1.47450740E+03 1.59877500E-03
 1.47543440E+03 1.60445590E-03
 1.47636250E+03 1.50405290E-03
 1.47729190E+03 1.58044850E-03
 1.47822240E+03 1.32661060E-03
 1.47915400E+03 1.55226580E-03
 1.48008390E+03 1.52511070E-03
 1.48101500E+03 1.62142310E-03
 1.48194730E+03 1.60765050E-03
 1.48288070E+03 1.62181950E-03
 1.48381530E+03 1.54687760E-03
 1.48474810E+03 1.53568850E-03
 1.48568210E+03 1.61748380E-03
 1.48661730E+03 1.59642720E-03
 1.48755370E+03 1.61183290E-03
 1.48849130E+03 1.60423250E-03
 1.48942700E+03 1.55852180E-03
 1.49036400E+03 1.59221720E-03
 1.49130210E+03 1.60232170E-03
 1.49224140E+03 1.59478320E-03
 1.49318200E+03 1.60030900E-03
 1.49412070E+03 1.60663250E-03
 1.49506060E+03 1.59266650E-03
 1.49600170E+03 1.55818420E-03
 1.49694400E+03 1.51180620E-03
 1.49788740E+03 1.26830230E-03
 1.49882910E+03 1.19199880E-03
 1.49977200E+03 1.35044910E-03
 1.50071600E+03 1.58597040E-03
 1.50166130E+03 1.27631730E-03
 1.50260770E+03 1.58698950E-03
 1.50355240E+03 1.52538180E-03
 1.50449820E+03 1.41224400E-03
 1.50544530E+03 1.37670560E-03
 1.50639350E+03 1.59630790E-03
 1.50734290E+03 1.59664330E-03
 1.50829060E+03 1.59504640E-03
 1.50923940E+03 1.49016630E-03
 1.51018940E+03 1.58965190E-03
 1.51114060E+03 9.89073260E-04
 1.51209300E+03 1.36642840E-03
 1.51304360E+03 1.47050970E-03
 1.51399550E+03 1.55514100E-03
 1.51494850E+03 1.16571090E-03
 1.51590270E+03 1.50737510E-03
 1.51685810E+03 1.57758400E-03
 1.51781170E+03 1.09705560E-03
 1.51876650E+03 1.43265400E-03
 1.51972250E+03 1.55400490E-03
 1.52067980E+03 1.17311000E-03
 1.52163820E+03 1.21789550E-03
 1.52259480E+03 1.56876050E-03
 1.52355260E+03 1.56710310E-03
 1.52451170E+03 1.09812960E-03
 1.52547190E+03 1.55410600E-03
 1.52643330E+03 1.50129440E-03
 1.52739300E+03 1.31814180E-03
 1.52835380E+03 1.49397320E-03
 1.52931590E+03 1.53843050E-03
 1.53027910E+03 7.25432440E-04
 1.53124360E+03 6.67595470E-04
 1.53220630E+03 1.54320690E-03
 1.53317010E+03 1.05673810E-03
 1.53413520E+03 1.43044270E-03
 1.53510150E+03 1.55149750E-03
 1.53606900E+03 1.55066630E-03
 1.53703470E+03 1.49131550E-03
 1.53800160E+03 1.45769660E-03
 1.53896970E+03 1.03474380E-03
 1.53993910E+03 1.52240080E-03
 1.54090970E+03 1.38740870E-03
 1.54187840E+03 9.20448950E-05
 1.54284830E+03 2.69830440E-06
 1.54381950E+03 5.44481820E-05
 1.54479190E+03 2.95071670E-05
 1.54576550E+03 4.27205730E-05
 1.54673730E+03 1.40973010E-04
 1.54771030E+03 2.68927780E-04
 1.54868460E+03 4.71466810E-04
 1.54966000E+03 8.07830310E-04
 1.55063670E+03 1.33585390E-03
 1.55161160E+03 2.16927120E-03
 1.55258760E+03 1.99450660E-03
 1.55356500E+03 1.62279720E-03
 1.55454350E+03 1.67601900E-03
 1.55552330E+03 1.42805000E-03
 1.55650120E+03 6.40888810E-04
 1.55748030E+03 7.87953710E-04
 1.55846070E+03 1.48109170E-03
 1.55944230E+03 1.43936820E-03
 1.56042520E+03 1.10842060E-03
 1.56140620E+03 9.79108840E-04
 1.56238840E+03 9.20662000E-04
 1.56337190E+03 1.47326860E-03
 1.56435660E+03 1.25505200E-03
 1.56534260E+03 1.33652760E-03
 1.56632670E+03 9.33495730E-04
 1.56731200E+03 1.48657830E-03
 1.56829860E+03 5.67071370E-04
 1.56928640E+03 8.85188390E-04
 1.57027550E+03 1.29200160E-03
 1.57126270E+03 7.04335170E-04
 1.57225110E+03 1.47968320E-03
 1.57324080E+03 1.51642720E-03
 1.57423170E+03 1.50917710E-03
 1.57522390E+03 7.73015750E-04
 1.57621420E+03 1.48717290E-03
 1.57720570E+03 8.67005580E-04
 1.57819850E+03 1.39926380E-03
 1.57919260E+03 1.36851460E-03
 1.58018790E+03 9.73882510E-04
 1.58118130E+03 1.44291130E-03
 1.58217600E+03 1.47552430E-03
 1.58317190E+03 1.17781070E-03
 1.58416910E+03 1.20540310E-03
 1.58516760E+03 1.03707670E-03
 1.58616410E+03 1.41156750E-03
 1.58716190E+03 1.48521800E-03
 1.58816100E+03 1.44443310E-03
 1.58916130E+03 1.45667550E-03
 1.59016290E+03 1.40410140E-03
 1.59116260E+03 1.35449510E-03
 1.59216360E+03 1.31710640E-03
 1.59316580E+03 1.44669060E-03
 1.59416930E+03 1.24060830E-03
 1.59517400E+03 1.35027210E-03
 1.59617690E+03 1.48574480E-03
 1.59718100E+03 1.45364530E-03
 1.59818630E+03 1.48080040E-03
 1.59919300E+03 1.47798510E-03
 1.60020090E+03 1.43830070E-03
 1.60120690E+03 6.08906660E-04
 1.60221420E+03 1.48242550E-03
 1.60322270E+03 7.52010810E-04
 1.60423250E+03 1.26924510E-03
 1.60524360E+03 1.48406270E-03
 1.60625280E+03 1.33218860E-03
 1.60726330E+03 1.48123950E-03
 1.60827500E+03 1.44990810E-03
 1.60928800E+03 1.41966010E-03
 1.61030220E+03 7.46207790E-04
 1.61131460E+03 1.41335530E-03
 1.61232820E+03 1.46232410E-03
 1.61334320E+03 1.26835600E-03
 1.61435930E+03 1.47411430E-03
 1.61537680E+03 1.45821590E-03
 1.61639240E+03 1.44953370E-03
 1.61740920E+03 1.47085160E-03
 1.61842730E+03 1.44435900E-03
 1.61944670E+03 1.34537120E-03
 1.62046740E+03 1.16574850E-03
 1.62148610E+03 9.44026500E-04
 1.62250610E+03 1.29297300E-03
 1.62352750E+03 7.18794540E-04
 1.62455010E+03 1.41817060E-03
 1.62557400E+03 1.46068760E-03
 1.62659590E+03 1.34526110E-03
 1.62761920E+03 1.45946210E-03
 1.62864370E+03 1.32255810E-03
 1.62966950E+03 1.41119940E-03
 1.63069660E+03 7.78908010E-04
 1.63172180E+03 5.90861330E-04
 1.63274830E+03 1.38381000E-03
 1.63377610E+03 1.43404050E-03
 1.63480510E+03 1.15893980E-03
 1.63583550E+03 9.95104170E-04
 1.63686390E+03 1.44550970E-03
 1.63789360E+03 1.24434220E-03
 1.63892460E+03 1.42133960E-03
 1.63995690E+03 6.95886250E-04
 1.64099050E+03 1.43760970E-03
 1.64202210E+03 1.42931460E-03
 1.64305510E+03 1.44421380E-03
 1.64408940E+03 1.43654520E-03
 1.64512490E+03 1.19820380E-03
 1.64616180E+03 1.41463580E-03
 1.64719670E+03 9.37535620E-04
 1.64823290E+03 1.42187770E-03
 1.64927040E+03 1.33090460E-03
 1.65030920E+03 1.39441260E-03
 1.65134930E+03 1.43443400E-03
 1.65238750E+03 1.42944090E-03
 1.65342700E+03 7.69859260E-04
 1.65446770E+03 1.41823660E-03
 1.65550980E+03 1.40001540E-03
 1.65655320E+03 9.55266570E-04
 1.65759470E+03 1.37794610E-03
 1.65863740E+03 1.42847540E-03
 1.65968150E+03 1.41828050E-03
 1.66072690E+03 1.31593730E-03
 1.66177360E+03 1.04611240E-03
 1.66281830E+03 1.42461890E-03
 1.66386430E+03 1.42360600E-03
 1.66491170E+03 1.05338930E-03
 1.66596030E+03 1.40696360E-03
 1.66701030E+03 1.23211240E-03
 1.66805830E+03 7.85764540E-04
 1.66910770E+03 1.37080530E-03
 1.67015830E+03 1.32896880E-03
 1.67121030E+03 1.37922910E-03
 1.67226360E+03 9.83139190E-04
 1.67331490E+03 1.02840090E-03
 1.67436750E+03 1.41290480E-03
 1.67542150E+03 1.29827120E-03
 1.67647680E+03 1.00390850E-03
 1.67753340E+03 1.40958990E-03
 1.67858800E+03 1.39760290E-03
 1.67964400E+03 1.40757050E-03
 1.68070130E+03 1.40179370E-03
 1.68175990E+03 1.14623970E-03
 1.68281980E+03 1.40110390E-03
 1.68387780E+03 1.38517960E-03
 1.68493710E+03 1.40168040E-03
 1.68599770E+03 1.35229310E-03
 1.68705960E+03 1.38319390E-03
 1.68812290E+03 1.39944550E-03
 1.68918420E+03 1.39776860E-03
 1.69024680E+03 9.40399720E-04
 1.69131080E+03 1.39568330E-03
 1.69237610E+03 1.36856580E-03
 1.69344270E+03 1.39268270E-03
 1.69450730E+03 1.26825690E-03
 1.69557330E+03 1.28356150E-03
 1.69664060E+03 1.38950840E-03
 1.69770930E+03 1.38938550E-03
 1.69877930E+03 1.08706180E-03
 1.69984730E+03 1.38491290E-03
 1.70091660E+03 1.16053450E-03
 1.70198730E+03 1.37082850E-03
 1.70305930E+03 1.37707550E-03
 1.70413270E+03 1.17921800E-03
 1.70520400E+03 1.38238100E-03
 1.70627670E+03 1.27894030E-03
 1.70735080E+03 7.19318410E-04
 1.70842620E+03 1.37099420E-03
 1.70950290E+03 1.36373720E-03
 1.71057760E+03 1.37487250E-03
 1.71165370E+03 1.31930960E-03
 1.71273110E+03 6.29333960E-04
 1.71380990E+03 1.32834420E-03
 1.71489010E+03 1.36493360E-03
 1.71596820E+03 1.11089150E-03
 1.71704770E+03 8.72741460E-04
 1.71812850E+03 6.59222650E-04
 1.71921070E+03 1.31014060E-03
 1.72029420E+03 1.36703300E-03
 1.72137570E+03 1.29837530E-03
 1.72245860E+03 8.04874140E-04
 1.72354280E+03 1.14231380E-03
 1.72462840E+03 9.99402440E-04
 1.72571540E+03 9.05467850E-04
 1.72680030E+03 1.36242720E-03
 1.72788660E+03 1.33852580E-03
 1.72897430E+03 1.35746610E-03
 1.73006330E+03 1.33808780E-03
 1.73115370E+03 1.18202490E-03
 1.73224200E+03 1.35698500E-03
 1.73333170E+03 1.35561440E-03
 1.73442280E+03 1.31824380E-03
 1.73551520E+03 1.35189900E-03
 1.73660910E+03 1.34486460E-03
 1.73770080E+03 1.33146900E-03
 1.73879400E+03 8.89145420E-04
 1.73988850E+03 1.30516670E-03
 1.74098440E+03 1.22515890E-03
 1.74208170E+03 1.28735680E-03
 1.74317690E+03 1.34742200E-03
 1.74427350E+03 1.06396070E-03
 1.74537140E+03 1.13101160E-03
 1.74647080E+03 1.34709390E-03
 1.74757150E+03 1.33726280E-03
 1.74867020E+03 1.31194810E-03
 1.74977020E+03 1.33127360E-03
 1.75087160E+03 1.34331360E-03
 1.75197440E+03 1.34420370E-03
 1.75307860E+03 8.86878690E-04
 1.75418080E+03 1.33902000E-03
 1.75528430E+03 1.33686750E-03
 1.75638920E+03 1.33545960E-03
 1.75749550E+03 1.33435740E-03
 1.75860310E+03 1.10367910E-03
 1.75970870E+03 1.17514380E-03
 1.76081570E+03 9.88609170E-04
 1.76192410E+03 1.33042960E-03
 1.76303390E+03 1.10125450E-03
 1.76414500E+03 1.32683540E-03
 1.76525410E+03 1.32706600E-03
 1.76636460E+03 1.29905360E-03
 1.76747650E+03 1.30311300E-03
 1.76858970E+03 1.31067230E-03
 1.76970440E+03 7.93624420E-04
 1.77081700E+03 1.32173650E-03
 1.77193100E+03 1.16819440E-03
 1.77304630E+03 1.22978680E-03
 1.77416310E+03 1.31793050E-03
 1.77528130E+03 1.03169840E-03
 1.77639740E+03 1.30816830E-03
 1.77751490E+03 1.31114760E-03
 1.77863370E+03 1.24655160E-03
 1.77975400E+03 1.31423080E-03
 1.78087580E+03 1.28480190E-03
 1.78199540E+03 1.10993060E-03
 1.78311640E+03 1.02054030E-03
 1.78423880E+03 1.31092880E-03
 1.78536260E+03 1.17584730E-03
 1.78648780E+03 1.30898130E-03
 1.78761100E+03 1.30659840E-03
 1.78873550E+03 1.13870050E-03
 1.78986150E+03 1.28178390E-03
 1.79098880E+03 1.13701510E-03
 1.79211760E+03 7.61315550E-04
 1.79324430E+03 1.28018730E-03
 1.79437240E+03 1.30229430E-03
 1.79550190E+03 1.30079870E-03
 1.79663280E+03 1.29930670E-03
 1.79776510E+03 1.25873250E-03
 1.79889540E+03 1.24825750E-03
 1.80002700E+03 1.18066830E-03
 1.80116010E+03 1.28909660E-03
 1.80229450E+03 1.29368760E-03
 1.80343050E+03 1.27798640E-03
 1.80456420E+03 1.16973580E-03
 1.80569940E+03 1.16709810E-03
 1.80683610E+03 1.28811820E-03
 1.80797410E+03 1.24949050E-03
 1.80911360E+03 1.28491970E-03
 1.81025100E+03 1.28870510E-03
 1.81138980E+03 1.24649290E-03
 1.81253000E+03 8.27044630E-04
 1.81367160E+03 1.27527570E-03
 1.81481470E+03 1.28498620E-03
 1.81595560E+03 1.05488950E-03
 1.81709800E+03 1.25767200E-03
 1.81824180E+03 1.28205310E-03
 1.81938710E+03 1.21967970E-03
 1.82053370E+03 1.10164320E-03
 1.82167830E+03 8.19174640E-04
 1.82282420E+03 1.27647050E-03
 1.82397170E+03 1.26195830E-03
 1.82512050E+03 1.21105160E-03
 1.82627080E+03 9.35765670E-04
 1.82741890E+03 9.74697640E-04
 1.82856850E+03 1.26859060E-03
 1.82971950E+03 1.27223000E-03
 1.83087200E+03 1.18779750E-03
 1.83202600E+03 1.26998610E-03
 1.83317770E+03 1.23071760E-03
 1.83433090E+03 1.23971510E-03
 1.83548560E+03 1.26755470E-03
 1.83664170E+03 1.25696470E-03
 1.83779920E+03 1.20352830E-03
 1.83895460E+03 1.24036150E-03
 1.84011150E+03 8.74319840E-04
 1.84126970E+03 1.20986940E-03
 1.84242950E+03 1.20531560E-03
 1.84359070E+03 1.14584170E-03
 1.84474970E+03 1.16846430E-03
 1.84591020E+03 1.23865470E-03
 1.84707220E+03 1.24717590E-03
 1.84823560E+03 1.18633590E-03
 1.84940040E+03 6.71664520E-04
 1.85056310E+03 8.54716830E-04
 1.85172720E+03 1.25048660E-03
 1.85289290E+03 1.15693200E-03
 1.85405990E+03 9.04086370E-04
 1.85522850E+03 1.23986900E-03
 1.85639480E+03 1.25125280E-03
 1.85756260E+03 1.25024980E-03
 1.85873190E+03 9.52930400E-04
 1.85990260E+03 8.69737200E-04
 1.86107490E+03 1.24373810E-03
 1.86224490E+03 1.24586660E-03
 1.86341640E+03 1.18499880E-03
 1.86458930E+03 1.15370000E-03
 1.86576380E+03 1.22566840E-03
 1.86693970E+03 1.19278250E-03
 1.86811340E+03 1.23819630E-03
 1.86928860E+03 1.23704190E-03
 1.87046520E+03 1.23754900E-03
 1.87164340E+03 1.20687580E-03
 1.87282300E+03 1.01403120E-03
 1.87400040E+03 1.02516500E-03
 1.87517930E+03 1.23671990E-03
 1.87635960E+03 1.15740420E-03
 1.87754150E+03 1.20702330E-03
 1.87872480E+03 1.22927420E-03
 1.87990600E+03 1.22876120E-03
 1.88108860E+03 1.11405720E-03
 1.88227260E+03 1.04197860E-03
 1.88345820E+03 1.19992040E-03
 1.88464530E+03 7.90371480E-04
 1.88583010E+03 1.17852070E-03
 1.88701640E+03 1.02889180E-03
 1.88820430E+03 1.08437660E-03
 1.88939360E+03 8.71421230E-04
 1.89058440E+03 6.44291160E-04
 1.89177300E+03 1.21771700E-03
 1.89296300E+03 9.85758710E-04
 1.89415460E+03 1.07379520E-03
 1.89534760E+03 5.48811840E-04
 1.89654220E+03 1.22008450E-03
 1.89773450E+03 1.21933760E-03
 1.89892830E+03 8.71930920E-04
 1.90012360E+03 1.21769400E-03
 1.90132050E+03 8.25311420E-04
 1.90251880E+03 1.17823930E-03
 1.90371490E+03 1.03067870E-03
 1.90491240E+03 1.21421460E-03
 1.90611150E+03 1.21331940E-03
 1.90731210E+03 1.21225970E-03
 1.90851420E+03 1.21051050E-03
 1.90971410E+03 1.14897490E-03
 1.91091540E+03 1.20776090E-03
 1.91211830E+03 1.20846870E-03
 1.91332260E+03 1.12710860E-03
 1.91452850E+03 1.17249900E-03
 1.91573220E+03 1.01558460E-03
 1.91693730E+03 1.20097160E-03
 1.91814390E+03 1.14725620E-03
 1.91935210E+03 1.15606460E-03
 1.92056180E+03 1.18279330E-03
 1.92176920E+03 1.20154160E-03
 1.92297820E+03 6.30498940E-04
 1.92418860E+03 1.06254360E-03
 1.92540060E+03 1.16359930E-03
 1.92661410E+03 1.19854550E-03
 1.92782530E+03 1.18877370E-03
 1.92903810E+03 1.05271030E-03
 1.93025230E+03 9.48876510E-04
 1.93146810E+03 5.18337100E-04
 1.93268550E+03 1.17413130E-03
 1.93390050E+03 1.19320950E-03
 1.93511710E+03 1.19152280E-03
 1.93633510E+03 1.03315590E-03
 1.93755480E+03 1.11048570E-03
 1.93877590E+03 6.80879920E-04
 1.93999480E+03 7.31257940E-04
 1.94121520E+03 1.18072640E-03
 1.94243710E+03 1.18076830E-03
 1.94366060E+03 1.17805150E-03
 1.94488560E+03 1.18527000E-03
 1.94610830E+03 1.17884320E-03
 1.94733260E+03 1.17273420E-03
 1.94855840E+03 1.15477970E-03
 1.94978570E+03 1.14168570E-03
 1.95101460E+03 5.11571480E-04
 1.95224110E+03 1.13076250E-03
 1.95346920E+03 5.74081920E-04
 1.95469890E+03 1.00187380E-03
 1.95593010E+03 9.70341610E-04
 1.95716280E+03 8.60602430E-04
 1.95839320E+03 1.17246950E-03
 1.95962520E+03 1.16464790E-03
 1.96085870E+03 1.03263480E-03
 1.96209380E+03 1.16252720E-03
 1.96333040E+03 1.16467340E-03
 1.96456470E+03 1.15737020E-03
 1.96580060E+03 1.17044890E-03
 1.96703800E+03 1.16514990E-03
 1.96827700E+03 1.15361540E-03
 1.96951750E+03 1.15442610E-03
 1.97075570E+03 1.16555050E-03
 1.97199540E+03 1.10713790E-03
 1.97323680E+03 1.16551440E-03
 1.97447960E+03 1.15644730E-03
 1.97572410E+03 1.12858660E-03
 1.97696620E+03 1.15030170E-03
 1.97820980E+03 1.16190140E-03
 1.97945500E+03 1.10842500E-03
 1.98070180E+03 1.16048170E-03
 1.98195020E+03 1.14294790E-03
 1.98319620E+03 1.15581800E-03
 1.98444380E+03 1.09412350E-03
 1.98569290E+03 1.15088010E-03
 1.98694360E+03 1.03963490E-03
 1.98819590E+03 1.15384770E-03
 1.98944590E+03 1.12721440E-03
 1.99069740E+03 1.13484790E-03
 1.99195040E+03 7.01027590E-04
 1.99320510E+03 7.33388580E-04
 1.99446130E+03 1.14079250E-03
 1.99571520E+03 1.12273950E-03
 1.99697070E+03 1.14936020E-03
 1.99822770E+03 1.13328290E-03
 1.99948630E+03 8.78974780E-04
 2.00074650E+03 9.19938180E-04
 2.00200430E+03 9.33846110E-04
 2.00326370E+03 9.55851400E-04
 2.00452470E+03 1.14006950E-03
 2.00578730E+03 8.77285200E-04
 2.00705150E+03 1.13108120E-03
 2.00831330E+03 1.14002070E-03
 2.00957660E+03 1.14112350E-03
 2.01084160E+03 1.01818280E-03
 2.01210820E+03 9.89450670E-04
 2.01337630E+03 8.11379680E-04
 2.01464210E+03 1.13691480E-03
 2.01590940E+03 1.12035250E-03
 2.01717840E+03 1.13451220E-03
 2.01844890E+03 1.13498480E-03
 2.01972110E+03 1.13455980E-03
 2.02099080E+03 1.11866960E-03
 2.02226220E+03 1.13003140E-03
 2.02353510E+03 1.12825820E-03
 2.02480970E+03 1.13123280E-03
 2.02608590E+03 1.05863210E-03
 2.02735960E+03 1.12093870E-03
 2.02863500E+03 1.12050850E-03
 2.02991190E+03 1.12791250E-03
 2.03119050E+03 1.12712200E-03
 2.03247070E+03 1.12626400E-03
 2.03374850E+03 1.03296880E-03
 2.03502780E+03 9.64393340E-04
 2.03630880E+03 1.12347110E-03
 2.03759140E+03 1.07939820E-03
 2.03887560E+03 1.09461790E-03
 2.04015740E+03 6.04191190E-04
 2.04144080E+03 8.70945740E-04
 2.04272590E+03 1.11843830E-03
 2.04401250E+03 1.09116720E-03
 2.04530080E+03 1.06783010E-03
 2.04658660E+03 9.59276110E-04
 2.04787400E+03 1.08464260E-03
 2.04916310E+03 1.11132410E-03
 2.05045380E+03 1.12260730E-03
 2.05174610E+03 1.09798460E-03
 2.05303600E+03 1.10775550E-03
 2.05432750E+03 1.12366340E-03
 2.05562070E+03 1.11331160E-03
 2.05691540E+03 9.16291950E-04
 2.05821180E+03 1.11697070E-03
 2.05950580E+03 1.12434160E-03
 2.06080130E+03 1.12357510E-03
 2.06209860E+03 7.52529530E-04
 2.06339740E+03 1.12188640E-03
 2.06469790E+03 1.10162540E-03
 2.06599590E+03 1.09522710E-03
 2.06729560E+03 1.09522370E-03
 2.06859690E+03 1.11821990E-03
 2.06989980E+03 1.11756440E-03
 2.07120440E+03 5.81891660E-04
 2.07250650E+03 1.11301970E-03
 2.07381030E+03 1.11503120E-03
 2.07511570E+03 1.10867230E-03
 2.07642270E+03 1.11330720E-03
 2.07773140E+03 9.68598280E-04
 2.07903760E+03 1.11109960E-03
 2.08034550E+03 1.11013570E-03
 2.08165500E+03 1.10487310E-03
 2.08296620E+03 1.08584980E-03
 2.08427900E+03 9.58173260E-04
 2.08558930E+03 8.94321170E-04
 2.08690130E+03 1.08393220E-03
 2.08821490E+03 1.10566540E-03
 2.08953020E+03 1.10481110E-03
 2.09084720E+03 5.22437040E-04
 2.09216160E+03 1.00030660E-03
 2.09347780E+03 1.08445340E-03
 2.09479550E+03 1.07311190E-03
 2.09611500E+03 1.09496880E-03
 2.09743610E+03 1.09984110E-03
 2.09875470E+03 1.09881420E-03
 2.10007500E+03 9.49585980E-04
 2.10139690E+03 1.09732650E-03
 2.10272050E+03 1.09647570E-03
 2.10404580E+03 1.09290780E-03
 2.10536850E+03 1.09484850E-03
 2.10669290E+03 1.09401140E-03
 2.10801900E+03 5.63853980E-04
 2.10934680E+03 9.35800800E-04
 2.11067630E+03 1.09149800E-03
 2.11200320E+03 1.09065620E-03
 2.11333180E+03 1.08939200E-03
 2.11466210E+03 9.78809960E-04
 2.11599400E+03 1.08814490E-03
 2.11732760E+03 9.45096030E-04
 2.11865880E+03 1.08646340E-03
 2.11999160E+03 1.08562260E-03
 2.12132600E+03 1.08397000E-03
 2.12266220E+03 1.08393850E-03
 2.12400000E+03 1.07676470E-03
 2.12500000E+03 1.08246750E-03
 2.13923310E+03 1.07374630E-03
 2.17500000E+03 1.05239240E-03
 2.22500000E+03 1.02380990E-03
 2.23681870E+03 1.01725770E-03
 2.27500000E+03 9.96593290E-04
 2.32500000E+03 9.70631140E-04
 2.34373310E+03 9.61206820E-04
 2.37500000E+03 9.45825650E-04
 2.40111680E+03 9.33299620E-04
 2.42500000E+03 9.22091020E-04
 2.46138090E+03 9.05450870E-04
 2.46141120E+03 9.05437630E-04
 2.48000000E+03 8.97130450E-04
 2.48738280E+03 8.93866680E-04
 2.51393980E+03 8.82289560E-04
 2.51397140E+03 8.82275940E-04
 2.53000000E+03 8.75409630E-04
 2.56038020E+03 8.62637530E-04
 2.57500000E+03 8.56601330E-04
 2.60856860E+03 8.43003740E-04
 2.60860260E+03 8.46363760E-04
 2.62500000E+03 8.39754200E-04
 2.67500000E+03 8.20119670E-04
 2.72258120E+03 8.02130570E-04
 2.77500000E+03 7.83054450E-04
 2.82500000E+03 7.65544390E-04
 2.84701560E+03 7.58037470E-04
 2.87500000E+03 7.48668160E-04
 2.95000000E+03 7.24471100E-04
 2.98336920E+03 7.14113060E-04
 3.05000000E+03 6.94137760E-04
 3.05656400E+03 6.92219110E-04
 3.13344070E+03 6.70372000E-04
 3.13348980E+03 6.70893070E-04
 3.15000000E+03 6.66335140E-04
 3.20394980E+03 6.51783230E-04
 3.25000000E+03 6.39760430E-04
 3.27770520E+03 6.32696490E-04
 3.35000000E+03 6.14834480E-04
 3.35493630E+03 6.13643920E-04
 3.39493300E+03 6.04129310E-04
 3.43589480E+03 5.94621740E-04
 3.43595380E+03 5.98775990E-04
 3.45000000E+03 5.95521830E-04
 3.48542270E+03 5.87436630E-04
 3.53639930E+03 5.76096780E-04
 3.55000000E+03 5.73128380E-04
 3.58888920E+03 5.64769190E-04
 3.61572280E+03 5.59109660E-04
 3.62000000E+03 5.58215530E-04
 3.64296070E+03 5.53452760E-04
 3.64302710E+03 5.53530230E-04
 3.64701290E+03 5.52709100E-04
 3.64707940E+03 6.53643570E-04
 3.67132800E+03 6.47053570E-04
 3.69596950E+03 6.40460950E-04
 3.69603780E+03 6.43622190E-04
 3.72617810E+03 6.35645810E-04
 3.75000000E+03 6.29447790E-04
 3.75688450E+03 6.27673720E-04
 3.75695510E+03 6.27655580E-04
 3.85000000E+03 6.04408580E-04
 3.95000000E+03 5.80854960E-04
 3.98703810E+03 5.72484560E-04
 4.05000000E+03 5.58671450E-04
 4.15000000E+03 5.37755690E-04
 4.24723130E+03 5.18547430E-04
 4.35000000E+03 4.99369340E-04
 4.54375580E+03 4.66074040E-04
 4.55000000E+03 4.65058950E-04
 4.65000000E+03 4.49261800E-04
 4.70810620E+03 4.40465180E-04
 4.75000000E+03 4.34289510E-04
 4.85000000E+03 4.20087190E-04
 4.88479220E+03 4.15316980E-04
 4.88491150E+03 4.15300760E-04
 4.95000000E+03 4.06603850E-04
 5.02633170E+03 3.96766180E-04
 5.05000000E+03 3.93792140E-04
 5.15000000E+03 3.81607930E-04
 5.17631830E+03 3.78500350E-04
 5.25000000E+03 3.70010250E-04
 5.33553160E+03 3.60527080E-04
 5.35000000E+03 3.58960970E-04
 5.41886840E+03 3.51651800E-04
 5.45000000E+03 3.48424610E-04
 5.50484980E+03 3.42851290E-04
 5.50500130E+03 3.42836090E-04
 5.55000000E+03 3.38368250E-04
 5.59581430E+03 3.33912850E-04
 5.65000000E+03 3.28761260E-04
 5.68983570E+03 3.25053020E-04
 5.68999760E+03 3.25078160E-04
 5.75000000E+03 3.19612980E-04
 5.85000000E+03 3.10818030E-04
 5.95000000E+03 3.02393690E-04
 6.05000000E+03 2.94317240E-04
 6.15000000E+03 2.86567690E-04
 6.16217930E+03 2.85645220E-04
 6.25000000E+03 2.79125580E-04
 6.35000000E+03 2.71972900E-04
 6.45000000E+03 2.65093020E-04
 6.55000000E+03 2.58470530E-04
 6.65000000E+03 2.52091210E-04
 6.72004620E+03 2.47760430E-04
 6.75000000E+03 2.45941840E-04
 6.85000000E+03 2.40010270E-04
 6.95000000E+03 2.34285190E-04
 7.05000000E+03 2.28756160E-04
 7.15000000E+03 2.23413500E-04
 7.25000000E+03 2.18248210E-04
 7.35000000E+03 2.13251950E-04
 7.38897600E+03 2.11348710E-04
 7.45000000E+03 2.08416980E-04
 7.55000000E+03 2.03736080E-04
 7.65000000E+03 1.99202500E-04
 7.75000000E+03 1.94809970E-04
 7.77599690E+03 1.93690420E-04
 7.85000000E+03 1.90552620E-04
 7.95000000E+03 1.86424930E-04
 8.05000000E+03 1.82421730E-04
 8.15000000E+03 1.78538160E-04
 8.20580150E+03 1.76421380E-04
 8.20613820E+03 1.81171110E-04
 8.25000000E+03 1.79517660E-04
 8.35000000E+03 1.75829110E-04
 8.45000000E+03 1.72249370E-04
 8.55000000E+03 1.68773820E-04
 8.65000000E+03 1.65398140E-04
 8.75000000E+03 1.62118270E-04
 8.85000000E+03 1.58930410E-04
 8.95000000E+03 1.55830960E-04
 9.05000000E+03 1.52816540E-04
 9.15000000E+03 1.49884000E-04
 9.21353280E+03 1.48062030E-04
 9.25000000E+03 1.47030320E-04
 9.35000000E+03 1.44252680E-04
 9.45000000E+03 1.41548380E-04
 9.55000000E+03 1.38914910E-04
 9.65000000E+03 1.36349860E-04
 9.75000000E+03 1.33850930E-04
 9.85000000E+03 1.31415960E-04
 9.95000000E+03 1.29042890E-04
 1.01250000E+04 1.25033040E-04
 1.03750000E+04 1.19603530E-04
 1.05034290E+04 1.16943370E-04
 1.06250000E+04 1.14501980E-04
 1.08750000E+04 1.09704460E-04
 1.11250000E+04 1.05189260E-04
 1.13750000E+04 1.00936440E-04
 1.16250000E+04 9.69277070E-05
 1.18750000E+04 9.31461760E-05
 1.21250000E+04 8.95762260E-05
 1.22132930E+04 8.83632320E-05
 1.23750000E+04 8.62033820E-05
 1.26250000E+04 8.30142210E-05
 1.28750000E+04 7.99962860E-05
 1.31250000E+04 7.71380210E-05
 1.32954860E+04 7.52748900E-05
 1.33750000E+04 7.44287050E-05
 1.36250000E+04 7.18584010E-05
 1.38750000E+04 6.94179010E-05
 1.41250000E+04 6.70986770E-05
 1.44200000E+04 6.45072610E-05
 1.45881050E+04 6.30965740E-05
 1.45882110E+04 6.39178650E-05
 1.46700000E+04 6.32387620E-05
 1.48750000E+04 6.15831420E-05
 1.51250000E+04 5.96501240E-05
 1.53750000E+04 5.78062030E-05
 1.56250000E+04 5.60459750E-05
 1.58750000E+04 5.43644230E-05
 1.60308430E+04 5.33539170E-05
 1.62000000E+04 5.22883920E-05
 1.66000000E+04 4.98911700E-05
 1.70000000E+04 4.76534560E-05
 1.74000000E+04 4.55612120E-05
 1.77902710E+04 4.36481190E-05
 1.78000000E+04 4.36019510E-05
 1.82000000E+04 4.17645440E-05
 1.86000000E+04 4.00390610E-05
 1.90000000E+04 3.84166170E-05
 1.94000000E+04 3.68892410E-05
 1.98000000E+04 3.54497580E-05
 1.99835140E+04 3.48169570E-05
 2.02500000E+04 3.39273580E-05
 2.07500000E+04 3.23466030E-05
 2.12500000E+04 3.08726690E-05
 2.12962490E+04 3.07414010E-05
 2.17500000E+04 2.94964740E-05
 2.22500000E+04 2.82098760E-05
 2.26500000E+04 2.72401580E-05
 2.27935810E+04 2.69042490E-05
 2.27938410E+04 2.70592160E-05
 2.29000000E+04 2.68131620E-05
 2.32500000E+04 2.60252380E-05
 2.37500000E+04 2.49585510E-05
 2.42500000E+04 2.39563480E-05
 2.47500000E+04 2.30137070E-05
 2.52500000E+04 2.21261380E-05
 2.57500000E+04 2.12895400E-05
 2.62500000E+04 2.05001530E-05
 2.67500000E+04 1.97545360E-05
 2.72500000E+04 1.90495310E-05
 2.77500000E+04 1.83822380E-05
 2.82500000E+04 1.77499950E-05
 2.87500000E+04 1.71503570E-05
 2.92500000E+04 1.65810770E-05
 2.97500000E+04 1.60400910E-05
 3.02500000E+04 1.55255000E-05
 3.07500000E+04 1.50355610E-05
 3.12500000E+04 1.45686690E-05
 3.17500000E+04 1.41233490E-05
 3.24000000E+04 1.35744630E-05
 3.34000000E+04 1.27905850E-05
 3.45000000E+04 1.20041130E-05
 3.50017500E+04 1.16691470E-05
 3.55000000E+04 1.13501040E-05
 3.65000000E+04 1.07477200E-05
 3.75000000E+04 1.01916230E-05
 3.85000000E+04 9.67719950E-06
 3.95000000E+04 9.20043540E-06
 4.05000000E+04 8.75781760E-06
 4.15000000E+04 8.34625200E-06
 4.25000000E+04 7.96299670E-06
 4.35000000E+04 7.60560870E-06
 4.45000000E+04 7.27190020E-06
 4.55000000E+04 6.95990370E-06
 4.65000000E+04 6.66784250E-06
 4.75000000E+04 6.39410770E-06
 4.85000000E+04 6.13723850E-06
 5.00000000E+04 5.78068330E-06
 1.20000000E+05 1.05123940E-06
 2.50000000E+05 2.55959590E-07
 5.99999990E+05 4.65445930E-08
 1.00000000E+06 1.84168160E-08
 1.20000000E+07 3.81122540E-10
 2.00000000E+08 4.16776500E-11
 6.00000000E+08 1.89992140E-11
