 Castelli and Kurucz 2004-2012 Atmosphere
 T     45000.     G    4.50000 [-4.0a] N(He)/Ntot=0.089 VTURB=2.0  L/H=1.25 NOV
 Wavelength  Eddington Hnu
   (nm)    (ergs/s/cm2/Hz/sr)
  9.0900      2.39320E-19
  9.3500      7.80570E-19
  9.6100      2.39100E-18
  9.7700      4.62620E-18
  9.9600      9.85830E-18
  10.200      2.46350E-17
  10.380      4.76480E-17
  10.560      9.01310E-17
  10.770      1.84590E-16
  11.040      4.45800E-16
  11.400      1.35380E-15
  11.780      4.06330E-15
  12.130      1.05160E-14
  12.480      2.57880E-14
  12.710      4.52460E-14
  12.840      6.16080E-14
  13.050      1.00110E-13
  13.240      1.53240E-13
  13.390      2.12590E-13
  13.660      3.76300E-13
  13.980      7.18970E-13
  14.330      1.41100E-12
  14.720      2.87670E-12
  15.100      5.55290E-12
  15.520      1.10500E-11
  15.880      1.93430E-11
  16.200      3.11390E-11
  16.600      5.49640E-11
  17.030      9.81460E-11
  17.340      1.46320E-10
  17.680      2.22970E-10
  18.020      3.34130E-10
  18.170      3.97330E-10
  18.610      6.49830E-10
  19.100      1.09260E-09
  19.390      1.46680E-09
  19.840      2.27510E-09
  20.180      3.12660E-09
  20.500      4.17410E-09
  21.050      6.71190E-09
  21.620      1.06860E-08
  21.980      1.41460E-08
  22.300      1.80060E-08
  22.680      2.37520E-08
  23.000      1.13930E-07
  23.400      4.54470E-07
  24.000      6.43560E-06
  24.650      6.05590E-05
  25.240      1.28140E-04
  25.680      6.71100E-05
  26.000      2.12620E-04
  26.400      2.69940E-04
  26.850      3.21320E-04
  27.350      3.65520E-04
  27.850      4.02830E-04
  28.400      4.33850E-04
  29.000      4.68400E-04
  29.600      4.19610E-04
  30.100      1.46260E-04
  30.800      2.64840E-04
  31.800      5.90300E-04
  32.800      6.65210E-04
  33.800      7.07530E-04
  34.800      7.63720E-04
  35.700      7.95960E-04
  36.600      8.39870E-04
  37.500      8.60980E-04
  38.500      8.80900E-04
  39.500      9.40480E-04
  40.500      9.81320E-04
  41.400      1.00940E-03
  42.200      1.02440E-03
  43.000      1.05910E-03
  44.100      1.09780E-03
  45.100      1.12560E-03
  46.000      1.14450E-03
  47.000      1.17100E-03
  48.000      1.21050E-03
  49.000      1.22360E-03
  50.000      1.27090E-03
  50.600      1.30510E-03
  51.200      1.47380E-03
  52.000      1.49890E-03
  53.000      1.55040E-03
  54.000      1.55680E-03
  55.000      1.58650E-03
  56.000      1.63830E-03
  57.000      1.67530E-03
  58.000      1.68350E-03
  59.000      1.73180E-03
  60.000      1.74460E-03
  61.000      1.76250E-03
  62.000      1.80100E-03
  63.000      1.82260E-03
  64.000      1.86490E-03
  65.000      1.88390E-03
  65.800      1.88820E-03
  66.500      1.92590E-03
  67.500      1.95250E-03
  68.500      1.96780E-03
  69.500      1.99960E-03
  70.500      1.99660E-03
  71.600      2.04570E-03
  72.600      2.06800E-03
  73.500      2.08690E-03
  74.500      2.10650E-03
  75.500      2.12400E-03
  76.500      2.13300E-03
  77.500      2.16490E-03
  78.500      2.16530E-03
  79.500      2.18390E-03
  80.500      2.21680E-03
  81.500      2.23370E-03
  82.500      2.25080E-03
  83.500      2.24180E-03
  84.500      2.28050E-03
  85.500      2.28670E-03
  86.500      2.30920E-03
  87.500      2.32260E-03
  88.500      2.33510E-03
  89.500      2.34690E-03
  90.500      2.34090E-03
  91.500      1.89750E-03
  92.500      3.21800E-03
  93.500      3.96210E-03
  94.500      4.74410E-03
  95.500      5.06280E-03
  96.500      5.54110E-03
  97.500      4.77620E-03
  98.500      5.53830E-03
  99.500      5.29280E-03
  100.50      5.49170E-03
  101.50      5.44550E-03
  102.50      4.63660E-03
  103.50      5.36790E-03
  104.50      5.36300E-03
  105.50      5.33070E-03
  106.50      5.29510E-03
  107.50      5.26450E-03
  108.50      5.03770E-03
  109.50      5.20110E-03
  110.50      5.16820E-03
  111.50      5.13560E-03
  112.50      5.09110E-03
  113.50      5.07200E-03
  114.50      5.03910E-03
  115.50      5.00450E-03
  116.50      4.97010E-03
  117.50      4.91110E-03
  118.50      4.90400E-03
  119.50      4.86940E-03
  120.50      4.82570E-03
  121.50      4.15130E-03
  122.50      4.75370E-03
  123.50      4.72340E-03
  124.50      4.69390E-03
  125.50      4.67370E-03
  126.50      4.64120E-03
  127.50      4.60900E-03
  128.50      4.57730E-03
  129.50      4.54580E-03
  130.50      4.51460E-03
  131.50      4.48380E-03
  132.50      4.45280E-03
  133.50      4.42190E-03
  134.50      4.39120E-03
  135.50      4.36050E-03
  136.50      4.32970E-03
  137.50      4.29460E-03
  138.50      4.26910E-03
  139.50      4.23460E-03
  140.50      4.20440E-03
  141.50      4.17940E-03
  142.50      4.15010E-03
  143.50      4.12120E-03
  144.20      4.10050E-03
  144.70      4.08640E-03
  145.50      4.06360E-03
  146.50      4.03530E-03
  147.50      4.00700E-03
  148.50      3.97900E-03
  149.50      3.95110E-03
  150.50      3.92330E-03
  151.20      3.90410E-03
  151.70      3.89040E-03
  152.50      3.86870E-03
  153.50      3.84180E-03
  154.50      3.78140E-03
  155.50      3.75710E-03
  156.50      3.76270E-03
  157.50      3.73680E-03
  158.50      3.71100E-03
  159.50      3.68530E-03
  160.50      3.65970E-03
  161.50      3.63440E-03
  162.50      3.60850E-03
  163.50      3.51970E-03
  164.50      3.37440E-03
  165.50      3.53420E-03
  166.50      3.51000E-03
  167.20      3.49290E-03
  167.70      3.48110E-03
  168.50      3.46210E-03
  169.50      3.43860E-03
  170.50      3.41520E-03
  171.50      3.38630E-03
  172.50      3.36860E-03
  173.50      3.34650E-03
  174.50      3.32400E-03
  175.50      3.30160E-03
  176.50      3.27940E-03
  177.50      3.25740E-03
  178.50      3.23550E-03
  179.50      3.21370E-03
  180.50      3.19220E-03
  181.50      3.17080E-03
  182.50      3.14960E-03
  183.50      3.12860E-03
  184.50      3.10780E-03
  185.50      3.08720E-03
  186.50      3.06680E-03
  187.50      3.04670E-03
  188.50      3.02670E-03
  189.50      3.00680E-03
  190.50      2.98710E-03
  191.50      2.96750E-03
  192.50      2.94820E-03
  193.50      2.92900E-03
  194.50      2.91000E-03
  195.50      2.89130E-03
  196.70      2.86900E-03
  197.60      2.85250E-03
  198.40      2.83790E-03
  199.50      2.81780E-03
  200.50      2.79980E-03
  201.50      2.78190E-03
  202.50      2.76420E-03
  203.50      2.74650E-03
  204.50      2.72910E-03
  205.50      2.14660E-03
  206.50      2.08790E-03
  207.40      2.13770E-03
  207.80      2.18920E-03
  208.50      2.33930E-03
  209.50      2.57710E-03
  210.50      2.62860E-03
  211.50      2.62030E-03
  212.50      2.60580E-03
  213.50      2.58470E-03
  214.50      2.57390E-03
  215.50      2.59780E-03
  216.50      2.52740E-03
  217.50      2.58290E-03
  218.50      2.49550E-03
  219.50      2.54970E-03
  220.50      2.53740E-03
  221.50      2.44860E-03
  222.50      2.50580E-03
  223.50      2.49090E-03
  224.50      2.47400E-03
  225.50      2.39200E-03
  226.50      2.44550E-03
  227.50      2.43070E-03
  228.50      2.41600E-03
  229.50      2.40080E-03
  230.50      2.32320E-03
  231.50      2.37140E-03
  232.50      2.35840E-03
  233.50      2.34430E-03
  234.50      2.33040E-03
  235.50      2.31660E-03
  236.50      2.30290E-03
  237.50      2.28920E-03
  238.50      2.21680E-03
  239.50      2.26180E-03
  240.50      2.24890E-03
  241.50      2.23570E-03
  242.50      2.22260E-03
  243.50      2.20960E-03
  244.50      2.19670E-03
  245.50      2.18400E-03
  246.50      2.17140E-03
  247.50      2.15880E-03
  248.50      2.14640E-03
  249.50      2.12250E-03
  250.50      2.11570E-03
  251.30      1.99410E-03
  251.80      2.10480E-03
  252.50      2.09780E-03
  253.50      2.08590E-03
  254.50      2.07410E-03
  255.50      2.06240E-03
  256.50      2.05080E-03
  257.50      2.03920E-03
  258.50      2.02780E-03
  259.50      2.01650E-03
  260.50      2.00540E-03
  261.50      1.99420E-03
  262.50      1.98300E-03
  263.50      1.97200E-03
  264.50      1.96110E-03
  265.50      1.95020E-03
  266.50      1.93940E-03
  267.50      1.92860E-03
  268.50      1.91820E-03
  269.50      1.90750E-03
  270.50      1.89740E-03
  271.50      1.88700E-03
  272.50      1.87620E-03
  273.50      1.82030E-03
  274.50      1.85650E-03
  275.50      1.84660E-03
  276.50      1.83600E-03
  277.50      1.82680E-03
  278.50      1.81710E-03
  279.50      1.80740E-03
  280.50      1.79770E-03
  281.50      1.78820E-03
  282.50      1.77810E-03
  283.50      1.76910E-03
  284.50      1.76000E-03
  285.50      1.75070E-03
  286.50      1.74150E-03
  287.50      1.73240E-03
  288.50      1.72340E-03
  289.50      1.71440E-03
  291.00      1.70110E-03
  293.00      1.68350E-03
  295.00      1.66560E-03
  297.00      1.64920E-03
  299.00      1.63240E-03
  301.00      1.61590E-03
  303.00      1.59960E-03
  305.00      1.58360E-03
  307.00      1.56770E-03
  309.00      1.55220E-03
  311.00      1.53680E-03
  313.00      1.52170E-03
  315.00      1.50680E-03
  317.00      1.49210E-03
  319.00      1.47630E-03
  321.00      1.44380E-03
  323.00      1.44920E-03
  325.00      1.43530E-03
  327.00      1.42160E-03
  329.00      1.40810E-03
  331.00      1.39480E-03
  333.00      1.38170E-03
  335.00      1.36870E-03
  337.00      1.35600E-03
  339.00      1.34340E-03
  341.00      1.33100E-03
  343.00      1.31900E-03
  345.00      1.30670E-03
  347.00      1.29490E-03
  349.00      1.28310E-03
  351.00      1.27140E-03
  353.00      1.25980E-03
  355.00      1.24840E-03
  357.00      1.23760E-03
  359.00      1.22610E-03
  361.00      1.21550E-03
  363.00      1.20440E-03
  364.00      1.17800E-03
  365.00      1.08730E-03
  367.00      1.07910E-03
  369.00      1.07350E-03
  371.00      1.07480E-03
  373.00      1.08080E-03
  375.00      1.09650E-03
  377.00      1.10750E-03
  379.00      1.11960E-03
  381.00      1.13000E-03
  383.00      1.08880E-03
  385.00      1.12360E-03
  387.00      1.12610E-03
  389.00      1.05400E-03
  391.00      1.11050E-03
  393.00      1.09470E-03
  395.00      1.09370E-03
  397.00      1.01830E-03
  399.00      1.07470E-03
  401.00      1.06980E-03
  403.00      1.04400E-03
  405.00      1.05320E-03
  407.00      1.04440E-03
  409.00      1.01880E-03
  411.00      9.72620E-04
  413.00      1.01780E-03
  415.00      1.01030E-03
  417.00      1.00270E-03
  419.00      9.91070E-04
  421.00      9.74660E-04
  423.00      9.78880E-04
  425.00      9.71100E-04
  427.00      9.63410E-04
  429.00      9.55800E-04
  431.00      9.47910E-04
  433.00      9.19410E-04
  435.00      8.90770E-04
  437.00      9.25450E-04
  439.00      9.17890E-04
  441.00      9.12030E-04
  443.00      9.04950E-04
  445.00      8.98100E-04
  447.00      8.86880E-04
  449.00      8.84480E-04
  451.00      8.77770E-04
  453.00      8.70170E-04
  455.00      8.52120E-04
  457.00      8.58130E-04
  459.00      8.51730E-04
  461.00      8.45400E-04
  463.00      8.39140E-04
  465.00      8.32950E-04
  467.00      8.26150E-04
  469.00      7.97480E-04
  471.00      8.13940E-04
  473.00      8.08840E-04
  475.00      8.02980E-04
  477.00      7.97180E-04
  479.00      7.91450E-04
  481.00      7.85770E-04
  483.00      7.79850E-04
  485.00      7.61740E-04
  487.00      7.30640E-04
  489.00      7.62830E-04
  491.00      7.58280E-04
  493.00      7.51160E-04
  495.00      7.47690E-04
  497.00      7.42480E-04
  499.00      7.37320E-04
  501.00      7.31310E-04
  503.00      7.27150E-04
  505.00      7.21990E-04
  507.00      7.17190E-04
  509.00      7.12290E-04
  511.00      7.07430E-04
  513.00      7.02630E-04
  515.00      6.97870E-04
  517.00      6.93160E-04
  519.00      6.88500E-04
  521.00      6.83880E-04
  523.00      6.79310E-04
  525.00      6.74790E-04
  527.00      6.70310E-04
  529.00      6.65870E-04
  531.00      6.61480E-04
  533.00      6.57130E-04
  535.00      6.52830E-04
  537.00      6.48560E-04
  539.00      6.44330E-04
  541.00      6.30350E-04
  543.00      6.35990E-04
  545.00      6.31910E-04
  547.00      6.27850E-04
  549.00      6.23820E-04
  551.00      6.19840E-04
  553.00      6.15890E-04
  555.00      6.11980E-04
  557.00      6.08110E-04
  559.00      6.04270E-04
  561.00      6.00470E-04
  563.00      5.96700E-04
  565.00      5.92970E-04
  567.00      5.89280E-04
  569.00      5.79530E-04
  571.00      5.48680E-04
  573.00      5.45520E-04
  575.00      5.42400E-04
  577.00      5.39370E-04
  579.00      5.36620E-04
  581.00      5.34300E-04
  583.00      5.32560E-04
  585.00      5.31340E-04
  587.00      5.28280E-04
  589.00      5.29660E-04
  591.00      5.29310E-04
  593.00      5.29340E-04
  595.00      5.29820E-04
  597.00      5.30280E-04
  599.00      5.31220E-04
  601.00      5.29620E-04
  603.00      5.27490E-04
  605.00      5.25980E-04
  607.00      5.22280E-04
  609.00      5.19970E-04
  611.00      5.16400E-04
  613.00      5.13410E-04
  615.00      5.11140E-04
  617.00      5.06490E-04
  619.00      5.05210E-04
  621.00      5.02340E-04
  623.00      4.97520E-04
  625.00      4.96230E-04
  627.00      4.93760E-04
  629.00      4.90940E-04
  631.00      4.85470E-04
  633.00      4.85210E-04
  635.00      4.82660E-04
  637.00      4.79940E-04
  639.00      4.77150E-04
  641.00      4.71120E-04
  643.00      4.71920E-04
  645.00      4.69300E-04
  647.00      4.66690E-04
  649.00      4.64110E-04
  651.00      4.61360E-04
  653.00      4.54480E-04
  655.00      4.51990E-04
  657.00      4.31220E-04
  659.00      4.50890E-04
  661.00      4.49030E-04
  663.00      4.46590E-04
  665.00      4.44180E-04
  667.00      4.40620E-04
  669.00      4.34110E-04
  671.00      4.37030E-04
  673.00      4.34690E-04
  675.00      4.32360E-04
  677.00      4.30050E-04
  679.00      4.27770E-04
  681.00      4.25500E-04
  683.00      4.23240E-04
  685.00      4.21010E-04
  687.00      4.18780E-04
  689.00      4.11590E-04
  691.00      4.14240E-04
  693.00      4.12240E-04
  695.00      4.10090E-04
  697.00      4.07960E-04
  699.00      4.05850E-04
  701.00      4.03750E-04
  703.00      4.01670E-04
  705.00      3.99600E-04
  707.00      3.96590E-04
  709.00      3.95520E-04
  711.00      3.93500E-04
  713.00      3.91490E-04
  715.00      3.89500E-04
  717.00      3.84260E-04
  719.00      3.83750E-04
  721.00      3.83630E-04
  723.00      3.81700E-04
  725.00      3.79780E-04
  727.00      3.77880E-04
  729.00      3.75710E-04
  731.00      3.74130E-04
  733.00      3.72270E-04
  735.00      3.70420E-04
  737.00      3.68590E-04
  739.00      3.66770E-04
  741.00      3.64970E-04
  743.00      3.63180E-04
  745.00      3.61400E-04
  747.00      3.59640E-04
  749.00      3.57880E-04
  751.00      3.56140E-04
  753.00      3.54420E-04
  755.00      3.52700E-04
  757.00      3.51000E-04
  759.00      3.44740E-04
  761.00      3.47390E-04
  763.00      3.45970E-04
  765.00      3.44320E-04
  767.00      3.42680E-04
  769.00      3.41050E-04
  771.00      3.39430E-04
  773.00      3.37820E-04
  775.00      3.36230E-04
  777.00      3.34640E-04
  779.00      3.33070E-04
  781.00      3.31510E-04
  783.00      3.29960E-04
  785.00      3.28430E-04
  787.00      3.26900E-04
  789.00      3.25380E-04
  791.00      3.23870E-04
  793.00      3.22370E-04
  795.00      3.20890E-04
  797.00      3.19410E-04
  799.00      3.17940E-04
  801.00      3.16490E-04
  803.00      3.15040E-04
  805.00      3.13600E-04
  807.00      3.12170E-04
  809.00      3.10750E-04
  811.00      3.09340E-04
  813.00      3.07950E-04
  815.00      3.06560E-04
  817.00      3.05180E-04
  819.00      3.02680E-04
  821.00      2.91750E-04
  823.00      2.89080E-04
  825.00      2.88980E-04
  827.00      2.88020E-04
  829.00      2.86820E-04
  831.00      2.85610E-04
  833.00      2.84410E-04
  835.00      2.83210E-04
  837.00      2.82070E-04
  839.00      2.80950E-04
  841.00      2.79930E-04
  843.00      2.78910E-04
  845.00      2.77880E-04
  847.00      2.76970E-04
  849.00      2.76130E-04
  851.00      2.75220E-04
  853.00      2.74470E-04
  855.00      2.73420E-04
  857.00      2.72990E-04
  859.00      2.71760E-04
  861.00      2.71010E-04
  863.00      2.70930E-04
  865.00      2.69840E-04
  867.00      2.67800E-04
  869.00      2.68900E-04
  871.00      2.68630E-04
  873.00      2.67510E-04
  875.00      2.63360E-04
  877.00      2.65590E-04
  879.00      2.66310E-04
  881.00      2.65840E-04
  883.00      2.65020E-04
  885.00      2.61150E-04
  887.00      2.56150E-04
  889.00      2.61210E-04
  891.00      2.61220E-04
  893.00      2.60230E-04
  895.00      2.59790E-04
  897.00      2.58420E-04
  899.00      2.56060E-04
  901.00      2.48000E-04
  903.00      2.50340E-04
  905.00      2.53510E-04
  907.00      2.53140E-04
  909.00      2.52340E-04
  911.00      2.50840E-04
  913.00      2.50330E-04
  915.00      2.49320E-04
  917.00      2.48260E-04
  919.00      2.46850E-04
  921.00      2.43730E-04
  923.00      2.34270E-04
  925.00      2.41290E-04
  927.00      2.42780E-04
  929.00      2.42350E-04
  931.00      2.41330E-04
  933.00      2.40230E-04
  935.00      2.35210E-04
  937.00      2.37480E-04
  939.00      2.37550E-04
  941.00      2.36610E-04
  943.00      2.35680E-04
  945.00      2.34740E-04
  947.00      2.33760E-04
  949.00      2.32890E-04
  951.00      2.31280E-04
  953.00      2.27890E-04
  955.00      2.18940E-04
  957.00      2.27100E-04
  959.00      2.28030E-04
  961.00      2.27480E-04
  963.00      2.26550E-04
  965.00      2.25730E-04
  967.00      2.24850E-04
  969.00      2.23980E-04
  971.00      2.23100E-04
  973.00      2.22260E-04
  975.00      2.21150E-04
  977.00      2.19270E-04
  979.00      2.19710E-04
  981.00      2.18880E-04
  983.00      2.18050E-04
  985.00      2.17220E-04
  987.00      2.16390E-04
  989.00      2.15570E-04
  991.00      2.14760E-04
  993.00      2.13950E-04
  995.00      2.13140E-04
  997.00      2.12340E-04
  999.00      2.11540E-04
  1002.5      2.07480E-04
  1007.5      2.04300E-04
  1012.5      2.03670E-04
  1017.5      2.04380E-04
  1022.5      2.02500E-04
  1027.5      2.00660E-04
  1032.5      1.98760E-04
  1037.5      1.97040E-04
  1042.5      1.94380E-04
  1047.5      1.93510E-04
  1052.5      1.91790E-04
  1057.5      1.90080E-04
  1062.5      1.88400E-04
  1067.5      1.86730E-04
  1072.5      1.85100E-04
  1077.5      1.83490E-04
  1082.5      1.81580E-04
  1087.5      1.80280E-04
  1092.5      1.73990E-04
  1097.5      1.76140E-04
  1102.5      1.75680E-04
  1107.5      1.74220E-04
  1112.5      1.72740E-04
  1117.5      1.71370E-04
  1122.5      1.69930E-04
  1127.5      1.68510E-04
  1132.5      1.67100E-04
  1137.5      1.65720E-04
  1142.5      1.64350E-04
  1147.5      1.62990E-04
  1152.5      1.61660E-04
  1157.5      1.60330E-04
  1162.5      1.57730E-04
  1167.5      1.56790E-04
  1172.5      1.56470E-04
  1177.5      1.55210E-04
  1182.5      1.53970E-04
  1187.5      1.52740E-04
  1192.5      1.51530E-04
  1197.5      1.50210E-04
  1202.5      1.49140E-04
  1207.5      1.47970E-04
  1212.5      1.46820E-04
  1217.5      1.45670E-04
  1222.5      1.44540E-04
  1227.5      1.43420E-04
  1232.5      1.42320E-04
  1237.5      1.41230E-04
  1242.5      1.40150E-04
  1247.5      1.39080E-04
  1252.5      1.38010E-04
  1257.5      1.36980E-04
  1262.5      1.35950E-04
  1267.5      1.34930E-04
  1272.5      1.33920E-04
  1277.5      1.32460E-04
  1282.5      1.28140E-04
  1287.5      1.30810E-04
  1292.5      1.30000E-04
  1297.5      1.29010E-04
  1302.5      1.28100E-04
  1307.5      1.27170E-04
  1312.5      1.26250E-04
  1317.5      1.25330E-04
  1322.5      1.24430E-04
  1327.5      1.23540E-04
  1332.5      1.22650E-04
  1337.5      1.21780E-04
  1342.5      1.20910E-04
  1347.5      1.20060E-04
  1352.5      1.19210E-04
  1357.5      1.18370E-04
  1362.5      1.17540E-04
  1367.5      1.16720E-04
  1372.5      1.15910E-04
  1377.5      1.15110E-04
  1382.5      1.14310E-04
  1387.5      1.13520E-04
  1392.5      1.12740E-04
  1397.5      1.11970E-04
  1402.5      1.11210E-04
  1407.5      1.10450E-04
  1412.5      1.09710E-04
  1417.5      1.08960E-04
  1422.5      1.08230E-04
  1427.5      1.07510E-04
  1432.5      1.06790E-04
  1437.5      1.06080E-04
  1442.5      1.05370E-04
  1447.5      1.04680E-04
  1452.5      1.03990E-04
  1457.0      1.03370E-04
  1462.0      1.02920E-04
  1467.5      1.02140E-04
  1472.5      1.01280E-04
  1477.5      9.99170E-05
  1482.5      1.00100E-04
  1487.5      9.95540E-05
  1492.5      9.89140E-05
  1497.5      9.82800E-05
  1502.5      9.76520E-05
  1507.5      9.69870E-05
  1512.5      9.64130E-05
  1517.5      9.58030E-05
  1522.5      9.51980E-05
  1527.5      9.45990E-05
  1532.5      9.40060E-05
  1537.5      9.34180E-05
  1542.5      9.27630E-05
  1547.5      9.22440E-05
  1552.5      9.16330E-05
  1557.5      9.09780E-05
  1562.5      9.05610E-05
  1567.5      8.98730E-05
  1572.5      8.92630E-05
  1577.5      8.89080E-05
  1582.5      8.83340E-05
  1587.5      8.74940E-05
  1592.5      8.71680E-05
  1597.5      8.67750E-05
  1605.0      8.58870E-05
  1615.0      8.46810E-05
  1625.0      8.39650E-05
  1635.0      8.28030E-05
  1645.0      8.15700E-05
  1655.0      8.10510E-05
  1665.0      8.01140E-05
  1675.0      7.89620E-05
  1685.0      7.77240E-05
  1695.0      7.73960E-05
  1705.0      7.64700E-05
  1715.0      7.56610E-05
  1725.0      7.48130E-05
  1735.0      7.31440E-05
  1745.0      7.30850E-05
  1755.0      7.23600E-05
  1765.0      7.15680E-05
  1775.0      7.07900E-05
  1785.0      7.00240E-05
  1795.0      6.92700E-05
  1805.0      6.85270E-05
  1815.0      6.69630E-05
  1825.0      6.69350E-05
  1835.0      6.63720E-05
  1845.0      6.56760E-05
  1855.0      6.50010E-05
  1865.0      6.37830E-05
  1875.0      6.26170E-05
  1885.0      6.30070E-05
  1895.0      6.23650E-05
  1905.0      6.17100E-05
  1915.0      6.11060E-05
  1925.0      6.04910E-05
  1935.0      5.98600E-05
  1945.0      5.83740E-05
  1955.0      5.86720E-05
  1965.0      5.81200E-05
  1975.0      5.75490E-05
  1985.0      5.69870E-05
  1995.0      5.64320E-05
  2005.0      5.58860E-05
  2015.0      5.53480E-05
  2025.0      5.48170E-05
  2035.0      5.42940E-05
  2045.0      5.37780E-05
  2055.0      5.32630E-05
  2065.0      5.27690E-05
  2075.0      5.22740E-05
  2085.0      5.17870E-05
  2095.0      5.13060E-05
  2105.0      5.08330E-05
  2115.0      5.03520E-05
  2125.0      4.99040E-05
  2135.0      4.94500E-05
  2145.0      4.90000E-05
  2155.0      4.85540E-05
  2165.0      4.73190E-05
  2175.0      4.76490E-05
  2185.0      4.72660E-05
  2195.0      4.68470E-05
  2205.0      4.64340E-05
  2215.0      4.60250E-05
  2225.0      4.56220E-05
  2235.0      4.52250E-05
  2245.0      4.48320E-05
  2255.0      4.44450E-05
  2265.0      4.40620E-05
  2275.0      4.36850E-05
  2285.0      4.33430E-05
  2295.0      4.29750E-05
  2305.0      4.26110E-05
  2315.0      4.22520E-05
  2325.0      4.18980E-05
  2335.0      4.15480E-05
  2345.0      4.12020E-05
  2355.0      4.08600E-05
  2365.0      4.05230E-05
  2375.0      4.01900E-05
  2385.0      3.98610E-05
  2395.0      3.95360E-05
  2405.0      3.92150E-05
  2415.0      3.88970E-05
  2425.0      3.85840E-05
  2435.0      3.82740E-05
  2445.0      3.79680E-05
  2455.0      3.76660E-05
  2465.0      3.73670E-05
  2475.0      3.70670E-05
  2485.0      3.67800E-05
  2495.0      3.64920E-05
  2505.0      3.62070E-05
  2515.0      3.59250E-05
  2525.0      3.56470E-05
  2535.0      3.53720E-05
  2545.0      3.51000E-05
  2555.0      3.48310E-05
  2565.0      3.45590E-05
  2575.0      3.43020E-05
  2585.0      3.40430E-05
  2595.0      3.37860E-05
  2605.0      3.35190E-05
  2615.0      3.31790E-05
  2625.0      3.24310E-05
  2635.0      3.27510E-05
  2645.0      3.25440E-05
  2655.0      3.23020E-05
  2665.0      3.20640E-05
  2675.0      3.17100E-05
  2685.0      3.15930E-05
  2695.0      3.13700E-05
  2705.0      3.11420E-05
  2715.0      3.09180E-05
  2725.0      3.06950E-05
  2735.0      3.04750E-05
  2745.0      3.02570E-05
  2755.0      2.98850E-05
  2765.0      2.97660E-05
  2775.0      2.96180E-05
  2785.0      2.94090E-05
  2795.0      2.92030E-05
  2805.0      2.89990E-05
  2815.0      2.87960E-05
  2825.0      2.85960E-05
  2835.0      2.83980E-05
  2845.0      2.82020E-05
  2855.0      2.80080E-05
  2865.0      2.77630E-05
  2875.0      2.73960E-05
  2885.0      2.74330E-05
  2895.0      2.72520E-05
  2905.0      2.70680E-05
  2915.0      2.68860E-05
  2925.0      2.67050E-05
  2935.0      2.65270E-05
  2945.0      2.63500E-05
  2955.0      2.61740E-05
  2965.0      2.60010E-05
  2975.0      2.58290E-05
  2985.0      2.56590E-05
  2995.0      2.54900E-05
  3005.0      2.53240E-05
  3015.0      2.51580E-05
  3025.0      2.49940E-05
  3035.0      2.46140E-05
  3045.0      2.45510E-05
  3055.0      2.45130E-05
  3065.0      2.43560E-05
  3075.0      2.42000E-05
  3085.0      2.40460E-05
  3095.0      2.38930E-05
  3105.0      2.37420E-05
  3115.0      2.35920E-05
  3125.0      2.34430E-05
  3135.0      2.32960E-05
  3145.0      2.31500E-05
  3155.0      2.30060E-05
  3165.0      2.28620E-05
  3175.0      2.27210E-05
  3185.0      2.25800E-05
  3195.0      2.24410E-05
  3210.0      2.22350E-05
  3230.0      2.19640E-05
  3250.0      2.16980E-05
  3270.0      2.14370E-05
  3290.0      2.10040E-05
  3310.0      2.09020E-05
  3330.0      2.06880E-05
  3350.0      2.04450E-05
  3370.0      2.02060E-05
  3390.0      1.99710E-05
  3410.0      1.97400E-05
  3430.0      1.95140E-05
  3450.0      1.92910E-05
  3470.0      1.90720E-05
  3490.0      1.88560E-05
  3510.0      1.86440E-05
  3530.0      1.84360E-05
  3550.0      1.82310E-05
  3570.0      1.80300E-05
  3590.0      1.78320E-05
  3610.0      1.76370E-05
  3630.0      1.74450E-05
  3650.0      1.72570E-05
  3670.0      1.70710E-05
  3690.0      1.68890E-05
  3710.0      1.67070E-05
  3730.0      1.64600E-05
  3750.0      1.62450E-05
  3770.0      1.61870E-05
  3790.0      1.60180E-05
  3810.0      1.58520E-05
  3830.0      1.56880E-05
  3850.0      1.55270E-05
  3870.0      1.53690E-05
  3890.0      1.52120E-05
  3910.0      1.50580E-05
  3930.0      1.49070E-05
  3950.0      1.47580E-05
  3970.0      1.46110E-05
  3990.0      1.44660E-05
  4010.0      1.43180E-05
  4030.0      1.41700E-05
  4050.0      1.39100E-05
  4070.0      1.39080E-05
  4090.0      1.37730E-05
  4110.0      1.36410E-05
  4130.0      1.35090E-05
  4150.0      1.33810E-05
  4170.0      1.32240E-05
  4190.0      1.31280E-05
  4210.0      1.30050E-05
  4230.0      1.28830E-05
  4250.0      1.27630E-05
  4270.0      1.26450E-05
  4290.0      1.25270E-05
  4310.0      1.24130E-05
  4330.0      1.22990E-05
  4350.0      1.21870E-05
  4370.0      1.20350E-05
  4390.0      1.19560E-05
  4410.0      1.18600E-05
  4430.0      1.17540E-05
  4450.0      1.16490E-05
  4470.0      1.15480E-05
  4490.0      1.14460E-05
  4510.0      1.13450E-05
  4530.0      1.12460E-05
  4550.0      1.11480E-05
  4570.0      1.10510E-05
  4590.0      1.09560E-05
  4610.0      1.08610E-05
  4630.0      1.07680E-05
  4650.0      1.05420E-05
  4670.0      1.05110E-05
  4690.0      1.04890E-05
  4710.0      1.04070E-05
  4730.0      1.03200E-05
  4750.0      1.02340E-05
  4770.0      1.01490E-05
  4790.0      1.00650E-05
  4810.0      9.98150E-06
  4830.0      9.89940E-06
  4850.0      9.81830E-06
  4870.0      9.73820E-06
  4890.0      9.65910E-06
  4910.0      9.58090E-06
  4930.0      9.50370E-06
  4950.0      9.42740E-06
  4970.0      9.35200E-06
  4990.0      9.27750E-06
  5010.0      9.20390E-06
  5030.0      9.13120E-06
  5050.0      9.05930E-06
  5070.0      8.98830E-06
  5090.0      8.91800E-06
  5110.0      8.84320E-06
  5130.0      8.70560E-06
  5150.0      8.71150E-06
  5170.0      8.64520E-06
  5190.0      8.57900E-06
  5210.0      8.51350E-06
  5230.0      8.44870E-06
  5250.0      8.38470E-06
  5270.0      8.32140E-06
  5290.0      8.25880E-06
  5310.0      8.19690E-06
  5330.0      8.13570E-06
  5350.0      8.07520E-06
  5370.0      8.01530E-06
  5390.0      7.95610E-06
  5410.0      7.89760E-06
  5430.0      7.83980E-06
  5450.0      7.78250E-06
  5470.0      7.72590E-06
  5490.0      7.66980E-06
  5510.0      7.61440E-06
  5530.0      7.55950E-06
  5550.0      7.50530E-06
  5570.0      7.45170E-06
  5590.0      7.39860E-06
  5610.0      7.34610E-06
  5630.0      7.29410E-06
  5650.0      7.24270E-06
  5670.0      7.19180E-06
  5690.0      7.14140E-06
  5710.0      7.09150E-06
  5730.0      7.04230E-06
  5750.0      6.99350E-06
  5770.0      6.94530E-06
  5790.0      6.89750E-06
  5810.0      6.85020E-06
  5830.0      6.80330E-06
  5850.0      6.75780E-06
  5870.0      6.71180E-06
  5890.0      6.66100E-06
  5910.0      6.54630E-06
  5930.0      6.57560E-06
  5950.0      6.52660E-06
  5970.0      6.48870E-06
  5990.0      6.44610E-06
  6010.0      6.40330E-06
  6030.0      6.36100E-06
  6050.0      6.31910E-06
  6070.0      6.27760E-06
  6090.0      6.23650E-06
  6110.0      6.19580E-06
  6130.0      6.15540E-06
  6150.0      6.11550E-06
  6170.0      6.07600E-06
  6190.0      6.03680E-06
  6210.0      5.99810E-06
  6230.0      5.95960E-06
  6250.0      5.92160E-06
  6270.0      5.88380E-06
  6290.0      5.82940E-06
  6310.0      5.80950E-06
  6330.0      5.77300E-06
  6350.0      5.73670E-06
  6370.0      5.70080E-06
  6390.0      5.66520E-06
  6420.0      5.61240E-06
  6460.0      5.54310E-06
  6500.0      5.47520E-06
  6540.0      5.40840E-06
  6580.0      5.34290E-06
  6620.0      5.27850E-06
  6660.0      5.21530E-06
  6700.0      5.15320E-06
  6740.0      5.09210E-06
  6780.0      5.01790E-06
  6820.0      4.97340E-06
  6860.0      4.91560E-06
  6900.0      4.85880E-06
  6940.0      4.80290E-06
  6980.0      4.74800E-06
  7020.0      4.69400E-06
  7060.0      4.64090E-06
  7100.0      4.58870E-06
  7140.0      4.53740E-06
  7180.0      4.48700E-06
  7220.0      4.43740E-06
  7260.0      4.38850E-06
  7300.0      4.34050E-06
  7340.0      4.29330E-06
  7380.0      4.24680E-06
  7420.0      4.20070E-06
  7460.0      4.11810E-06
  7500.0      4.06550E-06
  7540.0      4.06570E-06
  7580.0      4.02550E-06
  7620.0      3.98330E-06
  7660.0      3.94170E-06
  7700.0      3.90080E-06
  7740.0      3.86050E-06
  7780.0      3.82080E-06
  7820.0      3.78180E-06
  7860.0      3.74340E-06
  7900.0      3.70550E-06
  7940.0      3.66820E-06
  7980.0      3.63150E-06
  8020.0      3.59520E-06
  8060.0      3.55960E-06
  8100.0      3.52440E-06
  8140.0      3.48970E-06
  8180.0      3.45560E-06
  8220.0      3.42200E-06
  8260.0      3.38890E-06
  8300.0      3.35620E-06
  8340.0      3.32400E-06
  8380.0      3.29230E-06
  8420.0      3.26100E-06
  8460.0      3.23020E-06
  8500.0      3.19980E-06
  8540.0      3.16980E-06
  8580.0      3.14020E-06
  8620.0      3.11110E-06
  8660.0      3.08030E-06
  8700.0      3.05390E-06
  8740.0      3.01580E-06
  8780.0      2.98830E-06
  8820.0      2.97120E-06
  8860.0      2.94430E-06
  8900.0      2.91790E-06
  8940.0      2.89170E-06
  8980.0      2.86590E-06
  9020.0      2.84050E-06
  9060.0      2.81540E-06
  9100.0      2.79060E-06
  9140.0      2.76620E-06
  9180.0      2.74200E-06
  9220.0      2.71820E-06
  9260.0      2.69470E-06
  9300.0      2.67150E-06
  9340.0      2.64850E-06
  9380.0      2.62080E-06
  9420.0      2.60300E-06
  9460.0      2.58150E-06
  9500.0      2.55980E-06
  9540.0      2.53830E-06
  9580.0      2.51700E-06
  9620.0      2.49610E-06
  9660.0      2.47540E-06
  9700.0      2.45490E-06
  9740.0      2.43470E-06
  9780.0      2.41480E-06
  9820.0      2.39500E-06
  9860.0      2.37560E-06
  9900.0      2.35630E-06
  9940.0      2.33730E-06
  9980.0      2.31860E-06
  10020.      2.30000E-06
  20000.      5.72010E-07
  40000.      1.41420E-07
  60000.      6.24800E-08
  80000.      3.50020E-08
 1.00000E+05  2.23320E-08
 1.20000E+05  1.54680E-08
 1.40000E+05  1.13400E-08
 1.60000E+05  8.66570E-09
