 Castelli and Kurucz 2004-2012 Atmosphere
 T     35000.     G    4.50000 [-4.0a] N(He)/Ntot=0.089 VTURB=2.0  L/H=1.25 NOV
 Wavelength  Eddington Hnu
   (nm)    (ergs/s/cm2/Hz/sr)
  9.0900      1.32980E-26
  9.3500      7.17020E-26
  9.6100      3.52720E-25
  9.7700      9.01070E-25
  9.9600      2.63880E-24
  10.200      9.67930E-24
  10.380      2.46520E-23
  10.560      6.07940E-23
  10.770      1.67670E-22
  11.040      5.83470E-22
  11.400      2.80280E-21
  11.780      1.32200E-20
  12.130      5.05470E-20
  12.480      1.78970E-19
  12.710      3.95250E-19
  12.840      6.10620E-19
  13.050      1.21000E-18
  13.240      2.20400E-18
  13.390      3.49490E-18
  13.660      7.80780E-18
  13.980      1.94240E-17
  14.330      5.01720E-17
  14.720      1.36760E-16
  15.100      3.45100E-16
  15.520      9.09130E-16
  15.880      1.99940E-15
  16.200      3.90760E-15
  16.600      8.69630E-15
  17.030      1.96740E-14
  17.340      3.45270E-14
  17.680      6.24900E-14
  18.020      1.10490E-13
  18.170      1.41070E-13
  18.610      2.82090E-13
  19.100      5.86780E-13
  19.390      8.88780E-13
  19.840      1.65050E-12
  20.180      2.58460E-12
  20.500      3.88580E-12
  21.050      7.59630E-12
  21.620      1.46490E-11
  21.980      2.17710E-11
  22.300      3.06110E-11
  22.680      4.52770E-11
  23.000      1.73410E-10
  23.400      8.05140E-10
  24.000      3.13420E-09
  24.650      1.34110E-08
  25.240      3.11950E-08
  25.680      1.93930E-08
  26.000      9.44900E-08
  26.400      1.72260E-07
  26.850      2.98980E-07
  27.350      4.36610E-07
  27.850      5.50090E-07
  28.400      6.75820E-07
  29.000      7.33970E-07
  29.600      5.11750E-07
  30.100      1.32280E-07
  30.800      3.40620E-07
  31.800      1.07220E-06
  32.800      1.34750E-06
  33.800      1.49710E-06
  34.800      1.76690E-06
  35.700      1.98530E-06
  36.600      2.29240E-06
  37.500      2.62510E-06
  38.500      3.14760E-06
  39.500      3.74650E-06
  40.500      4.46920E-06
  41.400      5.23390E-06
  42.200      5.99310E-06
  43.000      6.84840E-06
  44.100      8.21450E-06
  45.100      9.62480E-06
  46.000      1.10200E-05
  47.000      1.28480E-05
  48.000      1.48330E-05
  49.000      1.69680E-05
  50.000      1.94830E-05
  50.600      7.58880E-05
  51.200      1.80280E-04
  52.000      1.85000E-04
  53.000      1.98560E-04
  54.000      1.96820E-04
  55.000      2.09450E-04
  56.000      2.17810E-04
  57.000      2.24580E-04
  58.000      2.23770E-04
  59.000      2.37320E-04
  60.000      2.42130E-04
  61.000      2.49520E-04
  62.000      2.58360E-04
  63.000      2.65580E-04
  64.000      2.73170E-04
  65.000      2.80380E-04
  65.800      2.84190E-04
  66.500      2.91040E-04
  67.500      3.00610E-04
  68.500      3.05110E-04
  69.500      3.16890E-04
  70.500      3.20500E-04
  71.600      3.34440E-04
  72.600      3.42950E-04
  73.500      3.50910E-04
  74.500      3.59140E-04
  75.500      3.67440E-04
  76.500      3.75360E-04
  77.500      3.85830E-04
  78.500      3.94720E-04
  79.500      4.03680E-04
  80.500      4.12430E-04
  81.500      4.21720E-04
  82.500      4.31230E-04
  83.500      4.32270E-04
  84.500      4.49330E-04
  85.500      4.58330E-04
  86.500      4.67480E-04
  87.500      4.76480E-04
  88.500      4.85460E-04
  89.500      4.94400E-04
  90.500      5.02550E-04
  91.500      5.11950E-04
  92.500      1.25090E-03
  93.500      1.79890E-03
  94.500      2.56490E-03
  95.500      2.84400E-03
  96.500      3.35190E-03
  97.500      2.53600E-03
  98.500      3.41180E-03
  99.500      3.22130E-03
  100.50      3.42310E-03
  101.50      3.38020E-03
  102.50      2.46580E-03
  103.50      3.33160E-03
  104.50      3.36260E-03
  105.50      3.34950E-03
  106.50      3.32050E-03
  107.50      3.30610E-03
  108.50      3.12850E-03
  109.50      3.28160E-03
  110.50      3.26280E-03
  111.50      3.24370E-03
  112.50      3.19450E-03
  113.50      3.20930E-03
  114.50      3.19100E-03
  115.50      3.17110E-03
  116.50      3.15430E-03
  117.50      3.01550E-03
  118.50      3.11790E-03
  119.50      3.09810E-03
  120.50      3.04990E-03
  121.50      2.27580E-03
  122.50      3.00360E-03
  123.50      3.02260E-03
  124.50      3.00360E-03
  125.50      2.99140E-03
  126.50      2.97320E-03
  127.50      2.95510E-03
  128.50      2.93720E-03
  129.50      2.91780E-03
  130.50      2.90090E-03
  131.50      2.88340E-03
  132.50      2.86540E-03
  133.50      2.84720E-03
  134.50      2.82990E-03
  135.50      2.81190E-03
  136.50      2.79410E-03
  137.50      2.77620E-03
  138.50      2.75910E-03
  139.50      2.71640E-03
  140.50      2.70570E-03
  141.50      2.70660E-03
  142.50      2.68900E-03
  143.50      2.67190E-03
  144.20      2.65980E-03
  144.70      2.65130E-03
  145.50      2.63770E-03
  146.50      2.62100E-03
  147.50      2.60430E-03
  148.50      2.58800E-03
  149.50      2.57170E-03
  150.50      2.55550E-03
  151.20      2.54430E-03
  151.70      2.53630E-03
  152.50      2.52350E-03
  153.50      2.50720E-03
  154.50      2.46320E-03
  155.50      2.44980E-03
  156.50      2.45910E-03
  157.50      2.44370E-03
  158.50      2.42810E-03
  159.50      2.41240E-03
  160.50      2.39640E-03
  161.50      2.38110E-03
  162.50      2.36510E-03
  163.50      2.30610E-03
  164.50      2.20010E-03
  165.50      2.32110E-03
  166.50      2.30660E-03
  167.20      2.29630E-03
  167.70      2.28940E-03
  168.50      2.27770E-03
  169.50      2.26330E-03
  170.50      2.24900E-03
  171.50      2.23290E-03
  172.50      2.22010E-03
  173.50      2.20680E-03
  174.50      2.19280E-03
  175.50      2.17880E-03
  176.50      2.16530E-03
  177.50      2.15170E-03
  178.50      2.13830E-03
  179.50      2.12490E-03
  180.50      2.11180E-03
  181.50      2.09880E-03
  182.50      2.08580E-03
  183.50      2.07290E-03
  184.50      2.06010E-03
  185.50      2.04730E-03
  186.50      2.03470E-03
  187.50      2.02220E-03
  188.50      2.00970E-03
  189.50      1.99740E-03
  190.50      1.98520E-03
  191.50      1.97290E-03
  192.50      1.96070E-03
  193.50      1.94870E-03
  194.50      1.93680E-03
  195.50      1.92500E-03
  196.70      1.91090E-03
  197.60      1.90050E-03
  198.40      1.89120E-03
  199.50      1.87870E-03
  200.50      1.86740E-03
  201.50      1.85620E-03
  202.50      1.84520E-03
  203.50      1.83420E-03
  204.50      1.82330E-03
  205.50      1.51520E-03
  206.50      1.47850E-03
  207.40      1.49600E-03
  207.80      1.52170E-03
  208.50      1.58900E-03
  209.50      1.72090E-03
  210.50      1.76040E-03
  211.50      1.75420E-03
  212.50      1.74410E-03
  213.50      1.73140E-03
  214.50      1.72320E-03
  215.50      1.72810E-03
  216.50      1.69440E-03
  217.50      1.71650E-03
  218.50      1.67280E-03
  219.50      1.69540E-03
  220.50      1.68720E-03
  221.50      1.64100E-03
  222.50      1.66710E-03
  223.50      1.65740E-03
  224.50      1.64690E-03
  225.50      1.60320E-03
  226.50      1.62830E-03
  227.50      1.61870E-03
  228.50      1.60930E-03
  229.50      1.59440E-03
  230.50      1.55820E-03
  231.50      1.58080E-03
  232.50      1.57230E-03
  233.50      1.56330E-03
  234.50      1.55440E-03
  235.50      1.54550E-03
  236.50      1.53670E-03
  237.50      1.52800E-03
  238.50      1.48940E-03
  239.50      1.51050E-03
  240.50      1.50200E-03
  241.50      1.49340E-03
  242.50      1.48500E-03
  243.50      1.47660E-03
  244.50      1.46820E-03
  245.50      1.46000E-03
  246.50      1.45180E-03
  247.50      1.44370E-03
  248.50      1.43570E-03
  249.50      1.41450E-03
  250.50      1.41720E-03
  251.30      1.35340E-03
  251.80      1.40930E-03
  252.50      1.40420E-03
  253.50      1.39660E-03
  254.50      1.38900E-03
  255.50      1.38140E-03
  256.50      1.37390E-03
  257.50      1.36650E-03
  258.50      1.35900E-03
  259.50      1.35170E-03
  260.50      1.34710E-03
  261.50      1.33980E-03
  262.50      1.33260E-03
  263.50      1.32520E-03
  264.50      1.31790E-03
  265.50      1.31020E-03
  266.50      1.30240E-03
  267.50      1.29470E-03
  268.50      1.29040E-03
  269.50      1.28000E-03
  270.50      1.27680E-03
  271.50      1.27000E-03
  272.50      1.25880E-03
  273.50      1.23450E-03
  274.50      1.25010E-03
  275.50      1.24360E-03
  276.50      1.23180E-03
  277.50      1.23060E-03
  278.50      1.22420E-03
  279.50      1.21790E-03
  280.50      1.21160E-03
  281.50      1.20540E-03
  282.50      1.19320E-03
  283.50      1.19050E-03
  284.50      1.18700E-03
  285.50      1.18090E-03
  286.50      1.17490E-03
  287.50      1.16900E-03
  288.50      1.16310E-03
  289.50      1.15720E-03
  291.00      1.14840E-03
  293.00      1.13690E-03
  295.00      1.12100E-03
  297.00      1.11430E-03
  299.00      1.10330E-03
  301.00      1.09240E-03
  303.00      1.08170E-03
  305.00      1.07120E-03
  307.00      1.06080E-03
  309.00      1.05060E-03
  311.00      1.04050E-03
  313.00      1.03100E-03
  315.00      1.02110E-03
  317.00      1.01140E-03
  319.00      9.96300E-04
  321.00      9.83520E-04
  323.00      9.82740E-04
  325.00      9.73440E-04
  327.00      9.64890E-04
  329.00      9.55320E-04
  331.00      9.47180E-04
  333.00      9.38510E-04
  335.00      9.29070E-04
  337.00      9.21530E-04
  339.00      9.13190E-04
  341.00      9.04970E-04
  343.00      8.95160E-04
  345.00      8.85420E-04
  347.00      8.79040E-04
  349.00      8.71220E-04
  351.00      8.64560E-04
  353.00      8.57260E-04
  355.00      8.49410E-04
  357.00      8.45010E-04
  359.00      8.33920E-04
  361.00      8.28520E-04
  363.00      8.19550E-04
  364.00      8.14680E-04
  365.00      7.84660E-04
  367.00      7.79750E-04
  369.00      7.73870E-04
  371.00      7.64500E-04
  373.00      7.56240E-04
  375.00      7.61060E-04
  377.00      7.56830E-04
  379.00      7.76280E-04
  381.00      7.97380E-04
  383.00      7.36970E-04
  385.00      8.07930E-04
  387.00      8.14660E-04
  389.00      7.16020E-04
  391.00      8.07530E-04
  393.00      8.00260E-04
  395.00      7.95750E-04
  397.00      6.90560E-04
  399.00      7.80290E-04
  401.00      7.77760E-04
  403.00      7.51840E-04
  405.00      7.70190E-04
  407.00      7.62270E-04
  409.00      7.29570E-04
  411.00      6.71910E-04
  413.00      7.39120E-04
  415.00      7.35390E-04
  417.00      7.32760E-04
  419.00      7.26020E-04
  421.00      7.16850E-04
  423.00      7.15980E-04
  425.00      7.10300E-04
  427.00      7.04680E-04
  429.00      6.99120E-04
  431.00      6.91790E-04
  433.00      6.55290E-04
  435.00      6.19870E-04
  437.00      6.74840E-04
  439.00      6.62660E-04
  441.00      6.67160E-04
  443.00      6.60950E-04
  445.00      6.57000E-04
  447.00      6.36340E-04
  449.00      6.47050E-04
  451.00      6.42170E-04
  453.00      6.37010E-04
  455.00      6.27060E-04
  457.00      6.27820E-04
  459.00      6.23140E-04
  461.00      6.18520E-04
  463.00      6.13940E-04
  465.00      6.09400E-04
  467.00      6.04870E-04
  469.00      5.88560E-04
  471.00      5.92010E-04
  473.00      5.91770E-04
  475.00      5.87480E-04
  477.00      5.83240E-04
  479.00      5.79040E-04
  481.00      5.74880E-04
  483.00      5.69150E-04
  485.00      5.44720E-04
  487.00      5.08040E-04
  489.00      5.55920E-04
  491.00      5.54500E-04
  493.00      5.43070E-04
  495.00      5.47000E-04
  497.00      5.43180E-04
  499.00      5.39400E-04
  501.00      5.31870E-04
  503.00      5.31960E-04
  505.00      5.26780E-04
  507.00      5.24670E-04
  509.00      5.21090E-04
  511.00      5.17540E-04
  513.00      5.14020E-04
  515.00      5.10540E-04
  517.00      5.07100E-04
  519.00      5.03680E-04
  521.00      5.00300E-04
  523.00      4.96960E-04
  525.00      4.93640E-04
  527.00      4.90360E-04
  529.00      4.87110E-04
  531.00      4.83900E-04
  533.00      4.80710E-04
  535.00      4.77560E-04
  537.00      4.74440E-04
  539.00      4.71340E-04
  541.00      4.64300E-04
  543.00      4.65250E-04
  545.00      4.62250E-04
  547.00      4.59280E-04
  549.00      4.56340E-04
  551.00      4.53420E-04
  553.00      4.50530E-04
  555.00      4.47670E-04
  557.00      4.44830E-04
  559.00      4.42020E-04
  561.00      4.39240E-04
  563.00      4.36480E-04
  565.00      4.33740E-04
  567.00      4.31040E-04
  569.00      4.26880E-04
  571.00      4.17650E-04
  573.00      4.15170E-04
  575.00      4.12720E-04
  577.00      4.10280E-04
  579.00      4.07880E-04
  581.00      4.05540E-04
  583.00      4.03320E-04
  585.00      4.01340E-04
  587.00      3.92270E-04
  589.00      3.97330E-04
  591.00      3.96000E-04
  593.00      3.94370E-04
  595.00      3.92790E-04
  597.00      3.91250E-04
  599.00      3.89790E-04
  601.00      3.88470E-04
  603.00      3.86480E-04
  605.00      3.84210E-04
  607.00      3.81950E-04
  609.00      3.79710E-04
  611.00      3.77490E-04
  613.00      3.75280E-04
  615.00      3.73100E-04
  617.00      3.70940E-04
  619.00      3.68800E-04
  621.00      3.66670E-04
  623.00      3.64560E-04
  625.00      3.62470E-04
  627.00      3.60400E-04
  629.00      3.58350E-04
  631.00      3.56300E-04
  633.00      3.54290E-04
  635.00      3.52290E-04
  637.00      3.50300E-04
  639.00      3.48330E-04
  641.00      3.46150E-04
  643.00      3.44440E-04
  645.00      3.42530E-04
  647.00      3.40620E-04
  649.00      3.38730E-04
  651.00      3.36850E-04
  653.00      3.33510E-04
  655.00      3.26010E-04
  657.00      3.02600E-04
  659.00      3.27880E-04
  661.00      3.27720E-04
  663.00      3.25940E-04
  665.00      3.24270E-04
  667.00      3.20370E-04
  669.00      3.17970E-04
  671.00      3.19040E-04
  673.00      3.17330E-04
  675.00      3.15630E-04
  677.00      3.13940E-04
  679.00      3.12270E-04
  681.00      3.10610E-04
  683.00      3.08960E-04
  685.00      3.07330E-04
  687.00      3.05710E-04
  689.00      3.03430E-04
  691.00      3.02510E-04
  693.00      3.00930E-04
  695.00      2.99360E-04
  697.00      2.97800E-04
  699.00      2.96250E-04
  701.00      2.94720E-04
  703.00      2.93200E-04
  705.00      2.91690E-04
  707.00      2.87270E-04
  709.00      2.88700E-04
  711.00      2.87230E-04
  713.00      2.85760E-04
  715.00      2.84310E-04
  717.00      2.82340E-04
  719.00      2.81160E-04
  721.00      2.80010E-04
  723.00      2.78600E-04
  725.00      2.77210E-04
  727.00      2.75820E-04
  729.00      2.73010E-04
  731.00      2.73050E-04
  733.00      2.71710E-04
  735.00      2.70370E-04
  737.00      2.69030E-04
  739.00      2.67700E-04
  741.00      2.66380E-04
  743.00      2.65080E-04
  745.00      2.63790E-04
  747.00      2.62510E-04
  749.00      2.61230E-04
  751.00      2.59910E-04
  753.00      2.58690E-04
  755.00      2.57440E-04
  757.00      2.56200E-04
  759.00      2.54170E-04
  761.00      2.53740E-04
  763.00      2.52520E-04
  765.00      2.51310E-04
  767.00      2.50120E-04
  769.00      2.48930E-04
  771.00      2.47740E-04
  773.00      2.46570E-04
  775.00      2.45400E-04
  777.00      2.44250E-04
  779.00      2.43100E-04
  781.00      2.41890E-04
  783.00      2.40820E-04
  785.00      2.39820E-04
  787.00      2.38700E-04
  789.00      2.37590E-04
  791.00      2.36490E-04
  793.00      2.35390E-04
  795.00      2.34310E-04
  797.00      2.33180E-04
  799.00      2.32150E-04
  801.00      2.31090E-04
  803.00      2.30030E-04
  805.00      2.28980E-04
  807.00      2.27930E-04
  809.00      2.26730E-04
  811.00      2.25730E-04
  813.00      2.24830E-04
  815.00      2.23640E-04
  817.00      2.22810E-04
  819.00      2.21470E-04
  821.00      2.18710E-04
  823.00      2.17380E-04
  825.00      2.16960E-04
  827.00      2.15700E-04
  829.00      2.15160E-04
  831.00      2.14260E-04
  833.00      2.13270E-04
  835.00      2.11870E-04
  837.00      2.11290E-04
  839.00      2.10510E-04
  841.00      2.09630E-04
  843.00      2.08660E-04
  845.00      2.07110E-04
  847.00      2.06910E-04
  849.00      2.05840E-04
  851.00      2.05120E-04
  853.00      2.04080E-04
  855.00      2.02920E-04
  857.00      2.03160E-04
  859.00      1.99970E-04
  861.00      2.00110E-04
  863.00      2.01330E-04
  865.00      1.98690E-04
  867.00      1.94780E-04
  869.00      1.98930E-04
  871.00      1.99310E-04
  873.00      1.96200E-04
  875.00      1.88330E-04
  877.00      1.93300E-04
  879.00      1.96670E-04
  881.00      1.96420E-04
  883.00      1.95070E-04
  885.00      1.87930E-04
  887.00      1.81180E-04
  889.00      1.91290E-04
  891.00      1.92640E-04
  893.00      1.92140E-04
  895.00      1.91630E-04
  897.00      1.90510E-04
  899.00      1.87040E-04
  901.00      1.75010E-04
  903.00      1.79610E-04
  905.00      1.86340E-04
  907.00      1.85670E-04
  909.00      1.86090E-04
  911.00      1.85810E-04
  913.00      1.85130E-04
  915.00      1.84380E-04
  917.00      1.83080E-04
  919.00      1.81820E-04
  921.00      1.76470E-04
  923.00      1.63940E-04
  925.00      1.75030E-04
  927.00      1.78720E-04
  929.00      1.78840E-04
  931.00      1.77980E-04
  933.00      1.77760E-04
  935.00      1.75830E-04
  937.00      1.76340E-04
  939.00      1.75640E-04
  941.00      1.74940E-04
  943.00      1.74240E-04
  945.00      1.73550E-04
  947.00      1.72210E-04
  949.00      1.71810E-04
  951.00      1.69420E-04
  953.00      1.64280E-04
  955.00      1.53200E-04
  957.00      1.65350E-04
  959.00      1.67850E-04
  961.00      1.67670E-04
  963.00      1.66980E-04
  965.00      1.66840E-04
  967.00      1.66190E-04
  969.00      1.65480E-04
  971.00      1.64650E-04
  973.00      1.64270E-04
  975.00      1.63640E-04
  977.00      1.63000E-04
  979.00      1.62380E-04
  981.00      1.61760E-04
  983.00      1.61140E-04
  985.00      1.60520E-04
  987.00      1.59910E-04
  989.00      1.59300E-04
  991.00      1.58690E-04
  993.00      1.58090E-04
  995.00      1.57490E-04
  997.00      1.56900E-04
  999.00      1.56040E-04
  1002.5      1.50490E-04
  1007.5      1.47770E-04
  1012.5      1.51120E-04
  1017.5      1.50990E-04
  1022.5      1.49560E-04
  1027.5      1.48220E-04
  1032.5      1.46480E-04
  1037.5      1.45540E-04
  1042.5      1.44190E-04
  1047.5      1.42920E-04
  1052.5      1.41640E-04
  1057.5      1.40370E-04
  1062.5      1.39130E-04
  1067.5      1.37750E-04
  1072.5      1.36680E-04
  1077.5      1.35480E-04
  1082.5      1.33460E-04
  1087.5      1.32820E-04
  1092.5      1.24670E-04
  1097.5      1.28660E-04
  1102.5      1.29220E-04
  1107.5      1.28540E-04
  1112.5      1.27510E-04
  1117.5      1.26440E-04
  1122.5      1.25340E-04
  1127.5      1.24320E-04
  1132.5      1.23280E-04
  1137.5      1.22250E-04
  1142.5      1.21230E-04
  1147.5      1.20230E-04
  1152.5      1.19240E-04
  1157.5      1.18270E-04
  1162.5      1.17010E-04
  1167.5      1.16270E-04
  1172.5      1.15400E-04
  1177.5      1.14470E-04
  1182.5      1.13550E-04
  1187.5      1.12640E-04
  1192.5      1.11750E-04
  1197.5      1.10110E-04
  1202.5      1.09980E-04
  1207.5      1.09120E-04
  1212.5      1.08260E-04
  1217.5      1.07410E-04
  1222.5      1.06580E-04
  1227.5      1.05750E-04
  1232.5      1.04930E-04
  1237.5      1.04130E-04
  1242.5      1.03330E-04
  1247.5      1.02540E-04
  1252.5      1.01630E-04
  1257.5      1.00990E-04
  1262.5      1.00220E-04
  1267.5      9.94690E-05
  1272.5      9.87210E-05
  1277.5      9.67490E-05
  1282.5      9.19450E-05
  1287.5      9.60370E-05
  1292.5      9.58220E-05
  1297.5      9.47200E-05
  1302.5      9.44220E-05
  1307.5      9.37320E-05
  1312.5      9.30500E-05
  1317.5      9.23760E-05
  1322.5      9.17090E-05
  1327.5      9.10480E-05
  1332.5      9.03950E-05
  1337.5      8.97490E-05
  1342.5      8.90680E-05
  1347.5      8.84780E-05
  1352.5      8.78520E-05
  1357.5      8.72330E-05
  1362.5      8.66200E-05
  1367.5      8.60140E-05
  1372.5      8.54140E-05
  1377.5      8.48210E-05
  1382.5      8.42340E-05
  1387.5      8.36520E-05
  1392.5      8.30770E-05
  1397.5      8.25080E-05
  1402.5      8.19440E-05
  1407.5      8.13860E-05
  1412.5      8.08340E-05
  1417.5      8.02880E-05
  1422.5      7.97470E-05
  1427.5      7.92110E-05
  1432.5      7.86810E-05
  1437.5      7.81560E-05
  1442.5      7.76360E-05
  1447.5      7.71220E-05
  1452.5      7.66130E-05
  1457.0      7.61580E-05
  1462.0      7.56630E-05
  1467.5      7.51220E-05
  1472.5      7.46320E-05
  1477.5      7.40430E-05
  1482.5      7.36750E-05
  1487.5      7.32020E-05
  1492.5      7.27340E-05
  1497.5      7.22700E-05
  1502.5      7.18100E-05
  1507.5      7.12720E-05
  1512.5      7.09020E-05
  1517.5      7.04530E-05
  1522.5      7.00100E-05
  1527.5      6.95660E-05
  1532.5      6.91240E-05
  1537.5      6.86960E-05
  1542.5      6.82420E-05
  1547.5      6.78380E-05
  1552.5      6.74030E-05
  1557.5      6.69330E-05
  1562.5      6.66220E-05
  1567.5      6.60980E-05
  1572.5      6.56370E-05
  1577.5      6.54340E-05
  1582.5      6.50010E-05
  1587.5      6.42040E-05
  1592.5      6.41080E-05
  1597.5      6.39230E-05
  1605.0      6.31860E-05
  1615.0      6.21370E-05
  1625.0      6.20000E-05
  1635.0      6.08690E-05
  1645.0      5.97220E-05
  1655.0      5.98830E-05
  1665.0      5.91990E-05
  1675.0      5.80020E-05
  1685.0      5.67880E-05
  1695.0      5.71620E-05
  1705.0      5.63300E-05
  1715.0      5.58990E-05
  1725.0      5.52130E-05
  1735.0      5.32110E-05
  1745.0      5.38390E-05
  1755.0      5.34530E-05
  1765.0      5.28670E-05
  1775.0      5.22900E-05
  1785.0      5.17230E-05
  1795.0      5.11650E-05
  1805.0      5.05820E-05
  1815.0      4.87390E-05
  1825.0      4.92030E-05
  1835.0      4.90190E-05
  1845.0      4.85050E-05
  1855.0      4.79900E-05
  1865.0      4.71380E-05
  1875.0      4.56950E-05
  1885.0      4.64850E-05
  1895.0      4.60470E-05
  1905.0      4.54640E-05
  1915.0      4.51120E-05
  1925.0      4.46600E-05
  1935.0      4.41150E-05
  1945.0      4.23790E-05
  1955.0      4.32080E-05
  1965.0      4.29070E-05
  1975.0      4.24850E-05
  1985.0      4.20690E-05
  1995.0      4.16590E-05
  2005.0      4.12550E-05
  2015.0      4.08570E-05
  2025.0      4.04650E-05
  2035.0      4.00780E-05
  2045.0      3.96900E-05
  2055.0      3.92840E-05
  2065.0      3.89500E-05
  2075.0      3.85850E-05
  2085.0      3.82250E-05
  2095.0      3.78700E-05
  2105.0      3.75190E-05
  2115.0      3.70970E-05
  2125.0      3.68330E-05
  2135.0      3.64970E-05
  2145.0      3.61600E-05
  2155.0      3.57780E-05
  2165.0      3.43870E-05
  2175.0      3.50700E-05
  2185.0      3.48710E-05
  2195.0      3.45740E-05
  2205.0      3.42690E-05
  2215.0      3.39670E-05
  2225.0      3.36680E-05
  2235.0      3.33760E-05
  2245.0      3.30860E-05
  2255.0      3.28000E-05
  2265.0      3.25180E-05
  2275.0      3.22390E-05
  2285.0      3.19640E-05
  2295.0      3.16930E-05
  2305.0      3.14710E-05
  2315.0      3.12210E-05
  2325.0      3.09580E-05
  2335.0      3.06990E-05
  2345.0      3.04440E-05
  2355.0      3.01910E-05
  2365.0      2.99410E-05
  2375.0      2.96950E-05
  2385.0      2.94520E-05
  2395.0      2.92110E-05
  2405.0      2.89740E-05
  2415.0      2.87390E-05
  2425.0      2.85070E-05
  2435.0      2.82780E-05
  2445.0      2.80520E-05
  2455.0      2.78290E-05
  2465.0      2.76030E-05
  2475.0      2.73490E-05
  2485.0      2.71740E-05
  2495.0      2.69150E-05
  2505.0      2.67500E-05
  2515.0      2.65400E-05
  2525.0      2.62690E-05
  2535.0      2.61170E-05
  2545.0      2.59320E-05
  2555.0      2.57050E-05
  2565.0      2.54460E-05
  2575.0      2.53220E-05
  2585.0      2.51500E-05
  2595.0      2.49600E-05
  2605.0      2.46980E-05
  2615.0      2.43730E-05
  2625.0      2.36560E-05
  2635.0      2.41080E-05
  2645.0      2.40430E-05
  2655.0      2.38520E-05
  2665.0      2.36350E-05
  2675.0      2.33080E-05
  2685.0      2.32810E-05
  2695.0      2.31750E-05
  2705.0      2.30070E-05
  2715.0      2.28410E-05
  2725.0      2.26770E-05
  2735.0      2.25140E-05
  2745.0      2.23250E-05
  2755.0      2.19320E-05
  2765.0      2.18950E-05
  2775.0      2.18770E-05
  2785.0      2.17270E-05
  2795.0      2.15740E-05
  2805.0      2.14230E-05
  2815.0      2.12740E-05
  2825.0      2.11260E-05
  2835.0      2.09800E-05
  2845.0      2.08350E-05
  2855.0      2.06860E-05
  2865.0      2.04290E-05
  2875.0      2.00630E-05
  2885.0      2.02260E-05
  2895.0      2.01340E-05
  2905.0      1.99980E-05
  2915.0      1.98630E-05
  2925.0      1.97300E-05
  2935.0      1.95980E-05
  2945.0      1.94670E-05
  2955.0      1.93380E-05
  2965.0      1.92100E-05
  2975.0      1.90830E-05
  2985.0      1.89570E-05
  2995.0      1.88330E-05
  3005.0      1.87100E-05
  3015.0      1.85880E-05
  3025.0      1.84430E-05
  3035.0      1.80440E-05
  3045.0      1.80260E-05
  3055.0      1.81000E-05
  3065.0      1.79960E-05
  3075.0      1.78810E-05
  3085.0      1.77670E-05
  3095.0      1.76540E-05
  3105.0      1.75420E-05
  3115.0      1.74320E-05
  3125.0      1.73220E-05
  3135.0      1.72130E-05
  3145.0      1.71060E-05
  3155.0      1.69990E-05
  3165.0      1.68940E-05
  3175.0      1.67890E-05
  3185.0      1.66850E-05
  3195.0      1.65830E-05
  3210.0      1.64300E-05
  3230.0      1.62310E-05
  3250.0      1.60340E-05
  3270.0      1.58410E-05
  3290.0      1.54210E-05
  3310.0      1.54020E-05
  3330.0      1.52950E-05
  3350.0      1.51170E-05
  3370.0      1.49410E-05
  3390.0      1.47670E-05
  3410.0      1.45970E-05
  3430.0      1.44290E-05
  3450.0      1.42650E-05
  3470.0      1.41030E-05
  3490.0      1.39440E-05
  3510.0      1.37880E-05
  3530.0      1.36340E-05
  3550.0      1.34830E-05
  3570.0      1.33340E-05
  3590.0      1.31880E-05
  3610.0      1.30440E-05
  3630.0      1.29030E-05
  3650.0      1.27630E-05
  3670.0      1.26260E-05
  3690.0      1.24910E-05
  3710.0      1.23500E-05
  3730.0      1.21240E-05
  3750.0      1.19630E-05
  3770.0      1.19730E-05
  3790.0      1.18490E-05
  3810.0      1.17260E-05
  3830.0      1.16060E-05
  3850.0      1.14870E-05
  3870.0      1.13700E-05
  3890.0      1.12550E-05
  3910.0      1.11280E-05
  3930.0      1.10290E-05
  3950.0      1.09190E-05
  3970.0      1.08110E-05
  3990.0      1.07040E-05
  4010.0      1.05830E-05
  4030.0      1.04630E-05
  4050.0      1.02490E-05
  4070.0      1.02880E-05
  4090.0      1.01930E-05
  4110.0      1.00950E-05
  4130.0      9.99480E-06
  4150.0      9.90140E-06
  4170.0      9.76020E-06
  4190.0      9.71290E-06
  4210.0      9.62600E-06
  4230.0      9.53620E-06
  4250.0      9.44580E-06
  4270.0      9.36030E-06
  4290.0      9.26820E-06
  4310.0      9.18910E-06
  4330.0      9.10530E-06
  4350.0      9.02240E-06
  4370.0      8.88160E-06
  4390.0      8.83730E-06
  4410.0      8.78120E-06
  4430.0      8.70290E-06
  4450.0      8.62570E-06
  4470.0      8.55290E-06
  4490.0      8.47760E-06
  4510.0      8.40330E-06
  4530.0      8.33000E-06
  4550.0      8.25760E-06
  4570.0      8.18620E-06
  4590.0      8.11560E-06
  4610.0      8.04490E-06
  4630.0      7.97220E-06
  4650.0      7.77370E-06
  4670.0      7.75130E-06
  4690.0      7.75580E-06
  4710.0      7.71100E-06
  4730.0      7.64660E-06
  4750.0      7.58300E-06
  4770.0      7.52010E-06
  4790.0      7.45800E-06
  4810.0      7.39670E-06
  4830.0      7.33610E-06
  4850.0      7.27620E-06
  4870.0      7.21710E-06
  4890.0      7.15870E-06
  4910.0      7.10100E-06
  4930.0      7.04400E-06
  4950.0      6.98770E-06
  4970.0      6.93210E-06
  4990.0      6.87710E-06
  5010.0      6.82270E-06
  5030.0      6.76900E-06
  5050.0      6.71600E-06
  5070.0      6.66350E-06
  5090.0      6.61160E-06
  5110.0      6.54800E-06
  5130.0      6.42740E-06
  5150.0      6.45270E-06
  5170.0      6.41030E-06
  5190.0      6.36140E-06
  5210.0      6.31310E-06
  5230.0      6.26530E-06
  5250.0      6.21800E-06
  5270.0      6.17120E-06
  5290.0      6.12500E-06
  5310.0      6.07940E-06
  5330.0      6.03420E-06
  5350.0      5.98950E-06
  5370.0      5.94520E-06
  5390.0      5.90150E-06
  5410.0      5.85830E-06
  5430.0      5.81560E-06
  5450.0      5.77330E-06
  5470.0      5.73150E-06
  5490.0      5.69010E-06
  5510.0      5.64910E-06
  5530.0      5.60860E-06
  5550.0      5.56860E-06
  5570.0      5.52890E-06
  5590.0      5.48970E-06
  5610.0      5.45090E-06
  5630.0      5.41250E-06
  5650.0      5.37450E-06
  5670.0      5.33690E-06
  5690.0      5.29970E-06
  5710.0      5.26280E-06
  5730.0      5.22640E-06
  5750.0      5.19040E-06
  5770.0      5.15470E-06
  5790.0      5.11940E-06
  5810.0      5.08450E-06
  5830.0      5.04980E-06
  5850.0      5.01670E-06
  5870.0      4.98270E-06
  5890.0      4.93720E-06
  5910.0      4.84370E-06
  5930.0      4.87510E-06
  5950.0      4.83900E-06
  5970.0      4.81370E-06
  5990.0      4.78620E-06
  6010.0      4.75470E-06
  6030.0      4.72340E-06
  6050.0      4.69240E-06
  6070.0      4.66170E-06
  6090.0      4.63130E-06
  6110.0      4.60120E-06
  6130.0      4.57140E-06
  6150.0      4.54190E-06
  6170.0      4.51270E-06
  6190.0      4.48370E-06
  6210.0      4.45500E-06
  6230.0      4.42660E-06
  6250.0      4.39850E-06
  6270.0      4.36890E-06
  6290.0      4.32290E-06
  6310.0      4.31160E-06
  6330.0      4.28860E-06
  6350.0      4.26180E-06
  6370.0      4.23520E-06
  6390.0      4.20890E-06
  6420.0      4.16990E-06
  6460.0      4.11870E-06
  6500.0      4.06840E-06
  6540.0      4.01900E-06
  6580.0      3.97060E-06
  6620.0      3.92300E-06
  6660.0      3.87620E-06
  6700.0      3.83030E-06
  6740.0      3.78280E-06
  6780.0      3.72400E-06
  6820.0      3.69730E-06
  6860.0      3.65450E-06
  6900.0      3.61250E-06
  6940.0      3.57110E-06
  6980.0      3.53050E-06
  7020.0      3.49060E-06
  7060.0      3.45130E-06
  7100.0      3.41270E-06
  7140.0      3.37470E-06
  7180.0      3.33740E-06
  7220.0      3.30070E-06
  7260.0      3.26450E-06
  7300.0      3.22900E-06
  7340.0      3.19410E-06
  7380.0      3.15960E-06
  7420.0      3.12350E-06
  7460.0      3.06080E-06
  7500.0      3.02020E-06
  7540.0      3.02370E-06
  7580.0      2.99570E-06
  7620.0      2.96450E-06
  7660.0      2.93380E-06
  7700.0      2.90350E-06
  7740.0      2.87360E-06
  7780.0      2.84430E-06
  7820.0      2.81540E-06
  7860.0      2.78690E-06
  7900.0      2.75890E-06
  7940.0      2.73120E-06
  7980.0      2.70400E-06
  8020.0      2.67720E-06
  8060.0      2.65080E-06
  8100.0      2.62470E-06
  8140.0      2.59900E-06
  8180.0      2.57380E-06
  8220.0      2.54890E-06
  8260.0      2.52440E-06
  8300.0      2.50020E-06
  8340.0      2.47630E-06
  8380.0      2.45280E-06
  8420.0      2.42960E-06
  8460.0      2.40680E-06
  8500.0      2.38420E-06
  8540.0      2.36200E-06
  8580.0      2.34010E-06
  8620.0      2.31850E-06
  8660.0      2.29430E-06
  8700.0      2.27610E-06
  8740.0      2.24550E-06
  8780.0      2.22510E-06
  8820.0      2.21480E-06
  8860.0      2.19490E-06
  8900.0      2.17530E-06
  8940.0      2.15590E-06
  8980.0      2.13680E-06
  9020.0      2.11790E-06
  9060.0      2.09930E-06
  9100.0      2.08090E-06
  9140.0      2.06280E-06
  9180.0      2.04490E-06
  9220.0      2.02720E-06
  9260.0      2.00980E-06
  9300.0      1.99260E-06
  9340.0      1.97550E-06
  9380.0      1.95350E-06
  9420.0      1.94080E-06
  9460.0      1.92580E-06
  9500.0      1.90970E-06
  9540.0      1.89370E-06
  9580.0      1.87800E-06
  9620.0      1.86240E-06
  9660.0      1.84710E-06
  9700.0      1.83190E-06
  9740.0      1.81690E-06
  9780.0      1.80210E-06
  9820.0      1.78750E-06
  9860.0      1.77300E-06
  9900.0      1.75870E-06
  9940.0      1.74460E-06
  9980.0      1.73070E-06
  10020.      1.71690E-06
  20000.      4.30360E-07
  40000.      1.07090E-07
  60000.      4.74630E-08
  80000.      2.66480E-08
 1.00000E+05  1.70310E-08
 1.20000E+05  1.18140E-08
 1.40000E+05  8.67210E-09
 1.60000E+05  6.63460E-09
