 Castelli and Kurucz 2004-2012 Atmosphere
 T     36000.     G    5.00000 [-4.0a] N(He)/Ntot=0.089 VTURB=2.0  L/H=1.25 NOV
 Wavelength  Eddington Hnu
   (nm)    (ergs/s/cm2/Hz/sr)
  9.0900      8.78960E-26
  9.3500      4.49040E-25
  9.6100      2.09810E-24
  9.7700      5.19930E-24
  9.9600      1.47040E-23
  10.200      5.17030E-23
  10.380      1.27700E-22
  10.560      3.05720E-22
  10.770      8.15680E-22
  11.040      2.72380E-21
  11.400      1.24200E-20
  11.780      5.56240E-20
  12.130      2.03280E-19
  12.480      6.89760E-19
  12.710      1.48290E-18
  12.840      2.25730E-18
  13.050      4.37000E-18
  13.240      7.79830E-18
  13.390      1.21720E-17
  13.660      2.64510E-17
  13.980      6.37730E-17
  14.330      1.59440E-16
  14.720      4.19760E-16
  15.100      1.02570E-15
  15.520      2.61210E-15
  15.880      5.58870E-15
  16.200      1.06700E-14
  16.600      2.30910E-14
  17.030      5.07610E-14
  17.340      8.73340E-14
  17.680      1.54790E-13
  18.020      2.68250E-13
  18.170      3.39560E-13
  18.610      6.62610E-13
  19.100      1.34310E-12
  19.390      2.00470E-12
  19.840      3.64230E-12
  20.180      5.61340E-12
  20.500      8.31790E-12
  21.050      1.58790E-11
  21.620      2.99170E-11
  21.980      4.38410E-11
  22.300      6.09030E-11
  22.680      8.88400E-11
  23.000      3.16850E-10
  23.400      1.65070E-09
  24.000      7.60590E-09
  24.650      3.53850E-08
  25.240      8.17130E-08
  25.680      5.21040E-08
  26.000      2.22100E-07
  26.400      3.70420E-07
  26.850      6.05320E-07
  27.350      8.63200E-07
  27.850      1.07590E-06
  28.400      1.31480E-06
  29.000      1.45580E-06
  29.600      1.12510E-06
  30.100      3.24630E-07
  30.800      7.38430E-07
  31.800      1.95980E-06
  32.800      2.35020E-06
  33.800      2.54660E-06
  34.800      2.95100E-06
  35.700      3.24310E-06
  36.600      3.69190E-06
  37.500      4.16620E-06
  38.500      4.88200E-06
  39.500      5.71890E-06
  40.500      6.73370E-06
  41.400      7.77660E-06
  42.200      8.79980E-06
  43.000      9.95950E-06
  44.100      1.17980E-05
  45.100      1.36750E-05
  46.000      1.55210E-05
  47.000      1.79150E-05
  48.000      2.04990E-05
  49.000      2.32800E-05
  50.000      2.64960E-05
  50.600      8.43980E-05
  51.200      2.22090E-04
  52.000      2.27270E-04
  53.000      2.46950E-04
  54.000      2.42500E-04
  55.000      2.58540E-04
  56.000      2.67800E-04
  57.000      2.74960E-04
  58.000      2.73420E-04
  59.000      2.89170E-04
  60.000      2.94530E-04
  61.000      3.02940E-04
  62.000      3.12260E-04
  63.000      3.20200E-04
  64.000      3.28630E-04
  65.000      3.36730E-04
  65.800      3.41170E-04
  66.500      3.48710E-04
  67.500      3.58960E-04
  68.500      3.64250E-04
  69.500      3.76790E-04
  70.500      3.80880E-04
  71.600      3.96110E-04
  72.600      4.05380E-04
  73.500      4.14060E-04
  74.500      4.23320E-04
  75.500      4.32490E-04
  76.500      4.41260E-04
  77.500      4.52290E-04
  78.500      4.62060E-04
  79.500      4.71730E-04
  80.500      4.81260E-04
  81.500      4.91220E-04
  82.500      5.01370E-04
  83.500      5.03010E-04
  84.500      5.20850E-04
  85.500      5.30520E-04
  86.500      5.40300E-04
  87.500      5.49940E-04
  88.500      5.59520E-04
  89.500      5.69040E-04
  90.500      5.77760E-04
  91.500      5.63850E-04
  92.500      1.20060E-03
  93.500      1.76910E-03
  94.500      2.70360E-03
  95.500      3.08560E-03
  96.500      3.83130E-03
  97.500      2.71070E-03
  98.500      4.01740E-03
  99.500      3.72420E-03
  100.50      4.03360E-03
  101.50      3.94190E-03
  102.50      2.56940E-03
  103.50      3.84810E-03
  104.50      3.93130E-03
  105.50      3.91880E-03
  106.50      3.87920E-03
  107.50      3.85240E-03
  108.50      3.57700E-03
  109.50      3.80920E-03
  110.50      3.78390E-03
  111.50      3.75650E-03
  112.50      3.69750E-03
  113.50      3.70500E-03
  114.50      3.67860E-03
  115.50      3.65050E-03
  116.50      3.62550E-03
  117.50      3.46840E-03
  118.50      3.57370E-03
  119.50      3.53790E-03
  120.50      3.45040E-03
  121.50      2.35400E-03
  122.50      3.37390E-03
  123.50      3.43000E-03
  124.50      3.41320E-03
  125.50      3.39420E-03
  126.50      3.36950E-03
  127.50      3.34520E-03
  128.50      3.32130E-03
  129.50      3.29570E-03
  130.50      3.27300E-03
  131.50      3.24990E-03
  132.50      3.22670E-03
  133.50      3.20260E-03
  134.50      3.17930E-03
  135.50      3.15590E-03
  136.50      3.13290E-03
  137.50      3.10900E-03
  138.50      3.08620E-03
  139.50      3.03800E-03
  140.50      3.02360E-03
  141.50      3.01900E-03
  142.50      2.99740E-03
  143.50      2.97600E-03
  144.20      2.96090E-03
  144.70      2.95010E-03
  145.50      2.93300E-03
  146.50      2.91190E-03
  147.50      2.89120E-03
  148.50      2.87010E-03
  149.50      2.84920E-03
  150.50      2.82870E-03
  151.20      2.81460E-03
  151.70      2.80460E-03
  152.50      2.78860E-03
  153.50      2.76880E-03
  154.50      2.71980E-03
  155.50      2.70360E-03
  156.50      2.71010E-03
  157.50      2.69120E-03
  158.50      2.67200E-03
  159.50      2.65300E-03
  160.50      2.63380E-03
  161.50      2.61530E-03
  162.50      2.59580E-03
  163.50      2.52290E-03
  164.50      2.40430E-03
  165.50      2.54170E-03
  166.50      2.52410E-03
  167.20      2.51170E-03
  167.70      2.50320E-03
  168.50      2.48920E-03
  169.50      2.47220E-03
  170.50      2.45540E-03
  171.50      2.43730E-03
  172.50      2.42190E-03
  173.50      2.40640E-03
  174.50      2.39030E-03
  175.50      2.37410E-03
  176.50      2.35780E-03
  177.50      2.34140E-03
  178.50      2.32530E-03
  179.50      2.30940E-03
  180.50      2.29360E-03
  181.50      2.27790E-03
  182.50      2.26240E-03
  183.50      2.24710E-03
  184.50      2.23210E-03
  185.50      2.21720E-03
  186.50      2.20250E-03
  187.50      2.18810E-03
  188.50      2.17370E-03
  189.50      2.15940E-03
  190.50      2.14520E-03
  191.50      2.13120E-03
  192.50      2.11720E-03
  193.50      2.10350E-03
  194.50      2.08960E-03
  195.50      2.07590E-03
  196.70      2.05970E-03
  197.60      2.04780E-03
  198.40      2.03720E-03
  199.50      2.02290E-03
  200.50      2.01010E-03
  201.50      1.99750E-03
  202.50      1.98500E-03
  203.50      1.97270E-03
  204.50      1.96030E-03
  205.50      1.63700E-03
  206.50      1.59550E-03
  207.40      1.59960E-03
  207.80      1.61770E-03
  208.50      1.66530E-03
  209.50      1.78240E-03
  210.50      1.87280E-03
  211.50      1.87870E-03
  212.50      1.86840E-03
  213.50      1.85400E-03
  214.50      1.84390E-03
  215.50      1.84390E-03
  216.50      1.81090E-03
  217.50      1.82990E-03
  218.50      1.78420E-03
  219.50      1.80770E-03
  220.50      1.79940E-03
  221.50      1.74600E-03
  222.50      1.77670E-03
  223.50      1.76690E-03
  224.50      1.75400E-03
  225.50      1.70230E-03
  226.50      1.73440E-03
  227.50      1.72390E-03
  228.50      1.71350E-03
  229.50      1.69840E-03
  230.50      1.65180E-03
  231.50      1.68140E-03
  232.50      1.67270E-03
  233.50      1.66270E-03
  234.50      1.65270E-03
  235.50      1.64280E-03
  236.50      1.63300E-03
  237.50      1.62330E-03
  238.50      1.57530E-03
  239.50      1.60330E-03
  240.50      1.59430E-03
  241.50      1.58490E-03
  242.50      1.57550E-03
  243.50      1.56620E-03
  244.50      1.55700E-03
  245.50      1.54790E-03
  246.50      1.53890E-03
  247.50      1.53000E-03
  248.50      1.52110E-03
  249.50      1.49910E-03
  250.50      1.49940E-03
  251.30      1.42540E-03
  251.80      1.49150E-03
  252.50      1.48670E-03
  253.50      1.47840E-03
  254.50      1.47010E-03
  255.50      1.46180E-03
  256.50      1.45350E-03
  257.50      1.44520E-03
  258.50      1.43700E-03
  259.50      1.42890E-03
  260.50      1.42410E-03
  261.50      1.41600E-03
  262.50      1.40810E-03
  263.50      1.40020E-03
  264.50      1.39210E-03
  265.50      1.38380E-03
  266.50      1.37530E-03
  267.50      1.36650E-03
  268.50      1.36200E-03
  269.50      1.35040E-03
  270.50      1.34720E-03
  271.50      1.34000E-03
  272.50      1.32710E-03
  273.50      1.29880E-03
  274.50      1.31840E-03
  275.50      1.31140E-03
  276.50      1.29800E-03
  277.50      1.29730E-03
  278.50      1.29040E-03
  279.50      1.28350E-03
  280.50      1.27670E-03
  281.50      1.26990E-03
  282.50      1.25600E-03
  283.50      1.25250E-03
  284.50      1.24970E-03
  285.50      1.24310E-03
  286.50      1.23660E-03
  287.50      1.23010E-03
  288.50      1.22370E-03
  289.50      1.21730E-03
  291.00      1.20780E-03
  293.00      1.19540E-03
  295.00      1.17750E-03
  297.00      1.17110E-03
  299.00      1.15930E-03
  301.00      1.14760E-03
  303.00      1.13610E-03
  305.00      1.12480E-03
  307.00      1.11360E-03
  309.00      1.10250E-03
  311.00      1.09160E-03
  313.00      1.08140E-03
  315.00      1.07080E-03
  317.00      1.06040E-03
  319.00      1.04350E-03
  321.00      1.03010E-03
  323.00      1.02980E-03
  325.00      1.01980E-03
  327.00      1.01070E-03
  329.00      1.00050E-03
  331.00      9.91780E-04
  333.00      9.82500E-04
  335.00      9.72300E-04
  337.00      9.64260E-04
  339.00      9.55340E-04
  341.00      9.46550E-04
  343.00      9.35980E-04
  345.00      9.25500E-04
  347.00      9.18760E-04
  349.00      9.10550E-04
  351.00      9.02760E-04
  353.00      8.95720E-04
  355.00      8.87100E-04
  357.00      8.82830E-04
  359.00      8.70260E-04
  361.00      8.65220E-04
  363.00      8.54930E-04
  364.00      8.51380E-04
  365.00      8.22760E-04
  367.00      8.17570E-04
  369.00      8.11480E-04
  371.00      8.00210E-04
  373.00      7.93740E-04
  375.00      7.90770E-04
  377.00      7.79550E-04
  379.00      7.94660E-04
  381.00      8.17520E-04
  383.00      7.52140E-04
  385.00      8.31740E-04
  387.00      8.44970E-04
  389.00      7.25670E-04
  391.00      8.38150E-04
  393.00      8.36240E-04
  395.00      8.26640E-04
  397.00      6.99030E-04
  399.00      8.08600E-04
  401.00      8.11270E-04
  403.00      7.79120E-04
  405.00      8.03820E-04
  407.00      7.94900E-04
  409.00      7.48160E-04
  411.00      6.84490E-04
  413.00      7.69060E-04
  415.00      7.67230E-04
  417.00      7.65730E-04
  419.00      7.58150E-04
  421.00      7.49260E-04
  423.00      7.47930E-04
  425.00      7.41880E-04
  427.00      7.35910E-04
  429.00      7.29550E-04
  431.00      7.20050E-04
  433.00      6.70060E-04
  435.00      6.32240E-04
  437.00      7.01540E-04
  439.00      6.87900E-04
  441.00      6.96090E-04
  443.00      6.89330E-04
  445.00      6.85240E-04
  447.00      6.57970E-04
  449.00      6.74360E-04
  451.00      6.69470E-04
  453.00      6.63750E-04
  455.00      6.53150E-04
  457.00      6.54240E-04
  459.00      6.49280E-04
  461.00      6.44390E-04
  463.00      6.39550E-04
  465.00      6.34770E-04
  467.00      6.29910E-04
  469.00      6.12480E-04
  471.00      6.15740E-04
  473.00      6.16120E-04
  475.00      6.11580E-04
  477.00      6.07090E-04
  479.00      6.02640E-04
  481.00      5.97710E-04
  483.00      5.90330E-04
  485.00      5.56670E-04
  487.00      5.17340E-04
  489.00      5.75750E-04
  491.00      5.75150E-04
  493.00      5.62240E-04
  495.00      5.68810E-04
  497.00      5.64780E-04
  499.00      5.60790E-04
  501.00      5.52270E-04
  503.00      5.52940E-04
  505.00      5.47310E-04
  507.00      5.45270E-04
  509.00      5.41480E-04
  511.00      5.37740E-04
  513.00      5.34030E-04
  515.00      5.30360E-04
  517.00      5.26730E-04
  519.00      5.23140E-04
  521.00      5.19590E-04
  523.00      5.16070E-04
  525.00      5.12590E-04
  527.00      5.09140E-04
  529.00      5.05730E-04
  531.00      5.02350E-04
  533.00      4.99010E-04
  535.00      4.95690E-04
  537.00      4.92410E-04
  539.00      4.89170E-04
  541.00      4.81360E-04
  543.00      4.82750E-04
  545.00      4.79600E-04
  547.00      4.76470E-04
  549.00      4.73380E-04
  551.00      4.70310E-04
  553.00      4.67280E-04
  555.00      4.64270E-04
  557.00      4.61290E-04
  559.00      4.58340E-04
  561.00      4.55420E-04
  563.00      4.52530E-04
  565.00      4.49670E-04
  567.00      4.46840E-04
  569.00      4.42740E-04
  571.00      4.34180E-04
  573.00      4.31560E-04
  575.00      4.28970E-04
  577.00      4.26400E-04
  579.00      4.23850E-04
  581.00      4.21340E-04
  583.00      4.18880E-04
  585.00      4.16490E-04
  587.00      4.05480E-04
  589.00      4.11480E-04
  591.00      4.10200E-04
  593.00      4.08300E-04
  595.00      4.06430E-04
  597.00      4.04630E-04
  599.00      4.02880E-04
  601.00      4.01090E-04
  603.00      3.99250E-04
  605.00      3.97760E-04
  607.00      3.95400E-04
  609.00      3.93060E-04
  611.00      3.90740E-04
  613.00      3.88450E-04
  615.00      3.86170E-04
  617.00      3.83910E-04
  619.00      3.81670E-04
  621.00      3.79450E-04
  623.00      3.77240E-04
  625.00      3.75060E-04
  627.00      3.72900E-04
  629.00      3.70750E-04
  631.00      3.68620E-04
  633.00      3.66510E-04
  635.00      3.64430E-04
  637.00      3.62350E-04
  639.00      3.60300E-04
  641.00      3.58260E-04
  643.00      3.56240E-04
  645.00      3.54240E-04
  647.00      3.52250E-04
  649.00      3.50280E-04
  651.00      3.48020E-04
  653.00      3.44370E-04
  655.00      3.33600E-04
  657.00      3.08420E-04
  659.00      3.37740E-04
  661.00      3.38290E-04
  663.00      3.36940E-04
  665.00      3.35190E-04
  667.00      3.30670E-04
  669.00      3.28410E-04
  671.00      3.29750E-04
  673.00      3.27970E-04
  675.00      3.26200E-04
  677.00      3.24440E-04
  679.00      3.22700E-04
  681.00      3.20970E-04
  683.00      3.19260E-04
  685.00      3.17560E-04
  687.00      3.15870E-04
  689.00      3.13710E-04
  691.00      3.12530E-04
  693.00      3.10890E-04
  695.00      3.09250E-04
  697.00      3.07630E-04
  699.00      3.06020E-04
  701.00      3.04430E-04
  703.00      3.02840E-04
  705.00      3.01270E-04
  707.00      2.96510E-04
  709.00      2.98170E-04
  711.00      2.96630E-04
  713.00      2.95110E-04
  715.00      2.93600E-04
  717.00      2.91700E-04
  719.00      2.90360E-04
  721.00      2.89130E-04
  723.00      2.87670E-04
  725.00      2.86210E-04
  727.00      2.84770E-04
  729.00      2.81780E-04
  731.00      2.81900E-04
  733.00      2.80500E-04
  735.00      2.79100E-04
  737.00      2.77710E-04
  739.00      2.76330E-04
  741.00      2.74960E-04
  743.00      2.73600E-04
  745.00      2.72270E-04
  747.00      2.70930E-04
  749.00      2.69600E-04
  751.00      2.68240E-04
  753.00      2.66970E-04
  755.00      2.65670E-04
  757.00      2.64380E-04
  759.00      2.62380E-04
  761.00      2.61820E-04
  763.00      2.60560E-04
  765.00      2.59310E-04
  767.00      2.58060E-04
  769.00      2.56830E-04
  771.00      2.55600E-04
  773.00      2.54380E-04
  775.00      2.53170E-04
  777.00      2.51970E-04
  779.00      2.50770E-04
  781.00      2.49530E-04
  783.00      2.48410E-04
  785.00      2.47370E-04
  787.00      2.46210E-04
  789.00      2.45060E-04
  791.00      2.43920E-04
  793.00      2.42780E-04
  795.00      2.41650E-04
  797.00      2.40510E-04
  799.00      2.39420E-04
  801.00      2.38310E-04
  803.00      2.37210E-04
  805.00      2.36120E-04
  807.00      2.35040E-04
  809.00      2.33860E-04
  811.00      2.32810E-04
  813.00      2.31840E-04
  815.00      2.30620E-04
  817.00      2.29720E-04
  819.00      2.28370E-04
  821.00      2.25780E-04
  823.00      2.24410E-04
  825.00      2.23870E-04
  827.00      2.22660E-04
  829.00      2.22080E-04
  831.00      2.21150E-04
  833.00      2.20110E-04
  835.00      2.18700E-04
  837.00      2.18080E-04
  839.00      2.17270E-04
  841.00      2.16340E-04
  843.00      2.15340E-04
  845.00      2.13740E-04
  847.00      2.13530E-04
  849.00      2.12440E-04
  851.00      2.11730E-04
  853.00      2.10520E-04
  855.00      2.09710E-04
  857.00      2.09190E-04
  859.00      2.06570E-04
  861.00      2.06830E-04
  863.00      2.07020E-04
  865.00      2.04690E-04
  867.00      2.02410E-04
  869.00      2.04470E-04
  871.00      2.04560E-04
  873.00      2.01510E-04
  875.00      1.96180E-04
  877.00      1.98770E-04
  879.00      2.01630E-04
  881.00      2.01530E-04
  883.00      1.99890E-04
  885.00      1.92950E-04
  887.00      1.87970E-04
  889.00      1.95910E-04
  891.00      1.97710E-04
  893.00      1.97490E-04
  895.00      1.96980E-04
  897.00      1.95570E-04
  899.00      1.91350E-04
  901.00      1.80310E-04
  903.00      1.83910E-04
  905.00      1.90810E-04
  907.00      1.90630E-04
  909.00      1.91340E-04
  911.00      1.91030E-04
  913.00      1.90560E-04
  915.00      1.89460E-04
  917.00      1.88110E-04
  919.00      1.86430E-04
  921.00      1.80090E-04
  923.00      1.68440E-04
  925.00      1.78410E-04
  927.00      1.83160E-04
  929.00      1.83730E-04
  931.00      1.82990E-04
  933.00      1.83000E-04
  935.00      1.80990E-04
  937.00      1.81600E-04
  939.00      1.80870E-04
  941.00      1.80140E-04
  943.00      1.79420E-04
  945.00      1.78700E-04
  947.00      1.76940E-04
  949.00      1.76480E-04
  951.00      1.73570E-04
  953.00      1.67270E-04
  955.00      1.56730E-04
  957.00      1.68410E-04
  959.00      1.72050E-04
  961.00      1.72230E-04
  963.00      1.71640E-04
  965.00      1.71770E-04
  967.00      1.71100E-04
  969.00      1.70350E-04
  971.00      1.69490E-04
  973.00      1.69110E-04
  975.00      1.68450E-04
  977.00      1.67800E-04
  979.00      1.67150E-04
  981.00      1.66510E-04
  983.00      1.65870E-04
  985.00      1.65230E-04
  987.00      1.64600E-04
  989.00      1.63970E-04
  991.00      1.63340E-04
  993.00      1.62720E-04
  995.00      1.62100E-04
  997.00      1.61270E-04
  999.00      1.60230E-04
  1002.5      1.53640E-04
  1007.5      1.50850E-04
  1012.5      1.55260E-04
  1017.5      1.55370E-04
  1022.5      1.53900E-04
  1027.5      1.52520E-04
  1032.5      1.50670E-04
  1037.5      1.49740E-04
  1042.5      1.48380E-04
  1047.5      1.47040E-04
  1052.5      1.45710E-04
  1057.5      1.44410E-04
  1062.5      1.43120E-04
  1067.5      1.41690E-04
  1072.5      1.40590E-04
  1077.5      1.39350E-04
  1082.5      1.37250E-04
  1087.5      1.36260E-04
  1092.5      1.27120E-04
  1097.5      1.31340E-04
  1102.5      1.32690E-04
  1107.5      1.32140E-04
  1112.5      1.31130E-04
  1117.5      1.30010E-04
  1122.5      1.28880E-04
  1127.5      1.27820E-04
  1132.5      1.26750E-04
  1137.5      1.25690E-04
  1142.5      1.24640E-04
  1147.5      1.23610E-04
  1152.5      1.22590E-04
  1157.5      1.21580E-04
  1162.5      1.20280E-04
  1167.5      1.19550E-04
  1172.5      1.18630E-04
  1177.5      1.17670E-04
  1182.5      1.16720E-04
  1187.5      1.15780E-04
  1192.5      1.14850E-04
  1197.5      1.13000E-04
  1202.5      1.13030E-04
  1207.5      1.12140E-04
  1212.5      1.11260E-04
  1217.5      1.10390E-04
  1222.5      1.09520E-04
  1227.5      1.08670E-04
  1232.5      1.07830E-04
  1237.5      1.07000E-04
  1242.5      1.06170E-04
  1247.5      1.05360E-04
  1252.5      1.04410E-04
  1257.5      1.03760E-04
  1262.5      1.02970E-04
  1267.5      1.02200E-04
  1272.5      1.01300E-04
  1277.5      9.89980E-05
  1282.5      9.36230E-05
  1287.5      9.83390E-05
  1292.5      9.83570E-05
  1297.5      9.72350E-05
  1302.5      9.69970E-05
  1307.5      9.62870E-05
  1312.5      9.55850E-05
  1317.5      9.48900E-05
  1322.5      9.42020E-05
  1327.5      9.35220E-05
  1332.5      9.28490E-05
  1337.5      9.21840E-05
  1342.5      9.14810E-05
  1347.5      9.08740E-05
  1352.5      9.02300E-05
  1357.5      8.95920E-05
  1362.5      8.89610E-05
  1367.5      8.83370E-05
  1372.5      8.77190E-05
  1377.5      8.71080E-05
  1382.5      8.65030E-05
  1387.5      8.59050E-05
  1392.5      8.53120E-05
  1397.5      8.47260E-05
  1402.5      8.41460E-05
  1407.5      8.35720E-05
  1412.5      8.30030E-05
  1417.5      8.24400E-05
  1422.5      8.18840E-05
  1427.5      8.13320E-05
  1432.5      8.07860E-05
  1437.5      8.02460E-05
  1442.5      7.97110E-05
  1447.5      7.91820E-05
  1452.5      7.86570E-05
  1457.0      7.81900E-05
  1462.0      7.76800E-05
  1467.5      7.71230E-05
  1472.5      7.66180E-05
  1477.5      7.60200E-05
  1482.5      7.56330E-05
  1487.5      7.51480E-05
  1492.5      7.46660E-05
  1497.5      7.41880E-05
  1502.5      7.37150E-05
  1507.5      7.31570E-05
  1512.5      7.27820E-05
  1517.5      7.23220E-05
  1522.5      7.18670E-05
  1527.5      7.14130E-05
  1532.5      7.09620E-05
  1537.5      7.05190E-05
  1542.5      7.00690E-05
  1547.5      6.96410E-05
  1552.5      6.92010E-05
  1557.5      6.87500E-05
  1562.5      6.83650E-05
  1567.5      6.78820E-05
  1572.5      6.74440E-05
  1577.5      6.71260E-05
  1582.5      6.66860E-05
  1587.5      6.60700E-05
  1592.5      6.58130E-05
  1597.5      6.55510E-05
  1605.0      6.48290E-05
  1615.0      6.38760E-05
  1625.0      6.34940E-05
  1635.0      6.24300E-05
  1645.0      6.13960E-05
  1655.0      6.13800E-05
  1665.0      6.07140E-05
  1675.0      5.94150E-05
  1685.0      5.83030E-05
  1695.0      5.85900E-05
  1705.0      5.77490E-05
  1715.0      5.73470E-05
  1725.0      5.65660E-05
  1735.0      5.45600E-05
  1745.0      5.50970E-05
  1755.0      5.48320E-05
  1765.0      5.42310E-05
  1775.0      5.36380E-05
  1785.0      5.30550E-05
  1795.0      5.24810E-05
  1805.0      5.18350E-05
  1815.0      4.98900E-05
  1825.0      5.03190E-05
  1835.0      5.02730E-05
  1845.0      4.97480E-05
  1855.0      4.92190E-05
  1865.0      4.82620E-05
  1875.0      4.66330E-05
  1885.0      4.76280E-05
  1895.0      4.72230E-05
  1905.0      4.66080E-05
  1915.0      4.62570E-05
  1925.0      4.57990E-05
  1935.0      4.51540E-05
  1945.0      4.33000E-05
  1955.0      4.42220E-05
  1965.0      4.39980E-05
  1975.0      4.35650E-05
  1985.0      4.31380E-05
  1995.0      4.27170E-05
  2005.0      4.23030E-05
  2015.0      4.18940E-05
  2025.0      4.14910E-05
  2035.0      4.10940E-05
  2045.0      4.06960E-05
  2055.0      4.02800E-05
  2065.0      3.99370E-05
  2075.0      3.95620E-05
  2085.0      3.91920E-05
  2095.0      3.88270E-05
  2105.0      3.84680E-05
  2115.0      3.80310E-05
  2125.0      3.77640E-05
  2135.0      3.74190E-05
  2145.0      3.70720E-05
  2155.0      3.66160E-05
  2165.0      3.51150E-05
  2175.0      3.58550E-05
  2185.0      3.57480E-05
  2195.0      3.54450E-05
  2205.0      3.51320E-05
  2215.0      3.48220E-05
  2225.0      3.45150E-05
  2235.0      3.42150E-05
  2245.0      3.39180E-05
  2255.0      3.36240E-05
  2265.0      3.33340E-05
  2275.0      3.30480E-05
  2285.0      3.28300E-05
  2295.0      3.25500E-05
  2305.0      3.22590E-05
  2315.0      3.20020E-05
  2325.0      3.17320E-05
  2335.0      3.14670E-05
  2345.0      3.12040E-05
  2355.0      3.09450E-05
  2365.0      3.06890E-05
  2375.0      3.04360E-05
  2385.0      3.01860E-05
  2395.0      2.99400E-05
  2405.0      2.96960E-05
  2415.0      2.94550E-05
  2425.0      2.92180E-05
  2435.0      2.89830E-05
  2445.0      2.87510E-05
  2455.0      2.85210E-05
  2465.0      2.82950E-05
  2475.0      2.80290E-05
  2485.0      2.78500E-05
  2495.0      2.76310E-05
  2505.0      2.74150E-05
  2515.0      2.72010E-05
  2525.0      2.69510E-05
  2535.0      2.67820E-05
  2545.0      2.65760E-05
  2555.0      2.63500E-05
  2565.0      2.61020E-05
  2575.0      2.59560E-05
  2585.0      2.57740E-05
  2595.0      2.55700E-05
  2605.0      2.53040E-05
  2615.0      2.49760E-05
  2625.0      2.41490E-05
  2635.0      2.46490E-05
  2645.0      2.46170E-05
  2655.0      2.44380E-05
  2665.0      2.42100E-05
  2675.0      2.39460E-05
  2685.0      2.38530E-05
  2695.0      2.37480E-05
  2705.0      2.35760E-05
  2715.0      2.34060E-05
  2725.0      2.32380E-05
  2735.0      2.30710E-05
  2745.0      2.28620E-05
  2755.0      2.25300E-05
  2765.0      2.24440E-05
  2775.0      2.24070E-05
  2785.0      2.22640E-05
  2795.0      2.21070E-05
  2805.0      2.19530E-05
  2815.0      2.18000E-05
  2825.0      2.16480E-05
  2835.0      2.14980E-05
  2845.0      2.13500E-05
  2855.0      2.11810E-05
  2865.0      2.09160E-05
  2875.0      2.06040E-05
  2885.0      2.06970E-05
  2895.0      2.06300E-05
  2905.0      2.04910E-05
  2915.0      2.03530E-05
  2925.0      2.02160E-05
  2935.0      2.00810E-05
  2945.0      1.99470E-05
  2955.0      1.98140E-05
  2965.0      1.96830E-05
  2975.0      1.95530E-05
  2985.0      1.94240E-05
  2995.0      1.92960E-05
  3005.0      1.91700E-05
  3015.0      1.90450E-05
  3025.0      1.88720E-05
  3035.0      1.84970E-05
  3045.0      1.84560E-05
  3055.0      1.85250E-05
  3065.0      1.84380E-05
  3075.0      1.83200E-05
  3085.0      1.82040E-05
  3095.0      1.80880E-05
  3105.0      1.79730E-05
  3115.0      1.78600E-05
  3125.0      1.77480E-05
  3135.0      1.76360E-05
  3145.0      1.75260E-05
  3155.0      1.74170E-05
  3165.0      1.73080E-05
  3175.0      1.72010E-05
  3185.0      1.70950E-05
  3195.0      1.69900E-05
  3210.0      1.68330E-05
  3230.0      1.66290E-05
  3250.0      1.64270E-05
  3270.0      1.62240E-05
  3290.0      1.57870E-05
  3310.0      1.57570E-05
  3330.0      1.56670E-05
  3350.0      1.54870E-05
  3370.0      1.53060E-05
  3390.0      1.51280E-05
  3410.0      1.49540E-05
  3430.0      1.47820E-05
  3450.0      1.46140E-05
  3470.0      1.44480E-05
  3490.0      1.42850E-05
  3510.0      1.41250E-05
  3530.0      1.39670E-05
  3550.0      1.38120E-05
  3570.0      1.36600E-05
  3590.0      1.35100E-05
  3610.0      1.33630E-05
  3630.0      1.32170E-05
  3650.0      1.30750E-05
  3670.0      1.29340E-05
  3690.0      1.27960E-05
  3710.0      1.26490E-05
  3730.0      1.23990E-05
  3750.0      1.22400E-05
  3770.0      1.22600E-05
  3790.0      1.21380E-05
  3810.0      1.20120E-05
  3830.0      1.18880E-05
  3850.0      1.17670E-05
  3870.0      1.16470E-05
  3890.0      1.15290E-05
  3910.0      1.14120E-05
  3930.0      1.12980E-05
  3950.0      1.11850E-05
  3970.0      1.10740E-05
  3990.0      1.09640E-05
  4010.0      1.08460E-05
  4030.0      1.07200E-05
  4050.0      1.04750E-05
  4070.0      1.05330E-05
  4090.0      1.04410E-05
  4110.0      1.03400E-05
  4130.0      1.02370E-05
  4150.0      1.01420E-05
  4170.0      1.00110E-05
  4190.0      9.94930E-06
  4210.0      9.85990E-06
  4230.0      9.76800E-06
  4250.0      9.67540E-06
  4270.0      9.58770E-06
  4290.0      9.49350E-06
  4310.0      9.41240E-06
  4330.0      9.32650E-06
  4350.0      9.24160E-06
  4370.0      9.10850E-06
  4390.0      9.05260E-06
  4410.0      8.99440E-06
  4430.0      8.91430E-06
  4450.0      8.83510E-06
  4470.0      8.76040E-06
  4490.0      8.68320E-06
  4510.0      8.60710E-06
  4530.0      8.53200E-06
  4550.0      8.45780E-06
  4570.0      8.38470E-06
  4590.0      8.31240E-06
  4610.0      8.23990E-06
  4630.0      8.15940E-06
  4650.0      7.94650E-06
  4670.0      7.94110E-06
  4690.0      7.93670E-06
  4710.0      7.89780E-06
  4730.0      7.83190E-06
  4750.0      7.76670E-06
  4770.0      7.70230E-06
  4790.0      7.63860E-06
  4810.0      7.57580E-06
  4830.0      7.51370E-06
  4850.0      7.45240E-06
  4870.0      7.39190E-06
  4890.0      7.33200E-06
  4910.0      7.27290E-06
  4930.0      7.21450E-06
  4950.0      7.15680E-06
  4970.0      7.09980E-06
  4990.0      7.04350E-06
  5010.0      6.98780E-06
  5030.0      6.93280E-06
  5050.0      6.87850E-06
  5070.0      6.82470E-06
  5090.0      6.77150E-06
  5110.0      6.70010E-06
  5130.0      6.58600E-06
  5150.0      6.60360E-06
  5170.0      6.56530E-06
  5190.0      6.51520E-06
  5210.0      6.46570E-06
  5230.0      6.41670E-06
  5250.0      6.36830E-06
  5270.0      6.32040E-06
  5290.0      6.27310E-06
  5310.0      6.22630E-06
  5330.0      6.18000E-06
  5350.0      6.13420E-06
  5370.0      6.08890E-06
  5390.0      6.04420E-06
  5410.0      5.99990E-06
  5430.0      5.95610E-06
  5450.0      5.91280E-06
  5470.0      5.86990E-06
  5490.0      5.82750E-06
  5510.0      5.78560E-06
  5530.0      5.74410E-06
  5550.0      5.70300E-06
  5570.0      5.66240E-06
  5590.0      5.62230E-06
  5610.0      5.58250E-06
  5630.0      5.54320E-06
  5650.0      5.50430E-06
  5670.0      5.46570E-06
  5690.0      5.42760E-06
  5710.0      5.38980E-06
  5730.0      5.35260E-06
  5750.0      5.31570E-06
  5770.0      5.27910E-06
  5790.0      5.24290E-06
  5810.0      5.20710E-06
  5830.0      5.17170E-06
  5850.0      5.13760E-06
  5870.0      5.10280E-06
  5890.0      5.05020E-06
  5910.0      4.95870E-06
  5930.0      4.98540E-06
  5950.0      4.95880E-06
  5970.0      4.93230E-06
  5990.0      4.90160E-06
  6010.0      4.86930E-06
  6030.0      4.83720E-06
  6050.0      4.80550E-06
  6070.0      4.77400E-06
  6090.0      4.74290E-06
  6110.0      4.71210E-06
  6130.0      4.68160E-06
  6150.0      4.65130E-06
  6170.0      4.62140E-06
  6190.0      4.59170E-06
  6210.0      4.56240E-06
  6230.0      4.53330E-06
  6250.0      4.50440E-06
  6270.0      4.47510E-06
  6290.0      4.43310E-06
  6310.0      4.41680E-06
  6330.0      4.39190E-06
  6350.0      4.36440E-06
  6370.0      4.33720E-06
  6390.0      4.31030E-06
  6420.0      4.27030E-06
  6460.0      4.21780E-06
  6500.0      4.16640E-06
  6540.0      4.11580E-06
  6580.0      4.06620E-06
  6620.0      4.01740E-06
  6660.0      3.96950E-06
  6700.0      3.92250E-06
  6740.0      3.87370E-06
  6780.0      3.81630E-06
  6820.0      3.78620E-06
  6860.0      3.74250E-06
  6900.0      3.69940E-06
  6940.0      3.65710E-06
  6980.0      3.61550E-06
  7020.0      3.57450E-06
  7060.0      3.53430E-06
  7100.0      3.49480E-06
  7140.0      3.45590E-06
  7180.0      3.41770E-06
  7220.0      3.38000E-06
  7260.0      3.34300E-06
  7300.0      3.30670E-06
  7340.0      3.27090E-06
  7380.0      3.23560E-06
  7420.0      3.19780E-06
  7460.0      3.12900E-06
  7500.0      3.09070E-06
  7540.0      3.09400E-06
  7580.0      3.06770E-06
  7620.0      3.03580E-06
  7660.0      3.00430E-06
  7700.0      2.97330E-06
  7740.0      2.94270E-06
  7780.0      2.91260E-06
  7820.0      2.88300E-06
  7860.0      2.85390E-06
  7900.0      2.82510E-06
  7940.0      2.79680E-06
  7980.0      2.76900E-06
  8020.0      2.74150E-06
  8060.0      2.71450E-06
  8100.0      2.68780E-06
  8140.0      2.66150E-06
  8180.0      2.63560E-06
  8220.0      2.61010E-06
  8260.0      2.58500E-06
  8300.0      2.56020E-06
  8340.0      2.53580E-06
  8380.0      2.51170E-06
  8420.0      2.48800E-06
  8460.0      2.46460E-06
  8500.0      2.44150E-06
  8540.0      2.41870E-06
  8580.0      2.39630E-06
  8620.0      2.37410E-06
  8660.0      2.35190E-06
  8700.0      2.33080E-06
  8740.0      2.29860E-06
  8780.0      2.27780E-06
  8820.0      2.26790E-06
  8860.0      2.24760E-06
  8900.0      2.22750E-06
  8940.0      2.20760E-06
  8980.0      2.18810E-06
  9020.0      2.16880E-06
  9060.0      2.14970E-06
  9100.0      2.13090E-06
  9140.0      2.11230E-06
  9180.0      2.09400E-06
  9220.0      2.07590E-06
  9260.0      2.05800E-06
  9300.0      2.04040E-06
  9340.0      2.02300E-06
  9380.0      2.00220E-06
  9420.0      1.98800E-06
  9460.0      1.97210E-06
  9500.0      1.95550E-06
  9540.0      1.93920E-06
  9580.0      1.92310E-06
  9620.0      1.90710E-06
  9660.0      1.89140E-06
  9700.0      1.87590E-06
  9740.0      1.86050E-06
  9780.0      1.84530E-06
  9820.0      1.83040E-06
  9860.0      1.81560E-06
  9900.0      1.80090E-06
  9940.0      1.78650E-06
  9980.0      1.77220E-06
  10020.      1.75810E-06
  20000.      4.40780E-07
  40000.      1.09770E-07
  60000.      4.86830E-08
  80000.      2.73460E-08
 1.00000E+05  1.74840E-08
 1.20000E+05  1.21320E-08
 1.40000E+05  8.90740E-09
 1.60000E+05  6.81590E-09
