 Castelli and Kurucz 2004-2012 Atmosphere
 T     34000.     G    5.00000 [-4.0a] N(He)/Ntot=0.089 VTURB=2.0  L/H=1.25 NOV
 Wavelength  Eddington Hnu
   (nm)    (ergs/s/cm2/Hz/sr)
  9.0900      7.52220E-29
  9.3500      4.68490E-28
  9.6100      2.64090E-27
  9.7700      7.31020E-27
  9.9600      2.34640E-26
  10.200      9.61450E-26
  10.380      2.65190E-25
  10.560      7.06290E-25
  10.770      2.12380E-24
  11.040      8.21280E-24
  11.400      4.50520E-23
  11.780      2.42190E-22
  12.130      1.03650E-21
  12.480      4.08230E-21
  12.710      9.63070E-21
  12.840      1.54300E-20
  13.050      3.23740E-20
  13.240      6.19960E-20
  13.390      1.02160E-19
  13.660      2.44010E-19
  13.980      6.55020E-19
  14.330      1.83100E-18
  14.720      5.42320E-18
  15.100      1.47780E-17
  15.520      4.21900E-17
  15.880      9.90580E-17
  16.200      2.04660E-16
  16.600      4.86630E-16
  17.030      1.17810E-15
  17.340      2.16650E-15
  17.680      4.11990E-15
  18.020      7.64040E-15
  18.170      9.95440E-15
  18.610      2.10870E-14
  19.100      4.66240E-14
  19.390      7.31220E-14
  19.840      1.43040E-13
  20.180      2.32600E-13
  20.500      3.61900E-13
  21.050      7.48580E-13
  21.620      1.52610E-12
  21.980      2.34570E-12
  22.300      3.39600E-12
  22.680      5.19440E-12
  23.000      2.49080E-11
  23.400      1.76090E-10
  24.000      6.82250E-10
  24.650      2.17240E-09
  25.240      3.96770E-09
  25.680      2.73960E-09
  26.000      7.14240E-09
  26.400      9.46980E-09
  26.850      1.25170E-08
  27.350      1.57190E-08
  27.850      1.88150E-08
  28.400      2.27730E-08
  29.000      2.65220E-08
  29.600      2.83610E-08
  30.100      2.19820E-08
  30.800      3.03610E-08
  31.800      6.22580E-08
  32.800      8.72810E-08
  33.800      1.20300E-07
  34.800      1.65790E-07
  35.700      2.17480E-07
  36.600      2.85190E-07
  37.500      3.67190E-07
  38.500      4.86280E-07
  39.500      6.32870E-07
  40.500      8.14810E-07
  41.400      1.01440E-06
  42.200      1.22190E-06
  43.000      1.46230E-06
  44.100      1.85530E-06
  45.100      2.27960E-06
  46.000      2.71870E-06
  47.000      3.29180E-06
  48.000      3.94530E-06
  49.000      4.69090E-06
  50.000      5.54510E-06
  50.600      2.35010E-05
  51.200      7.57210E-05
  52.000      7.78490E-05
  53.000      8.67580E-05
  54.000      8.40610E-05
  55.000      9.20620E-05
  56.000      9.53600E-05
  57.000      9.85880E-05
  58.000      9.75110E-05
  59.000      1.04930E-04
  60.000      1.08210E-04
  61.000      1.12380E-04
  62.000      1.16560E-04
  63.000      1.20760E-04
  64.000      1.24970E-04
  65.000      1.29540E-04
  65.800      1.32710E-04
  66.500      1.36340E-04
  67.500      1.41440E-04
  68.500      1.45160E-04
  69.500      1.51780E-04
  70.500      1.55080E-04
  71.600      1.62850E-04
  72.600      1.68390E-04
  73.500      1.73730E-04
  74.500      1.79410E-04
  75.500      1.85140E-04
  76.500      1.91000E-04
  77.500      1.97390E-04
  78.500      2.03600E-04
  79.500      2.09760E-04
  80.500      2.16020E-04
  81.500      2.22390E-04
  82.500      2.28900E-04
  83.500      2.31580E-04
  84.500      2.41900E-04
  85.500      2.48460E-04
  86.500      2.55070E-04
  87.500      2.61690E-04
  88.500      2.68340E-04
  89.500      2.75010E-04
  90.500      2.81590E-04
  91.500      2.92190E-04
  92.500      7.67290E-04
  93.500      1.26460E-03
  94.500      2.16270E-03
  95.500      2.53880E-03
  96.500      3.24960E-03
  97.500      2.12070E-03
  98.500      3.47680E-03
  99.500      3.22920E-03
  100.50      3.50610E-03
  101.50      3.39770E-03
  102.50      1.96690E-03
  103.50      3.29890E-03
  104.50      3.41230E-03
  105.50      3.40340E-03
  106.50      3.36710E-03
  107.50      3.34330E-03
  108.50      3.10480E-03
  109.50      3.30680E-03
  110.50      3.28300E-03
  111.50      3.26010E-03
  112.50      3.20450E-03
  113.50      3.21510E-03
  114.50      3.19050E-03
  115.50      3.16500E-03
  116.50      3.14250E-03
  117.50      2.99110E-03
  118.50      3.09350E-03
  119.50      3.05760E-03
  120.50      2.95070E-03
  121.50      1.79930E-03
  122.50      2.87790E-03
  123.50      2.96400E-03
  124.50      2.95050E-03
  125.50      2.93660E-03
  126.50      2.91400E-03
  127.50      2.89160E-03
  128.50      2.86950E-03
  129.50      2.84200E-03
  130.50      2.82520E-03
  131.50      2.80600E-03
  132.50      2.78570E-03
  133.50      2.76390E-03
  134.50      2.74480E-03
  135.50      2.72310E-03
  136.50      2.70170E-03
  137.50      2.68080E-03
  138.50      2.66040E-03
  139.50      2.61350E-03
  140.50      2.60070E-03
  141.50      2.60080E-03
  142.50      2.58150E-03
  143.50      2.56270E-03
  144.20      2.54960E-03
  144.70      2.54030E-03
  145.50      2.52540E-03
  146.50      2.50690E-03
  147.50      2.48830E-03
  148.50      2.46970E-03
  149.50      2.45130E-03
  150.50      2.43280E-03
  151.20      2.42010E-03
  151.70      2.41110E-03
  152.50      2.39680E-03
  153.50      2.37900E-03
  154.50      2.34010E-03
  155.50      2.32590E-03
  156.50      2.32770E-03
  157.50      2.31090E-03
  158.50      2.29410E-03
  159.50      2.27750E-03
  160.50      2.26060E-03
  161.50      2.24400E-03
  162.50      2.22700E-03
  163.50      2.17200E-03
  164.50      2.07500E-03
  165.50      2.18000E-03
  166.50      2.16480E-03
  167.20      2.15410E-03
  167.70      2.14680E-03
  168.50      2.13470E-03
  169.50      2.11980E-03
  170.50      2.10510E-03
  171.50      2.08970E-03
  172.50      2.07540E-03
  173.50      2.06160E-03
  174.50      2.04710E-03
  175.50      2.03240E-03
  176.50      2.01810E-03
  177.50      2.00390E-03
  178.50      1.98980E-03
  179.50      1.97580E-03
  180.50      1.96210E-03
  181.50      1.94850E-03
  182.50      1.93520E-03
  183.50      1.92220E-03
  184.50      1.90930E-03
  185.50      1.89650E-03
  186.50      1.88400E-03
  187.50      1.87170E-03
  188.50      1.85920E-03
  189.50      1.84640E-03
  190.50      1.83400E-03
  191.50      1.82150E-03
  192.50      1.80930E-03
  193.50      1.79740E-03
  194.50      1.78560E-03
  195.50      1.77390E-03
  196.70      1.76020E-03
  197.60      1.75000E-03
  198.40      1.74100E-03
  199.50      1.72860E-03
  200.50      1.71750E-03
  201.50      1.70650E-03
  202.50      1.69550E-03
  203.50      1.68460E-03
  204.50      1.67390E-03
  205.50      1.46790E-03
  206.50      1.43960E-03
  207.40      1.43780E-03
  207.80      1.44640E-03
  208.50      1.47140E-03
  209.50      1.53960E-03
  210.50      1.59900E-03
  211.50      1.60200E-03
  212.50      1.59330E-03
  213.50      1.58180E-03
  214.50      1.57250E-03
  215.50      1.56800E-03
  216.50      1.54770E-03
  217.50      1.55460E-03
  218.50      1.52610E-03
  219.50      1.53500E-03
  220.50      1.52750E-03
  221.50      1.49450E-03
  222.50      1.50840E-03
  223.50      1.49930E-03
  224.50      1.48930E-03
  225.50      1.45700E-03
  226.50      1.47180E-03
  227.50      1.46270E-03
  228.50      1.45370E-03
  229.50      1.44020E-03
  230.50      1.41280E-03
  231.50      1.42650E-03
  232.50      1.41850E-03
  233.50      1.40990E-03
  234.50      1.40150E-03
  235.50      1.39320E-03
  236.50      1.38500E-03
  237.50      1.37680E-03
  238.50      1.34740E-03
  239.50      1.36060E-03
  240.50      1.35270E-03
  241.50      1.34490E-03
  242.50      1.33710E-03
  243.50      1.32930E-03
  244.50      1.32150E-03
  245.50      1.31380E-03
  246.50      1.30610E-03
  247.50      1.29850E-03
  248.50      1.29100E-03
  249.50      1.27130E-03
  250.50      1.27410E-03
  251.30      1.23010E-03
  251.80      1.26650E-03
  252.50      1.26170E-03
  253.50      1.25460E-03
  254.50      1.24750E-03
  255.50      1.24060E-03
  256.50      1.23370E-03
  257.50      1.22680E-03
  258.50      1.22000E-03
  259.50      1.21330E-03
  260.50      1.21040E-03
  261.50      1.20380E-03
  262.50      1.19720E-03
  263.50      1.19050E-03
  264.50      1.18360E-03
  265.50      1.17650E-03
  266.50      1.16870E-03
  267.50      1.16090E-03
  268.50      1.15820E-03
  269.50      1.14690E-03
  270.50      1.14560E-03
  271.50      1.13940E-03
  272.50      1.12690E-03
  273.50      1.11320E-03
  274.50      1.12110E-03
  275.50      1.11510E-03
  276.50      1.10210E-03
  277.50      1.10340E-03
  278.50      1.09760E-03
  279.50      1.09180E-03
  280.50      1.08610E-03
  281.50      1.08040E-03
  282.50      1.06670E-03
  283.50      1.06470E-03
  284.50      1.06360E-03
  285.50      1.05810E-03
  286.50      1.05260E-03
  287.50      1.04720E-03
  288.50      1.04180E-03
  289.50      1.03650E-03
  291.00      1.02850E-03
  293.00      1.01800E-03
  295.00      1.00140E-03
  297.00      9.97520E-04
  299.00      9.87570E-04
  301.00      9.77710E-04
  303.00      9.68020E-04
  305.00      9.58480E-04
  307.00      9.49110E-04
  309.00      9.39880E-04
  311.00      9.30760E-04
  313.00      9.22330E-04
  315.00      9.13420E-04
  317.00      9.04670E-04
  319.00      8.89050E-04
  321.00      8.82390E-04
  323.00      8.78720E-04
  325.00      8.70310E-04
  327.00      8.62810E-04
  329.00      8.53990E-04
  331.00      8.46960E-04
  333.00      8.39210E-04
  335.00      8.30420E-04
  337.00      8.23930E-04
  339.00      8.16470E-04
  341.00      8.09110E-04
  343.00      7.99560E-04
  345.00      7.90270E-04
  347.00      7.84970E-04
  349.00      7.78060E-04
  351.00      7.71660E-04
  353.00      7.65640E-04
  355.00      7.58710E-04
  357.00      7.56060E-04
  359.00      7.44440E-04
  361.00      7.40820E-04
  363.00      7.31680E-04
  364.00      7.32190E-04
  365.00      7.19340E-04
  367.00      7.15320E-04
  369.00      7.09940E-04
  371.00      6.97340E-04
  373.00      6.88180E-04
  375.00      6.83010E-04
  377.00      6.69280E-04
  379.00      6.85480E-04
  381.00      7.09100E-04
  383.00      6.43250E-04
  385.00      7.27810E-04
  387.00      7.42650E-04
  389.00      6.20650E-04
  391.00      7.38520E-04
  393.00      7.39550E-04
  395.00      7.28620E-04
  397.00      5.98000E-04
  399.00      7.11670E-04
  401.00      7.16430E-04
  403.00      6.84250E-04
  405.00      7.11350E-04
  407.00      7.02880E-04
  409.00      6.53980E-04
  411.00      5.90250E-04
  413.00      6.78430E-04
  415.00      6.77940E-04
  417.00      6.77940E-04
  419.00      6.72380E-04
  421.00      6.65900E-04
  423.00      6.62510E-04
  425.00      6.57180E-04
  427.00      6.51910E-04
  429.00      6.45560E-04
  431.00      6.36550E-04
  433.00      5.84790E-04
  435.00      5.47140E-04
  437.00      6.19820E-04
  439.00      6.05650E-04
  441.00      6.16270E-04
  443.00      6.10100E-04
  445.00      6.06920E-04
  447.00      5.77930E-04
  449.00      5.97120E-04
  451.00      5.93070E-04
  453.00      5.88400E-04
  455.00      5.81370E-04
  457.00      5.79650E-04
  459.00      5.75260E-04
  461.00      5.70910E-04
  463.00      5.66620E-04
  465.00      5.62370E-04
  467.00      5.58180E-04
  469.00      5.46950E-04
  471.00      5.44560E-04
  473.00      5.45900E-04
  475.00      5.41890E-04
  477.00      5.37920E-04
  479.00      5.33990E-04
  481.00      5.29010E-04
  483.00      5.22130E-04
  485.00      4.87190E-04
  487.00      4.47980E-04
  489.00      5.08790E-04
  491.00      5.09110E-04
  493.00      4.95940E-04
  495.00      5.04100E-04
  497.00      5.00550E-04
  499.00      4.97030E-04
  501.00      4.88610E-04
  503.00      4.90090E-04
  505.00      4.84650E-04
  507.00      4.83320E-04
  509.00      4.79990E-04
  511.00      4.76680E-04
  513.00      4.73410E-04
  515.00      4.70180E-04
  517.00      4.66980E-04
  519.00      4.63800E-04
  521.00      4.60660E-04
  523.00      4.57560E-04
  525.00      4.54480E-04
  527.00      4.51430E-04
  529.00      4.48410E-04
  531.00      4.45430E-04
  533.00      4.42470E-04
  535.00      4.39540E-04
  537.00      4.36640E-04
  539.00      4.33770E-04
  541.00      4.29010E-04
  543.00      4.28110E-04
  545.00      4.25330E-04
  547.00      4.22570E-04
  549.00      4.19840E-04
  551.00      4.17140E-04
  553.00      4.14460E-04
  555.00      4.11810E-04
  557.00      4.09190E-04
  559.00      4.06590E-04
  561.00      4.04010E-04
  563.00      4.01450E-04
  565.00      3.98920E-04
  567.00      3.96410E-04
  569.00      3.93520E-04
  571.00      3.89260E-04
  573.00      3.86880E-04
  575.00      3.84520E-04
  577.00      3.82180E-04
  579.00      3.79860E-04
  581.00      3.77570E-04
  583.00      3.75300E-04
  585.00      3.73000E-04
  587.00      3.61060E-04
  589.00      3.67900E-04
  591.00      3.66660E-04
  593.00      3.64640E-04
  595.00      3.62620E-04
  597.00      3.60630E-04
  599.00      3.59000E-04
  601.00      3.57220E-04
  603.00      3.55090E-04
  605.00      3.52990E-04
  607.00      3.50910E-04
  609.00      3.48840E-04
  611.00      3.46790E-04
  613.00      3.44760E-04
  615.00      3.42750E-04
  617.00      3.40760E-04
  619.00      3.38780E-04
  621.00      3.36820E-04
  623.00      3.34880E-04
  625.00      3.32950E-04
  627.00      3.31040E-04
  629.00      3.29150E-04
  631.00      3.27270E-04
  633.00      3.25400E-04
  635.00      3.23560E-04
  637.00      3.21730E-04
  639.00      3.19910E-04
  641.00      3.18110E-04
  643.00      3.16320E-04
  645.00      3.14560E-04
  647.00      3.12800E-04
  649.00      3.11060E-04
  651.00      3.08990E-04
  653.00      3.05850E-04
  655.00      2.94320E-04
  657.00      2.69000E-04
  659.00      2.99290E-04
  661.00      3.00220E-04
  663.00      2.99270E-04
  665.00      2.97760E-04
  667.00      2.93340E-04
  669.00      2.91660E-04
  671.00      2.92950E-04
  673.00      2.91370E-04
  675.00      2.89810E-04
  677.00      2.88250E-04
  679.00      2.86710E-04
  681.00      2.85190E-04
  683.00      2.83670E-04
  685.00      2.82170E-04
  687.00      2.80680E-04
  689.00      2.79190E-04
  691.00      2.77730E-04
  693.00      2.76280E-04
  695.00      2.74830E-04
  697.00      2.73400E-04
  699.00      2.71980E-04
  701.00      2.70570E-04
  703.00      2.69170E-04
  705.00      2.67780E-04
  707.00      2.62970E-04
  709.00      2.65030E-04
  711.00      2.63680E-04
  713.00      2.62330E-04
  715.00      2.60990E-04
  717.00      2.59600E-04
  719.00      2.58340E-04
  721.00      2.57040E-04
  723.00      2.55750E-04
  725.00      2.54460E-04
  727.00      2.53190E-04
  729.00      2.50240E-04
  731.00      2.50640E-04
  733.00      2.49410E-04
  735.00      2.48180E-04
  737.00      2.46950E-04
  739.00      2.45730E-04
  741.00      2.44510E-04
  743.00      2.43310E-04
  745.00      2.42140E-04
  747.00      2.40950E-04
  749.00      2.39770E-04
  751.00      2.38560E-04
  753.00      2.37450E-04
  755.00      2.36300E-04
  757.00      2.35150E-04
  759.00      2.33900E-04
  761.00      2.32890E-04
  763.00      2.31770E-04
  765.00      2.30660E-04
  767.00      2.29560E-04
  769.00      2.28470E-04
  771.00      2.27380E-04
  773.00      2.26300E-04
  775.00      2.25230E-04
  777.00      2.24160E-04
  779.00      2.23110E-04
  781.00      2.21990E-04
  783.00      2.21020E-04
  785.00      2.20130E-04
  787.00      2.19100E-04
  789.00      2.18080E-04
  791.00      2.17070E-04
  793.00      2.16060E-04
  795.00      2.15060E-04
  797.00      2.13990E-04
  799.00      2.13080E-04
  801.00      2.12100E-04
  803.00      2.11130E-04
  805.00      2.10160E-04
  807.00      2.09210E-04
  809.00      2.08040E-04
  811.00      2.07160E-04
  813.00      2.06290E-04
  815.00      2.05210E-04
  817.00      2.04430E-04
  819.00      2.03270E-04
  821.00      2.01880E-04
  823.00      2.01080E-04
  825.00      2.00360E-04
  827.00      1.99030E-04
  829.00      1.98630E-04
  831.00      1.97820E-04
  833.00      1.96860E-04
  835.00      1.95450E-04
  837.00      1.94990E-04
  839.00      1.94320E-04
  841.00      1.93480E-04
  843.00      1.92560E-04
  845.00      1.90900E-04
  847.00      1.90930E-04
  849.00      1.89850E-04
  851.00      1.89250E-04
  853.00      1.88050E-04
  855.00      1.87300E-04
  857.00      1.86970E-04
  859.00      1.84000E-04
  861.00      1.84520E-04
  863.00      1.85060E-04
  865.00      1.82470E-04
  867.00      1.79860E-04
  869.00      1.82630E-04
  871.00      1.82950E-04
  873.00      1.79560E-04
  875.00      1.73450E-04
  877.00      1.76750E-04
  879.00      1.80250E-04
  881.00      1.80280E-04
  883.00      1.78560E-04
  885.00      1.70980E-04
  887.00      1.65510E-04
  889.00      1.74600E-04
  891.00      1.76770E-04
  893.00      1.76670E-04
  895.00      1.76260E-04
  897.00      1.74870E-04
  899.00      1.70450E-04
  901.00      1.58570E-04
  903.00      1.62700E-04
  905.00      1.70330E-04
  907.00      1.70260E-04
  909.00      1.71200E-04
  911.00      1.71060E-04
  913.00      1.70440E-04
  915.00      1.69630E-04
  917.00      1.68290E-04
  919.00      1.66640E-04
  921.00      1.59970E-04
  923.00      1.47570E-04
  925.00      1.58470E-04
  927.00      1.63680E-04
  929.00      1.64430E-04
  931.00      1.63720E-04
  933.00      1.63950E-04
  935.00      1.62840E-04
  937.00      1.62700E-04
  939.00      1.62040E-04
  941.00      1.61400E-04
  943.00      1.60750E-04
  945.00      1.60010E-04
  947.00      1.58280E-04
  949.00      1.57950E-04
  951.00      1.54940E-04
  953.00      1.48370E-04
  955.00      1.37220E-04
  957.00      1.49840E-04
  959.00      1.53820E-04
  961.00      1.54130E-04
  963.00      1.53540E-04
  965.00      1.53910E-04
  967.00      1.53310E-04
  969.00      1.52610E-04
  971.00      1.51800E-04
  973.00      1.51530E-04
  975.00      1.50950E-04
  977.00      1.50360E-04
  979.00      1.49780E-04
  981.00      1.49210E-04
  983.00      1.48640E-04
  985.00      1.48070E-04
  987.00      1.47500E-04
  989.00      1.46940E-04
  991.00      1.46380E-04
  993.00      1.45820E-04
  995.00      1.45260E-04
  997.00      1.44350E-04
  999.00      1.43450E-04
  1002.5      1.36620E-04
  1007.5      1.33900E-04
  1012.5      1.39420E-04
  1017.5      1.39250E-04
  1022.5      1.37920E-04
  1027.5      1.36700E-04
  1032.5      1.34950E-04
  1037.5      1.34210E-04
  1042.5      1.32990E-04
  1047.5      1.31790E-04
  1052.5      1.30610E-04
  1057.5      1.29440E-04
  1062.5      1.28290E-04
  1067.5      1.26970E-04
  1072.5      1.26030E-04
  1077.5      1.24920E-04
  1082.5      1.22790E-04
  1087.5      1.22020E-04
  1092.5      1.12450E-04
  1097.5      1.17160E-04
  1102.5      1.18770E-04
  1107.5      1.18430E-04
  1112.5      1.17550E-04
  1117.5      1.16560E-04
  1122.5      1.15530E-04
  1127.5      1.14600E-04
  1132.5      1.13640E-04
  1137.5      1.12690E-04
  1142.5      1.11750E-04
  1147.5      1.10820E-04
  1152.5      1.09910E-04
  1157.5      1.09010E-04
  1162.5      1.08040E-04
  1167.5      1.07230E-04
  1172.5      1.06360E-04
  1177.5      1.05500E-04
  1182.5      1.04660E-04
  1187.5      1.03820E-04
  1192.5      1.02990E-04
  1197.5      1.01110E-04
  1202.5      1.01360E-04
  1207.5      1.00560E-04
  1212.5      9.97670E-05
  1217.5      9.89860E-05
  1222.5      9.82140E-05
  1227.5      9.74510E-05
  1232.5      9.66970E-05
  1237.5      9.59510E-05
  1242.5      9.52140E-05
  1247.5      9.44850E-05
  1252.5      9.36020E-05
  1257.5      9.30530E-05
  1262.5      9.23480E-05
  1267.5      9.16510E-05
  1272.5      9.07850E-05
  1277.5      8.84550E-05
  1282.5      8.28140E-05
  1287.5      8.80180E-05
  1292.5      8.81570E-05
  1297.5      8.70640E-05
  1302.5      8.69920E-05
  1307.5      8.63560E-05
  1312.5      8.57270E-05
  1317.5      8.51040E-05
  1322.5      8.44880E-05
  1327.5      8.38780E-05
  1332.5      8.32760E-05
  1337.5      8.26790E-05
  1342.5      8.20380E-05
  1347.5      8.15060E-05
  1352.5      8.09280E-05
  1357.5      8.03570E-05
  1362.5      7.97920E-05
  1367.5      7.92320E-05
  1372.5      7.86790E-05
  1377.5      7.81310E-05
  1382.5      7.75890E-05
  1387.5      7.70530E-05
  1392.5      7.65220E-05
  1397.5      7.59960E-05
  1402.5      7.54760E-05
  1407.5      7.49610E-05
  1412.5      7.44520E-05
  1417.5      7.39480E-05
  1422.5      7.34480E-05
  1427.5      7.29540E-05
  1432.5      7.24650E-05
  1437.5      7.19810E-05
  1442.5      7.15010E-05
  1447.5      7.10260E-05
  1452.5      7.05570E-05
  1457.0      7.01370E-05
  1462.0      6.96800E-05
  1467.5      6.91820E-05
  1472.5      6.87330E-05
  1477.5      6.82680E-05
  1482.5      6.78500E-05
  1487.5      6.74140E-05
  1492.5      6.69830E-05
  1497.5      6.65560E-05
  1502.5      6.61320E-05
  1507.5      6.56060E-05
  1512.5      6.52960E-05
  1517.5      6.48840E-05
  1522.5      6.44760E-05
  1527.5      6.40690E-05
  1532.5      6.36650E-05
  1537.5      6.32670E-05
  1542.5      6.28590E-05
  1547.5      6.24780E-05
  1552.5      6.20790E-05
  1557.5      6.16670E-05
  1562.5      6.13400E-05
  1567.5      6.08840E-05
  1572.5      6.04820E-05
  1577.5      6.02340E-05
  1582.5      5.98300E-05
  1587.5      5.92010E-05
  1592.5      5.90240E-05
  1597.5      5.88350E-05
  1605.0      5.81480E-05
  1615.0      5.72330E-05
  1625.0      5.70110E-05
  1635.0      5.59680E-05
  1645.0      5.49490E-05
  1655.0      5.51180E-05
  1665.0      5.45290E-05
  1675.0      5.32350E-05
  1685.0      5.21160E-05
  1695.0      5.26090E-05
  1705.0      5.18280E-05
  1715.0      5.15330E-05
  1725.0      5.07890E-05
  1735.0      4.86500E-05
  1745.0      4.94270E-05
  1755.0      4.92730E-05
  1765.0      4.87330E-05
  1775.0      4.82010E-05
  1785.0      4.76760E-05
  1795.0      4.71600E-05
  1805.0      4.65420E-05
  1815.0      4.44780E-05
  1825.0      4.50980E-05
  1835.0      4.51600E-05
  1845.0      4.47040E-05
  1855.0      4.42260E-05
  1865.0      4.33520E-05
  1875.0      4.15630E-05
  1885.0      4.27650E-05
  1895.0      4.24330E-05
  1905.0      4.18450E-05
  1915.0      4.15620E-05
  1925.0      4.11520E-05
  1935.0      4.05120E-05
  1945.0      3.85330E-05
  1955.0      3.96640E-05
  1965.0      3.95330E-05
  1975.0      3.91440E-05
  1985.0      3.87600E-05
  1995.0      3.83810E-05
  2005.0      3.80080E-05
  2015.0      3.76400E-05
  2025.0      3.72780E-05
  2035.0      3.69210E-05
  2045.0      3.65600E-05
  2055.0      3.61770E-05
  2065.0      3.58800E-05
  2075.0      3.55420E-05
  2085.0      3.52100E-05
  2095.0      3.48820E-05
  2105.0      3.45580E-05
  2115.0      3.41430E-05
  2125.0      3.39250E-05
  2135.0      3.36140E-05
  2145.0      3.32980E-05
  2155.0      3.28460E-05
  2165.0      3.12400E-05
  2175.0      3.21490E-05
  2185.0      3.21010E-05
  2195.0      3.18390E-05
  2205.0      3.15570E-05
  2215.0      3.12790E-05
  2225.0      3.10020E-05
  2235.0      3.07330E-05
  2245.0      3.04650E-05
  2255.0      3.02010E-05
  2265.0      2.99410E-05
  2275.0      2.96830E-05
  2285.0      2.94300E-05
  2295.0      2.91790E-05
  2305.0      2.89280E-05
  2315.0      2.86890E-05
  2325.0      2.84480E-05
  2335.0      2.82100E-05
  2345.0      2.79750E-05
  2355.0      2.77430E-05
  2365.0      2.75140E-05
  2375.0      2.72880E-05
  2385.0      2.70640E-05
  2395.0      2.68440E-05
  2405.0      2.66260E-05
  2415.0      2.64100E-05
  2425.0      2.61970E-05
  2435.0      2.59860E-05
  2445.0      2.57780E-05
  2455.0      2.55730E-05
  2465.0      2.53690E-05
  2475.0      2.51340E-05
  2485.0      2.49700E-05
  2495.0      2.47680E-05
  2505.0      2.45800E-05
  2515.0      2.43880E-05
  2525.0      2.41840E-05
  2535.0      2.40090E-05
  2545.0      2.38590E-05
  2555.0      2.36350E-05
  2565.0      2.34270E-05
  2575.0      2.32780E-05
  2585.0      2.31430E-05
  2595.0      2.29340E-05
  2605.0      2.27050E-05
  2615.0      2.23700E-05
  2625.0      2.14900E-05
  2635.0      2.20930E-05
  2645.0      2.20780E-05
  2655.0      2.19250E-05
  2665.0      2.17210E-05
  2675.0      2.14570E-05
  2685.0      2.13980E-05
  2695.0      2.13290E-05
  2705.0      2.11780E-05
  2715.0      2.10250E-05
  2725.0      2.08730E-05
  2735.0      2.07230E-05
  2745.0      2.05120E-05
  2755.0      2.01650E-05
  2765.0      2.01130E-05
  2775.0      2.01080E-05
  2785.0      1.99970E-05
  2795.0      1.98560E-05
  2805.0      1.97170E-05
  2815.0      1.95790E-05
  2825.0      1.94430E-05
  2835.0      1.93080E-05
  2845.0      1.91740E-05
  2855.0      1.90080E-05
  2865.0      1.87390E-05
  2875.0      1.84060E-05
  2885.0      1.85630E-05
  2895.0      1.85200E-05
  2905.0      1.84020E-05
  2915.0      1.82770E-05
  2925.0      1.81540E-05
  2935.0      1.80330E-05
  2945.0      1.79120E-05
  2955.0      1.77930E-05
  2965.0      1.76750E-05
  2975.0      1.75580E-05
  2985.0      1.74420E-05
  2995.0      1.73270E-05
  3005.0      1.72140E-05
  3015.0      1.71010E-05
  3025.0      1.69230E-05
  3035.0      1.65180E-05
  3045.0      1.65020E-05
  3055.0      1.66130E-05
  3065.0      1.65550E-05
  3075.0      1.64490E-05
  3085.0      1.63440E-05
  3095.0      1.62400E-05
  3105.0      1.61370E-05
  3115.0      1.60350E-05
  3125.0      1.59340E-05
  3135.0      1.58340E-05
  3145.0      1.57350E-05
  3155.0      1.56360E-05
  3165.0      1.55390E-05
  3175.0      1.54420E-05
  3185.0      1.53470E-05
  3195.0      1.52520E-05
  3210.0      1.51120E-05
  3230.0      1.49270E-05
  3250.0      1.47460E-05
  3270.0      1.45580E-05
  3290.0      1.41000E-05
  3310.0      1.41160E-05
  3330.0      1.40470E-05
  3350.0      1.39050E-05
  3370.0      1.37420E-05
  3390.0      1.35820E-05
  3410.0      1.34250E-05
  3430.0      1.32710E-05
  3450.0      1.31190E-05
  3470.0      1.29700E-05
  3490.0      1.28240E-05
  3510.0      1.26790E-05
  3530.0      1.25380E-05
  3550.0      1.23980E-05
  3570.0      1.22610E-05
  3590.0      1.21260E-05
  3610.0      1.19940E-05
  3630.0      1.18630E-05
  3650.0      1.17350E-05
  3670.0      1.16090E-05
  3690.0      1.14850E-05
  3710.0      1.13390E-05
  3730.0      1.10900E-05
  3750.0      1.09430E-05
  3770.0      1.09940E-05
  3790.0      1.08930E-05
  3810.0      1.07800E-05
  3830.0      1.06680E-05
  3850.0      1.05590E-05
  3870.0      1.04510E-05
  3890.0      1.03450E-05
  3910.0      1.02270E-05
  3930.0      1.01370E-05
  3950.0      1.00360E-05
  3970.0      9.93630E-06
  3990.0      9.83770E-06
  4010.0      9.72170E-06
  4030.0      9.60190E-06
  4050.0      9.35700E-06
  4070.0      9.44350E-06
  4090.0      9.36690E-06
  4110.0      9.27680E-06
  4130.0      9.18310E-06
  4150.0      9.09230E-06
  4170.0      8.96790E-06
  4190.0      8.91990E-06
  4210.0      8.84500E-06
  4230.0      8.76240E-06
  4250.0      8.67850E-06
  4270.0      8.60040E-06
  4290.0      8.51390E-06
  4310.0      8.44280E-06
  4330.0      8.36560E-06
  4350.0      8.28420E-06
  4370.0      8.15290E-06
  4390.0      8.10630E-06
  4410.0      8.06720E-06
  4430.0      7.99520E-06
  4450.0      7.92410E-06
  4470.0      7.85820E-06
  4490.0      7.78890E-06
  4510.0      7.72050E-06
  4530.0      7.65300E-06
  4550.0      7.58640E-06
  4570.0      7.52060E-06
  4590.0      7.45570E-06
  4610.0      7.38960E-06
  4630.0      7.30950E-06
  4650.0      7.09080E-06
  4670.0      7.09430E-06
  4690.0      7.10670E-06
  4710.0      7.08060E-06
  4730.0      7.02400E-06
  4750.0      6.96540E-06
  4770.0      6.90750E-06
  4790.0      6.85040E-06
  4810.0      6.79400E-06
  4830.0      6.73820E-06
  4850.0      6.68310E-06
  4870.0      6.62870E-06
  4890.0      6.57500E-06
  4910.0      6.52190E-06
  4930.0      6.46950E-06
  4950.0      6.41770E-06
  4970.0      6.36650E-06
  4990.0      6.31590E-06
  5010.0      6.26590E-06
  5030.0      6.21650E-06
  5050.0      6.16770E-06
  5070.0      6.11940E-06
  5090.0      6.07160E-06
  5110.0      5.99830E-06
  5130.0      5.88170E-06
  5150.0      5.91260E-06
  5170.0      5.88640E-06
  5190.0      5.84140E-06
  5210.0      5.79700E-06
  5230.0      5.75300E-06
  5250.0      5.70950E-06
  5270.0      5.66650E-06
  5290.0      5.62400E-06
  5310.0      5.58200E-06
  5330.0      5.54050E-06
  5350.0      5.49940E-06
  5370.0      5.45870E-06
  5390.0      5.41850E-06
  5410.0      5.37880E-06
  5430.0      5.33950E-06
  5450.0      5.30060E-06
  5470.0      5.26210E-06
  5490.0      5.22410E-06
  5510.0      5.18640E-06
  5530.0      5.14920E-06
  5550.0      5.11230E-06
  5570.0      5.07590E-06
  5590.0      5.03990E-06
  5610.0      5.00420E-06
  5630.0      4.96890E-06
  5650.0      4.93400E-06
  5670.0      4.89940E-06
  5690.0      4.86520E-06
  5710.0      4.83130E-06
  5730.0      4.79790E-06
  5750.0      4.76480E-06
  5770.0      4.73200E-06
  5790.0      4.69950E-06
  5810.0      4.66740E-06
  5830.0      4.63560E-06
  5850.0      4.60540E-06
  5870.0      4.57250E-06
  5890.0      4.51970E-06
  5910.0      4.42640E-06
  5930.0      4.46350E-06
  5950.0      4.43900E-06
  5970.0      4.41660E-06
  5990.0      4.39360E-06
  6010.0      4.36460E-06
  6030.0      4.33590E-06
  6050.0      4.30740E-06
  6070.0      4.27920E-06
  6090.0      4.25130E-06
  6110.0      4.22360E-06
  6130.0      4.19620E-06
  6150.0      4.16910E-06
  6170.0      4.14220E-06
  6190.0      4.11560E-06
  6210.0      4.08920E-06
  6230.0      4.06310E-06
  6250.0      4.03720E-06
  6270.0      4.00790E-06
  6290.0      3.96850E-06
  6310.0      3.95490E-06
  6330.0      3.93620E-06
  6350.0      3.91160E-06
  6370.0      3.88720E-06
  6390.0      3.86300E-06
  6420.0      3.82710E-06
  6460.0      3.78010E-06
  6500.0      3.73380E-06
  6540.0      3.68850E-06
  6580.0      3.64390E-06
  6620.0      3.60020E-06
  6660.0      3.55720E-06
  6700.0      3.51500E-06
  6740.0      3.46960E-06
  6780.0      3.41460E-06
  6820.0      3.39280E-06
  6860.0      3.35350E-06
  6900.0      3.31490E-06
  6940.0      3.27690E-06
  6980.0      3.23960E-06
  7020.0      3.20290E-06
  7060.0      3.16680E-06
  7100.0      3.13130E-06
  7140.0      3.09650E-06
  7180.0      3.06220E-06
  7220.0      3.02840E-06
  7260.0      2.99530E-06
  7300.0      2.96260E-06
  7340.0      2.93050E-06
  7380.0      2.89890E-06
  7420.0      2.86410E-06
  7460.0      2.79640E-06
  7500.0      2.76060E-06
  7540.0      2.76880E-06
  7580.0      2.74840E-06
  7620.0      2.71970E-06
  7660.0      2.69150E-06
  7700.0      2.66370E-06
  7740.0      2.63630E-06
  7780.0      2.60930E-06
  7820.0      2.58280E-06
  7860.0      2.55660E-06
  7900.0      2.53090E-06
  7940.0      2.50550E-06
  7980.0      2.48050E-06
  8020.0      2.45590E-06
  8060.0      2.43170E-06
  8100.0      2.40780E-06
  8140.0      2.38420E-06
  8180.0      2.36100E-06
  8220.0      2.33820E-06
  8260.0      2.31560E-06
  8300.0      2.29340E-06
  8340.0      2.27150E-06
  8380.0      2.24990E-06
  8420.0      2.22870E-06
  8460.0      2.20770E-06
  8500.0      2.18700E-06
  8540.0      2.16660E-06
  8580.0      2.14650E-06
  8620.0      2.12660E-06
  8660.0      2.10480E-06
  8700.0      2.08760E-06
  8740.0      2.05600E-06
  8780.0      2.03740E-06
  8820.0      2.03140E-06
  8860.0      2.01320E-06
  8900.0      1.99520E-06
  8940.0      1.97740E-06
  8980.0      1.95990E-06
  9020.0      1.94260E-06
  9060.0      1.92550E-06
  9100.0      1.90860E-06
  9140.0      1.89200E-06
  9180.0      1.87550E-06
  9220.0      1.85930E-06
  9260.0      1.84330E-06
  9300.0      1.82750E-06
  9340.0      1.81190E-06
  9380.0      1.79180E-06
  9420.0      1.77960E-06
  9460.0      1.76630E-06
  9500.0      1.75150E-06
  9540.0      1.73690E-06
  9580.0      1.72240E-06
  9620.0      1.70810E-06
  9660.0      1.69400E-06
  9700.0      1.68010E-06
  9740.0      1.66640E-06
  9780.0      1.65280E-06
  9820.0      1.63930E-06
  9860.0      1.62610E-06
  9900.0      1.61300E-06
  9940.0      1.60010E-06
  9980.0      1.58730E-06
  10020.      1.57460E-06
  20000.      3.94810E-07
  40000.      9.83810E-08
  60000.      4.36550E-08
  80000.      2.45330E-08
 1.00000E+05  1.56920E-08
 1.20000E+05  1.08920E-08
 1.40000E+05  7.99960E-09
 1.60000E+05  6.12290E-09
