 Castelli and Kurucz 2004-2012 Atmosphere
 T     39000.     G    5.00000 [-4.0a] N(He)/Ntot=0.089 VTURB=2.0  L/H=1.25 NOV
 Wavelength  Eddington Hnu
   (nm)    (ergs/s/cm2/Hz/sr)
  9.0900      1.71510E-22
  9.3500      7.06590E-22
  9.6100      2.69630E-21
  9.7700      5.93260E-21
  9.9600      1.46400E-20
  10.200      4.36610E-20
  10.380      9.58300E-20
  10.560      2.04710E-19
  10.770      4.80380E-19
  11.040      1.37040E-18
  11.400      5.12620E-18
  11.780      1.88780E-17
  12.130      5.82580E-17
  12.480      1.68510E-16
  12.710      3.27770E-16
  12.840      4.72240E-16
  13.050      8.38510E-16
  13.240      1.38700E-15
  13.390      2.04220E-15
  13.660      4.00880E-15
  13.980      8.61140E-15
  14.330      1.90850E-14
  14.720      4.42300E-14
  15.100      9.60650E-14
  15.520      2.16220E-13
  15.880      4.18250E-13
  16.200      7.32860E-13
  16.600      1.43120E-12
  17.030      2.83300E-12
  17.340      4.53380E-12
  17.680      7.44360E-12
  18.020      1.19820E-11
  18.170      1.46950E-11
  18.610      2.62100E-11
  19.100      4.83020E-11
  19.390      6.83010E-11
  19.840      1.14470E-10
  20.180      1.66360E-10
  20.500      2.33690E-10
  21.050      4.08500E-10
  21.620      7.05770E-10
  21.980      9.81480E-10
  22.300      1.30330E-09
  22.680      1.80480E-09
  23.000      5.94650E-09
  23.400      1.86580E-08
  24.000      5.84590E-08
  24.650      3.39030E-07
  25.240      1.14970E-06
  25.680      8.19250E-07
  26.000      4.79690E-06
  26.400      8.78910E-06
  26.850      1.46170E-05
  27.350      2.07100E-05
  27.850      2.59830E-05
  28.400      3.16330E-05
  29.000      3.56240E-05
  29.600      2.82430E-05
  30.100      5.36890E-06
  30.800      1.71750E-05
  31.800      5.06130E-05
  32.800      6.07600E-05
  33.800      6.26580E-05
  34.800      6.93780E-05
  35.700      7.19200E-05
  36.600      7.55160E-05
  37.500      7.69160E-05
  38.500      8.08690E-05
  39.500      8.58380E-05
  40.500      9.03000E-05
  41.400      9.47250E-05
  42.200      9.85340E-05
  43.000      1.03480E-04
  44.100      1.10820E-04
  45.100      1.17770E-04
  46.000      1.24490E-04
  47.000      1.33610E-04
  48.000      1.42880E-04
  49.000      1.51610E-04
  50.000      1.63740E-04
  50.600      3.03180E-04
  51.200      5.67090E-04
  52.000      5.80760E-04
  53.000      6.16310E-04
  54.000      6.16560E-04
  55.000      6.42650E-04
  56.000      6.66950E-04
  57.000      6.84960E-04
  58.000      6.87620E-04
  59.000      7.17340E-04
  60.000      7.28430E-04
  61.000      7.43730E-04
  62.000      7.66600E-04
  63.000      7.82780E-04
  64.000      8.01470E-04
  65.000      8.16370E-04
  65.800      8.23180E-04
  66.500      8.40190E-04
  67.500      8.60450E-04
  68.500      8.70140E-04
  69.500      8.93530E-04
  70.500      8.97740E-04
  71.600      9.27930E-04
  72.600      9.44450E-04
  73.500      9.58930E-04
  74.500      9.73960E-04
  75.500      9.88940E-04
  76.500      1.00140E-03
  77.500      1.02140E-03
  78.500      1.03340E-03
  79.500      1.04920E-03
  80.500      1.06580E-03
  81.500      1.08110E-03
  82.500      1.09660E-03
  83.500      1.09540E-03
  84.500      1.12460E-03
  85.500      1.13750E-03
  86.500      1.15210E-03
  87.500      1.16550E-03
  88.500      1.17850E-03
  89.500      1.19130E-03
  90.500      1.19860E-03
  91.500      1.04370E-03
  92.500      1.86170E-03
  93.500      2.48680E-03
  94.500      3.43820E-03
  95.500      3.83810E-03
  96.500      4.60970E-03
  97.500      3.51330E-03
  98.500      4.75830E-03
  99.500      4.41580E-03
  100.50      4.75390E-03
  101.50      4.67140E-03
  102.50      3.36670E-03
  103.50      4.57470E-03
  104.50      4.63410E-03
  105.50      4.61050E-03
  106.50      4.56900E-03
  107.50      4.53610E-03
  108.50      4.21940E-03
  109.50      4.47750E-03
  110.50      4.44870E-03
  111.50      4.41750E-03
  112.50      4.36030E-03
  113.50      4.35740E-03
  114.50      4.32630E-03
  115.50      4.29260E-03
  116.50      4.26140E-03
  117.50      4.12650E-03
  118.50      4.19800E-03
  119.50      4.16160E-03
  120.50      4.08420E-03
  121.50      3.06890E-03
  122.50      4.00360E-03
  123.50      4.03510E-03
  124.50      4.01070E-03
  125.50      3.98800E-03
  126.50      3.95970E-03
  127.50      3.93100E-03
  128.50      3.90230E-03
  129.50      3.87360E-03
  130.50      3.84540E-03
  131.50      3.81660E-03
  132.50      3.78810E-03
  133.50      3.76010E-03
  134.50      3.73250E-03
  135.50      3.70540E-03
  136.50      3.67860E-03
  137.50      3.65060E-03
  138.50      3.62420E-03
  139.50      3.58180E-03
  140.50      3.56110E-03
  141.50      3.54520E-03
  142.50      3.51940E-03
  143.50      3.49430E-03
  144.20      3.47660E-03
  144.70      3.46420E-03
  145.50      3.44400E-03
  146.50      3.41900E-03
  147.50      3.39430E-03
  148.50      3.36970E-03
  149.50      3.34510E-03
  150.50      3.32100E-03
  151.20      3.30440E-03
  151.70      3.29250E-03
  152.50      3.27380E-03
  153.50      3.25060E-03
  154.50      3.19470E-03
  155.50      3.17480E-03
  156.50      3.18330E-03
  157.50      3.16130E-03
  158.50      3.13870E-03
  159.50      3.11590E-03
  160.50      3.09290E-03
  161.50      3.07080E-03
  162.50      3.04790E-03
  163.50      2.95460E-03
  164.50      2.81800E-03
  165.50      2.98480E-03
  166.50      2.96440E-03
  167.20      2.94990E-03
  167.70      2.93990E-03
  168.50      2.92380E-03
  169.50      2.90370E-03
  170.50      2.88390E-03
  171.50      2.86170E-03
  172.50      2.84440E-03
  173.50      2.82570E-03
  174.50      2.80650E-03
  175.50      2.78750E-03
  176.50      2.76870E-03
  177.50      2.74980E-03
  178.50      2.73120E-03
  179.50      2.71270E-03
  180.50      2.69430E-03
  181.50      2.67610E-03
  182.50      2.65820E-03
  183.50      2.64060E-03
  184.50      2.62300E-03
  185.50      2.60560E-03
  186.50      2.58840E-03
  187.50      2.57120E-03
  188.50      2.55420E-03
  189.50      2.53730E-03
  190.50      2.52060E-03
  191.50      2.50410E-03
  192.50      2.48770E-03
  193.50      2.47160E-03
  194.50      2.45560E-03
  195.50      2.43950E-03
  196.70      2.42060E-03
  197.60      2.40650E-03
  198.40      2.39420E-03
  199.50      2.37740E-03
  200.50      2.36220E-03
  201.50      2.34720E-03
  202.50      2.33220E-03
  203.50      2.31750E-03
  204.50      2.30290E-03
  205.50      1.82310E-03
  206.50      1.76560E-03
  207.40      1.78500E-03
  207.80      1.81770E-03
  208.50      1.89980E-03
  209.50      2.08180E-03
  210.50      2.20290E-03
  211.50      2.21080E-03
  212.50      2.19880E-03
  213.50      2.18060E-03
  214.50      2.16970E-03
  215.50      2.17930E-03
  216.50      2.12670E-03
  217.50      2.16760E-03
  218.50      2.09510E-03
  219.50      2.14180E-03
  220.50      2.13330E-03
  221.50      2.05020E-03
  222.50      2.10680E-03
  223.50      2.09600E-03
  224.50      2.07970E-03
  225.50      2.00000E-03
  226.50      2.05740E-03
  227.50      2.04500E-03
  228.50      2.03250E-03
  229.50      2.01690E-03
  230.50      1.94140E-03
  231.50      1.99280E-03
  232.50      1.98340E-03
  233.50      1.97140E-03
  234.50      1.95950E-03
  235.50      1.94770E-03
  236.50      1.93610E-03
  237.50      1.92450E-03
  238.50      1.85280E-03
  239.50      1.90050E-03
  240.50      1.89070E-03
  241.50      1.87970E-03
  242.50      1.86870E-03
  243.50      1.85790E-03
  244.50      1.84720E-03
  245.50      1.83660E-03
  246.50      1.82610E-03
  247.50      1.81560E-03
  248.50      1.80500E-03
  249.50      1.78120E-03
  250.50      1.77610E-03
  251.30      1.66260E-03
  251.80      1.76800E-03
  252.50      1.76360E-03
  253.50      1.75350E-03
  254.50      1.74350E-03
  255.50      1.73370E-03
  256.50      1.72390E-03
  257.50      1.71420E-03
  258.50      1.70450E-03
  259.50      1.69500E-03
  260.50      1.68740E-03
  261.50      1.67800E-03
  262.50      1.66870E-03
  263.50      1.65940E-03
  264.50      1.65010E-03
  265.50      1.64070E-03
  266.50      1.63110E-03
  267.50      1.62140E-03
  268.50      1.61420E-03
  269.50      1.60300E-03
  270.50      1.59670E-03
  271.50      1.58800E-03
  272.50      1.57540E-03
  273.50      1.52650E-03
  274.50      1.56230E-03
  275.50      1.55390E-03
  276.50      1.54130E-03
  277.50      1.53720E-03
  278.50      1.52890E-03
  279.50      1.52070E-03
  280.50      1.51260E-03
  281.50      1.50460E-03
  282.50      1.49220E-03
  283.50      1.48640E-03
  284.50      1.48080E-03
  285.50      1.47310E-03
  286.50      1.46540E-03
  287.50      1.45780E-03
  288.50      1.45020E-03
  289.50      1.44270E-03
  291.00      1.43150E-03
  293.00      1.41680E-03
  295.00      1.39850E-03
  297.00      1.38800E-03
  299.00      1.37400E-03
  301.00      1.36000E-03
  303.00      1.34630E-03
  305.00      1.33270E-03
  307.00      1.31950E-03
  309.00      1.30630E-03
  311.00      1.29340E-03
  313.00      1.28100E-03
  315.00      1.26840E-03
  317.00      1.25610E-03
  319.00      1.23860E-03
  321.00      1.21500E-03
  323.00      1.22010E-03
  325.00      1.20830E-03
  327.00      1.19720E-03
  329.00      1.18540E-03
  331.00      1.17460E-03
  333.00      1.16360E-03
  335.00      1.15200E-03
  337.00      1.14190E-03
  339.00      1.13130E-03
  341.00      1.12090E-03
  343.00      1.10960E-03
  345.00      1.09810E-03
  347.00      1.08930E-03
  349.00      1.07950E-03
  351.00      1.07080E-03
  353.00      1.06110E-03
  355.00      1.05090E-03
  357.00      1.04400E-03
  359.00      1.03130E-03
  361.00      1.02410E-03
  363.00      1.01300E-03
  364.00      9.99380E-04
  365.00      9.39910E-04
  367.00      9.33330E-04
  369.00      9.26770E-04
  371.00      9.19900E-04
  373.00      9.19350E-04
  375.00      9.23210E-04
  377.00      9.21210E-04
  379.00      9.35530E-04
  381.00      9.55300E-04
  383.00      8.97920E-04
  385.00      9.61260E-04
  387.00      9.71330E-04
  389.00      8.66480E-04
  391.00      9.60720E-04
  393.00      9.54360E-04
  395.00      9.47360E-04
  397.00      8.35200E-04
  399.00      9.28540E-04
  401.00      9.28510E-04
  403.00      8.97860E-04
  405.00      9.18580E-04
  407.00      9.08490E-04
  409.00      8.67530E-04
  411.00      8.09390E-04
  413.00      8.81870E-04
  415.00      8.78290E-04
  417.00      8.74480E-04
  419.00      8.63800E-04
  421.00      8.50800E-04
  423.00      8.53820E-04
  425.00      8.46950E-04
  427.00      8.40160E-04
  429.00      8.33440E-04
  431.00      8.23620E-04
  433.00      7.79710E-04
  435.00      7.44880E-04
  437.00      8.03310E-04
  439.00      7.92330E-04
  441.00      7.94950E-04
  443.00      7.88050E-04
  445.00      7.82720E-04
  447.00      7.61000E-04
  449.00      7.70740E-04
  451.00      7.64860E-04
  453.00      7.57760E-04
  455.00      7.41460E-04
  457.00      7.47570E-04
  459.00      7.41940E-04
  461.00      7.36370E-04
  463.00      7.30860E-04
  465.00      7.25400E-04
  467.00      7.19440E-04
  469.00      6.94110E-04
  471.00      7.05700E-04
  473.00      7.04210E-04
  475.00      6.99060E-04
  477.00      6.93960E-04
  479.00      6.88910E-04
  481.00      6.83920E-04
  483.00      6.76280E-04
  485.00      6.47040E-04
  487.00      6.10450E-04
  489.00      6.60440E-04
  491.00      6.59170E-04
  493.00      6.47490E-04
  495.00      6.50500E-04
  497.00      6.45920E-04
  499.00      6.41390E-04
  501.00      6.33500E-04
  503.00      6.32480E-04
  505.00      6.26940E-04
  507.00      6.23750E-04
  509.00      6.19450E-04
  511.00      6.15190E-04
  513.00      6.10970E-04
  515.00      6.06800E-04
  517.00      6.02670E-04
  519.00      5.98590E-04
  521.00      5.94540E-04
  523.00      5.90540E-04
  525.00      5.86570E-04
  527.00      5.82630E-04
  529.00      5.78740E-04
  531.00      5.74880E-04
  533.00      5.71070E-04
  535.00      5.67290E-04
  537.00      5.63550E-04
  539.00      5.59850E-04
  541.00      5.47200E-04
  543.00      5.52520E-04
  545.00      5.48980E-04
  547.00      5.45430E-04
  549.00      5.41910E-04
  551.00      5.38430E-04
  553.00      5.34980E-04
  555.00      5.31570E-04
  557.00      5.28180E-04
  559.00      5.24820E-04
  561.00      5.21490E-04
  563.00      5.18190E-04
  565.00      5.14920E-04
  567.00      5.11680E-04
  569.00      5.04900E-04
  571.00      4.85600E-04
  573.00      4.82760E-04
  575.00      4.79950E-04
  577.00      4.77180E-04
  579.00      4.74460E-04
  581.00      4.71840E-04
  583.00      4.69430E-04
  585.00      4.67350E-04
  587.00      4.59560E-04
  589.00      4.63660E-04
  591.00      4.62710E-04
  593.00      4.61560E-04
  595.00      4.60540E-04
  597.00      4.59630E-04
  599.00      4.58920E-04
  601.00      4.57830E-04
  603.00      4.56400E-04
  605.00      4.55540E-04
  607.00      4.53400E-04
  609.00      4.50730E-04
  611.00      4.48070E-04
  613.00      4.45440E-04
  615.00      4.42840E-04
  617.00      4.40240E-04
  619.00      4.37690E-04
  621.00      4.35150E-04
  623.00      4.32360E-04
  625.00      4.30130E-04
  627.00      4.27660E-04
  629.00      4.25210E-04
  631.00      4.22210E-04
  633.00      4.20360E-04
  635.00      4.17980E-04
  637.00      4.15610E-04
  639.00      4.13250E-04
  641.00      4.09850E-04
  643.00      4.08610E-04
  645.00      4.06330E-04
  647.00      4.04050E-04
  649.00      4.01800E-04
  651.00      3.99200E-04
  653.00      3.94460E-04
  655.00      3.86010E-04
  657.00      3.62380E-04
  659.00      3.88510E-04
  661.00      3.88510E-04
  663.00      3.86540E-04
  665.00      3.84500E-04
  667.00      3.80070E-04
  669.00      3.76280E-04
  671.00      3.78270E-04
  673.00      3.76230E-04
  675.00      3.74210E-04
  677.00      3.72200E-04
  679.00      3.70200E-04
  681.00      3.68230E-04
  683.00      3.66270E-04
  685.00      3.64320E-04
  687.00      3.62380E-04
  689.00      3.58110E-04
  691.00      3.58510E-04
  693.00      3.56690E-04
  695.00      3.54820E-04
  697.00      3.52970E-04
  699.00      3.51130E-04
  701.00      3.49300E-04
  703.00      3.47490E-04
  705.00      3.45690E-04
  707.00      3.41350E-04
  709.00      3.42140E-04
  711.00      3.40380E-04
  713.00      3.38640E-04
  715.00      3.36910E-04
  717.00      3.33470E-04
  719.00      3.32410E-04
  721.00      3.31790E-04
  723.00      3.30110E-04
  725.00      3.28450E-04
  727.00      3.26790E-04
  729.00      3.23960E-04
  731.00      3.23520E-04
  733.00      3.21910E-04
  735.00      3.20300E-04
  737.00      3.18710E-04
  739.00      3.17130E-04
  741.00      3.15560E-04
  743.00      3.14000E-04
  745.00      3.12470E-04
  747.00      3.10940E-04
  749.00      3.09410E-04
  751.00      3.07880E-04
  753.00      3.06400E-04
  755.00      3.04910E-04
  757.00      3.03430E-04
  759.00      2.99130E-04
  761.00      3.00360E-04
  763.00      2.99060E-04
  765.00      2.97620E-04
  767.00      2.96200E-04
  769.00      2.94780E-04
  771.00      2.93370E-04
  773.00      2.91980E-04
  775.00      2.90590E-04
  777.00      2.89210E-04
  779.00      2.87840E-04
  781.00      2.86450E-04
  783.00      2.85140E-04
  785.00      2.83890E-04
  787.00      2.82560E-04
  789.00      2.81240E-04
  791.00      2.79930E-04
  793.00      2.78630E-04
  795.00      2.77330E-04
  797.00      2.76050E-04
  799.00      2.74770E-04
  801.00      2.73510E-04
  803.00      2.72250E-04
  805.00      2.71000E-04
  807.00      2.69760E-04
  809.00      2.68530E-04
  811.00      2.67310E-04
  813.00      2.66090E-04
  815.00      2.64890E-04
  817.00      2.63690E-04
  819.00      2.61830E-04
  821.00      2.55730E-04
  823.00      2.53290E-04
  825.00      2.53240E-04
  827.00      2.52340E-04
  829.00      2.51480E-04
  831.00      2.50440E-04
  833.00      2.49310E-04
  835.00      2.48010E-04
  837.00      2.47140E-04
  839.00      2.46160E-04
  841.00      2.45140E-04
  843.00      2.44100E-04
  845.00      2.42730E-04
  847.00      2.42140E-04
  849.00      2.41130E-04
  851.00      2.40310E-04
  853.00      2.39240E-04
  855.00      2.38370E-04
  857.00      2.37720E-04
  859.00      2.35840E-04
  861.00      2.35650E-04
  863.00      2.35480E-04
  865.00      2.33760E-04
  867.00      2.31980E-04
  869.00      2.33070E-04
  871.00      2.32890E-04
  873.00      2.30700E-04
  875.00      2.26700E-04
  877.00      2.28350E-04
  879.00      2.30090E-04
  881.00      2.29840E-04
  883.00      2.28530E-04
  885.00      2.23160E-04
  887.00      2.18950E-04
  889.00      2.24800E-04
  891.00      2.25920E-04
  893.00      2.25500E-04
  895.00      2.24900E-04
  897.00      2.23530E-04
  899.00      2.19960E-04
  901.00      2.10710E-04
  903.00      2.13360E-04
  905.00      2.18650E-04
  907.00      2.18360E-04
  909.00      2.18540E-04
  911.00      2.17900E-04
  913.00      2.17500E-04
  915.00      2.16440E-04
  917.00      2.14930E-04
  919.00      2.13290E-04
  921.00      2.07980E-04
  923.00      1.97880E-04
  925.00      2.06010E-04
  927.00      2.09640E-04
  929.00      2.09850E-04
  931.00      2.09160E-04
  933.00      2.08610E-04
  935.00      2.04610E-04
  937.00      2.06860E-04
  939.00      2.06320E-04
  941.00      2.05500E-04
  943.00      2.04680E-04
  945.00      2.03860E-04
  947.00      2.02460E-04
  949.00      2.01610E-04
  951.00      1.99080E-04
  953.00      1.93680E-04
  955.00      1.84340E-04
  957.00      1.94110E-04
  959.00      1.96900E-04
  961.00      1.96860E-04
  963.00      1.96320E-04
  965.00      1.95980E-04
  967.00      1.95220E-04
  969.00      1.94420E-04
  971.00      1.93520E-04
  973.00      1.92960E-04
  975.00      1.92210E-04
  977.00      1.91170E-04
  979.00      1.90740E-04
  981.00      1.90000E-04
  983.00      1.89280E-04
  985.00      1.88550E-04
  987.00      1.87830E-04
  989.00      1.87120E-04
  991.00      1.86400E-04
  993.00      1.85690E-04
  995.00      1.84990E-04
  997.00      1.84290E-04
  999.00      1.83080E-04
  1002.5      1.77300E-04
  1007.5      1.74420E-04
  1012.5      1.76660E-04
  1017.5      1.77340E-04
  1022.5      1.75680E-04
  1027.5      1.74090E-04
  1032.5      1.72160E-04
  1037.5      1.70930E-04
  1042.5      1.69120E-04
  1047.5      1.67850E-04
  1052.5      1.66350E-04
  1057.5      1.64860E-04
  1062.5      1.63400E-04
  1067.5      1.61850E-04
  1072.5      1.60520E-04
  1077.5      1.59110E-04
  1082.5      1.57020E-04
  1087.5      1.55870E-04
  1092.5      1.47740E-04
  1097.5      1.51040E-04
  1102.5      1.51910E-04
  1107.5      1.50970E-04
  1112.5      1.49750E-04
  1117.5      1.48500E-04
  1122.5      1.47230E-04
  1127.5      1.46010E-04
  1132.5      1.44790E-04
  1137.5      1.43580E-04
  1142.5      1.42390E-04
  1147.5      1.41210E-04
  1152.5      1.40050E-04
  1157.5      1.38900E-04
  1162.5      1.36860E-04
  1167.5      1.36230E-04
  1172.5      1.35530E-04
  1177.5      1.34440E-04
  1182.5      1.33360E-04
  1187.5      1.32290E-04
  1192.5      1.31240E-04
  1197.5      1.29540E-04
  1202.5      1.29160E-04
  1207.5      1.28150E-04
  1212.5      1.27140E-04
  1217.5      1.26150E-04
  1222.5      1.25160E-04
  1227.5      1.24190E-04
  1232.5      1.23230E-04
  1237.5      1.22280E-04
  1242.5      1.21350E-04
  1247.5      1.20420E-04
  1252.5      1.19410E-04
  1257.5      1.18600E-04
  1262.5      1.17700E-04
  1267.5      1.16810E-04
  1272.5      1.15890E-04
  1277.5      1.13740E-04
  1282.5      1.08850E-04
  1287.5      1.12710E-04
  1292.5      1.12530E-04
  1297.5      1.11410E-04
  1302.5      1.10890E-04
  1307.5      1.10080E-04
  1312.5      1.09270E-04
  1317.5      1.08480E-04
  1322.5      1.07700E-04
  1327.5      1.06920E-04
  1332.5      1.06160E-04
  1337.5      1.05400E-04
  1342.5      1.04620E-04
  1347.5      1.03900E-04
  1352.5      1.03170E-04
  1357.5      1.02440E-04
  1362.5      1.01720E-04
  1367.5      1.01010E-04
  1372.5      1.00310E-04
  1377.5      9.96080E-05
  1382.5      9.89190E-05
  1387.5      9.82360E-05
  1392.5      9.75600E-05
  1397.5      9.68910E-05
  1402.5      9.62290E-05
  1407.5      9.55740E-05
  1412.5      9.49250E-05
  1417.5      9.42830E-05
  1422.5      9.36480E-05
  1427.5      9.30190E-05
  1432.5      9.23960E-05
  1437.5      9.17790E-05
  1442.5      9.11690E-05
  1447.5      9.05640E-05
  1452.5      8.99660E-05
  1457.0      8.94320E-05
  1462.0      8.88570E-05
  1467.5      8.82180E-05
  1472.5      8.76230E-05
  1477.5      8.66310E-05
  1482.5      8.65100E-05
  1487.5      8.59590E-05
  1492.5      8.54080E-05
  1497.5      8.48620E-05
  1502.5      8.43210E-05
  1507.5      8.37260E-05
  1512.5      8.32540E-05
  1517.5      8.27280E-05
  1522.5      8.22070E-05
  1527.5      8.16890E-05
  1532.5      8.11750E-05
  1537.5      8.06690E-05
  1542.5      8.01580E-05
  1547.5      7.96670E-05
  1552.5      7.91680E-05
  1557.5      7.86610E-05
  1562.5      7.82030E-05
  1567.5      7.76800E-05
  1572.5      7.71890E-05
  1577.5      7.67840E-05
  1582.5      7.62950E-05
  1587.5      7.56830E-05
  1592.5      7.53260E-05
  1597.5      7.49670E-05
  1605.0      7.41980E-05
  1615.0      7.31860E-05
  1625.0      7.26770E-05
  1635.0      7.15040E-05
  1645.0      7.04440E-05
  1655.0      7.01790E-05
  1665.0      6.93780E-05
  1675.0      6.81150E-05
  1685.0      6.70090E-05
  1695.0      6.69920E-05
  1705.0      6.60750E-05
  1715.0      6.55160E-05
  1725.0      6.46950E-05
  1735.0      6.28980E-05
  1745.0      6.31030E-05
  1755.0      6.26520E-05
  1765.0      6.19660E-05
  1775.0      6.12910E-05
  1785.0      6.06270E-05
  1795.0      5.99730E-05
  1805.0      5.92860E-05
  1815.0      5.75350E-05
  1825.0      5.77070E-05
  1835.0      5.74620E-05
  1845.0      5.68590E-05
  1855.0      5.62630E-05
  1865.0      5.51470E-05
  1875.0      5.37640E-05
  1885.0      5.44860E-05
  1895.0      5.39840E-05
  1905.0      5.33440E-05
  1915.0      5.28900E-05
  1925.0      5.23610E-05
  1935.0      5.17120E-05
  1945.0      5.00440E-05
  1955.0      5.06570E-05
  1965.0      5.03080E-05
  1975.0      4.98140E-05
  1985.0      4.93270E-05
  1995.0      4.88480E-05
  2005.0      4.83750E-05
  2015.0      4.79080E-05
  2025.0      4.74490E-05
  2035.0      4.69960E-05
  2045.0      4.65450E-05
  2055.0      4.60840E-05
  2065.0      4.56760E-05
  2075.0      4.52480E-05
  2085.0      4.48260E-05
  2095.0      4.44100E-05
  2105.0      4.40000E-05
  2115.0      4.35380E-05
  2125.0      4.31970E-05
  2135.0      4.28030E-05
  2145.0      4.24110E-05
  2155.0      4.19490E-05
  2165.0      4.05860E-05
  2175.0      4.11200E-05
  2185.0      4.09040E-05
  2195.0      4.05510E-05
  2205.0      4.01940E-05
  2215.0      3.98400E-05
  2225.0      3.94910E-05
  2235.0      3.91480E-05
  2245.0      3.88080E-05
  2255.0      3.84730E-05
  2265.0      3.81420E-05
  2275.0      3.78160E-05
  2285.0      3.75400E-05
  2295.0      3.72210E-05
  2305.0      3.69020E-05
  2315.0      3.65950E-05
  2325.0      3.62880E-05
  2335.0      3.59850E-05
  2345.0      3.56860E-05
  2355.0      3.53900E-05
  2365.0      3.50980E-05
  2375.0      3.48100E-05
  2385.0      3.45250E-05
  2395.0      3.42440E-05
  2405.0      3.39660E-05
  2415.0      3.36910E-05
  2425.0      3.34200E-05
  2435.0      3.31520E-05
  2445.0      3.28870E-05
  2455.0      3.26260E-05
  2465.0      3.23670E-05
  2475.0      3.20900E-05
  2485.0      3.18590E-05
  2495.0      3.16100E-05
  2505.0      3.13630E-05
  2515.0      3.11190E-05
  2525.0      3.08780E-05
  2535.0      3.06400E-05
  2545.0      3.04050E-05
  2555.0      3.01720E-05
  2565.0      2.99400E-05
  2575.0      2.97150E-05
  2585.0      2.94910E-05
  2595.0      2.92680E-05
  2605.0      2.90070E-05
  2615.0      2.86690E-05
  2625.0      2.78840E-05
  2635.0      2.82760E-05
  2645.0      2.81940E-05
  2655.0      2.79760E-05
  2665.0      2.77530E-05
  2675.0      2.74660E-05
  2685.0      2.73470E-05
  2695.0      2.71770E-05
  2705.0      2.69810E-05
  2715.0      2.67870E-05
  2725.0      2.65940E-05
  2735.0      2.64040E-05
  2745.0      2.61980E-05
  2755.0      2.58710E-05
  2765.0      2.57450E-05
  2775.0      2.56620E-05
  2785.0      2.54820E-05
  2795.0      2.53030E-05
  2805.0      2.51270E-05
  2815.0      2.49520E-05
  2825.0      2.47790E-05
  2835.0      2.46070E-05
  2845.0      2.44380E-05
  2855.0      2.42650E-05
  2865.0      2.40010E-05
  2875.0      2.37030E-05
  2885.0      2.37370E-05
  2895.0      2.36160E-05
  2905.0      2.34570E-05
  2915.0      2.32990E-05
  2925.0      2.31430E-05
  2935.0      2.29880E-05
  2945.0      2.28350E-05
  2955.0      2.26840E-05
  2965.0      2.25340E-05
  2975.0      2.23850E-05
  2985.0      2.22380E-05
  2995.0      2.20920E-05
  3005.0      2.19480E-05
  3015.0      2.18050E-05
  3025.0      2.16370E-05
  3035.0      2.12860E-05
  3045.0      2.12160E-05
  3055.0      2.12340E-05
  3065.0      2.11120E-05
  3075.0      2.09770E-05
  3085.0      2.08440E-05
  3095.0      2.07110E-05
  3105.0      2.05800E-05
  3115.0      2.04510E-05
  3125.0      2.03220E-05
  3135.0      2.01950E-05
  3145.0      2.00690E-05
  3155.0      1.99440E-05
  3165.0      1.98200E-05
  3175.0      1.96970E-05
  3185.0      1.95760E-05
  3195.0      1.94560E-05
  3210.0      1.92770E-05
  3230.0      1.90430E-05
  3250.0      1.88130E-05
  3270.0      1.85870E-05
  3290.0      1.81610E-05
  3310.0      1.80860E-05
  3330.0      1.79410E-05
  3350.0      1.77320E-05
  3370.0      1.75250E-05
  3390.0      1.73220E-05
  3410.0      1.71230E-05
  3430.0      1.69270E-05
  3450.0      1.67340E-05
  3470.0      1.65440E-05
  3490.0      1.63580E-05
  3510.0      1.61750E-05
  3530.0      1.59940E-05
  3550.0      1.58170E-05
  3570.0      1.56430E-05
  3590.0      1.54720E-05
  3610.0      1.53030E-05
  3630.0      1.51370E-05
  3650.0      1.49740E-05
  3670.0      1.48130E-05
  3690.0      1.46550E-05
  3710.0      1.44930E-05
  3730.0      1.42460E-05
  3750.0      1.40670E-05
  3770.0      1.40480E-05
  3790.0      1.39020E-05
  3810.0      1.37580E-05
  3830.0      1.36170E-05
  3850.0      1.34780E-05
  3870.0      1.33410E-05
  3890.0      1.32050E-05
  3910.0      1.30720E-05
  3930.0      1.29410E-05
  3950.0      1.28120E-05
  3970.0      1.26850E-05
  3990.0      1.25600E-05
  4010.0      1.24340E-05
  4030.0      1.22980E-05
  4050.0      1.20400E-05
  4070.0      1.20720E-05
  4090.0      1.19600E-05
  4110.0      1.18450E-05
  4130.0      1.17300E-05
  4150.0      1.16200E-05
  4170.0      1.14860E-05
  4190.0      1.14020E-05
  4210.0      1.12950E-05
  4230.0      1.11900E-05
  4250.0      1.10850E-05
  4270.0      1.09840E-05
  4290.0      1.08790E-05
  4310.0      1.07830E-05
  4330.0      1.06850E-05
  4350.0      1.05880E-05
  4370.0      1.04540E-05
  4390.0      1.03830E-05
  4410.0      1.03040E-05
  4430.0      1.02130E-05
  4450.0      1.01220E-05
  4470.0      1.00350E-05
  4490.0      9.94690E-06
  4510.0      9.85970E-06
  4530.0      9.77370E-06
  4550.0      9.68880E-06
  4570.0      9.60510E-06
  4590.0      9.52230E-06
  4610.0      9.43990E-06
  4630.0      9.35420E-06
  4650.0      9.13750E-06
  4670.0      9.12590E-06
  4690.0      9.10710E-06
  4710.0      9.04770E-06
  4730.0      8.97210E-06
  4750.0      8.89740E-06
  4770.0      8.82360E-06
  4790.0      8.75080E-06
  4810.0      8.67880E-06
  4830.0      8.60770E-06
  4850.0      8.53750E-06
  4870.0      8.46810E-06
  4890.0      8.39960E-06
  4910.0      8.33190E-06
  4930.0      8.26500E-06
  4950.0      8.19890E-06
  4970.0      8.13350E-06
  4990.0      8.06900E-06
  5010.0      8.00520E-06
  5030.0      7.94220E-06
  5050.0      7.87990E-06
  5070.0      7.81830E-06
  5090.0      7.75740E-06
  5110.0      7.68600E-06
  5130.0      7.56760E-06
  5150.0      7.57190E-06
  5170.0      7.52100E-06
  5190.0      7.46370E-06
  5210.0      7.40690E-06
  5230.0      7.35080E-06
  5250.0      7.29530E-06
  5270.0      7.24050E-06
  5290.0      7.18620E-06
  5310.0      7.13260E-06
  5330.0      7.07960E-06
  5350.0      7.02710E-06
  5370.0      6.97520E-06
  5390.0      6.92390E-06
  5410.0      6.87320E-06
  5430.0      6.82300E-06
  5450.0      6.77340E-06
  5470.0      6.72430E-06
  5490.0      6.67570E-06
  5510.0      6.62760E-06
  5530.0      6.58010E-06
  5550.0      6.53310E-06
  5570.0      6.48660E-06
  5590.0      6.44050E-06
  5610.0      6.39500E-06
  5630.0      6.34990E-06
  5650.0      6.30540E-06
  5670.0      6.26120E-06
  5690.0      6.21750E-06
  5710.0      6.17430E-06
  5730.0      6.13160E-06
  5750.0      6.08930E-06
  5770.0      6.04740E-06
  5790.0      6.00600E-06
  5810.0      5.96500E-06
  5830.0      5.92430E-06
  5850.0      5.88500E-06
  5870.0      5.84510E-06
  5890.0      5.79370E-06
  5910.0      5.69590E-06
  5930.0      5.72040E-06
  5950.0      5.68630E-06
  5970.0      5.65200E-06
  5990.0      5.61460E-06
  6010.0      5.57750E-06
  6030.0      5.54080E-06
  6050.0      5.50440E-06
  6070.0      5.46840E-06
  6090.0      5.43280E-06
  6110.0      5.39740E-06
  6130.0      5.36250E-06
  6150.0      5.32780E-06
  6170.0      5.29350E-06
  6190.0      5.25960E-06
  6210.0      5.22590E-06
  6230.0      5.19260E-06
  6250.0      5.15950E-06
  6270.0      5.12680E-06
  6290.0      5.08240E-06
  6310.0      5.06220E-06
  6330.0      5.03060E-06
  6350.0      4.99910E-06
  6370.0      4.96790E-06
  6390.0      4.93700E-06
  6420.0      4.89120E-06
  6460.0      4.83110E-06
  6500.0      4.77210E-06
  6540.0      4.71420E-06
  6580.0      4.65730E-06
  6620.0      4.60140E-06
  6660.0      4.54650E-06
  6700.0      4.49260E-06
  6740.0      4.43880E-06
  6780.0      4.37530E-06
  6820.0      4.33650E-06
  6860.0      4.28630E-06
  6900.0      4.23700E-06
  6940.0      4.18840E-06
  6980.0      4.14070E-06
  7020.0      4.09390E-06
  7060.0      4.04780E-06
  7100.0      4.00250E-06
  7140.0      3.95790E-06
  7180.0      3.91410E-06
  7220.0      3.87090E-06
  7260.0      3.82850E-06
  7300.0      3.78680E-06
  7340.0      3.74580E-06
  7380.0      3.70540E-06
  7420.0      3.66360E-06
  7460.0      3.58700E-06
  7500.0      3.54470E-06
  7540.0      3.54590E-06
  7580.0      3.51300E-06
  7620.0      3.47640E-06
  7660.0      3.44030E-06
  7700.0      3.40470E-06
  7740.0      3.36970E-06
  7780.0      3.33520E-06
  7820.0      3.30130E-06
  7860.0      3.26780E-06
  7900.0      3.23490E-06
  7940.0      3.20250E-06
  7980.0      3.17050E-06
  8020.0      3.13910E-06
  8060.0      3.10800E-06
  8100.0      3.07750E-06
  8140.0      3.04730E-06
  8180.0      3.01770E-06
  8220.0      2.98850E-06
  8260.0      2.95960E-06
  8300.0      2.93120E-06
  8340.0      2.90320E-06
  8380.0      2.87560E-06
  8420.0      2.84840E-06
  8460.0      2.82160E-06
  8500.0      2.79510E-06
  8540.0      2.76910E-06
  8580.0      2.74330E-06
  8620.0      2.71790E-06
  8660.0      2.69290E-06
  8700.0      2.66820E-06
  8740.0      2.63370E-06
  8780.0      2.60970E-06
  8820.0      2.59620E-06
  8860.0      2.57290E-06
  8900.0      2.54980E-06
  8940.0      2.52710E-06
  8980.0      2.50470E-06
  9020.0      2.48250E-06
  9060.0      2.46070E-06
  9100.0      2.43910E-06
  9140.0      2.41780E-06
  9180.0      2.39680E-06
  9220.0      2.37610E-06
  9260.0      2.35560E-06
  9300.0      2.33540E-06
  9340.0      2.31540E-06
  9380.0      2.29260E-06
  9420.0      2.27580E-06
  9460.0      2.25710E-06
  9500.0      2.23810E-06
  9540.0      2.21940E-06
  9580.0      2.20090E-06
  9620.0      2.18270E-06
  9660.0      2.16460E-06
  9700.0      2.14680E-06
  9740.0      2.12920E-06
  9780.0      2.11180E-06
  9820.0      2.09470E-06
  9860.0      2.07770E-06
  9900.0      2.06100E-06
  9940.0      2.04440E-06
  9980.0      2.02800E-06
  10020.      2.01190E-06
  20000.      5.02950E-07
  40000.      1.24820E-07
  60000.      5.52610E-08
  80000.      3.10100E-08
 1.00000E+05  1.98140E-08
 1.20000E+05  1.37440E-08
 1.40000E+05  1.00880E-08
 1.60000E+05  7.71800E-09
