 Castelli and Kurucz 2004-2012 Atmosphere
 T     35000.     G    4.00000 [-4.0a] N(He)/Ntot=0.089 VTURB=2.0  L/H=1.25 NOV
 Wavelength  Eddington Hnu
   (nm)    (ergs/s/cm2/Hz/sr)
  9.0900      1.39740E-25
  9.3500      7.08900E-25
  9.6100      3.29140E-24
  9.7700      8.12570E-24
  9.9600      2.28800E-23
  10.200      8.00260E-23
  10.380      1.96950E-22
  10.560      4.69910E-22
  10.770      1.24880E-21
  11.040      4.14910E-21
  11.400      1.88100E-20
  11.780      8.37390E-20
  12.130      3.04520E-19
  12.480      1.02830E-18
  12.710      2.20430E-18
  12.840      3.34960E-18
  13.050      6.46650E-18
  13.240      1.15140E-17
  13.390      1.79420E-17
  13.660      3.88680E-17
  13.980      9.33630E-17
  14.330      2.32520E-16
  14.720      6.09550E-16
  15.100      1.48370E-15
  15.520      3.76280E-15
  15.880      8.02230E-15
  16.200      1.52690E-14
  16.600      3.29140E-14
  17.030      7.20740E-14
  17.340      1.23660E-13
  17.680      2.18520E-13
  18.020      3.77550E-13
  18.170      4.77300E-13
  18.610      9.27890E-13
  19.100      1.87320E-12
  19.390      2.78920E-12
  19.840      5.04940E-12
  20.180      7.76150E-12
  20.500      1.14730E-11
  21.050      2.18110E-11
  21.620      4.09210E-11
  21.980      5.98120E-11
  22.300      8.29000E-11
  22.680      1.20610E-10
  23.000      4.90660E-10
  23.400      1.84870E-09
  24.000      5.76830E-09
  24.650      2.45200E-08
  25.240      6.38460E-08
  25.680      3.64810E-08
  26.000      2.80780E-07
  26.400      6.23100E-07
  26.850      1.16810E-06
  27.350      1.79100E-06
  27.850      2.32110E-06
  28.400      2.89140E-06
  29.000      3.10730E-06
  29.600      1.78070E-06
  30.100      2.19770E-07
  30.800      1.05160E-06
  31.800      5.04370E-06
  32.800      6.87020E-06
  33.800      7.58540E-06
  34.800      8.61070E-06
  35.700      9.19010E-06
  36.600      9.97980E-06
  37.500      1.05580E-05
  38.500      1.15520E-05
  39.500      1.27970E-05
  40.500      1.41110E-05
  41.400      1.55120E-05
  42.200      1.68380E-05
  43.000      1.83890E-05
  44.100      2.08320E-05
  45.100      2.32670E-05
  46.000      2.56600E-05
  47.000      2.89080E-05
  48.000      3.23050E-05
  49.000      3.57360E-05
  50.000      4.01400E-05
  50.600      1.31590E-04
  51.200      2.50290E-04
  52.000      2.58490E-04
  53.000      2.73180E-04
  54.000      2.75420E-04
  55.000      2.89880E-04
  56.000      3.04160E-04
  57.000      3.15110E-04
  58.000      3.16990E-04
  59.000      3.35120E-04
  60.000      3.41560E-04
  61.000      3.51060E-04
  62.000      3.65520E-04
  63.000      3.75740E-04
  64.000      3.87340E-04
  65.000      3.96480E-04
  65.800      4.00780E-04
  66.500      4.11360E-04
  67.500      4.25260E-04
  68.500      4.30590E-04
  69.500      4.47060E-04
  70.500      4.50420E-04
  71.600      4.70130E-04
  72.600      4.81310E-04
  73.500      4.91430E-04
  74.500      5.01320E-04
  75.500      5.11440E-04
  76.500      5.20440E-04
  77.500      5.34790E-04
  78.500      5.44310E-04
  79.500      5.55690E-04
  80.500      5.66790E-04
  81.500      5.78440E-04
  82.500      5.90320E-04
  83.500      5.89120E-04
  84.500      6.11610E-04
  85.500      6.21700E-04
  86.500      6.33010E-04
  87.500      6.43480E-04
  88.500      6.53870E-04
  89.500      6.64130E-04
  90.500      6.71860E-04
  91.500      6.74760E-04
  92.500      1.52180E-03
  93.500      1.99730E-03
  94.500      2.48060E-03
  95.500      2.66070E-03
  96.500      2.92450E-03
  97.500      2.46390E-03
  98.500      2.92840E-03
  99.500      2.82340E-03
  100.50      2.93940E-03
  101.50      2.92910E-03
  102.50      2.45480E-03
  103.50      2.91250E-03
  104.50      2.91750E-03
  105.50      2.91080E-03
  106.50      2.89490E-03
  107.50      2.88810E-03
  108.50      2.78620E-03
  109.50      2.87940E-03
  110.50      2.87050E-03
  111.50      2.86040E-03
  112.50      2.82630E-03
  113.50      2.84280E-03
  114.50      2.83290E-03
  115.50      2.82140E-03
  116.50      2.81220E-03
  117.50      2.70720E-03
  118.50      2.79110E-03
  119.50      2.78040E-03
  120.50      2.76290E-03
  121.50      2.32010E-03
  122.50      2.73810E-03
  123.50      2.73370E-03
  124.50      2.72000E-03
  125.50      2.71420E-03
  126.50      2.70230E-03
  127.50      2.69040E-03
  128.50      2.67840E-03
  129.50      2.66600E-03
  130.50      2.65410E-03
  131.50      2.64210E-03
  132.50      2.62990E-03
  133.50      2.61770E-03
  134.50      2.60540E-03
  135.50      2.59290E-03
  136.50      2.58040E-03
  137.50      2.56720E-03
  138.50      2.55520E-03
  139.50      2.52360E-03
  140.50      2.51630E-03
  141.50      2.51720E-03
  142.50      2.50450E-03
  143.50      2.49210E-03
  144.20      2.48320E-03
  144.70      2.47700E-03
  145.50      2.46700E-03
  146.50      2.45460E-03
  147.50      2.44230E-03
  148.50      2.43000E-03
  149.50      2.41760E-03
  150.50      2.40540E-03
  151.20      2.39680E-03
  151.70      2.39070E-03
  152.50      2.38070E-03
  153.50      2.36800E-03
  154.50      2.32960E-03
  155.50      2.31870E-03
  156.50      2.33050E-03
  157.50      2.31840E-03
  158.50      2.30600E-03
  159.50      2.29370E-03
  160.50      2.28090E-03
  161.50      2.26880E-03
  162.50      2.25590E-03
  163.50      2.20650E-03
  164.50      2.11090E-03
  165.50      2.22040E-03
  166.50      2.20850E-03
  167.20      2.19990E-03
  167.70      2.19440E-03
  168.50      2.18480E-03
  169.50      2.17300E-03
  170.50      2.16120E-03
  171.50      2.14660E-03
  172.50      2.13720E-03
  173.50      2.12630E-03
  174.50      2.11460E-03
  175.50      2.10300E-03
  176.50      2.09170E-03
  177.50      2.08030E-03
  178.50      2.06900E-03
  179.50      2.05780E-03
  180.50      2.04650E-03
  181.50      2.03530E-03
  182.50      2.02410E-03
  183.50      2.01310E-03
  184.50      2.00210E-03
  185.50      1.99120E-03
  186.50      1.98040E-03
  187.50      1.96960E-03
  188.50      1.95900E-03
  189.50      1.94840E-03
  190.50      1.93780E-03
  191.50      1.92720E-03
  192.50      1.91670E-03
  193.50      1.90640E-03
  194.50      1.89600E-03
  195.50      1.88580E-03
  196.70      1.87360E-03
  197.60      1.86460E-03
  198.40      1.85660E-03
  199.50      1.84570E-03
  200.50      1.83580E-03
  201.50      1.82600E-03
  202.50      1.81620E-03
  203.50      1.80650E-03
  204.50      1.79670E-03
  205.50      1.46890E-03
  206.50      1.43980E-03
  207.40      1.48080E-03
  207.80      1.51920E-03
  208.50      1.62620E-03
  209.50      1.73980E-03
  210.50      1.74220E-03
  211.50      1.73770E-03
  212.50      1.72950E-03
  213.50      1.71820E-03
  214.50      1.71150E-03
  215.50      1.72270E-03
  216.50      1.68760E-03
  217.50      1.70970E-03
  218.50      1.66910E-03
  219.50      1.69050E-03
  220.50      1.68200E-03
  221.50      1.64200E-03
  222.50      1.66390E-03
  223.50      1.65490E-03
  224.50      1.64600E-03
  225.50      1.60750E-03
  226.50      1.62830E-03
  227.50      1.61950E-03
  228.50      1.61080E-03
  229.50      1.59780E-03
  230.50      1.56580E-03
  231.50      1.58520E-03
  232.50      1.57680E-03
  233.50      1.56840E-03
  234.50      1.56020E-03
  235.50      1.55190E-03
  236.50      1.54380E-03
  237.50      1.53570E-03
  238.50      1.50170E-03
  239.50      1.51970E-03
  240.50      1.51180E-03
  241.50      1.50400E-03
  242.50      1.49620E-03
  243.50      1.48850E-03
  244.50      1.48080E-03
  245.50      1.47300E-03
  246.50      1.46530E-03
  247.50      1.45770E-03
  248.50      1.45010E-03
  249.50      1.43000E-03
  250.50      1.43320E-03
  251.30      1.37040E-03
  251.80      1.42530E-03
  252.50      1.42030E-03
  253.50      1.41300E-03
  254.50      1.40580E-03
  255.50      1.39860E-03
  256.50      1.39150E-03
  257.50      1.38450E-03
  258.50      1.37740E-03
  259.50      1.37050E-03
  260.50      1.36500E-03
  261.50      1.35810E-03
  262.50      1.35120E-03
  263.50      1.34410E-03
  264.50      1.33730E-03
  265.50      1.33030E-03
  266.50      1.32330E-03
  267.50      1.31630E-03
  268.50      1.31110E-03
  269.50      1.30270E-03
  270.50      1.29810E-03
  271.50      1.29160E-03
  272.50      1.28270E-03
  273.50      1.25650E-03
  274.50      1.27260E-03
  275.50      1.26630E-03
  276.50      1.25700E-03
  277.50      1.25390E-03
  278.50      1.24780E-03
  279.50      1.24160E-03
  280.50      1.23550E-03
  281.50      1.22950E-03
  282.50      1.21990E-03
  283.50      1.21650E-03
  284.50      1.21160E-03
  285.50      1.20580E-03
  286.50      1.19990E-03
  287.50      1.19420E-03
  288.50      1.18840E-03
  289.50      1.18270E-03
  291.00      1.17430E-03
  293.00      1.16310E-03
  295.00      1.14930E-03
  297.00      1.14120E-03
  299.00      1.13040E-03
  301.00      1.11980E-03
  303.00      1.10940E-03
  305.00      1.09910E-03
  307.00      1.08900E-03
  309.00      1.07890E-03
  311.00      1.06900E-03
  313.00      1.05940E-03
  315.00      1.04980E-03
  317.00      1.04020E-03
  319.00      1.02680E-03
  321.00      1.01140E-03
  323.00      1.01200E-03
  325.00      1.00280E-03
  327.00      9.94120E-04
  329.00      9.84910E-04
  331.00      9.76570E-04
  333.00      9.67970E-04
  335.00      9.58950E-04
  337.00      9.51110E-04
  339.00      9.42850E-04
  341.00      9.34680E-04
  343.00      9.25650E-04
  345.00      9.16530E-04
  347.00      9.09630E-04
  349.00      9.02360E-04
  351.00      8.94970E-04
  353.00      8.87150E-04
  355.00      8.79470E-04
  357.00      8.73840E-04
  359.00      8.64160E-04
  361.00      8.57880E-04
  363.00      8.49620E-04
  364.00      8.39720E-04
  365.00      7.96560E-04
  367.00      7.91350E-04
  369.00      7.86650E-04
  371.00      7.83090E-04
  373.00      7.79730E-04
  375.00      7.94160E-04
  377.00      7.97350E-04
  379.00      8.08300E-04
  381.00      8.22610E-04
  383.00      7.77740E-04
  385.00      8.23860E-04
  387.00      8.23940E-04
  389.00      7.59570E-04
  391.00      8.14920E-04
  393.00      8.04170E-04
  395.00      8.03180E-04
  397.00      7.33850E-04
  399.00      7.89490E-04
  401.00      7.84030E-04
  403.00      7.64510E-04
  405.00      7.73720E-04
  407.00      7.67630E-04
  409.00      7.49350E-04
  411.00      7.05210E-04
  413.00      7.47350E-04
  415.00      7.41630E-04
  417.00      7.37910E-04
  419.00      7.31450E-04
  421.00      7.21440E-04
  423.00      7.21410E-04
  425.00      7.15930E-04
  427.00      7.10510E-04
  429.00      7.05150E-04
  431.00      6.99800E-04
  433.00      6.77970E-04
  435.00      6.49220E-04
  437.00      6.83890E-04
  439.00      6.74570E-04
  441.00      6.74240E-04
  443.00      6.68690E-04
  445.00      6.64330E-04
  447.00      6.50870E-04
  449.00      6.54640E-04
  451.00      6.49860E-04
  453.00      6.44970E-04
  455.00      6.34700E-04
  457.00      6.35850E-04
  459.00      6.31280E-04
  461.00      6.26760E-04
  463.00      6.22280E-04
  465.00      6.17850E-04
  467.00      6.13350E-04
  469.00      5.95560E-04
  471.00      6.02120E-04
  473.00      6.00610E-04
  475.00      5.96400E-04
  477.00      5.92240E-04
  479.00      5.88120E-04
  481.00      5.84040E-04
  483.00      5.79900E-04
  485.00      5.65510E-04
  487.00      5.35320E-04
  489.00      5.67560E-04
  491.00      5.64270E-04
  493.00      5.55940E-04
  495.00      5.56630E-04
  497.00      5.52870E-04
  499.00      5.49140E-04
  501.00      5.42890E-04
  503.00      5.41800E-04
  505.00      5.37260E-04
  507.00      5.34600E-04
  509.00      5.31050E-04
  511.00      5.27530E-04
  513.00      5.24050E-04
  515.00      5.20600E-04
  517.00      5.17190E-04
  519.00      5.13800E-04
  521.00      5.10460E-04
  523.00      5.07140E-04
  525.00      5.03860E-04
  527.00      5.00610E-04
  529.00      4.97390E-04
  531.00      4.94200E-04
  533.00      4.91030E-04
  535.00      4.87900E-04
  537.00      4.84790E-04
  539.00      4.81710E-04
  541.00      4.74090E-04
  543.00      4.75650E-04
  545.00      4.72660E-04
  547.00      4.69700E-04
  549.00      4.66770E-04
  551.00      4.63860E-04
  553.00      4.60980E-04
  555.00      4.58130E-04
  557.00      4.55310E-04
  559.00      4.52510E-04
  561.00      4.49730E-04
  563.00      4.46980E-04
  565.00      4.44260E-04
  567.00      4.41560E-04
  569.00      4.36330E-04
  571.00      4.22200E-04
  573.00      4.19790E-04
  575.00      4.17400E-04
  577.00      4.15050E-04
  579.00      4.12830E-04
  581.00      4.10940E-04
  583.00      4.09300E-04
  585.00      4.08010E-04
  587.00      4.01910E-04
  589.00      4.05560E-04
  591.00      4.04620E-04
  593.00      4.03740E-04
  595.00      4.03000E-04
  597.00      4.02120E-04
  599.00      4.01120E-04
  601.00      3.99460E-04
  603.00      3.97140E-04
  605.00      3.94850E-04
  607.00      3.92570E-04
  609.00      3.90320E-04
  611.00      3.88010E-04
  613.00      3.85800E-04
  615.00      3.83680E-04
  617.00      3.81130E-04
  619.00      3.79340E-04
  621.00      3.77210E-04
  623.00      3.74520E-04
  625.00      3.72970E-04
  627.00      3.70890E-04
  629.00      3.68810E-04
  631.00      3.66030E-04
  633.00      3.64710E-04
  635.00      3.62690E-04
  637.00      3.60690E-04
  639.00      3.58690E-04
  641.00      3.55750E-04
  643.00      3.54760E-04
  645.00      3.52820E-04
  647.00      3.50900E-04
  649.00      3.48990E-04
  651.00      3.47090E-04
  653.00      3.43590E-04
  655.00      3.39740E-04
  657.00      3.19950E-04
  659.00      3.39180E-04
  661.00      3.37850E-04
  663.00      3.36040E-04
  665.00      3.34310E-04
  667.00      3.31040E-04
  669.00      3.27790E-04
  671.00      3.29020E-04
  673.00      3.27290E-04
  675.00      3.25560E-04
  677.00      3.23850E-04
  679.00      3.22160E-04
  681.00      3.20470E-04
  683.00      3.18800E-04
  685.00      3.17140E-04
  687.00      3.15500E-04
  689.00      3.12380E-04
  691.00      3.12250E-04
  693.00      3.10650E-04
  695.00      3.09050E-04
  697.00      3.07470E-04
  699.00      3.05900E-04
  701.00      3.04350E-04
  703.00      3.02800E-04
  705.00      3.01260E-04
  707.00      2.97450E-04
  709.00      2.98230E-04
  711.00      2.96730E-04
  713.00      2.95240E-04
  715.00      2.93760E-04
  717.00      2.91190E-04
  719.00      2.90370E-04
  721.00      2.89390E-04
  723.00      2.87960E-04
  725.00      2.86530E-04
  727.00      2.85120E-04
  729.00      2.82610E-04
  731.00      2.82310E-04
  733.00      2.80940E-04
  735.00      2.79570E-04
  737.00      2.78200E-04
  739.00      2.76850E-04
  741.00      2.75510E-04
  743.00      2.74170E-04
  745.00      2.72860E-04
  747.00      2.71540E-04
  749.00      2.70240E-04
  751.00      2.68920E-04
  753.00      2.67660E-04
  755.00      2.66380E-04
  757.00      2.65110E-04
  759.00      2.62310E-04
  761.00      2.62590E-04
  763.00      2.61350E-04
  765.00      2.60120E-04
  767.00      2.58890E-04
  769.00      2.57680E-04
  771.00      2.56470E-04
  773.00      2.55270E-04
  775.00      2.54070E-04
  777.00      2.52890E-04
  779.00      2.51720E-04
  781.00      2.50510E-04
  783.00      2.49390E-04
  785.00      2.48320E-04
  787.00      2.47180E-04
  789.00      2.46040E-04
  791.00      2.44920E-04
  793.00      2.43800E-04
  795.00      2.42680E-04
  797.00      2.41540E-04
  799.00      2.40480E-04
  801.00      2.39390E-04
  803.00      2.38310E-04
  805.00      2.37230E-04
  807.00      2.36160E-04
  809.00      2.35000E-04
  811.00      2.33950E-04
  813.00      2.33000E-04
  815.00      2.31800E-04
  817.00      2.30930E-04
  819.00      2.29410E-04
  821.00      2.24860E-04
  823.00      2.23190E-04
  825.00      2.23010E-04
  827.00      2.21890E-04
  829.00      2.21200E-04
  831.00      2.20270E-04
  833.00      2.19310E-04
  835.00      2.18070E-04
  837.00      2.17380E-04
  839.00      2.16560E-04
  841.00      2.15730E-04
  843.00      2.14820E-04
  845.00      2.13580E-04
  847.00      2.13150E-04
  849.00      2.12290E-04
  851.00      2.11420E-04
  853.00      2.10810E-04
  855.00      2.09210E-04
  857.00      2.10060E-04
  859.00      2.07070E-04
  861.00      2.06780E-04
  863.00      2.08440E-04
  865.00      2.06290E-04
  867.00      2.01490E-04
  869.00      2.06410E-04
  871.00      2.06600E-04
  873.00      2.04310E-04
  875.00      1.95920E-04
  877.00      2.01810E-04
  879.00      2.04140E-04
  881.00      2.03560E-04
  883.00      2.02570E-04
  885.00      1.97090E-04
  887.00      1.89940E-04
  889.00      1.99300E-04
  891.00      1.99680E-04
  893.00      1.98920E-04
  895.00      1.98420E-04
  897.00      1.97470E-04
  899.00      1.94950E-04
  901.00      1.84460E-04
  903.00      1.88920E-04
  905.00      1.93620E-04
  907.00      1.92710E-04
  909.00      1.92580E-04
  911.00      1.91970E-04
  913.00      1.91290E-04
  915.00      1.90520E-04
  917.00      1.89560E-04
  919.00      1.88630E-04
  921.00      1.84930E-04
  923.00      1.73780E-04
  925.00      1.83650E-04
  927.00      1.85530E-04
  929.00      1.85230E-04
  931.00      1.84210E-04
  933.00      1.83760E-04
  935.00      1.81310E-04
  937.00      1.82140E-04
  939.00      1.81590E-04
  941.00      1.80870E-04
  943.00      1.80160E-04
  945.00      1.79450E-04
  947.00      1.78350E-04
  949.00      1.78050E-04
  951.00      1.76210E-04
  953.00      1.72790E-04
  955.00      1.62870E-04
  957.00      1.73230E-04
  959.00      1.74330E-04
  961.00      1.73760E-04
  963.00      1.72940E-04
  965.00      1.72600E-04
  967.00      1.71940E-04
  969.00      1.71230E-04
  971.00      1.70450E-04
  973.00      1.69970E-04
  975.00      1.69320E-04
  977.00      1.68390E-04
  979.00      1.68040E-04
  981.00      1.67400E-04
  983.00      1.66770E-04
  985.00      1.66140E-04
  987.00      1.65510E-04
  989.00      1.64890E-04
  991.00      1.64270E-04
  993.00      1.63650E-04
  995.00      1.63040E-04
  997.00      1.62430E-04
  999.00      1.61820E-04
  1002.5      1.57690E-04
  1007.5      1.55080E-04
  1012.5      1.56470E-04
  1017.5      1.56370E-04
  1022.5      1.54920E-04
  1027.5      1.53540E-04
  1032.5      1.51870E-04
  1037.5      1.50780E-04
  1042.5      1.49240E-04
  1047.5      1.48100E-04
  1052.5      1.46780E-04
  1057.5      1.45480E-04
  1062.5      1.44200E-04
  1067.5      1.42840E-04
  1072.5      1.41690E-04
  1077.5      1.40460E-04
  1082.5      1.38550E-04
  1087.5      1.37990E-04
  1092.5      1.31520E-04
  1097.5      1.34550E-04
  1102.5      1.34260E-04
  1107.5      1.33380E-04
  1112.5      1.32270E-04
  1117.5      1.31180E-04
  1122.5      1.30050E-04
  1127.5      1.28990E-04
  1132.5      1.27920E-04
  1137.5      1.26870E-04
  1142.5      1.25820E-04
  1147.5      1.24790E-04
  1152.5      1.23770E-04
  1157.5      1.22760E-04
  1162.5      1.21300E-04
  1167.5      1.20560E-04
  1172.5      1.19820E-04
  1177.5      1.18860E-04
  1182.5      1.17910E-04
  1187.5      1.16970E-04
  1192.5      1.16050E-04
  1197.5      1.14660E-04
  1202.5      1.14230E-04
  1207.5      1.13340E-04
  1212.5      1.12450E-04
  1217.5      1.11580E-04
  1222.5      1.10720E-04
  1227.5      1.09870E-04
  1232.5      1.09020E-04
  1237.5      1.08190E-04
  1242.5      1.07370E-04
  1247.5      1.06550E-04
  1252.5      1.05660E-04
  1257.5      1.04950E-04
  1262.5      1.04170E-04
  1267.5      1.03390E-04
  1272.5      1.02620E-04
  1277.5      1.01090E-04
  1282.5      9.72290E-05
  1287.5      1.00180E-04
  1292.5      9.96240E-05
  1297.5      9.86260E-05
  1302.5      9.81770E-05
  1307.5      9.74640E-05
  1312.5      9.67600E-05
  1317.5      9.60630E-05
  1322.5      9.53740E-05
  1327.5      9.46920E-05
  1332.5      9.40170E-05
  1337.5      9.33490E-05
  1342.5      9.26570E-05
  1347.5      9.20350E-05
  1352.5      9.13880E-05
  1357.5      9.07480E-05
  1362.5      9.01150E-05
  1367.5      8.94880E-05
  1372.5      8.88680E-05
  1377.5      8.82540E-05
  1382.5      8.76470E-05
  1387.5      8.70450E-05
  1392.5      8.64500E-05
  1397.5      8.58610E-05
  1402.5      8.52780E-05
  1407.5      8.47010E-05
  1412.5      8.41290E-05
  1417.5      8.35640E-05
  1422.5      8.30040E-05
  1427.5      8.24490E-05
  1432.5      8.19010E-05
  1437.5      8.13570E-05
  1442.5      8.08190E-05
  1447.5      8.02870E-05
  1452.5      7.97590E-05
  1457.0      7.92890E-05
  1462.0      7.87790E-05
  1467.5      7.82180E-05
  1472.5      7.77080E-05
  1477.5      7.69880E-05
  1482.5      7.67170E-05
  1487.5      7.62280E-05
  1492.5      7.57420E-05
  1497.5      7.52600E-05
  1502.5      7.47830E-05
  1507.5      7.42510E-05
  1512.5      7.38390E-05
  1517.5      7.33720E-05
  1522.5      7.29130E-05
  1527.5      7.24480E-05
  1532.5      7.19870E-05
  1537.5      7.15490E-05
  1542.5      7.10640E-05
  1547.5      7.06600E-05
  1552.5      7.02120E-05
  1557.5      6.96900E-05
  1562.5      6.94220E-05
  1567.5      6.88530E-05
  1572.5      6.83420E-05
  1577.5      6.81950E-05
  1582.5      6.77570E-05
  1587.5      6.68220E-05
  1592.5      6.68290E-05
  1597.5      6.66810E-05
  1605.0      6.59220E-05
  1615.0      6.47640E-05
  1625.0      6.45930E-05
  1635.0      6.35560E-05
  1645.0      6.23340E-05
  1655.0      6.23570E-05
  1665.0      6.16380E-05
  1675.0      6.06120E-05
  1685.0      5.93890E-05
  1695.0      5.95500E-05
  1705.0      5.87390E-05
  1715.0      5.82190E-05
  1725.0      5.75680E-05
  1735.0      5.58240E-05
  1745.0      5.62150E-05
  1755.0      5.56840E-05
  1765.0      5.50770E-05
  1775.0      5.44790E-05
  1785.0      5.38910E-05
  1795.0      5.33120E-05
  1805.0      5.27410E-05
  1815.0      5.11810E-05
  1825.0      5.14610E-05
  1835.0      5.10870E-05
  1845.0      5.05530E-05
  1855.0      5.00220E-05
  1865.0      4.91780E-05
  1875.0      4.80240E-05
  1885.0      4.84930E-05
  1895.0      4.80030E-05
  1905.0      4.74380E-05
  1915.0      4.70360E-05
  1925.0      4.65640E-05
  1935.0      4.60670E-05
  1945.0      4.46250E-05
  1955.0      4.51360E-05
  1965.0      4.47440E-05
  1975.0      4.43060E-05
  1985.0      4.38740E-05
  1995.0      4.34480E-05
  2005.0      4.30290E-05
  2015.0      4.26150E-05
  2025.0      4.22080E-05
  2035.0      4.18060E-05
  2045.0      4.14050E-05
  2055.0      4.09900E-05
  2065.0      4.06350E-05
  2075.0      4.02550E-05
  2085.0      3.98810E-05
  2095.0      3.95120E-05
  2105.0      3.91480E-05
  2115.0      3.87290E-05
  2125.0      3.84350E-05
  2135.0      3.80860E-05
  2145.0      3.77370E-05
  2155.0      3.73850E-05
  2165.0      3.62340E-05
  2175.0      3.66850E-05
  2185.0      3.64000E-05
  2195.0      3.60870E-05
  2205.0      3.57690E-05
  2215.0      3.54560E-05
  2225.0      3.51450E-05
  2235.0      3.48410E-05
  2245.0      3.45390E-05
  2255.0      3.42420E-05
  2265.0      3.39480E-05
  2275.0      3.36580E-05
  2285.0      3.34240E-05
  2295.0      3.31410E-05
  2305.0      3.28540E-05
  2315.0      3.25850E-05
  2325.0      3.23120E-05
  2335.0      3.20430E-05
  2345.0      3.17770E-05
  2355.0      3.15140E-05
  2365.0      3.12550E-05
  2375.0      3.09990E-05
  2385.0      3.07460E-05
  2395.0      3.04960E-05
  2405.0      3.02480E-05
  2415.0      3.00040E-05
  2425.0      2.97630E-05
  2435.0      2.95250E-05
  2445.0      2.92900E-05
  2455.0      2.90570E-05
  2465.0      2.88270E-05
  2475.0      2.85710E-05
  2485.0      2.83760E-05
  2495.0      2.81180E-05
  2505.0      2.79350E-05
  2515.0      2.77180E-05
  2525.0      2.74390E-05
  2535.0      2.72900E-05
  2545.0      2.70830E-05
  2555.0      2.68650E-05
  2565.0      2.65750E-05
  2575.0      2.64690E-05
  2585.0      2.62700E-05
  2595.0      2.60720E-05
  2605.0      2.58310E-05
  2615.0      2.54960E-05
  2625.0      2.49330E-05
  2635.0      2.52610E-05
  2645.0      2.51170E-05
  2655.0      2.49220E-05
  2665.0      2.47210E-05
  2675.0      2.43520E-05
  2685.0      2.43580E-05
  2695.0      2.42130E-05
  2705.0      2.40380E-05
  2715.0      2.38650E-05
  2725.0      2.36940E-05
  2735.0      2.35250E-05
  2745.0      2.33530E-05
  2755.0      2.29460E-05
  2765.0      2.29290E-05
  2775.0      2.28650E-05
  2785.0      2.27050E-05
  2795.0      2.25460E-05
  2805.0      2.23890E-05
  2815.0      2.22330E-05
  2825.0      2.20790E-05
  2835.0      2.19270E-05
  2845.0      2.17760E-05
  2855.0      2.16230E-05
  2865.0      2.14100E-05
  2875.0      2.10280E-05
  2885.0      2.11740E-05
  2895.0      2.10450E-05
  2905.0      2.09030E-05
  2915.0      2.07630E-05
  2925.0      2.06240E-05
  2935.0      2.04860E-05
  2945.0      2.03500E-05
  2955.0      2.02150E-05
  2965.0      2.00820E-05
  2975.0      1.99490E-05
  2985.0      1.98190E-05
  2995.0      1.96890E-05
  3005.0      1.95610E-05
  3015.0      1.94330E-05
  3025.0      1.93070E-05
  3035.0      1.89350E-05
  3045.0      1.89180E-05
  3055.0      1.89370E-05
  3065.0      1.88160E-05
  3075.0      1.86960E-05
  3085.0      1.85780E-05
  3095.0      1.84600E-05
  3105.0      1.83430E-05
  3115.0      1.82280E-05
  3125.0      1.81140E-05
  3135.0      1.80000E-05
  3145.0      1.78880E-05
  3155.0      1.77770E-05
  3165.0      1.76670E-05
  3175.0      1.75570E-05
  3185.0      1.74490E-05
  3195.0      1.73420E-05
  3210.0      1.71830E-05
  3230.0      1.69750E-05
  3250.0      1.67700E-05
  3270.0      1.65690E-05
  3290.0      1.61910E-05
  3310.0      1.61470E-05
  3330.0      1.59960E-05
  3350.0      1.58100E-05
  3370.0      1.56260E-05
  3390.0      1.54450E-05
  3410.0      1.52680E-05
  3430.0      1.50930E-05
  3450.0      1.49210E-05
  3470.0      1.47520E-05
  3490.0      1.45860E-05
  3510.0      1.44230E-05
  3530.0      1.42630E-05
  3550.0      1.41050E-05
  3570.0      1.39500E-05
  3590.0      1.37970E-05
  3610.0      1.36470E-05
  3630.0      1.34990E-05
  3650.0      1.33540E-05
  3670.0      1.32110E-05
  3690.0      1.30700E-05
  3710.0      1.29250E-05
  3730.0      1.27270E-05
  3750.0      1.25580E-05
  3770.0      1.25290E-05
  3790.0      1.23990E-05
  3810.0      1.22670E-05
  3830.0      1.21440E-05
  3850.0      1.20210E-05
  3870.0      1.18990E-05
  3890.0      1.17780E-05
  3910.0      1.16450E-05
  3930.0      1.15430E-05
  3950.0      1.14280E-05
  3970.0      1.13150E-05
  3990.0      1.12030E-05
  4010.0      1.10800E-05
  4030.0      1.09550E-05
  4050.0      1.07700E-05
  4070.0      1.07730E-05
  4090.0      1.06690E-05
  4110.0      1.05670E-05
  4130.0      1.04630E-05
  4150.0      1.03670E-05
  4170.0      1.02170E-05
  4190.0      1.01720E-05
  4210.0      1.00770E-05
  4230.0      9.98310E-06
  4250.0      9.88910E-06
  4270.0      9.79920E-06
  4290.0      9.70420E-06
  4310.0      9.62040E-06
  4330.0      9.53270E-06
  4350.0      9.44620E-06
  4370.0      9.30700E-06
  4390.0      9.26170E-06
  4410.0      9.19390E-06
  4430.0      9.11210E-06
  4450.0      9.03140E-06
  4470.0      8.95450E-06
  4490.0      8.87580E-06
  4510.0      8.79820E-06
  4530.0      8.72150E-06
  4550.0      8.64590E-06
  4570.0      8.57120E-06
  4590.0      8.49750E-06
  4610.0      8.42380E-06
  4630.0      8.35270E-06
  4650.0      8.17470E-06
  4670.0      8.13420E-06
  4690.0      8.13250E-06
  4710.0      8.07450E-06
  4730.0      8.00710E-06
  4750.0      7.94050E-06
  4770.0      7.87470E-06
  4790.0      7.80980E-06
  4810.0      7.74570E-06
  4830.0      7.68230E-06
  4850.0      7.61970E-06
  4870.0      7.55790E-06
  4890.0      7.49680E-06
  4910.0      7.43650E-06
  4930.0      7.37690E-06
  4950.0      7.31800E-06
  4970.0      7.25980E-06
  4990.0      7.20220E-06
  5010.0      7.14540E-06
  5030.0      7.08930E-06
  5050.0      7.03380E-06
  5070.0      6.97890E-06
  5090.0      6.92460E-06
  5110.0      6.86610E-06
  5130.0      6.74720E-06
  5150.0      6.76440E-06
  5170.0      6.71390E-06
  5190.0      6.66280E-06
  5210.0      6.61220E-06
  5230.0      6.56220E-06
  5250.0      6.51270E-06
  5270.0      6.46380E-06
  5290.0      6.41550E-06
  5310.0      6.36770E-06
  5330.0      6.32040E-06
  5350.0      6.27360E-06
  5370.0      6.22730E-06
  5390.0      6.18150E-06
  5410.0      6.13630E-06
  5430.0      6.09160E-06
  5450.0      6.04730E-06
  5470.0      6.00350E-06
  5490.0      5.96020E-06
  5510.0      5.91730E-06
  5530.0      5.87480E-06
  5550.0      5.83300E-06
  5570.0      5.79150E-06
  5590.0      5.75050E-06
  5610.0      5.70990E-06
  5630.0      5.66970E-06
  5650.0      5.62990E-06
  5670.0      5.59060E-06
  5690.0      5.55160E-06
  5710.0      5.50810E-06
  5730.0      5.47490E-06
  5750.0      5.43720E-06
  5770.0      5.39990E-06
  5790.0      5.36290E-06
  5810.0      5.32630E-06
  5830.0      5.29010E-06
  5850.0      5.25520E-06
  5870.0      5.21970E-06
  5890.0      5.17930E-06
  5910.0      5.08790E-06
  5930.0      5.11330E-06
  5950.0      5.06910E-06
  5970.0      5.04370E-06
  5990.0      5.01400E-06
  6010.0      4.98090E-06
  6030.0      4.94820E-06
  6050.0      4.91570E-06
  6070.0      4.88360E-06
  6090.0      4.85180E-06
  6110.0      4.82030E-06
  6130.0      4.78910E-06
  6150.0      4.75820E-06
  6170.0      4.72760E-06
  6190.0      4.69730E-06
  6210.0      4.66730E-06
  6230.0      4.63760E-06
  6250.0      4.60810E-06
  6270.0      4.57880E-06
  6290.0      4.52730E-06
  6310.0      4.51860E-06
  6330.0      4.49310E-06
  6350.0      4.46500E-06
  6370.0      4.43720E-06
  6390.0      4.40960E-06
  6420.0      4.36870E-06
  6460.0      4.31510E-06
  6500.0      4.26250E-06
  6540.0      4.21080E-06
  6580.0      4.16000E-06
  6620.0      4.11020E-06
  6660.0      4.06130E-06
  6700.0      4.01320E-06
  6740.0      3.96520E-06
  6780.0      3.90400E-06
  6820.0      3.87390E-06
  6860.0      3.82910E-06
  6900.0      3.78500E-06
  6940.0      3.74170E-06
  6980.0      3.69920E-06
  7020.0      3.65730E-06
  7060.0      3.61620E-06
  7100.0      3.57580E-06
  7140.0      3.53600E-06
  7180.0      3.49690E-06
  7220.0      3.45840E-06
  7260.0      3.42060E-06
  7300.0      3.38340E-06
  7340.0      3.34680E-06
  7380.0      3.31070E-06
  7420.0      3.27370E-06
  7460.0      3.21540E-06
  7500.0      3.17030E-06
  7540.0      3.17070E-06
  7580.0      3.13900E-06
  7620.0      3.10630E-06
  7660.0      3.07410E-06
  7700.0      3.04230E-06
  7740.0      3.01110E-06
  7780.0      2.98020E-06
  7820.0      2.95000E-06
  7860.0      2.92020E-06
  7900.0      2.89080E-06
  7940.0      2.86180E-06
  7980.0      2.83330E-06
  8020.0      2.80520E-06
  8060.0      2.77750E-06
  8100.0      2.75030E-06
  8140.0      2.72220E-06
  8180.0      2.69690E-06
  8220.0      2.67080E-06
  8260.0      2.64510E-06
  8300.0      2.61970E-06
  8340.0      2.59480E-06
  8380.0      2.57010E-06
  8420.0      2.54580E-06
  8460.0      2.52190E-06
  8500.0      2.49830E-06
  8540.0      2.47500E-06
  8580.0      2.45200E-06
  8620.0      2.42930E-06
  8660.0      2.40330E-06
  8700.0      2.38500E-06
  8740.0      2.35500E-06
  8780.0      2.33350E-06
  8820.0      2.32070E-06
  8860.0      2.29980E-06
  8900.0      2.27920E-06
  8940.0      2.25890E-06
  8980.0      2.23890E-06
  9020.0      2.21910E-06
  9060.0      2.19960E-06
  9100.0      2.18040E-06
  9140.0      2.16140E-06
  9180.0      2.14260E-06
  9220.0      2.12410E-06
  9260.0      2.10580E-06
  9300.0      2.08780E-06
  9340.0      2.06990E-06
  9380.0      2.04610E-06
  9420.0      2.03400E-06
  9460.0      2.01780E-06
  9500.0      2.00090E-06
  9540.0      1.98420E-06
  9580.0      1.96770E-06
  9620.0      1.95140E-06
  9660.0      1.93530E-06
  9700.0      1.91940E-06
  9740.0      1.90360E-06
  9780.0      1.88810E-06
  9820.0      1.87280E-06
  9860.0      1.85760E-06
  9900.0      1.84270E-06
  9940.0      1.82790E-06
  9980.0      1.81330E-06
  10020.      1.79880E-06
  20000.      4.50200E-07
  40000.      1.11760E-07
  60000.      4.94640E-08
  80000.      2.77470E-08
 1.00000E+05  1.77230E-08
 1.20000E+05  1.22890E-08
 1.40000E+05  9.01710E-09
 1.60000E+05  6.89660E-09
