 Castelli and Kurucz 2004-2012 Atmosphere
 T     37000.     G    4.00000 [-4.0a] N(He)/Ntot=0.089 VTURB=2.0  L/H=1.25 NOV
 Wavelength  Eddington Hnu
   (nm)    (ergs/s/cm2/Hz/sr)
  9.0900      2.01260E-23
  9.3500      8.83640E-23
  9.6100      3.57850E-22
  9.7700      8.15250E-22
  9.9600      2.09290E-21
  10.200      6.54550E-21
  10.380      1.48660E-20
  10.560      3.28140E-20
  10.770      7.98820E-20
  11.040      2.38400E-19
  11.400      9.43360E-19
  11.780      3.67160E-18
  12.130      1.18840E-17
  12.480      3.59480E-17
  12.710      7.19080E-17
  12.840      1.05210E-16
  13.050      1.91360E-16
  13.240      3.23300E-16
  13.390      4.83830E-16
  13.660      9.76990E-16
  13.980      2.16680E-15
  14.330      4.96470E-15
  14.720      1.19190E-14
  15.100      2.67400E-14
  15.520      6.22690E-14
  15.880      1.23840E-13
  16.200      2.22180E-13
  16.600      4.46300E-13
  17.030      9.09150E-13
  17.340      1.48410E-12
  17.680      2.48830E-12
  18.020      4.08750E-12
  18.170      5.05660E-12
  18.610      9.24520E-12
  19.100      1.74880E-11
  19.390      2.50970E-11
  19.840      4.30000E-11
  20.180      6.35100E-11
  20.500      9.05360E-11
  21.050      1.62160E-10
  21.620      2.86930E-10
  21.980      4.04810E-10
  22.300      5.44280E-10
  22.680      7.64650E-10
  23.000      3.58180E-09
  23.400      1.20390E-08
  24.000      3.23560E-08
  24.650      2.23060E-07
  25.240      7.94410E-07
  25.680      3.97330E-07
  26.000      3.40740E-06
  26.400      6.64530E-06
  26.850      1.09380E-05
  27.350      1.53320E-05
  27.850      1.89100E-05
  28.400      2.25400E-05
  29.000      2.43770E-05
  29.600      1.52500E-05
  30.100      1.43860E-06
  30.800      8.59210E-06
  31.800      3.81340E-05
  32.800      5.07750E-05
  33.800      5.65780E-05
  34.800      6.39440E-05
  35.700      6.83040E-05
  36.600      7.34400E-05
  37.500      7.65170E-05
  38.500      8.04790E-05
  39.500      8.69850E-05
  40.500      9.22910E-05
  41.400      9.69250E-05
  42.200      1.00210E-04
  43.000      1.04870E-04
  44.100      1.12110E-04
  45.100      1.18200E-04
  46.000      1.23570E-04
  47.000      1.31480E-04
  48.000      1.39760E-04
  49.000      1.46420E-04
  50.000      1.57420E-04
  50.600      2.86140E-04
  51.200      4.41490E-04
  52.000      4.55820E-04
  53.000      4.78380E-04
  54.000      4.85420E-04
  55.000      5.04970E-04
  56.000      5.29500E-04
  57.000      5.48840E-04
  58.000      5.55310E-04
  59.000      5.81750E-04
  60.000      5.91880E-04
  61.000      6.06260E-04
  62.000      6.30030E-04
  63.000      6.45670E-04
  64.000      6.65610E-04
  65.000      6.79340E-04
  65.800      6.85600E-04
  66.500      7.04300E-04
  67.500      7.24850E-04
  68.500      7.33420E-04
  69.500      7.57730E-04
  70.500      7.61700E-04
  71.600      7.92370E-04
  72.600      8.08840E-04
  73.500      8.23350E-04
  74.500      8.37900E-04
  75.500      8.52420E-04
  76.500      8.64100E-04
  77.500      8.85400E-04
  78.500      8.95020E-04
  79.500      9.11200E-04
  80.500      9.29420E-04
  81.500      9.45300E-04
  82.500      9.61270E-04
  83.500      9.58580E-04
  84.500      9.89250E-04
  85.500      1.00090E-03
  86.500      1.01750E-03
  87.500      1.03090E-03
  88.500      1.04410E-03
  89.500      1.05690E-03
  90.500      1.06320E-03
  91.500      9.72010E-04
  92.500      1.90210E-03
  93.500      2.39500E-03
  94.500      2.84890E-03
  95.500      3.03140E-03
  96.500      3.27610E-03
  97.500      2.85070E-03
  98.500      3.27740E-03
  99.500      3.16570E-03
  100.50      3.27820E-03
  101.50      3.26830E-03
  102.50      2.83340E-03
  103.50      3.24920E-03
  104.50      3.24910E-03
  105.50      3.24050E-03
  106.50      3.22650E-03
  107.50      3.21820E-03
  108.50      3.11000E-03
  109.50      3.20260E-03
  110.50      3.19200E-03
  111.50      3.18080E-03
  112.50      3.15040E-03
  113.50      3.16000E-03
  114.50      3.14880E-03
  115.50      3.13600E-03
  116.50      3.12500E-03
  117.50      3.04260E-03
  118.50      3.10090E-03
  119.50      3.08820E-03
  120.50      3.07190E-03
  121.50      2.66560E-03
  122.50      3.04320E-03
  123.50      3.03200E-03
  124.50      3.01800E-03
  125.50      3.01100E-03
  126.50      2.99780E-03
  127.50      2.98440E-03
  128.50      2.97070E-03
  129.50      2.95680E-03
  130.50      2.94300E-03
  131.50      2.92900E-03
  132.50      2.91480E-03
  133.50      2.90080E-03
  134.50      2.88670E-03
  135.50      2.87250E-03
  136.50      2.85820E-03
  137.50      2.84280E-03
  138.50      2.83000E-03
  139.50      2.80500E-03
  140.50      2.79410E-03
  141.50      2.78770E-03
  142.50      2.77360E-03
  143.50      2.75970E-03
  144.20      2.74970E-03
  144.70      2.74280E-03
  145.50      2.73160E-03
  146.50      2.71760E-03
  147.50      2.70360E-03
  148.50      2.68970E-03
  149.50      2.67570E-03
  150.50      2.66160E-03
  151.20      2.65170E-03
  151.70      2.64460E-03
  152.50      2.63330E-03
  153.50      2.61890E-03
  154.50      2.57860E-03
  155.50      2.56630E-03
  156.50      2.57690E-03
  157.50      2.56320E-03
  158.50      2.54940E-03
  159.50      2.53570E-03
  160.50      2.52160E-03
  161.50      2.50810E-03
  162.50      2.49390E-03
  163.50      2.43940E-03
  164.50      2.33880E-03
  165.50      2.45380E-03
  166.50      2.44040E-03
  167.20      2.43100E-03
  167.70      2.42460E-03
  168.50      2.41390E-03
  169.50      2.40060E-03
  170.50      2.38740E-03
  171.50      2.37050E-03
  172.50      2.36080E-03
  173.50      2.34820E-03
  174.50      2.33520E-03
  175.50      2.32230E-03
  176.50      2.30960E-03
  177.50      2.29700E-03
  178.50      2.28440E-03
  179.50      2.27170E-03
  180.50      2.25910E-03
  181.50      2.24670E-03
  182.50      2.23430E-03
  183.50      2.22200E-03
  184.50      2.20980E-03
  185.50      2.19770E-03
  186.50      2.18560E-03
  187.50      2.17360E-03
  188.50      2.16160E-03
  189.50      2.14970E-03
  190.50      2.13790E-03
  191.50      2.12620E-03
  192.50      2.11450E-03
  193.50      2.10300E-03
  194.50      2.09150E-03
  195.50      2.08010E-03
  196.70      2.06650E-03
  197.60      2.05650E-03
  198.40      2.04760E-03
  199.50      2.03540E-03
  200.50      2.02440E-03
  201.50      2.01350E-03
  202.50      2.00270E-03
  203.50      1.99180E-03
  204.50      1.98090E-03
  205.50      1.59420E-03
  206.50      1.56470E-03
  207.40      1.61620E-03
  207.80      1.66390E-03
  208.50      1.79430E-03
  209.50      1.91960E-03
  210.50      1.91990E-03
  211.50      1.91610E-03
  212.50      1.90710E-03
  213.50      1.89460E-03
  214.50      1.88750E-03
  215.50      1.90220E-03
  216.50      1.86130E-03
  217.50      1.88790E-03
  218.50      1.84170E-03
  219.50      1.86700E-03
  220.50      1.85770E-03
  221.50      1.81180E-03
  222.50      1.83770E-03
  223.50      1.82780E-03
  224.50      1.81790E-03
  225.50      1.77370E-03
  226.50      1.79830E-03
  227.50      1.78870E-03
  228.50      1.77900E-03
  229.50      1.76730E-03
  230.50      1.72770E-03
  231.50      1.75060E-03
  232.50      1.74130E-03
  233.50      1.73210E-03
  234.50      1.72290E-03
  235.50      1.71380E-03
  236.50      1.70470E-03
  237.50      1.69580E-03
  238.50      1.65640E-03
  239.50      1.67800E-03
  240.50      1.66920E-03
  241.50      1.66050E-03
  242.50      1.65190E-03
  243.50      1.64330E-03
  244.50      1.63480E-03
  245.50      1.62630E-03
  246.50      1.61790E-03
  247.50      1.60950E-03
  248.50      1.60120E-03
  249.50      1.58130E-03
  250.50      1.58270E-03
  251.30      1.50990E-03
  251.80      1.57410E-03
  252.50      1.56860E-03
  253.50      1.56060E-03
  254.50      1.55260E-03
  255.50      1.54470E-03
  256.50      1.53680E-03
  257.50      1.52900E-03
  258.50      1.52120E-03
  259.50      1.51350E-03
  260.50      1.50650E-03
  261.50      1.49890E-03
  262.50      1.49130E-03
  263.50      1.48380E-03
  264.50      1.47620E-03
  265.50      1.46860E-03
  266.50      1.46110E-03
  267.50      1.45370E-03
  268.50      1.44710E-03
  269.50      1.43900E-03
  270.50      1.43280E-03
  271.50      1.42570E-03
  272.50      1.41730E-03
  273.50      1.38530E-03
  274.50      1.40470E-03
  275.50      1.39780E-03
  276.50      1.38920E-03
  277.50      1.38410E-03
  278.50      1.37730E-03
  279.50      1.37060E-03
  280.50      1.36390E-03
  281.50      1.35730E-03
  282.50      1.34870E-03
  283.50      1.34360E-03
  284.50      1.33760E-03
  285.50      1.33110E-03
  286.50      1.32470E-03
  287.50      1.31840E-03
  288.50      1.31210E-03
  289.50      1.30580E-03
  291.00      1.29640E-03
  293.00      1.28410E-03
  295.00      1.27030E-03
  297.00      1.25990E-03
  299.00      1.24810E-03
  301.00      1.23640E-03
  303.00      1.22480E-03
  305.00      1.21340E-03
  307.00      1.20220E-03
  309.00      1.19110E-03
  311.00      1.18010E-03
  313.00      1.16950E-03
  315.00      1.15880E-03
  317.00      1.14830E-03
  319.00      1.13540E-03
  321.00      1.11590E-03
  323.00      1.11760E-03
  325.00      1.10760E-03
  327.00      1.09790E-03
  329.00      1.08790E-03
  331.00      1.07850E-03
  333.00      1.06900E-03
  335.00      1.05930E-03
  337.00      1.05030E-03
  339.00      1.04120E-03
  341.00      1.03210E-03
  343.00      1.02400E-03
  345.00      1.01460E-03
  347.00      1.00630E-03
  349.00      9.97160E-04
  351.00      9.88600E-04
  353.00      9.80000E-04
  355.00      9.71600E-04
  357.00      9.64440E-04
  359.00      9.54930E-04
  361.00      9.47600E-04
  363.00      9.38850E-04
  364.00      9.23520E-04
  365.00      8.66170E-04
  367.00      8.60260E-04
  369.00      8.56580E-04
  371.00      8.56980E-04
  373.00      8.58870E-04
  375.00      8.73960E-04
  377.00      8.79000E-04
  379.00      8.85760E-04
  381.00      8.95870E-04
  383.00      8.58760E-04
  385.00      8.92560E-04
  387.00      8.92010E-04
  389.00      8.37470E-04
  391.00      8.81170E-04
  393.00      8.68630E-04
  395.00      8.68140E-04
  397.00      8.09940E-04
  399.00      8.53750E-04
  401.00      8.47960E-04
  403.00      8.29230E-04
  405.00      8.35850E-04
  407.00      8.29310E-04
  409.00      8.13310E-04
  411.00      7.74810E-04
  413.00      8.08780E-04
  415.00      8.02400E-04
  417.00      7.97570E-04
  419.00      7.90280E-04
  421.00      7.78880E-04
  423.00      7.79620E-04
  425.00      7.73720E-04
  427.00      7.67890E-04
  429.00      7.62120E-04
  431.00      7.56400E-04
  433.00      7.37210E-04
  435.00      7.12310E-04
  437.00      7.39620E-04
  439.00      7.31460E-04
  441.00      7.28840E-04
  443.00      7.23240E-04
  445.00      7.18220E-04
  447.00      7.07050E-04
  449.00      7.07820E-04
  451.00      7.02710E-04
  453.00      6.97350E-04
  455.00      6.85720E-04
  457.00      6.87660E-04
  459.00      6.82750E-04
  461.00      6.77900E-04
  463.00      6.73090E-04
  465.00      6.68330E-04
  467.00      6.63340E-04
  469.00      6.43190E-04
  471.00      6.52590E-04
  473.00      6.49770E-04
  475.00      6.45250E-04
  477.00      6.40780E-04
  479.00      6.36350E-04
  481.00      6.31960E-04
  483.00      6.27610E-04
  485.00      6.15220E-04
  487.00      5.88430E-04
  489.00      6.14610E-04
  491.00      6.10700E-04
  493.00      6.03580E-04
  495.00      6.02500E-04
  497.00      5.98450E-04
  499.00      5.94450E-04
  501.00      5.88740E-04
  503.00      5.86550E-04
  505.00      5.82160E-04
  507.00      5.78810E-04
  509.00      5.74990E-04
  511.00      5.71210E-04
  513.00      5.67460E-04
  515.00      5.63750E-04
  517.00      5.60080E-04
  519.00      5.56440E-04
  521.00      5.52840E-04
  523.00      5.49270E-04
  525.00      5.45740E-04
  527.00      5.42240E-04
  529.00      5.38780E-04
  531.00      5.35340E-04
  533.00      5.31940E-04
  535.00      5.28570E-04
  537.00      5.25230E-04
  539.00      5.21920E-04
  541.00      5.12970E-04
  543.00      5.15390E-04
  545.00      5.12170E-04
  547.00      5.08980E-04
  549.00      5.05820E-04
  551.00      5.02680E-04
  553.00      4.99580E-04
  555.00      4.96500E-04
  557.00      4.93450E-04
  559.00      4.90430E-04
  561.00      4.87440E-04
  563.00      4.84480E-04
  565.00      4.81540E-04
  567.00      4.78630E-04
  569.00      4.72040E-04
  571.00      4.52490E-04
  573.00      4.49930E-04
  575.00      4.47410E-04
  577.00      4.44970E-04
  579.00      4.42780E-04
  581.00      4.41120E-04
  583.00      4.39740E-04
  585.00      4.38730E-04
  587.00      4.34430E-04
  589.00      4.37080E-04
  591.00      4.36560E-04
  593.00      4.36260E-04
  595.00      4.36220E-04
  597.00      4.35820E-04
  599.00      4.35090E-04
  601.00      4.33420E-04
  603.00      4.30820E-04
  605.00      4.28590E-04
  607.00      4.25760E-04
  609.00      4.23730E-04
  611.00      4.20980E-04
  613.00      4.18600E-04
  615.00      4.16560E-04
  617.00      4.13330E-04
  619.00      4.11870E-04
  621.00      4.09570E-04
  623.00      4.06180E-04
  625.00      4.04920E-04
  627.00      4.02750E-04
  629.00      4.00510E-04
  631.00      3.96820E-04
  633.00      3.96090E-04
  635.00      3.93910E-04
  637.00      3.91750E-04
  639.00      3.89600E-04
  641.00      3.85680E-04
  643.00      3.85360E-04
  645.00      3.83270E-04
  647.00      3.81190E-04
  649.00      3.79130E-04
  651.00      3.77070E-04
  653.00      3.72640E-04
  655.00      3.70160E-04
  657.00      3.52200E-04
  659.00      3.68800E-04
  661.00      3.67100E-04
  663.00      3.65150E-04
  665.00      3.63250E-04
  667.00      3.60160E-04
  669.00      3.55900E-04
  671.00      3.57530E-04
  673.00      3.55660E-04
  675.00      3.53800E-04
  677.00      3.51950E-04
  679.00      3.50120E-04
  681.00      3.48300E-04
  683.00      3.46500E-04
  685.00      3.44710E-04
  687.00      3.42930E-04
  689.00      3.38640E-04
  691.00      3.39420E-04
  693.00      3.37690E-04
  695.00      3.35970E-04
  697.00      3.34260E-04
  699.00      3.32560E-04
  701.00      3.30870E-04
  703.00      3.29200E-04
  705.00      3.27540E-04
  707.00      3.24210E-04
  709.00      3.24260E-04
  711.00      3.22640E-04
  713.00      3.21030E-04
  715.00      3.19430E-04
  717.00      3.16080E-04
  719.00      3.15530E-04
  721.00      3.14710E-04
  723.00      3.13160E-04
  725.00      3.11620E-04
  727.00      3.10090E-04
  729.00      3.07840E-04
  731.00      3.07060E-04
  733.00      3.05570E-04
  735.00      3.04090E-04
  737.00      3.02610E-04
  739.00      3.01150E-04
  741.00      2.99700E-04
  743.00      2.98250E-04
  745.00      2.96830E-04
  747.00      2.95400E-04
  749.00      2.93990E-04
  751.00      2.92580E-04
  753.00      2.91190E-04
  755.00      2.89810E-04
  757.00      2.88440E-04
  759.00      2.84690E-04
  761.00      2.85720E-04
  763.00      2.84380E-04
  765.00      2.83050E-04
  767.00      2.81720E-04
  769.00      2.80410E-04
  771.00      2.79100E-04
  773.00      2.77800E-04
  775.00      2.76510E-04
  777.00      2.75240E-04
  779.00      2.73970E-04
  781.00      2.72680E-04
  783.00      2.71450E-04
  785.00      2.70250E-04
  787.00      2.69020E-04
  789.00      2.67780E-04
  791.00      2.66570E-04
  793.00      2.65350E-04
  795.00      2.64150E-04
  797.00      2.62950E-04
  799.00      2.61760E-04
  801.00      2.60580E-04
  803.00      2.59410E-04
  805.00      2.58250E-04
  807.00      2.57090E-04
  809.00      2.55930E-04
  811.00      2.54790E-04
  813.00      2.53660E-04
  815.00      2.52490E-04
  817.00      2.51420E-04
  819.00      2.49620E-04
  821.00      2.42840E-04
  823.00      2.40810E-04
  825.00      2.40720E-04
  827.00      2.39730E-04
  829.00      2.38840E-04
  831.00      2.37850E-04
  833.00      2.36840E-04
  835.00      2.35720E-04
  837.00      2.34880E-04
  839.00      2.33990E-04
  841.00      2.33150E-04
  843.00      2.32300E-04
  845.00      2.31290E-04
  847.00      2.30660E-04
  849.00      2.29900E-04
  851.00      2.29050E-04
  853.00      2.28460E-04
  855.00      2.27160E-04
  857.00      2.27450E-04
  859.00      2.25410E-04
  861.00      2.24900E-04
  863.00      2.25750E-04
  865.00      2.24240E-04
  867.00      2.20720E-04
  869.00      2.23890E-04
  871.00      2.23860E-04
  873.00      2.22280E-04
  875.00      2.15760E-04
  877.00      2.20110E-04
  879.00      2.21450E-04
  881.00      2.20780E-04
  883.00      2.19870E-04
  885.00      2.15620E-04
  887.00      2.09540E-04
  889.00      2.16620E-04
  891.00      2.16750E-04
  893.00      2.15760E-04
  895.00      2.15190E-04
  897.00      2.14290E-04
  899.00      2.12100E-04
  901.00      2.03470E-04
  903.00      2.06850E-04
  905.00      2.10310E-04
  907.00      2.09450E-04
  909.00      2.09000E-04
  911.00      2.08030E-04
  913.00      2.07460E-04
  915.00      2.06630E-04
  917.00      2.05710E-04
  919.00      2.04800E-04
  921.00      2.01810E-04
  923.00      1.92350E-04
  925.00      2.00210E-04
  927.00      2.01490E-04
  929.00      2.00930E-04
  931.00      1.99980E-04
  933.00      1.99340E-04
  935.00      1.96180E-04
  937.00      1.97300E-04
  939.00      1.97000E-04
  941.00      1.96240E-04
  943.00      1.95470E-04
  945.00      1.94710E-04
  947.00      1.93720E-04
  949.00      1.93190E-04
  951.00      1.91730E-04
  953.00      1.88870E-04
  955.00      1.80310E-04
  957.00      1.88670E-04
  959.00      1.89360E-04
  961.00      1.88670E-04
  963.00      1.87850E-04
  965.00      1.87320E-04
  967.00      1.86600E-04
  969.00      1.85870E-04
  971.00      1.85090E-04
  973.00      1.84480E-04
  975.00      1.83710E-04
  977.00      1.82390E-04
  979.00      1.82390E-04
  981.00      1.81700E-04
  983.00      1.81020E-04
  985.00      1.80340E-04
  987.00      1.79660E-04
  989.00      1.78990E-04
  991.00      1.78320E-04
  993.00      1.77660E-04
  995.00      1.76990E-04
  997.00      1.76340E-04
  999.00      1.75680E-04
  1002.5      1.72190E-04
  1007.5      1.69570E-04
  1012.5      1.69650E-04
  1017.5      1.69800E-04
  1022.5      1.68250E-04
  1027.5      1.66740E-04
  1032.5      1.65060E-04
  1037.5      1.63770E-04
  1042.5      1.61890E-04
  1047.5      1.60870E-04
  1052.5      1.59450E-04
  1057.5      1.58050E-04
  1062.5      1.56660E-04
  1067.5      1.55250E-04
  1072.5      1.53950E-04
  1077.5      1.52620E-04
  1082.5      1.50790E-04
  1087.5      1.50010E-04
  1092.5      1.44400E-04
  1097.5      1.46650E-04
  1102.5      1.46080E-04
  1107.5      1.44980E-04
  1112.5      1.43770E-04
  1117.5      1.42610E-04
  1122.5      1.41410E-04
  1127.5      1.40250E-04
  1132.5      1.39090E-04
  1137.5      1.37950E-04
  1142.5      1.36820E-04
  1147.5      1.35700E-04
  1152.5      1.34600E-04
  1157.5      1.33510E-04
  1162.5      1.31720E-04
  1167.5      1.30920E-04
  1172.5      1.30320E-04
  1177.5      1.29290E-04
  1182.5      1.28260E-04
  1187.5      1.27250E-04
  1192.5      1.26250E-04
  1197.5      1.24950E-04
  1202.5      1.24280E-04
  1207.5      1.23310E-04
  1212.5      1.22360E-04
  1217.5      1.21410E-04
  1222.5      1.20480E-04
  1227.5      1.19560E-04
  1232.5      1.18640E-04
  1237.5      1.17740E-04
  1242.5      1.16850E-04
  1247.5      1.15970E-04
  1252.5      1.15040E-04
  1257.5      1.14230E-04
  1262.5      1.13380E-04
  1267.5      1.12540E-04
  1272.5      1.11700E-04
  1277.5      1.10340E-04
  1282.5      1.06830E-04
  1287.5      1.09140E-04
  1292.5      1.08460E-04
  1297.5      1.07510E-04
  1302.5      1.06890E-04
  1307.5      1.06120E-04
  1312.5      1.05360E-04
  1317.5      1.04600E-04
  1322.5      1.03850E-04
  1327.5      1.03110E-04
  1332.5      1.02380E-04
  1337.5      1.01660E-04
  1342.5      1.00920E-04
  1347.5      1.00230E-04
  1352.5      9.95310E-05
  1357.5      9.88370E-05
  1362.5      9.81510E-05
  1367.5      9.74710E-05
  1372.5      9.67990E-05
  1377.5      9.61330E-05
  1382.5      9.54740E-05
  1387.5      9.48220E-05
  1392.5      9.41770E-05
  1397.5      9.35380E-05
  1402.5      9.29060E-05
  1407.5      9.22800E-05
  1412.5      9.16600E-05
  1417.5      9.10460E-05
  1422.5      9.04390E-05
  1427.5      8.98370E-05
  1432.5      8.92420E-05
  1437.5      8.86520E-05
  1442.5      8.80680E-05
  1447.5      8.74900E-05
  1452.5      8.69170E-05
  1457.0      8.64070E-05
  1462.0      8.58610E-05
  1467.5      8.52500E-05
  1472.5      8.46890E-05
  1477.5      8.37720E-05
  1482.5      8.36160E-05
  1487.5      8.30850E-05
  1492.5      8.25570E-05
  1497.5      8.20330E-05
  1502.5      8.15140E-05
  1507.5      8.09640E-05
  1512.5      8.04890E-05
  1517.5      7.99820E-05
  1522.5      7.94840E-05
  1527.5      7.89810E-05
  1532.5      7.84820E-05
  1537.5      7.80030E-05
  1542.5      7.74910E-05
  1547.5      7.70390E-05
  1552.5      7.65560E-05
  1557.5      7.60230E-05
  1562.5      7.56720E-05
  1567.5      7.51070E-05
  1572.5      7.45840E-05
  1577.5      7.44040E-05
  1582.5      7.39110E-05
  1587.5      7.30310E-05
  1592.5      7.29040E-05
  1597.5      7.26890E-05
  1605.0      7.18920E-05
  1615.0      7.07500E-05
  1625.0      7.03500E-05
  1635.0      6.93300E-05
  1645.0      6.81510E-05
  1655.0      6.79240E-05
  1665.0      6.71430E-05
  1675.0      6.61540E-05
  1685.0      6.49720E-05
  1695.0      6.48790E-05
  1705.0      6.40510E-05
  1715.0      6.34330E-05
  1725.0      6.27270E-05
  1735.0      6.11660E-05
  1745.0      6.12960E-05
  1755.0      6.06820E-05
  1765.0      6.00220E-05
  1775.0      5.93730E-05
  1785.0      5.87340E-05
  1795.0      5.81050E-05
  1805.0      5.74860E-05
  1815.0      5.60820E-05
  1825.0      5.61600E-05
  1835.0      5.56900E-05
  1845.0      5.51100E-05
  1855.0      5.45390E-05
  1865.0      5.36000E-05
  1875.0      5.25620E-05
  1885.0      5.28790E-05
  1895.0      5.23430E-05
  1905.0      5.17630E-05
  1915.0      5.12930E-05
  1925.0      5.07800E-05
  1935.0      5.02640E-05
  1945.0      4.89540E-05
  1955.0      4.92550E-05
  1965.0      4.88020E-05
  1975.0      4.83250E-05
  1985.0      4.78560E-05
  1995.0      4.73930E-05
  2005.0      4.69370E-05
  2015.0      4.64870E-05
  2025.0      4.60440E-05
  2035.0      4.56080E-05
  2045.0      4.51740E-05
  2055.0      4.47320E-05
  2065.0      4.43330E-05
  2075.0      4.39210E-05
  2085.0      4.35130E-05
  2095.0      4.31120E-05
  2105.0      4.27160E-05
  2115.0      4.22860E-05
  2125.0      4.19400E-05
  2135.0      4.15600E-05
  2145.0      4.11830E-05
  2155.0      4.08110E-05
  2165.0      3.97590E-05
  2175.0      4.00590E-05
  2185.0      3.97300E-05
  2195.0      3.93850E-05
  2205.0      3.90390E-05
  2215.0      3.86980E-05
  2225.0      3.83600E-05
  2235.0      3.80290E-05
  2245.0      3.77000E-05
  2255.0      3.73760E-05
  2265.0      3.70560E-05
  2275.0      3.67410E-05
  2285.0      3.64680E-05
  2295.0      3.61590E-05
  2305.0      3.58520E-05
  2315.0      3.55540E-05
  2325.0      3.52580E-05
  2335.0      3.49650E-05
  2345.0      3.46750E-05
  2355.0      3.43890E-05
  2365.0      3.41070E-05
  2375.0      3.38280E-05
  2385.0      3.35530E-05
  2395.0      3.32800E-05
  2405.0      3.30120E-05
  2415.0      3.27460E-05
  2425.0      3.24840E-05
  2435.0      3.22240E-05
  2445.0      3.19680E-05
  2455.0      3.17150E-05
  2465.0      3.14650E-05
  2475.0      3.12020E-05
  2485.0      3.09740E-05
  2495.0      3.07320E-05
  2505.0      3.04930E-05
  2515.0      3.02580E-05
  2525.0      2.99990E-05
  2535.0      2.97940E-05
  2545.0      2.95660E-05
  2555.0      2.93400E-05
  2565.0      2.90540E-05
  2575.0      2.88980E-05
  2585.0      2.86810E-05
  2595.0      2.84650E-05
  2605.0      2.82260E-05
  2615.0      2.79000E-05
  2625.0      2.73500E-05
  2635.0      2.76000E-05
  2645.0      2.74240E-05
  2655.0      2.72180E-05
  2665.0      2.70110E-05
  2675.0      2.66580E-05
  2685.0      2.66140E-05
  2695.0      2.64400E-05
  2705.0      2.62490E-05
  2715.0      2.60610E-05
  2725.0      2.58740E-05
  2735.0      2.56890E-05
  2745.0      2.55060E-05
  2755.0      2.51300E-05
  2765.0      2.50790E-05
  2775.0      2.49700E-05
  2785.0      2.47960E-05
  2795.0      2.46220E-05
  2805.0      2.44510E-05
  2815.0      2.42810E-05
  2825.0      2.41140E-05
  2835.0      2.39480E-05
  2845.0      2.37830E-05
  2855.0      2.36180E-05
  2865.0      2.34140E-05
  2875.0      2.30500E-05
  2885.0      2.31380E-05
  2895.0      2.29860E-05
  2905.0      2.28310E-05
  2915.0      2.26780E-05
  2925.0      2.25270E-05
  2935.0      2.23770E-05
  2945.0      2.22280E-05
  2955.0      2.20810E-05
  2965.0      2.19360E-05
  2975.0      2.17910E-05
  2985.0      2.16490E-05
  2995.0      2.15070E-05
  3005.0      2.13670E-05
  3015.0      2.12290E-05
  3025.0      2.10910E-05
  3035.0      2.07480E-05
  3045.0      2.07110E-05
  3055.0      2.06870E-05
  3065.0      2.05550E-05
  3075.0      2.04250E-05
  3085.0      2.02950E-05
  3095.0      2.01670E-05
  3105.0      2.00400E-05
  3115.0      1.99140E-05
  3125.0      1.97890E-05
  3135.0      1.96650E-05
  3145.0      1.95430E-05
  3155.0      1.94220E-05
  3165.0      1.93010E-05
  3175.0      1.91820E-05
  3185.0      1.90640E-05
  3195.0      1.89470E-05
  3210.0      1.87740E-05
  3230.0      1.85470E-05
  3250.0      1.83230E-05
  3270.0      1.81040E-05
  3290.0      1.77360E-05
  3310.0      1.76580E-05
  3330.0      1.74760E-05
  3350.0      1.72730E-05
  3370.0      1.70720E-05
  3390.0      1.68740E-05
  3410.0      1.66800E-05
  3430.0      1.64900E-05
  3450.0      1.63020E-05
  3470.0      1.61180E-05
  3490.0      1.59370E-05
  3510.0      1.57590E-05
  3530.0      1.55840E-05
  3550.0      1.54110E-05
  3570.0      1.52420E-05
  3590.0      1.50750E-05
  3610.0      1.49110E-05
  3630.0      1.47500E-05
  3650.0      1.45910E-05
  3670.0      1.44350E-05
  3690.0      1.42820E-05
  3710.0      1.41260E-05
  3730.0      1.39260E-05
  3750.0      1.37430E-05
  3770.0      1.36910E-05
  3790.0      1.35490E-05
  3810.0      1.34090E-05
  3830.0      1.32710E-05
  3850.0      1.31360E-05
  3870.0      1.30030E-05
  3890.0      1.28710E-05
  3910.0      1.27330E-05
  3930.0      1.26140E-05
  3950.0      1.24880E-05
  3970.0      1.23650E-05
  3990.0      1.22430E-05
  4010.0      1.21130E-05
  4030.0      1.19830E-05
  4050.0      1.17870E-05
  4070.0      1.17720E-05
  4090.0      1.16590E-05
  4110.0      1.15480E-05
  4130.0      1.14360E-05
  4150.0      1.13290E-05
  4170.0      1.11820E-05
  4190.0      1.11160E-05
  4210.0      1.10120E-05
  4230.0      1.09100E-05
  4250.0      1.08080E-05
  4270.0      1.07090E-05
  4290.0      1.06070E-05
  4310.0      1.05140E-05
  4330.0      1.04180E-05
  4350.0      1.03230E-05
  4370.0      1.01840E-05
  4390.0      1.01270E-05
  4410.0      1.00480E-05
  4430.0      9.95830E-06
  4450.0      9.87000E-06
  4470.0      9.78530E-06
  4490.0      9.69930E-06
  4510.0      9.61440E-06
  4530.0      9.53060E-06
  4550.0      9.44800E-06
  4570.0      9.36640E-06
  4590.0      9.28580E-06
  4610.0      9.20570E-06
  4630.0      9.12760E-06
  4650.0      8.94920E-06
  4670.0      8.90450E-06
  4690.0      8.89130E-06
  4710.0      8.82350E-06
  4730.0      8.74980E-06
  4750.0      8.67700E-06
  4770.0      8.60520E-06
  4790.0      8.53420E-06
  4810.0      8.46410E-06
  4830.0      8.39480E-06
  4850.0      8.32640E-06
  4870.0      8.25880E-06
  4890.0      8.19200E-06
  4910.0      8.12610E-06
  4930.0      8.06090E-06
  4950.0      7.99650E-06
  4970.0      7.93290E-06
  4990.0      7.87000E-06
  5010.0      7.80790E-06
  5030.0      7.74650E-06
  5050.0      7.68580E-06
  5070.0      7.62580E-06
  5090.0      7.56650E-06
  5110.0      7.50490E-06
  5130.0      7.38400E-06
  5150.0      7.39260E-06
  5170.0      7.33610E-06
  5190.0      7.28020E-06
  5210.0      7.22490E-06
  5230.0      7.17020E-06
  5250.0      7.11610E-06
  5270.0      7.06260E-06
  5290.0      7.00980E-06
  5310.0      6.95750E-06
  5330.0      6.90580E-06
  5350.0      6.85470E-06
  5370.0      6.80410E-06
  5390.0      6.75410E-06
  5410.0      6.70470E-06
  5430.0      6.65580E-06
  5450.0      6.60740E-06
  5470.0      6.55960E-06
  5490.0      6.51220E-06
  5510.0      6.46530E-06
  5530.0      6.41890E-06
  5550.0      6.37320E-06
  5570.0      6.32780E-06
  5590.0      6.28300E-06
  5610.0      6.23860E-06
  5630.0      6.19470E-06
  5650.0      6.15120E-06
  5670.0      6.10820E-06
  5690.0      6.06560E-06
  5710.0      6.01970E-06
  5730.0      5.98170E-06
  5750.0      5.94050E-06
  5770.0      5.89970E-06
  5790.0      5.85930E-06
  5810.0      5.81930E-06
  5830.0      5.77970E-06
  5850.0      5.74130E-06
  5870.0      5.70250E-06
  5890.0      5.66030E-06
  5910.0      5.56510E-06
  5930.0      5.58820E-06
  5950.0      5.54060E-06
  5970.0      5.51080E-06
  5990.0      5.47760E-06
  6010.0      5.44150E-06
  6030.0      5.40570E-06
  6050.0      5.37020E-06
  6070.0      5.33510E-06
  6090.0      5.30030E-06
  6110.0      5.26590E-06
  6130.0      5.23170E-06
  6150.0      5.19800E-06
  6170.0      5.16450E-06
  6190.0      5.13140E-06
  6210.0      5.09860E-06
  6230.0      5.06610E-06
  6250.0      5.03390E-06
  6270.0      5.00190E-06
  6290.0      4.94910E-06
  6310.0      4.93810E-06
  6330.0      4.90810E-06
  6350.0      4.87740E-06
  6370.0      4.84700E-06
  6390.0      4.81680E-06
  6420.0      4.77220E-06
  6460.0      4.71350E-06
  6500.0      4.65600E-06
  6540.0      4.59950E-06
  6580.0      4.54400E-06
  6620.0      4.48950E-06
  6660.0      4.43600E-06
  6700.0      4.38340E-06
  6740.0      4.33160E-06
  6780.0      4.26630E-06
  6820.0      4.23110E-06
  6860.0      4.18220E-06
  6900.0      4.13400E-06
  6940.0      4.08670E-06
  6980.0      4.04020E-06
  7020.0      3.99440E-06
  7060.0      3.94950E-06
  7100.0      3.90520E-06
  7140.0      3.86180E-06
  7180.0      3.81900E-06
  7220.0      3.77690E-06
  7260.0      3.73560E-06
  7300.0      3.69490E-06
  7340.0      3.65480E-06
  7380.0      3.61540E-06
  7420.0      3.57550E-06
  7460.0      3.51260E-06
  7500.0      3.46380E-06
  7540.0      3.46270E-06
  7580.0      3.42770E-06
  7620.0      3.39190E-06
  7660.0      3.35670E-06
  7700.0      3.32200E-06
  7740.0      3.28780E-06
  7780.0      3.25410E-06
  7820.0      3.22110E-06
  7860.0      3.18850E-06
  7900.0      3.15630E-06
  7940.0      3.12470E-06
  7980.0      3.09350E-06
  8020.0      3.06280E-06
  8060.0      3.03250E-06
  8100.0      3.00270E-06
  8140.0      2.97210E-06
  8180.0      2.94430E-06
  8220.0      2.91580E-06
  8260.0      2.88770E-06
  8300.0      2.86000E-06
  8340.0      2.83270E-06
  8380.0      2.80570E-06
  8420.0      2.77920E-06
  8460.0      2.75300E-06
  8500.0      2.72720E-06
  8540.0      2.70170E-06
  8580.0      2.67660E-06
  8620.0      2.65180E-06
  8660.0      2.62370E-06
  8700.0      2.60330E-06
  8740.0      2.57110E-06
  8780.0      2.54760E-06
  8820.0      2.53310E-06
  8860.0      2.51030E-06
  8900.0      2.48780E-06
  8940.0      2.46560E-06
  8980.0      2.44370E-06
  9020.0      2.42210E-06
  9060.0      2.40070E-06
  9100.0      2.37970E-06
  9140.0      2.35890E-06
  9180.0      2.33840E-06
  9220.0      2.31820E-06
  9260.0      2.29820E-06
  9300.0      2.27850E-06
  9340.0      2.25900E-06
  9380.0      2.23370E-06
  9420.0      2.21980E-06
  9460.0      2.20200E-06
  9500.0      2.18350E-06
  9540.0      2.16520E-06
  9580.0      2.14720E-06
  9620.0      2.12940E-06
  9660.0      2.11180E-06
  9700.0      2.09440E-06
  9740.0      2.07720E-06
  9780.0      2.06030E-06
  9820.0      2.04350E-06
  9860.0      2.02690E-06
  9900.0      2.01060E-06
  9940.0      1.99440E-06
  9980.0      1.97850E-06
  10020.      1.96270E-06
  20000.      4.89830E-07
  40000.      1.21220E-07
  60000.      5.35750E-08
  80000.      3.00330E-08
 1.00000E+05  1.91770E-08
 1.20000E+05  1.32950E-08
 1.40000E+05  9.75520E-09
 1.60000E+05  7.46120E-09
