 Castelli and Kurucz 2004-2012 Atmosphere
 T     40000.     G    4.50000 [-4.0a] N(He)/Ntot=0.089 VTURB=2.0  L/H=1.25 NOV
 Wavelength  Eddington Hnu
   (nm)    (ergs/s/cm2/Hz/sr)
  9.0900      1.25310E-21
  9.3500      4.84970E-21
  9.6100      1.74430E-20
  9.7700      3.70660E-20
  9.9600      8.79040E-20
  10.200      2.49830E-19
  10.380      5.29700E-19
  10.560      1.09440E-18
  10.770      2.47410E-18
  11.040      6.74140E-18
  11.400      2.38010E-17
  11.780      8.27920E-17
  12.130      2.43240E-16
  12.480      6.71730E-16
  12.710      1.26920E-15
  12.840      1.79990E-15
  13.050      3.11700E-15
  13.240      5.04420E-15
  13.390      7.30310E-15
  13.660      1.39210E-14
  13.980      2.89290E-14
  14.330      6.19380E-14
  14.720      1.38410E-13
  15.100      2.90690E-13
  15.520      6.31750E-13
  15.880      1.18780E-12
  16.200      2.03150E-12
  16.600      3.85460E-12
  17.030      7.40910E-12
  17.340      1.16200E-11
  17.680      1.86760E-11
  18.020      2.94570E-11
  18.170      3.58100E-11
  18.610      6.23150E-11
  19.100      1.11880E-10
  19.390      1.55880E-10
  19.840      2.55530E-10
  20.180      3.65530E-10
  20.500      5.06110E-10
  21.050      8.64000E-10
  21.620      1.45870E-09
  21.980      2.00050E-09
  22.300      2.62480E-09
  22.680      3.58540E-09
  23.000      1.52380E-08
  23.400      4.74740E-08
  24.000      1.32790E-07
  24.650      1.59620E-06
  25.240      5.87430E-06
  25.680      3.24850E-06
  26.000      1.95150E-05
  26.400      3.20200E-05
  26.850      4.72630E-05
  27.350      6.14310E-05
  27.850      7.30030E-05
  28.400      8.46470E-05
  29.000      9.31550E-05
  29.600      7.10800E-05
  30.100      1.15580E-05
  30.800      4.16010E-05
  31.800      1.30700E-04
  32.800      1.58910E-04
  33.800      1.70360E-04
  34.800      1.88440E-04
  35.700      1.97930E-04
  36.600      2.09140E-04
  37.500      2.14530E-04
  38.500      2.22610E-04
  39.500      2.36870E-04
  40.500      2.48010E-04
  41.400      2.57250E-04
  42.200      2.62630E-04
  43.000      2.72490E-04
  44.100      2.86070E-04
  45.100      2.96590E-04
  46.000      3.05020E-04
  47.000      3.18890E-04
  48.000      3.33610E-04
  49.000      3.43300E-04
  50.000      3.62770E-04
  50.600      5.05070E-04
  51.200      7.23740E-04
  52.000      7.42810E-04
  53.000      7.76820E-04
  54.000      7.83550E-04
  55.000      8.09400E-04
  56.000      8.42700E-04
  57.000      8.67580E-04
  58.000      8.74400E-04
  59.000      9.09140E-04
  60.000      9.22660E-04
  61.000      9.39960E-04
  62.000      9.70030E-04
  63.000      9.88950E-04
  64.000      1.01560E-03
  65.000      1.03350E-03
  65.800      1.04110E-03
  66.500      1.06500E-03
  67.500      1.08870E-03
  68.500      1.10100E-03
  69.500      1.12990E-03
  70.500      1.13430E-03
  71.600      1.17160E-03
  72.600      1.19110E-03
  73.500      1.20840E-03
  74.500      1.22680E-03
  75.500      1.24450E-03
  76.500      1.25770E-03
  77.500      1.28280E-03
  78.500      1.29210E-03
  79.500      1.31100E-03
  80.500      1.33420E-03
  81.500      1.35200E-03
  82.500      1.36990E-03
  83.500      1.36700E-03
  84.500      1.40150E-03
  85.500      1.41390E-03
  86.500      1.43260E-03
  87.500      1.44760E-03
  88.500      1.46190E-03
  89.500      1.47600E-03
  90.500      1.48050E-03
  91.500      1.26120E-03
  92.500      2.26530E-03
  93.500      2.90700E-03
  94.500      3.66240E-03
  95.500      3.96070E-03
  96.500      4.45500E-03
  97.500      3.69660E-03
  98.500      4.48190E-03
  99.500      4.25350E-03
  100.50      4.46560E-03
  101.50      4.42340E-03
  102.50      3.60490E-03
  103.50      4.36580E-03
  104.50      4.37640E-03
  105.50      4.35300E-03
  106.50      4.32360E-03
  107.50      4.30130E-03
  108.50      4.08770E-03
  109.50      4.25640E-03
  110.50      4.23180E-03
  111.50      4.20710E-03
  112.50      4.16270E-03
  113.50      4.15970E-03
  114.50      4.13460E-03
  115.50      4.10770E-03
  116.50      4.08340E-03
  117.50      3.99140E-03
  118.50      4.03360E-03
  119.50      4.00790E-03
  120.50      3.96690E-03
  121.50      3.29030E-03
  122.50      3.91060E-03
  123.50      3.90290E-03
  124.50      3.87900E-03
  125.50      3.86290E-03
  126.50      3.83910E-03
  127.50      3.81520E-03
  128.50      3.79130E-03
  129.50      3.76640E-03
  130.50      3.74130E-03
  131.50      3.71640E-03
  132.50      3.69180E-03
  133.50      3.66760E-03
  134.50      3.64350E-03
  135.50      3.61940E-03
  136.50      3.59550E-03
  137.50      3.57030E-03
  138.50      3.54870E-03
  139.50      3.51620E-03
  140.50      3.49560E-03
  141.50      3.47960E-03
  142.50      3.45700E-03
  143.50      3.43480E-03
  144.20      3.41900E-03
  144.70      3.40810E-03
  145.50      3.39060E-03
  146.50      3.36840E-03
  147.50      3.34660E-03
  148.50      3.32490E-03
  149.50      3.30330E-03
  150.50      3.28140E-03
  151.20      3.26610E-03
  151.70      3.25510E-03
  152.50      3.23790E-03
  153.50      3.21620E-03
  154.50      3.16390E-03
  155.50      3.14490E-03
  156.50      3.15300E-03
  157.50      3.13280E-03
  158.50      3.11280E-03
  159.50      3.09260E-03
  160.50      3.07180E-03
  161.50      3.05160E-03
  162.50      3.03090E-03
  163.50      2.94900E-03
  164.50      2.82150E-03
  165.50      2.97260E-03
  166.50      2.95350E-03
  167.20      2.94010E-03
  167.70      2.93080E-03
  168.50      2.91580E-03
  169.50      2.89710E-03
  170.50      2.87820E-03
  171.50      2.85560E-03
  172.50      2.84070E-03
  173.50      2.82280E-03
  174.50      2.80440E-03
  175.50      2.78620E-03
  176.50      2.76840E-03
  177.50      2.75060E-03
  178.50      2.73310E-03
  179.50      2.71580E-03
  180.50      2.69870E-03
  181.50      2.68180E-03
  182.50      2.66520E-03
  183.50      2.64860E-03
  184.50      2.63220E-03
  185.50      2.61600E-03
  186.50      2.59990E-03
  187.50      2.58380E-03
  188.50      2.56770E-03
  189.50      2.55140E-03
  190.50      2.53530E-03
  191.50      2.51930E-03
  192.50      2.50340E-03
  193.50      2.48770E-03
  194.50      2.47220E-03
  195.50      2.45680E-03
  196.70      2.43860E-03
  197.60      2.42500E-03
  198.40      2.41310E-03
  199.50      2.39680E-03
  200.50      2.38220E-03
  201.50      2.36770E-03
  202.50      2.35330E-03
  203.50      2.33900E-03
  204.50      2.32490E-03
  205.50      1.82530E-03
  206.50      1.77440E-03
  207.40      1.81880E-03
  207.80      1.86450E-03
  208.50      1.99050E-03
  209.50      2.19410E-03
  210.50      2.24500E-03
  211.50      2.23880E-03
  212.50      2.22680E-03
  213.50      2.20930E-03
  214.50      2.20060E-03
  215.50      2.22010E-03
  216.50      2.16130E-03
  217.50      2.20860E-03
  218.50      2.13450E-03
  219.50      2.18150E-03
  220.50      2.17150E-03
  221.50      2.09550E-03
  222.50      2.14520E-03
  223.50      2.13330E-03
  224.50      2.11930E-03
  225.50      2.04880E-03
  226.50      2.09610E-03
  227.50      2.08400E-03
  228.50      2.07180E-03
  229.50      2.05800E-03
  230.50      1.99200E-03
  231.50      2.03460E-03
  232.50      2.02420E-03
  233.50      2.01260E-03
  234.50      2.00090E-03
  235.50      1.98930E-03
  236.50      1.97780E-03
  237.50      1.96640E-03
  238.50      1.90390E-03
  239.50      1.94350E-03
  240.50      1.93290E-03
  241.50      1.92190E-03
  242.50      1.91100E-03
  243.50      1.90020E-03
  244.50      1.88960E-03
  245.50      1.87910E-03
  246.50      1.86870E-03
  247.50      1.85830E-03
  248.50      1.84800E-03
  249.50      1.82540E-03
  250.50      1.82190E-03
  251.30      1.71670E-03
  251.80      1.81290E-03
  252.50      1.80710E-03
  253.50      1.79710E-03
  254.50      1.78720E-03
  255.50      1.77740E-03
  256.50      1.76760E-03
  257.50      1.75800E-03
  258.50      1.74840E-03
  259.50      1.73900E-03
  260.50      1.73040E-03
  261.50      1.72100E-03
  262.50      1.71170E-03
  263.50      1.70240E-03
  264.50      1.69320E-03
  265.50      1.68390E-03
  266.50      1.67460E-03
  267.50      1.66540E-03
  268.50      1.65730E-03
  269.50      1.64740E-03
  270.50      1.63960E-03
  271.50      1.63090E-03
  272.50      1.62050E-03
  273.50      1.57400E-03
  274.50      1.60520E-03
  275.50      1.59680E-03
  276.50      1.58660E-03
  277.50      1.58020E-03
  278.50      1.57210E-03
  279.50      1.56400E-03
  280.50      1.55590E-03
  281.50      1.54800E-03
  282.50      1.53800E-03
  283.50      1.53150E-03
  284.50      1.52450E-03
  285.50      1.51670E-03
  286.50      1.50910E-03
  287.50      1.50150E-03
  288.50      1.49390E-03
  289.50      1.48630E-03
  291.00      1.47490E-03
  293.00      1.46000E-03
  295.00      1.44350E-03
  297.00      1.43080E-03
  299.00      1.41660E-03
  301.00      1.40260E-03
  303.00      1.38880E-03
  305.00      1.37520E-03
  307.00      1.36180E-03
  309.00      1.34860E-03
  311.00      1.33560E-03
  313.00      1.32300E-03
  315.00      1.31030E-03
  317.00      1.29790E-03
  319.00      1.28250E-03
  321.00      1.25690E-03
  323.00      1.26140E-03
  325.00      1.24960E-03
  327.00      1.23810E-03
  329.00      1.22640E-03
  331.00      1.21520E-03
  333.00      1.20400E-03
  335.00      1.19270E-03
  337.00      1.18210E-03
  339.00      1.17140E-03
  341.00      1.16080E-03
  343.00      1.15130E-03
  345.00      1.14030E-03
  347.00      1.13070E-03
  349.00      1.12020E-03
  351.00      1.11010E-03
  353.00      1.10000E-03
  355.00      1.09010E-03
  357.00      1.08170E-03
  359.00      1.07070E-03
  361.00      1.06220E-03
  363.00      1.05210E-03
  364.00      1.03240E-03
  365.00      9.59620E-04
  367.00      9.52770E-04
  369.00      9.47420E-04
  371.00      9.46770E-04
  373.00      9.50240E-04
  375.00      9.62730E-04
  377.00      9.69170E-04
  379.00      9.82260E-04
  381.00      9.95290E-04
  383.00      9.50290E-04
  385.00      9.93720E-04
  387.00      9.97380E-04
  389.00      9.21770E-04
  391.00      9.84950E-04
  393.00      9.71910E-04
  395.00      9.70470E-04
  397.00      8.90450E-04
  399.00      9.53290E-04
  401.00      9.49490E-04
  403.00      9.23940E-04
  405.00      9.36060E-04
  407.00      9.27840E-04
  409.00      9.01730E-04
  411.00      8.54660E-04
  413.00      9.03540E-04
  415.00      8.97190E-04
  417.00      8.91550E-04
  419.00      8.81660E-04
  421.00      8.67300E-04
  423.00      8.70750E-04
  425.00      8.63940E-04
  427.00      8.57210E-04
  429.00      8.50530E-04
  431.00      8.43150E-04
  433.00      8.13950E-04
  435.00      7.84870E-04
  437.00      8.23400E-04
  439.00      8.14690E-04
  441.00      8.12000E-04
  443.00      8.05540E-04
  445.00      7.99750E-04
  447.00      7.86010E-04
  449.00      7.87780E-04
  451.00      7.81870E-04
  453.00      7.75190E-04
  455.00      7.59360E-04
  457.00      7.64550E-04
  459.00      7.58920E-04
  461.00      7.53340E-04
  463.00      7.47820E-04
  465.00      7.42340E-04
  467.00      7.36360E-04
  469.00      7.10930E-04
  471.00      7.24260E-04
  473.00      7.21050E-04
  475.00      7.15880E-04
  477.00      7.10770E-04
  479.00      7.05710E-04
  481.00      7.00700E-04
  483.00      6.95260E-04
  485.00      6.76300E-04
  487.00      6.45160E-04
  489.00      6.79980E-04
  491.00      6.76500E-04
  493.00      6.68050E-04
  495.00      6.67170E-04
  497.00      6.62580E-04
  499.00      6.58030E-04
  501.00      6.51580E-04
  503.00      6.49020E-04
  505.00      6.44040E-04
  507.00      6.40180E-04
  509.00      6.35830E-04
  511.00      6.31530E-04
  513.00      6.27270E-04
  515.00      6.23060E-04
  517.00      6.18890E-04
  519.00      6.14770E-04
  521.00      6.10680E-04
  523.00      6.06640E-04
  525.00      6.02640E-04
  527.00      5.98680E-04
  529.00      5.94750E-04
  531.00      5.90870E-04
  533.00      5.87030E-04
  535.00      5.83220E-04
  537.00      5.79450E-04
  539.00      5.75710E-04
  541.00      5.63540E-04
  543.00      5.68320E-04
  545.00      5.64710E-04
  547.00      5.61110E-04
  549.00      5.57550E-04
  551.00      5.54010E-04
  553.00      5.50510E-04
  555.00      5.47040E-04
  557.00      5.43610E-04
  559.00      5.40210E-04
  561.00      5.36840E-04
  563.00      5.33500E-04
  565.00      5.30200E-04
  567.00      5.26920E-04
  569.00      5.18850E-04
  571.00      4.93920E-04
  573.00      4.91090E-04
  575.00      4.88300E-04
  577.00      4.85590E-04
  579.00      4.83040E-04
  581.00      4.80820E-04
  583.00      4.79060E-04
  585.00      4.77880E-04
  587.00      4.73420E-04
  589.00      4.76050E-04
  591.00      4.75560E-04
  593.00      4.75280E-04
  595.00      4.75270E-04
  597.00      4.75290E-04
  599.00      4.75550E-04
  601.00      4.74210E-04
  603.00      4.72110E-04
  605.00      4.70660E-04
  607.00      4.67700E-04
  609.00      4.65390E-04
  611.00      4.62350E-04
  613.00      4.59680E-04
  615.00      4.57370E-04
  617.00      4.53750E-04
  619.00      4.52130E-04
  621.00      4.49550E-04
  623.00      4.45750E-04
  625.00      4.44250E-04
  627.00      4.41920E-04
  629.00      4.39410E-04
  631.00      4.35130E-04
  633.00      4.34440E-04
  635.00      4.32050E-04
  637.00      4.29630E-04
  639.00      4.27220E-04
  641.00      4.22550E-04
  643.00      4.22500E-04
  645.00      4.20170E-04
  647.00      4.17850E-04
  649.00      4.15550E-04
  651.00      4.13190E-04
  653.00      4.07590E-04
  655.00      4.03760E-04
  657.00      3.83230E-04
  659.00      4.03530E-04
  661.00      4.02140E-04
  663.00      3.99970E-04
  665.00      3.97840E-04
  667.00      3.94210E-04
  669.00      3.89030E-04
  671.00      3.91470E-04
  673.00      3.89390E-04
  675.00      3.87310E-04
  677.00      3.85260E-04
  679.00      3.83220E-04
  681.00      3.81200E-04
  683.00      3.79190E-04
  685.00      3.77200E-04
  687.00      3.75220E-04
  689.00      3.69560E-04
  691.00      3.71260E-04
  693.00      3.69400E-04
  695.00      3.67490E-04
  697.00      3.65590E-04
  699.00      3.63710E-04
  701.00      3.61840E-04
  703.00      3.59990E-04
  705.00      3.58150E-04
  707.00      3.54620E-04
  709.00      3.54510E-04
  711.00      3.52720E-04
  713.00      3.50930E-04
  715.00      3.49160E-04
  717.00      3.44890E-04
  719.00      3.44280E-04
  721.00      3.43920E-04
  723.00      3.42200E-04
  725.00      3.40490E-04
  727.00      3.38790E-04
  729.00      3.36400E-04
  731.00      3.35440E-04
  733.00      3.33780E-04
  735.00      3.32140E-04
  737.00      3.30510E-04
  739.00      3.28890E-04
  741.00      3.27280E-04
  743.00      3.25680E-04
  745.00      3.24100E-04
  747.00      3.22530E-04
  749.00      3.20970E-04
  751.00      3.19410E-04
  753.00      3.17880E-04
  755.00      3.16350E-04
  757.00      3.14830E-04
  759.00      3.09740E-04
  761.00      3.11680E-04
  763.00      3.10340E-04
  765.00      3.08870E-04
  767.00      3.07400E-04
  769.00      3.05950E-04
  771.00      3.04500E-04
  773.00      3.03070E-04
  775.00      3.01640E-04
  777.00      3.00230E-04
  779.00      2.98820E-04
  781.00      2.97420E-04
  783.00      2.96050E-04
  785.00      2.94710E-04
  787.00      2.93350E-04
  789.00      2.91990E-04
  791.00      2.90640E-04
  793.00      2.89300E-04
  795.00      2.87980E-04
  797.00      2.86650E-04
  799.00      2.85350E-04
  801.00      2.84040E-04
  803.00      2.82750E-04
  805.00      2.81470E-04
  807.00      2.80190E-04
  809.00      2.78920E-04
  811.00      2.77660E-04
  813.00      2.76420E-04
  815.00      2.75170E-04
  817.00      2.73940E-04
  819.00      2.71820E-04
  821.00      2.63390E-04
  823.00      2.60940E-04
  825.00      2.60920E-04
  827.00      2.60000E-04
  829.00      2.59000E-04
  831.00      2.57920E-04
  833.00      2.56820E-04
  835.00      2.55640E-04
  837.00      2.54680E-04
  839.00      2.53670E-04
  841.00      2.52710E-04
  843.00      2.51750E-04
  845.00      2.50650E-04
  847.00      2.49920E-04
  849.00      2.49070E-04
  851.00      2.48260E-04
  853.00      2.47450E-04
  855.00      2.46460E-04
  857.00      2.46160E-04
  859.00      2.44560E-04
  861.00      2.44070E-04
  863.00      2.44230E-04
  865.00      2.42830E-04
  867.00      2.40520E-04
  869.00      2.42180E-04
  871.00      2.42070E-04
  873.00      2.40490E-04
  875.00      2.35710E-04
  877.00      2.38400E-04
  879.00      2.39740E-04
  881.00      2.39340E-04
  883.00      2.38400E-04
  885.00      2.33840E-04
  887.00      2.28650E-04
  889.00      2.34780E-04
  891.00      2.35130E-04
  893.00      2.34300E-04
  895.00      2.33860E-04
  897.00      2.32490E-04
  899.00      2.30000E-04
  901.00      2.21250E-04
  903.00      2.24050E-04
  905.00      2.28050E-04
  907.00      2.27530E-04
  909.00      2.27160E-04
  911.00      2.26100E-04
  913.00      2.25510E-04
  915.00      2.24590E-04
  917.00      2.23540E-04
  919.00      2.22150E-04
  921.00      2.18510E-04
  923.00      2.08770E-04
  925.00      2.16470E-04
  927.00      2.18470E-04
  929.00      2.18330E-04
  931.00      2.17310E-04
  933.00      2.16460E-04
  935.00      2.12200E-04
  937.00      2.14190E-04
  939.00      2.14030E-04
  941.00      2.13190E-04
  943.00      2.12340E-04
  945.00      2.11510E-04
  947.00      2.10460E-04
  949.00      2.09850E-04
  951.00      2.07870E-04
  953.00      2.04160E-04
  955.00      1.95200E-04
  957.00      2.03950E-04
  959.00      2.05240E-04
  961.00      2.04890E-04
  963.00      2.04020E-04
  965.00      2.03410E-04
  967.00      2.02630E-04
  969.00      2.01830E-04
  971.00      2.00980E-04
  973.00      2.00300E-04
  975.00      1.99380E-04
  977.00      1.97950E-04
  979.00      1.98010E-04
  981.00      1.97260E-04
  983.00      1.96510E-04
  985.00      1.95760E-04
  987.00      1.95020E-04
  989.00      1.94280E-04
  991.00      1.93550E-04
  993.00      1.92820E-04
  995.00      1.92100E-04
  997.00      1.91380E-04
  999.00      1.90660E-04
  1002.5      1.86230E-04
  1007.5      1.83360E-04
  1012.5      1.83630E-04
  1017.5      1.84220E-04
  1022.5      1.82530E-04
  1027.5      1.80880E-04
  1032.5      1.79050E-04
  1037.5      1.77620E-04
  1042.5      1.75450E-04
  1047.5      1.74450E-04
  1052.5      1.72900E-04
  1057.5      1.71370E-04
  1062.5      1.69860E-04
  1067.5      1.68320E-04
  1072.5      1.66890E-04
  1077.5      1.65440E-04
  1082.5      1.63500E-04
  1087.5      1.62480E-04
  1092.5      1.55960E-04
  1097.5      1.58450E-04
  1102.5      1.58330E-04
  1107.5      1.57090E-04
  1112.5      1.55780E-04
  1117.5      1.54520E-04
  1122.5      1.53220E-04
  1127.5      1.51950E-04
  1132.5      1.50680E-04
  1137.5      1.49440E-04
  1142.5      1.48200E-04
  1147.5      1.46990E-04
  1152.5      1.45780E-04
  1157.5      1.44600E-04
  1162.5      1.42400E-04
  1167.5      1.41580E-04
  1172.5      1.41120E-04
  1177.5      1.39990E-04
  1182.5      1.38870E-04
  1187.5      1.37770E-04
  1192.5      1.36680E-04
  1197.5      1.35270E-04
  1202.5      1.34530E-04
  1207.5      1.33480E-04
  1212.5      1.32440E-04
  1217.5      1.31410E-04
  1222.5      1.30390E-04
  1227.5      1.29390E-04
  1232.5      1.28390E-04
  1237.5      1.27410E-04
  1242.5      1.26440E-04
  1247.5      1.25480E-04
  1252.5      1.24480E-04
  1257.5      1.23590E-04
  1262.5      1.22670E-04
  1267.5      1.21750E-04
  1272.5      1.20840E-04
  1277.5      1.19240E-04
  1282.5      1.15080E-04
  1287.5      1.17940E-04
  1292.5      1.17310E-04
  1297.5      1.16310E-04
  1302.5      1.15600E-04
  1307.5      1.14760E-04
  1312.5      1.13930E-04
  1317.5      1.13110E-04
  1322.5      1.12300E-04
  1327.5      1.11500E-04
  1332.5      1.10700E-04
  1337.5      1.09910E-04
  1342.5      1.09120E-04
  1347.5      1.08360E-04
  1352.5      1.07600E-04
  1357.5      1.06850E-04
  1362.5      1.06100E-04
  1367.5      1.05360E-04
  1372.5      1.04630E-04
  1377.5      1.03910E-04
  1382.5      1.03190E-04
  1387.5      1.02480E-04
  1392.5      1.01780E-04
  1397.5      1.01090E-04
  1402.5      1.00400E-04
  1407.5      9.97180E-05
  1412.5      9.90450E-05
  1417.5      9.83780E-05
  1422.5      9.77180E-05
  1427.5      9.70650E-05
  1432.5      9.64180E-05
  1437.5      9.57770E-05
  1442.5      9.51430E-05
  1447.5      9.45150E-05
  1452.5      9.38930E-05
  1457.0      9.33390E-05
  1462.0      9.27500E-05
  1467.5      9.20840E-05
  1472.5      9.14630E-05
  1477.5      9.03310E-05
  1482.5      9.03070E-05
  1487.5      8.97350E-05
  1492.5      8.91620E-05
  1497.5      8.85940E-05
  1502.5      8.80310E-05
  1507.5      8.74430E-05
  1512.5      8.69210E-05
  1517.5      8.63730E-05
  1522.5      8.58320E-05
  1527.5      8.52900E-05
  1532.5      8.47540E-05
  1537.5      8.42290E-05
  1542.5      8.36920E-05
  1547.5      8.31860E-05
  1552.5      8.26650E-05
  1557.5      8.21240E-05
  1562.5      8.16750E-05
  1567.5      8.11130E-05
  1572.5      8.05860E-05
  1577.5      8.02810E-05
  1582.5      7.97450E-05
  1587.5      7.89900E-05
  1592.5      7.86810E-05
  1597.5      7.84390E-05
  1605.0      7.75720E-05
  1615.0      7.64420E-05
  1625.0      7.59040E-05
  1635.0      7.47880E-05
  1645.0      7.36200E-05
  1655.0      7.32760E-05
  1665.0      7.24310E-05
  1675.0      7.13100E-05
  1685.0      7.01310E-05
  1695.0      6.99800E-05
  1705.0      6.90860E-05
  1715.0      6.84150E-05
  1725.0      6.76450E-05
  1735.0      6.59640E-05
  1745.0      6.60530E-05
  1755.0      6.54370E-05
  1765.0      6.47230E-05
  1775.0      6.40200E-05
  1785.0      6.33290E-05
  1795.0      6.26490E-05
  1805.0      6.19780E-05
  1815.0      6.04100E-05
  1825.0      6.04870E-05
  1835.0      6.00350E-05
  1845.0      5.94070E-05
  1855.0      5.87920E-05
  1865.0      5.76910E-05
  1875.0      5.65370E-05
  1885.0      5.69910E-05
  1895.0      5.64150E-05
  1905.0      5.57910E-05
  1915.0      5.52790E-05
  1925.0      5.47240E-05
  1935.0      5.41380E-05
  1945.0      5.26670E-05
  1955.0      5.30580E-05
  1965.0      5.25850E-05
  1975.0      5.20700E-05
  1985.0      5.15630E-05
  1995.0      5.10630E-05
  2005.0      5.05700E-05
  2015.0      5.00840E-05
  2025.0      4.96050E-05
  2035.0      4.91330E-05
  2045.0      4.86650E-05
  2055.0      4.81910E-05
  2065.0      4.77560E-05
  2075.0      4.73100E-05
  2085.0      4.68700E-05
  2095.0      4.64360E-05
  2105.0      4.60090E-05
  2115.0      4.55530E-05
  2125.0      4.51710E-05
  2135.0      4.47600E-05
  2145.0      4.43530E-05
  2155.0      4.39370E-05
  2165.0      4.27310E-05
  2175.0      4.31130E-05
  2185.0      4.27850E-05
  2195.0      4.24110E-05
  2205.0      4.20370E-05
  2215.0      4.16690E-05
  2225.0      4.13050E-05
  2235.0      4.09460E-05
  2245.0      4.05910E-05
  2255.0      4.02420E-05
  2265.0      3.98960E-05
  2275.0      3.95550E-05
  2285.0      3.92560E-05
  2295.0      3.89230E-05
  2305.0      3.85920E-05
  2315.0      3.82700E-05
  2325.0      3.79500E-05
  2335.0      3.76330E-05
  2345.0      3.73210E-05
  2355.0      3.70120E-05
  2365.0      3.67080E-05
  2375.0      3.64070E-05
  2385.0      3.61090E-05
  2395.0      3.58160E-05
  2405.0      3.55250E-05
  2415.0      3.52390E-05
  2425.0      3.49550E-05
  2435.0      3.46760E-05
  2445.0      3.43990E-05
  2455.0      3.41260E-05
  2465.0      3.38560E-05
  2475.0      3.35750E-05
  2485.0      3.33260E-05
  2495.0      3.30650E-05
  2505.0      3.28080E-05
  2515.0      3.25530E-05
  2525.0      3.23010E-05
  2535.0      3.20530E-05
  2545.0      3.18070E-05
  2555.0      3.15640E-05
  2565.0      3.12980E-05
  2575.0      3.10860E-05
  2585.0      3.08520E-05
  2595.0      3.06200E-05
  2605.0      3.03700E-05
  2615.0      3.00350E-05
  2625.0      2.93440E-05
  2635.0      2.96680E-05
  2645.0      2.94970E-05
  2655.0      2.92760E-05
  2665.0      2.90530E-05
  2675.0      2.87220E-05
  2685.0      2.86240E-05
  2695.0      2.84360E-05
  2705.0      2.82300E-05
  2715.0      2.80270E-05
  2725.0      2.78260E-05
  2735.0      2.76270E-05
  2745.0      2.74290E-05
  2755.0      2.70630E-05
  2765.0      2.69680E-05
  2775.0      2.68520E-05
  2785.0      2.66630E-05
  2795.0      2.64770E-05
  2805.0      2.62920E-05
  2815.0      2.61090E-05
  2825.0      2.59280E-05
  2835.0      2.57490E-05
  2845.0      2.55720E-05
  2855.0      2.53950E-05
  2865.0      2.51590E-05
  2875.0      2.48120E-05
  2885.0      2.48660E-05
  2895.0      2.47130E-05
  2905.0      2.45460E-05
  2915.0      2.43810E-05
  2925.0      2.42180E-05
  2935.0      2.40560E-05
  2945.0      2.38960E-05
  2955.0      2.37380E-05
  2965.0      2.35810E-05
  2975.0      2.34260E-05
  2985.0      2.32720E-05
  2995.0      2.31190E-05
  3005.0      2.29680E-05
  3015.0      2.28190E-05
  3025.0      2.26700E-05
  3035.0      2.23020E-05
  3045.0      2.22470E-05
  3055.0      2.22350E-05
  3065.0      2.20930E-05
  3075.0      2.19520E-05
  3085.0      2.18130E-05
  3095.0      2.16750E-05
  3105.0      2.15380E-05
  3115.0      2.14020E-05
  3125.0      2.12680E-05
  3135.0      2.11340E-05
  3145.0      2.10020E-05
  3155.0      2.08720E-05
  3165.0      2.07420E-05
  3175.0      2.06140E-05
  3185.0      2.04870E-05
  3195.0      2.03610E-05
  3210.0      2.01740E-05
  3230.0      1.99290E-05
  3250.0      1.96890E-05
  3270.0      1.94520E-05
  3290.0      1.90430E-05
  3310.0      1.89610E-05
  3330.0      1.87760E-05
  3350.0      1.85560E-05
  3370.0      1.83400E-05
  3390.0      1.81270E-05
  3410.0      1.79190E-05
  3430.0      1.77130E-05
  3450.0      1.75120E-05
  3470.0      1.73130E-05
  3490.0      1.71180E-05
  3510.0      1.69270E-05
  3530.0      1.67380E-05
  3550.0      1.65530E-05
  3570.0      1.63700E-05
  3590.0      1.61910E-05
  3610.0      1.60140E-05
  3630.0      1.58410E-05
  3650.0      1.56700E-05
  3670.0      1.55020E-05
  3690.0      1.53370E-05
  3710.0      1.51700E-05
  3730.0      1.49410E-05
  3750.0      1.47470E-05
  3770.0      1.47010E-05
  3790.0      1.45480E-05
  3810.0      1.43970E-05
  3830.0      1.42490E-05
  3850.0      1.41040E-05
  3870.0      1.39600E-05
  3890.0      1.38190E-05
  3910.0      1.36790E-05
  3930.0      1.35420E-05
  3950.0      1.34070E-05
  3970.0      1.32740E-05
  3990.0      1.31430E-05
  4010.0      1.30080E-05
  4030.0      1.28680E-05
  4050.0      1.26330E-05
  4070.0      1.26360E-05
  4090.0      1.25150E-05
  4110.0      1.23950E-05
  4130.0      1.22740E-05
  4150.0      1.21590E-05
  4170.0      1.20120E-05
  4190.0      1.19310E-05
  4210.0      1.18190E-05
  4230.0      1.17090E-05
  4250.0      1.15990E-05
  4270.0      1.14930E-05
  4290.0      1.13840E-05
  4310.0      1.12820E-05
  4330.0      1.11790E-05
  4350.0      1.10780E-05
  4370.0      1.09350E-05
  4390.0      1.08660E-05
  4410.0      1.07810E-05
  4430.0      1.06850E-05
  4450.0      1.05900E-05
  4470.0      1.04990E-05
  4490.0      1.04060E-05
  4510.0      1.03150E-05
  4530.0      1.02250E-05
  4550.0      1.01360E-05
  4570.0      1.00490E-05
  4590.0      9.96190E-06
  4610.0      9.87590E-06
  4630.0      9.79180E-06
  4650.0      9.58020E-06
  4670.0      9.55250E-06
  4690.0      9.53510E-06
  4710.0      9.46480E-06
  4730.0      9.38560E-06
  4750.0      9.30730E-06
  4770.0      9.23000E-06
  4790.0      9.15370E-06
  4810.0      9.07830E-06
  4830.0      9.00390E-06
  4850.0      8.93030E-06
  4870.0      8.85770E-06
  4890.0      8.78590E-06
  4910.0      8.71500E-06
  4930.0      8.64490E-06
  4950.0      8.57570E-06
  4970.0      8.50730E-06
  4990.0      8.43970E-06
  5010.0      8.37290E-06
  5030.0      8.30690E-06
  5050.0      8.24170E-06
  5070.0      8.17720E-06
  5090.0      8.11350E-06
  5110.0      8.04480E-06
  5130.0      7.91570E-06
  5150.0      7.92520E-06
  5170.0      7.86600E-06
  5190.0      7.80590E-06
  5210.0      7.74640E-06
  5230.0      7.68770E-06
  5250.0      7.62960E-06
  5270.0      7.57210E-06
  5290.0      7.51530E-06
  5310.0      7.45920E-06
  5330.0      7.40360E-06
  5350.0      7.34870E-06
  5370.0      7.29440E-06
  5390.0      7.24060E-06
  5410.0      7.18750E-06
  5430.0      7.13500E-06
  5450.0      7.08300E-06
  5470.0      7.03160E-06
  5490.0      6.98070E-06
  5510.0      6.93040E-06
  5530.0      6.88060E-06
  5550.0      6.83140E-06
  5570.0      6.78270E-06
  5590.0      6.73450E-06
  5610.0      6.68680E-06
  5630.0      6.63960E-06
  5650.0      6.59290E-06
  5670.0      6.54670E-06
  5690.0      6.50100E-06
  5710.0      6.45560E-06
  5730.0      6.41100E-06
  5750.0      6.36670E-06
  5770.0      6.32290E-06
  5790.0      6.27950E-06
  5810.0      6.23650E-06
  5830.0      6.19400E-06
  5850.0      6.15270E-06
  5870.0      6.11100E-06
  5890.0      6.06310E-06
  5910.0      5.95710E-06
  5930.0      5.98590E-06
  5950.0      5.94110E-06
  5970.0      5.90770E-06
  5990.0      5.86960E-06
  6010.0      5.83080E-06
  6030.0      5.79230E-06
  6050.0      5.75420E-06
  6070.0      5.71650E-06
  6090.0      5.67920E-06
  6110.0      5.64220E-06
  6130.0      5.60560E-06
  6150.0      5.56930E-06
  6170.0      5.53340E-06
  6190.0      5.49780E-06
  6210.0      5.46260E-06
  6230.0      5.42770E-06
  6250.0      5.39310E-06
  6270.0      5.35880E-06
  6290.0      5.30700E-06
  6310.0      5.29030E-06
  6330.0      5.25810E-06
  6350.0      5.22510E-06
  6370.0      5.19250E-06
  6390.0      5.16010E-06
  6420.0      5.11220E-06
  6460.0      5.04920E-06
  6500.0      4.98740E-06
  6540.0      4.92680E-06
  6580.0      4.86720E-06
  6620.0      4.80870E-06
  6660.0      4.75130E-06
  6700.0      4.69490E-06
  6740.0      4.63900E-06
  6780.0      4.57080E-06
  6820.0      4.53140E-06
  6860.0      4.47890E-06
  6900.0      4.42720E-06
  6940.0      4.37640E-06
  6980.0      4.32650E-06
  7020.0      4.27740E-06
  7060.0      4.22920E-06
  7100.0      4.18170E-06
  7140.0      4.13510E-06
  7180.0      4.08920E-06
  7220.0      4.04410E-06
  7260.0      3.99970E-06
  7300.0      3.95610E-06
  7340.0      3.91310E-06
  7380.0      3.87080E-06
  7420.0      3.82810E-06
  7460.0      3.75240E-06
  7500.0      3.70420E-06
  7540.0      3.70580E-06
  7580.0      3.66950E-06
  7620.0      3.63110E-06
  7660.0      3.59330E-06
  7700.0      3.55610E-06
  7740.0      3.51950E-06
  7780.0      3.48340E-06
  7820.0      3.44790E-06
  7860.0      3.41290E-06
  7900.0      3.37840E-06
  7940.0      3.34450E-06
  7980.0      3.31100E-06
  8020.0      3.27810E-06
  8060.0      3.24560E-06
  8100.0      3.21370E-06
  8140.0      3.18210E-06
  8180.0      3.15110E-06
  8220.0      3.12050E-06
  8260.0      3.09040E-06
  8300.0      3.06070E-06
  8340.0      3.03140E-06
  8380.0      3.00250E-06
  8420.0      2.97400E-06
  8460.0      2.94590E-06
  8500.0      2.91830E-06
  8540.0      2.89100E-06
  8580.0      2.86410E-06
  8620.0      2.83750E-06
  8660.0      2.80940E-06
  8700.0      2.78550E-06
  8740.0      2.74980E-06
  8780.0      2.72480E-06
  8820.0      2.71020E-06
  8860.0      2.68570E-06
  8900.0      2.66160E-06
  8940.0      2.63780E-06
  8980.0      2.61440E-06
  9020.0      2.59120E-06
  9060.0      2.56840E-06
  9100.0      2.54580E-06
  9140.0      2.52350E-06
  9180.0      2.50160E-06
  9220.0      2.47990E-06
  9260.0      2.45850E-06
  9300.0      2.43730E-06
  9340.0      2.41640E-06
  9380.0      2.39080E-06
  9420.0      2.37450E-06
  9460.0      2.35540E-06
  9500.0      2.33560E-06
  9540.0      2.31600E-06
  9580.0      2.29670E-06
  9620.0      2.27760E-06
  9660.0      2.25870E-06
  9700.0      2.24010E-06
  9740.0      2.22170E-06
  9780.0      2.20350E-06
  9820.0      2.18560E-06
  9860.0      2.16780E-06
  9900.0      2.15030E-06
  9940.0      2.13300E-06
  9980.0      2.11590E-06
  10020.      2.09900E-06
  20000.      5.23100E-07
  40000.      1.29490E-07
  60000.      5.72640E-08
  80000.      3.21110E-08
 1.00000E+05  2.05060E-08
 1.20000E+05  1.42160E-08
 1.40000E+05  1.04300E-08
 1.60000E+05  7.97620E-09
