 WMBASIC, Moont, Westmoquette 2004 (Pauldrach 2003) after SNC 2002
 Z/Z0 2.00 Teff 40.00 logg 4.00 R/R0 10.61 R 7.3793E+11
   Wavelength   Eddington Hnu
 (Angstroms) (erg/s/cm2/Hz/sr)
 5.00000000E+01 7.39879560E-38
 5.48514390E+01 1.05261800E-35
 6.07455020E+01 1.29193430E-33
 6.80587560E+01 1.53515790E-31
 7.00045780E+01 4.73729110E-31
 7.20649380E+01 1.51759660E-30
 7.31412780E+01 2.81506210E-30
 7.42502560E+01 5.53630790E-30
 7.42530130E+01 1.82499240E-29
 7.90441730E+01 9.57836900E-29
 8.44998470E+01 4.43282580E-28
 9.07644620E+01 1.81224550E-27
 9.42585110E+01 3.52847610E-27
 9.80323440E+01 6.78008050E-27
 9.80371490E+01 6.77788390E-27
 9.94725570E+01 8.57942820E-27
 1.00955720E+02 1.08959820E-26
 1.00956230E+02 1.08959630E-26
 1.02697840E+02 1.43830220E-26
 1.04501150E+02 1.91828560E-26
 1.04501690E+02 1.91844760E-26
 1.05881020E+02 2.39897800E-26
 1.07297830E+02 3.03540220E-26
 1.07298410E+02 3.03568700E-26
 1.08067960E+02 3.46140820E-26
 1.08849220E+02 3.96717540E-26
 1.08849820E+02 3.99369950E-26
 1.11066990E+02 5.99043410E-26
 1.13377010E+02 9.66817190E-26
 1.13377660E+02 9.42770940E-26
 1.15811840E+02 1.73929510E-25
 1.18353530E+02 3.94193730E-25
 1.18354230E+02 3.94294120E-25
 1.18948900E+02 4.92347390E-25
 1.19550290E+02 6.23549630E-25
 1.19551000E+02 6.23669650E-25
 1.21713390E+02 1.58886660E-24
 1.23956210E+02 4.63921100E-24
 1.23956980E+02 2.88552190E-24
 1.25291800E+02 5.77817650E-24
 1.26656480E+02 1.17538300E-23
 1.26657280E+02 1.17589470E-23
 1.26797720E+02 1.26469710E-23
 1.26798530E+02 1.20940720E-23
 1.27081660E+02 1.40134770E-23
 1.27082470E+02 1.34998560E-23
 1.27447660E+02 1.63294300E-23
 1.27448480E+02 1.63904300E-23
 1.27944040E+02 2.11672520E-23
 1.27944860E+02 2.09112930E-23
 1.28310670E+02 2.52529490E-23
 1.28311500E+02 2.48400310E-23
 1.29932340E+02 5.68758020E-23
 1.31595520E+02 1.30300440E-22
 1.31596380E+02 1.30355940E-22
 1.32580630E+02 2.10739740E-22
 1.33580600E+02 3.40679790E-22
 1.33581490E+02 3.40820530E-22
 1.34475920E+02 5.20338880E-22
 1.35383330E+02 7.94389020E-22
 1.35384240E+02 7.94655820E-22
 1.38164970E+02 2.79882910E-21
 1.41063320E+02 9.81484680E-21
 1.41064320E+02 9.81897990E-21
 1.41853670E+02 1.36850250E-20
 1.41854680E+02 1.36907820E-20
 1.43685140E+02 2.91127300E-20
 1.45564520E+02 6.18138460E-20
 1.45565580E+02 6.18397160E-20
 1.48089090E+02 1.64436150E-19
 1.50702770E+02 4.35922290E-19
 1.50703910E+02 4.36103450E-19
 1.52594350E+02 8.62729120E-19
 1.54534020E+02 1.70437560E-18
 1.54535210E+02 1.71895720E-18
 1.55996320E+02 2.83482630E-18
 1.57486560E+02 4.67229180E-18
 1.57487800E+02 4.67354380E-18
 1.58750220E+02 7.07859300E-18
 1.60034310E+02 1.07180930E-17
 1.60035590E+02 1.07765660E-17
 1.60224390E+02 1.14470640E-17
 1.60225670E+02 1.16318070E-17
 1.62147230E+02 2.13017490E-17
 1.64116780E+02 3.89636740E-17
 1.64118130E+02 2.40511570E-18
 1.67480830E+02 6.52093550E-18
 1.70985680E+02 1.76125200E-17
 1.70987140E+02 1.57158140E-17
 1.71113420E+02 1.62751150E-17
 1.71114880E+02 1.33939820E-17
 1.71458910E+02 1.47292510E-17
 1.71460380E+02 7.98315470E-18
 1.72433830E+02 1.04290810E-17
 1.72435320E+02 2.18576010E-18
 1.72510760E+02 2.23207080E-18
 1.72512240E+02 2.23272350E-18
 1.73777390E+02 3.16432720E-18
 1.75062760E+02 4.48500180E-18
 1.75064300E+02 4.48685260E-18
 1.77188030E+02 7.89048810E-18
 1.79365540E+02 1.38702840E-17
 1.79367150E+02 1.38561480E-17
 1.81856170E+02 2.59459840E-17
 1.84416950E+02 4.85594880E-17
 1.84418650E+02 4.85793790E-17
 1.85778830E+02 6.72715260E-17
 1.87160980E+02 9.31731790E-17
 1.87162730E+02 9.31653720E-17
 1.88738970E+02 1.34256100E-16
 1.88740750E+02 1.34311050E-16
 1.90123900E+02 1.84116780E-16
 1.90125710E+02 1.84192040E-16
 1.90853060E+02 2.17007700E-16
 1.90854880E+02 2.17093890E-16
 1.92241740E+02 2.95706670E-16
 1.92243590E+02 2.92374760E-16
 1.92420960E+02 3.04061130E-16
 1.92783400E+02 3.25841760E-16
 1.93146520E+02 3.54406150E-16
 1.93510330E+02 3.86148190E-16
 1.93566170E+02 3.90857190E-16
 1.93568040E+02 3.91016060E-16
 1.93874820E+02 4.17853120E-16
 1.94239990E+02 1.41839960E-16
 1.94605860E+02 4.89721300E-16
 1.94617540E+02 4.90950730E-16
 1.94619430E+02 4.91045270E-16
 1.94836520E+02 5.14382620E-16
 1.94838420E+02 5.14590880E-16
 1.94972410E+02 5.29481330E-16
 1.95339650E+02 5.72604000E-16
 1.95707590E+02 6.19781960E-16
 1.95961030E+02 6.54023730E-16
 1.96076220E+02 6.70166250E-16
 1.96445540E+02 7.24920510E-16
 1.96815560E+02 7.84031340E-16
 1.97098590E+02 8.32167760E-16
 1.97100530E+02 8.32507740E-16
 1.97186270E+02 8.47648280E-16
 1.97557690E+02 9.16080370E-16
 1.97929800E+02 9.89292140E-16
 1.98302610E+02 1.06947990E-15
 1.98676130E+02 1.15562350E-15
 1.98877180E+02 1.20457320E-15
 1.99050350E+02 1.24830020E-15
 1.99425280E+02 1.33226970E-15
 1.99800910E+02 1.40966630E-15
 2.00177240E+02 1.51806190E-15
 2.00554290E+02 1.69348050E-15
 2.00688160E+02 1.73144100E-15
 2.00690170E+02 1.73199900E-15
 2.00932050E+02 1.79628690E-15
 2.01310520E+02 1.97728560E-15
 2.01590960E+02 2.09117890E-15
 2.01592990E+02 2.09202330E-15
 2.01689700E+02 2.13253980E-15
 2.02069600E+02 2.30213490E-15
 2.02358650E+02 2.43854280E-15
 2.02360700E+02 2.43953330E-15
 2.02450210E+02 2.48331560E-15
 2.02518850E+02 3.18203910E-15
 2.02520900E+02 3.20242850E-15
 2.02831540E+02 5.99433990E-15
 2.03213580E+02 1.41061380E-14
 2.03596350E+02 3.11405090E-15
 2.03979840E+02 2.56279830E-15
 2.04364050E+02 3.61964130E-15
 2.04748980E+02 4.38070700E-15
 2.05134640E+02 4.20054750E-15
 2.05521020E+02 4.52957940E-15
 2.05908140E+02 4.87953170E-15
 2.06295980E+02 5.25414760E-15
 2.06508510E+02 5.47249680E-15
 2.06684550E+02 5.66023360E-15
 2.07073860E+02 6.08806670E-15
 2.07463890E+02 6.52301080E-15
 2.07854660E+02 7.06593540E-15
 2.08246170E+02 7.60564530E-15
 2.08638420E+02 8.18548460E-15
 2.09031400E+02 8.80189510E-15
 2.09425130E+02 9.47599870E-15
 2.09819590E+02 1.01939890E-14
 2.10214800E+02 1.09629410E-14
 2.10610760E+02 1.17907370E-14
 2.10658520E+02 1.18944510E-14
 2.11007460E+02 1.26808840E-14
 2.11404900E+02 1.36325070E-14
 2.11803100E+02 1.46439140E-14
 2.12202040E+02 1.00669230E-14
 2.12601740E+02 1.69300030E-14
 2.13002190E+02 1.81870450E-14
 2.13403400E+02 1.95281510E-14
 2.13805350E+02 2.09857310E-14
 2.14208070E+02 2.25454100E-14
 2.14611550E+02 2.42200470E-14
 2.14978750E+02 2.58386760E-14
 2.15015780E+02 2.60074740E-14
 2.15420780E+02 2.79239520E-14
 2.15826540E+02 2.99704900E-14
 2.16233060E+02 3.21755150E-14
 2.16640350E+02 3.45285630E-14
 2.17048410E+02 3.70531900E-14
 2.17206010E+02 3.80736100E-14
 2.17457230E+02 3.97554760E-14
 2.17866830E+02 4.26489040E-14
 2.18277200E+02 4.57398220E-14
 2.18688340E+02 4.90521360E-14
 2.19100250E+02 5.25936550E-14
 2.19479890E+02 5.60915500E-14
 2.19482300E+02 5.61063900E-14
 2.19512940E+02 5.63992150E-14
 2.19926410E+02 6.04220360E-14
 2.20340650E+02 6.40162290E-14
 2.20755680E+02 8.07089090E-14
 2.21171490E+02 7.43417920E-14
 2.21588080E+02 7.97378840E-14
 2.22005460E+02 8.54331310E-14
 2.22423620E+02 9.15138840E-14
 2.22502670E+02 9.27085830E-14
 2.22842570E+02 9.80159650E-14
 2.23262310E+02 1.04962580E-13
 2.23682840E+02 1.12380850E-13
 2.24104160E+02 1.20315030E-13
 2.24526270E+02 1.28765500E-13
 2.24949180E+02 1.38757520E-13
 2.25372890E+02 2.09641030E-13
 2.25609880E+02 1.73547240E-13
 2.25612420E+02 1.07852960E-13
 2.25797400E+02 5.02302380E-14
 2.25845330E+02 5.35259500E-14
 2.25847880E+02 5.36775250E-14
 2.26222700E+02 8.05600740E-14
 2.26648810E+02 8.63312850E-14
 2.26991880E+02 9.12429590E-14
 2.26994450E+02 9.12808420E-14
 2.27075710E+02 9.24835640E-14
 2.27503430E+02 9.76521290E-14
 2.27837820E+02 1.61204030E-12
 2.27840410E+02 3.32671360E-08
 2.27931940E+02 3.77898950E-08
 2.28361270E+02 7.32695630E-10
 2.28791400E+02 3.86582010E-10
 2.29222350E+02 2.43885370E-09
 2.29654100E+02 2.29711140E-10
 2.30086670E+02 5.56683960E-09
 2.30520060E+02 3.28956910E-09
 2.30721440E+02 2.95076590E-09
 2.30954260E+02 2.54680510E-09
 2.31389270E+02 1.92763850E-08
 2.31825110E+02 8.50984110E-09
 2.32261770E+02 7.26553140E-10
 2.32699250E+02 3.20481810E-09
 2.33137550E+02 1.18189200E-08
 2.33576680E+02 2.44260290E-08
 2.33678980E+02 4.09537040E-08
 2.33681710E+02 4.13978060E-08
 2.34016640E+02 9.70662290E-08
 2.34457430E+02 6.48233180E-08
 2.34899040E+02 3.41913970E-08
 2.34985870E+02 2.78655070E-08
 2.35341490E+02 1.20338430E-09
 2.35784770E+02 9.49114260E-09
 2.36228890E+02 2.26667450E-10
 2.36307460E+02 1.91811700E-10
 2.36310250E+02 1.93096280E-10
 2.36673840E+02 2.49101590E-11
 2.37119630E+02 1.18751980E-09
 2.37566270E+02 5.84304620E-09
 2.37749710E+02 7.39148480E-09
 2.37752530E+02 7.41137120E-09
 2.38013740E+02 9.67662130E-09
 2.38462050E+02 1.72871920E-08
 2.38911210E+02 5.27514130E-08
 2.39361220E+02 1.47459770E-07
 2.39812070E+02 9.08544500E-08
 2.40263770E+02 2.60377860E-07
 2.40641950E+02 2.88231170E-07
 2.40716330E+02 2.93843140E-07
 2.41169730E+02 5.00590520E-09
 2.41623990E+02 6.38253520E-09
 2.42079110E+02 8.69753860E-08
 2.42535080E+02 4.14272560E-07
 2.42991910E+02 1.85865590E-08
 2.43449600E+02 9.65501510E-08
 2.43605420E+02 1.07206720E-07
 2.43608390E+02 1.07279740E-07
 2.43908150E+02 1.28299510E-07
 2.44367570E+02 1.67378020E-07
 2.44827850E+02 3.94974640E-07
 2.45289000E+02 1.81421100E-08
 2.45413770E+02 2.98850180E-08
 2.45416780E+02 3.01668540E-08
 2.45751020E+02 6.24869010E-08
 2.46213910E+02 5.66938360E-08
 2.46677670E+02 6.96248900E-08
 2.47142310E+02 1.08925860E-07
 2.47579110E+02 8.79523100E-08
 2.47582170E+02 8.77770590E-08
 2.47607810E+02 8.65102960E-08
 2.48074200E+02 1.00737720E-07
 2.48541460E+02 1.23631280E-07
 2.49009610E+02 1.05554560E-08
 2.49478640E+02 1.71902220E-09
 2.49834420E+02 6.51394050E-08
 2.49837540E+02 6.55433960E-08
 2.49948550E+02 8.58102940E-08
 2.50419340E+02 3.71932940E-07
 2.50891020E+02 6.25602320E-07
 2.51363590E+02 8.52997580E-07
 2.51553820E+02 9.19851790E-07
 2.51837050E+02 1.02183030E-06
 2.52311400E+02 8.20922310E-07
 2.52786650E+02 1.23995490E-06
 2.53262790E+02 9.36196910E-07
 2.53297040E+02 9.35629130E-07
 2.53300250E+02 9.35882240E-07
 2.53739830E+02 9.28019980E-07
 2.54217760E+02 1.68768900E-08
 2.54600830E+02 5.82888260E-08
 2.54604070E+02 5.84913910E-08
 2.54696600E+02 6.87280720E-08
 2.55176340E+02 2.04998530E-07
 2.55656980E+02 1.86955060E-06
 2.56138530E+02 2.01631530E-06
 2.56620980E+02 2.78295400E-06
 2.56735220E+02 2.51583090E-06
 2.57104340E+02 1.62954860E-06
 2.57588620E+02 1.13097430E-06
 2.58073800E+02 1.26747530E-06
 2.58559900E+02 1.64438260E-07
 2.58905710E+02 4.99547200E-07
 2.58909060E+02 5.02877360E-07
 2.59046920E+02 6.39884300E-07
 2.59534850E+02 1.09657580E-06
 2.60023700E+02 1.44319410E-06
 2.60513470E+02 1.06775240E-07
 2.61004170E+02 1.55298120E-06
 2.61010740E+02 1.53276910E-06
 2.61014140E+02 3.55991340E-06
 2.61378120E+02 8.78585670E-07
 2.61381530E+02 4.28973060E-08
 2.61495790E+02 4.29175020E-08
 2.61988330E+02 6.53317690E-08
 2.62481800E+02 3.73208400E-07
 2.62976210E+02 5.14145550E-06
 2.63471540E+02 1.88336160E-06
 2.63967810E+02 4.49814370E-06
 2.64465010E+02 3.43571210E-06
 2.64575530E+02 2.68851270E-06
 2.64963150E+02 6.71494420E-08
 2.65462220E+02 8.74421840E-08
 2.65962240E+02 1.83688980E-06
 2.66463200E+02 3.11649080E-06
 2.66965100E+02 5.40515260E-06
 2.67467940E+02 5.73757660E-06
 2.67852140E+02 3.90495300E-06
 2.67971740E+02 3.33419110E-06
 2.68476480E+02 3.99472680E-06
 2.68982170E+02 1.07828800E-05
 2.69488820E+02 2.83348860E-06
 2.69996420E+02 2.00628630E-06
 2.70504980E+02 1.47713130E-06
 2.71014490E+02 2.12382240E-06
 2.71210930E+02 2.66216010E-06
 2.71524960E+02 3.52351290E-06
 2.72036400E+02 6.58337340E-06
 2.72548800E+02 5.88907200E-06
 2.72922110E+02 2.04254780E-06
 2.73062160E+02 5.98126110E-07
 2.73576490E+02 4.78566410E-06
 2.74091790E+02 1.39609810E-05
 2.74608060E+02 2.39233950E-05
 2.74655030E+02 2.18661000E-05
 2.74658800E+02 2.37092830E-05
 2.75125310E+02 1.35545710E-06
 2.75643520E+02 3.92179400E-06
 2.76162720E+02 4.91592080E-06
 2.76682890E+02 5.54865320E-06
 2.77204040E+02 4.71797040E-07
 2.77726170E+02 1.52381190E-07
 2.78249290E+02 1.77135700E-07
 2.78773390E+02 6.40163200E-07
 2.79298480E+02 2.91103250E-06
 2.79824550E+02 6.99730600E-06
 2.80351620E+02 4.69222640E-06
 2.80459440E+02 3.75516740E-06
 2.80879680E+02 9.74312100E-08
 2.81408740E+02 6.16042920E-08
 2.81938790E+02 1.86654330E-06
 2.82469840E+02 5.08288980E-06
 2.83001890E+02 7.52064870E-06
 2.83534950E+02 3.50780340E-07
 2.84069000E+02 3.45918390E-07
 2.84604070E+02 2.75692350E-06
 2.85140140E+02 3.01546660E-06
 2.85677220E+02 1.88159680E-06
 2.86215310E+02 2.50530040E-06
 2.86514480E+02 3.41180800E-06
 2.86518580E+02 4.15855980E-06
 2.86754420E+02 5.02731790E-06
 2.87294540E+02 1.06426840E-05
 2.87835680E+02 6.41057600E-06
 2.88377830E+02 4.33356340E-06
 2.88921010E+02 4.25344950E-06
 2.89465220E+02 3.64947120E-06
 2.90010440E+02 3.37653670E-06
 2.90556700E+02 4.33800580E-06
 2.91030630E+02 5.53416980E-06
 2.91103980E+02 5.71969510E-06
 2.91652290E+02 3.95353490E-06
 2.92201640E+02 2.64997990E-06
 2.92752020E+02 3.94948330E-06
 2.93303440E+02 4.29337380E-06
 2.93855900E+02 7.00840060E-06
 2.94409390E+02 8.83425830E-06
 2.94963930E+02 1.14392920E-05
 2.95519520E+02 1.15069640E-05
 2.95691420E+02 1.12917670E-05
 2.95695790E+02 1.12881900E-05
 2.96076150E+02 1.08109320E-05
 2.96633830E+02 1.26890910E-05
 2.97192560E+02 2.12981120E-05
 2.97613730E+02 2.46770720E-05
 2.97752340E+02 2.57920790E-05
 2.98313180E+02 1.14538540E-05
 2.98875070E+02 3.31504260E-06
 2.99438020E+02 8.12479690E-06
 2.99561200E+02 6.61185360E-06
 2.99565690E+02 7.83093260E-06
 2.99930480E+02 1.37144080E-05
 2.99934970E+02 1.33761480E-05
 3.00002030E+02 7.86779250E-06
 3.00567110E+02 1.15112290E-05
 3.01133250E+02 6.24527720E-08
 3.01700450E+02 3.10636410E-06
 3.02141460E+02 5.87475630E-06
 3.02268720E+02 6.67463220E-06
 3.02838070E+02 3.52331880E-06
 3.03408480E+02 1.18365340E-07
 3.03979970E+02 3.79671970E-06
 3.04385280E+02 7.94619920E-06
 3.04389910E+02 7.99435410E-06
 3.04552540E+02 9.66149010E-06
 3.05126190E+02 1.21873070E-05
 3.05700910E+02 1.29100870E-05
 3.06276720E+02 1.05743010E-05
 3.06853610E+02 7.55521470E-06
 3.07431590E+02 8.37322880E-06
 3.08010660E+02 8.55617760E-06
 3.08590820E+02 1.15904390E-05
 3.08844150E+02 6.60357650E-05
 3.09172070E+02 1.36592000E-04
 3.09754420E+02 1.89479610E-08
 3.10337860E+02 2.53772550E-08
 3.10922400E+02 4.17361840E-08
 3.11508050E+02 9.00245770E-07
 3.12094790E+02 6.71399480E-06
 3.12682640E+02 1.21240320E-05
 3.13271600E+02 1.19657930E-05
 3.13435610E+02 1.26064260E-05
 3.13440520E+02 1.28915120E-05
 3.13861670E+02 1.45731420E-05
 3.14452850E+02 5.51873300E-05
 3.15045140E+02 2.10638660E-05
 3.15638550E+02 1.72080380E-05
 3.16233080E+02 9.94629720E-05
 3.16273590E+02 9.38723340E-05
 3.16828720E+02 1.71752320E-05
 3.17425490E+02 1.18683230E-04
 3.18023380E+02 1.54942950E-04
 3.18622400E+02 3.33101530E-06
 3.19163430E+02 7.94964050E-06
 3.19168530E+02 9.67941160E-06
 3.19222550E+02 1.02384450E-05
 3.19823830E+02 3.01632930E-06
 3.20426240E+02 5.42812690E-06
 3.20800100E+02 9.46301890E-06
 3.20805250E+02 9.55738930E-06
 3.21029780E+02 1.19929040E-05
 3.21634460E+02 9.01849860E-07
 3.22240280E+02 1.70721730E-06
 3.22847240E+02 2.30740580E-06
 3.23455350E+02 7.85639290E-06
 3.24064600E+02 1.38558680E-05
 3.24233030E+02 1.62407750E-05
 3.24675000E+02 2.25046800E-05
 3.25286540E+02 3.26508990E-05
 3.25899240E+02 3.19023700E-06
 3.26513100E+02 1.62232370E-05
 3.27128100E+02 1.15409110E-05
 3.27740230E+02 1.80118960E-05
 3.27744270E+02 1.80546920E-05
 3.27745600E+02 1.81058300E-05
 3.27954120E+02 1.60217320E-05
 3.27959500E+02 1.69565130E-05
 3.28361600E+02 1.26856300E-05
 3.28839200E+02 1.25253080E-05
 3.28844600E+02 1.28769370E-05
 3.28980090E+02 1.28300150E-05
 3.29599750E+02 1.66420970E-05
 3.30220570E+02 6.40274700E-05
 3.30842560E+02 5.44402950E-06
 3.30968620E+02 6.97492300E-06
 3.31465730E+02 1.30176460E-05
 3.32090070E+02 1.49884950E-05
 3.32715580E+02 1.13730750E-06
 3.33125800E+02 4.74624830E-06
 3.33131340E+02 4.79536590E-06
 3.33342270E+02 6.65277990E-06
 3.33970150E+02 3.76901850E-06
 3.34599200E+02 1.85178650E-06
 3.35229440E+02 2.24078020E-06
 3.35860870E+02 6.84087010E-06
 3.36493480E+02 1.46176770E-05
 3.37127290E+02 2.45202010E-05
 3.37447320E+02 1.66942830E-05
 3.37762290E+02 8.98568150E-06
 3.38398490E+02 1.68688800E-05
 3.39035890E+02 1.50247970E-05
 3.39674490E+02 1.92018690E-05
 3.40314290E+02 1.86408230E-05
 3.40955290E+02 2.08406790E-05
 3.41597500E+02 1.33856000E-05
 3.41882450E+02 1.41453880E-05
 3.41888290E+02 1.48188310E-05
 3.42240920E+02 1.58025770E-05
 3.42885560E+02 1.86782170E-05
 3.43531410E+02 8.18613550E-05
 3.44178470E+02 3.79777980E-05
 3.44826750E+02 2.61710740E-05
 3.45476260E+02 1.58386470E-05
 3.46126990E+02 1.65241320E-04
 3.46778940E+02 6.80145820E-05
 3.46988970E+02 5.51641030E-05
 3.47432120E+02 2.80337980E-05
 3.48086530E+02 2.42046810E-05
 3.48742180E+02 3.29627500E-04
 3.49399060E+02 3.19719240E-05
 3.50057170E+02 5.81530040E-06
 3.50716530E+02 7.12200350E-06
 3.51377130E+02 9.10991890E-06
 3.52038970E+02 1.85816160E-05
 3.52250350E+02 2.13425380E-05
 3.52256560E+02 2.41502450E-05
 3.52702060E+02 3.07187860E-05
 3.53366400E+02 3.03883840E-05
 3.54031990E+02 1.83317210E-05
 3.54698830E+02 1.80444460E-05
 3.55366930E+02 1.88970060E-05
 3.56036290E+02 2.04035870E-05
 3.56567800E+02 1.73894320E-05
 3.56706900E+02 1.65999420E-05
 3.57378790E+02 2.94942160E-05
 3.58051930E+02 2.50189530E-05
 3.58726350E+02 8.69615000E-06
 3.59402030E+02 8.34173770E-06
 3.60078990E+02 1.75756370E-05
 3.60757220E+02 3.03446950E-05
 3.60992390E+02 3.36699890E-05
 3.61436730E+02 3.99573770E-05
 3.62117530E+02 2.92039940E-06
 3.62799600E+02 1.79718600E-05
 3.63482960E+02 1.38233580E-04
 3.64167600E+02 5.79903850E-05
 3.64853530E+02 6.18474090E-05
 3.65528170E+02 6.08413150E-05
 3.65540760E+02 6.08225230E-05
 3.66229280E+02 3.03951210E-04
 3.66919100E+02 9.17811900E-05
 3.67610220E+02 2.22332910E-04
 3.67839080E+02 1.61508840E-04
 3.68302630E+02 3.82333630E-05
 3.68996360E+02 2.51320290E-05
 3.69691390E+02 2.93780800E-04
 3.70179390E+02 1.16867300E-04
 3.70186240E+02 1.14384510E-04
 3.70387720E+02 4.12946060E-05
 3.71085380E+02 5.63250890E-07
 3.71784340E+02 2.43631990E-05
 3.72484620E+02 5.66180250E-05
 3.73186220E+02 7.85114910E-05
 3.73889140E+02 8.23781900E-05
 3.74593390E+02 5.28651670E-05
 3.75000000E+02 1.70765380E-04
 3.75298960E+02 2.57496190E-04
 3.76005860E+02 3.22524190E-06
 3.76714090E+02 1.27445010E-05
 3.77423660E+02 4.59630860E-05
 3.78134560E+02 4.77612920E-05
 3.78846800E+02 5.00685810E-05
 3.79560390E+02 5.67126750E-05
 3.80275310E+02 6.41433950E-05
 3.80991590E+02 5.25060130E-05
 3.81709210E+02 2.36530680E-06
 3.82428190E+02 1.49887870E-05
 3.83148520E+02 3.73698430E-05
 3.83870200E+02 6.52110780E-06
 3.84593250E+02 4.02222110E-05
 3.85317650E+02 1.09474600E-04
 3.86043430E+02 9.89797150E-05
 3.86770560E+02 1.04756560E-04
 3.87499070E+02 8.51448290E-05
 3.87886570E+02 9.27696990E-05
 3.88228950E+02 9.95092810E-05
 3.88960210E+02 8.26654290E-05
 3.89692840E+02 6.17186310E-05
 3.90426850E+02 4.40929820E-05
 3.91162250E+02 5.37251760E-05
 3.91899030E+02 7.56436700E-05
 3.92637200E+02 5.14203310E-05
 3.93376760E+02 1.18580060E-04
 3.94117710E+02 2.18479050E-04
 3.94860060E+02 2.18718050E-04
 3.95000000E+02 2.01740560E-04
 3.95603800E+02 1.28464280E-04
 3.96348950E+02 9.05128980E-05
 3.97095500E+02 6.69253610E-05
 3.97843450E+02 9.24400010E-05
 3.98592820E+02 2.46988160E-04
 3.99343590E+02 2.67612520E-04
 4.00095790E+02 1.97029150E-04
 4.00849390E+02 1.30651310E-04
 4.01604420E+02 4.82611700E-04
 4.02360870E+02 5.13611720E-04
 4.03118740E+02 1.86718440E-04
 4.03878040E+02 6.58951960E-04
 4.04638780E+02 5.97356910E-04
 4.05400940E+02 3.21849760E-04
 4.06164540E+02 2.53295690E-04
 4.06929580E+02 1.86690750E-04
 4.07372880E+02 1.66810950E-04
 4.07696060E+02 1.52314150E-04
 4.08463980E+02 1.95622270E-04
 4.09233350E+02 2.41701720E-04
 4.10004170E+02 3.88209290E-04
 4.10776440E+02 5.06534560E-04
 4.11550160E+02 4.95486980E-04
 4.12325350E+02 3.83682590E-04
 4.13101990E+02 7.24247520E-04
 4.13880090E+02 4.33522710E-04
 4.14000000E+02 4.07214820E-04
 4.14659660E+02 2.62449810E-04
 4.15440700E+02 1.96241930E-04
 4.16223210E+02 2.17375300E-04
 4.17007200E+02 5.75944840E-04
 4.17792660E+02 4.07492230E-04
 4.18579600E+02 1.38612380E-04
 4.19368020E+02 5.59591520E-05
 4.20157930E+02 1.92427640E-04
 4.20949330E+02 2.71879360E-04
 4.21742210E+02 2.48988740E-04
 4.22000000E+02 2.36621330E-04
 4.22536590E+02 2.10873100E-04
 4.23332470E+02 2.27315860E-04
 4.24129840E+02 2.53237660E-04
 4.24928720E+02 2.19324110E-04
 4.25729100E+02 2.77983100E-04
 4.26530990E+02 1.37179990E-04
 4.27334390E+02 1.15923170E-05
 4.28139310E+02 1.58424040E-04
 4.28920620E+02 2.68634880E-04
 4.28945740E+02 2.72178730E-04
 4.29753680E+02 1.61757800E-05
 4.30563150E+02 2.27811280E-04
 4.31374150E+02 3.02536510E-04
 4.32186670E+02 4.58435360E-04
 4.33000720E+02 5.95314980E-04
 4.33816310E+02 4.75300930E-04
 4.34633430E+02 3.75857630E-04
 4.35452090E+02 3.23166650E-04
 4.36272300E+02 2.43421310E-04
 4.37094040E+02 1.74480180E-04
 4.37917340E+02 1.10085330E-04
 4.38742190E+02 1.08285420E-04
 4.39568590E+02 4.89441140E-05
 4.40396540E+02 1.26485770E-05
 4.40572520E+02 3.62017030E-05
 4.41226060E+02 1.23683810E-04
 4.42057140E+02 4.07390730E-05
 4.42889780E+02 2.40547100E-04
 4.43724000E+02 1.72591130E-04
 4.44559780E+02 3.61822100E-04
 4.45397140E+02 1.66002280E-04
 4.46236070E+02 2.80176630E-04
 4.47076590E+02 2.39596310E-04
 4.47918690E+02 2.84478410E-04
 4.48762370E+02 3.16520960E-04
 4.49607650E+02 1.95323120E-04
 4.50454510E+02 2.82747500E-04
 4.51302980E+02 2.27812570E-04
 4.52153040E+02 3.66017320E-04
 4.52875170E+02 6.54826570E-04
 4.52885420E+02 6.59007050E-04
 4.53004700E+02 7.06720220E-04
 4.53857960E+02 8.99809380E-05
 4.54712830E+02 2.30930390E-04
 4.55569320E+02 3.88973940E-04
 4.56427410E+02 7.37705460E-04
 4.56474270E+02 7.52535630E-04
 4.57287120E+02 1.00984510E-03
 4.58148450E+02 4.69699050E-04
 4.59011410E+02 2.06823150E-04
 4.59875990E+02 4.07619850E-04
 4.60131030E+02 2.99242560E-04
 4.60141610E+02 2.96262270E-04
 4.60500780E+02 1.42837890E-04
 4.60511380E+02 1.38309810E-04
 4.60742190E+02 3.97047560E-05
 4.61610030E+02 6.47237380E-04
 4.62479510E+02 7.69709780E-04
 4.63350620E+02 6.25185590E-04
 4.63872020E+02 7.62771160E-04
 4.63882780E+02 7.65631130E-04
 4.64223370E+02 8.55514730E-04
 4.65097770E+02 1.48776530E-03
 4.65973810E+02 8.68183510E-04
 4.66851500E+02 1.24569970E-03
 4.67730850E+02 5.48549780E-04
 4.68011200E+02 4.33204810E-04
 4.68611850E+02 1.86055310E-04
 4.69494510E+02 5.85724380E-04
 4.70378840E+02 5.99538040E-04
 4.71264830E+02 2.66877840E-04
 4.72152490E+02 1.12526270E-03
 4.72224910E+02 1.13215590E-03
 4.72236060E+02 1.13321820E-03
 4.73041820E+02 1.20991520E-03
 4.73932820E+02 9.29260440E-04
 4.74825510E+02 1.13076980E-03
 4.75719870E+02 1.02556840E-03
 4.76615920E+02 1.75097980E-04
 4.77513660E+02 3.16859800E-04
 4.78413090E+02 8.64971290E-04
 4.78684420E+02 6.83343470E-04
 4.79314210E+02 2.61711660E-04
 4.80217030E+02 1.58410690E-04
 4.81121560E+02 2.27948350E-04
 4.82027780E+02 3.11171430E-04
 4.82935710E+02 5.67264980E-05
 4.83845350E+02 1.16830450E-06
 4.84756710E+02 6.09248320E-06
 4.85323100E+02 1.00780580E-05
 4.85334880E+02 1.01618520E-05
 4.85669780E+02 1.25190430E-05
 4.86584570E+02 7.47935530E-05
 4.87501090E+02 1.91257380E-04
 4.88083090E+02 4.46208320E-04
 4.88419330E+02 5.93526170E-04
 4.89339300E+02 1.79847930E-03
 4.90261000E+02 2.52395560E-03
 4.90874640E+02 1.03200960E-03
 4.90886690E+02 1.00654220E-03
 4.91184440E+02 2.79726110E-04
 4.92109620E+02 1.10930180E-03
 4.93036540E+02 1.64981060E-03
 4.93965210E+02 9.68220390E-04
 4.94895630E+02 8.01811410E-04
 4.95263790E+02 1.13440290E-03
 4.95827800E+02 1.64399580E-03
 4.96761720E+02 3.53684810E-04
 4.97697410E+02 1.34621310E-03
 4.98634850E+02 1.21328270E-03
 4.99574060E+02 5.14940810E-04
 4.99732140E+02 5.68373150E-04
 4.99744630E+02 5.78789820E-04
 5.00515050E+02 8.42026800E-04
 5.01457800E+02 8.68963570E-04
 5.02402330E+02 1.06989300E-04
 5.03348640E+02 8.14936210E-06
 5.04273720E+02 8.78327220E-05
 5.04286430E+02 9.80578510E-05
 5.04296730E+02 9.90351170E-05
 5.05246610E+02 6.46586950E-04
 5.06198270E+02 1.15738750E-03
 5.07151730E+02 1.21170480E-03
 5.08106980E+02 1.33555500E-03
 5.08589050E+02 1.55053180E-03
 5.08601990E+02 1.55649580E-03
 5.09064040E+02 1.76248470E-03
 5.10022890E+02 1.00135820E-03
 5.10983560E+02 1.30950870E-03
 5.11946030E+02 8.11372290E-04
 5.12052960E+02 8.42570010E-04
 5.12066070E+02 8.54833630E-04
 5.12910310E+02 1.10347020E-03
 5.13876410E+02 1.59500100E-03
 5.14844340E+02 1.33910970E-03
 5.15814080E+02 2.36431820E-04
 5.16785650E+02 1.39345160E-03
 5.17759050E+02 9.97912570E-04
 5.18734280E+02 6.82892750E-04
 5.19711360E+02 8.95579490E-04
 5.20690270E+02 1.25307840E-03
 5.21671020E+02 2.05633290E-05
 5.22653620E+02 2.13005820E-04
 5.22811300E+02 2.57574040E-04
 5.23638080E+02 4.91152300E-04
 5.24624390E+02 1.01849290E-03
 5.25612550E+02 6.44254800E-04
 5.26602580E+02 6.94122310E-04
 5.27594470E+02 2.71742120E-04
 5.28588230E+02 6.38628400E-04
 5.29583860E+02 2.46481620E-04
 5.30000000E+02 5.37744480E-04
 5.30581370E+02 9.44451690E-04
 5.31580750E+02 1.51750970E-03
 5.32582020E+02 1.49054130E-03
 5.33585170E+02 5.84459560E-05
 5.34031420E+02 5.38241680E-04
 5.34045680E+02 5.53570520E-04
 5.34590220E+02 1.13875540E-03
 5.35597150E+02 8.33298410E-04
 5.36605990E+02 1.85293280E-04
 5.37616720E+02 8.01821180E-06
 5.38629360E+02 5.15929050E-05
 5.39643900E+02 2.03642420E-05
 5.40660360E+02 6.93913210E-05
 5.41678730E+02 3.09803260E-04
 5.42699020E+02 6.61440860E-04
 5.43721230E+02 1.22704140E-03
 5.44745360E+02 6.87081470E-04
 5.44984220E+02 6.23720740E-04
 5.45771430E+02 4.15012550E-04
 5.46799430E+02 4.87978790E-04
 5.47829360E+02 2.66540370E-04
 5.48861230E+02 1.29921570E-07
 5.49895050E+02 2.87475480E-08
 5.50000000E+02 2.56263470E-07
 5.50930810E+02 2.27306170E-06
 5.51968530E+02 1.08032430E-04
 5.53008200E+02 4.24230050E-04
 5.54049830E+02 7.24700000E-04
 5.55093420E+02 1.09383350E-03
 5.56138970E+02 1.80368730E-03
 5.56395710E+02 1.62989610E-03
 5.56411190E+02 1.61943090E-03
 5.57186500E+02 1.09489200E-03
 5.58236000E+02 1.36853100E-03
 5.59287470E+02 1.81244440E-03
 5.60340930E+02 8.00789910E-04
 5.61396370E+02 2.77883760E-04
 5.62453790E+02 1.16933510E-03
 5.63513210E+02 1.63802480E-03
 5.64574630E+02 1.63748410E-03
 5.65161420E+02 8.70515940E-04
 5.65638040E+02 2.47865440E-04
 5.66703460E+02 1.91471130E-04
 5.67770880E+02 2.46849530E-04
 5.68840320E+02 1.44782370E-03
 5.69911770E+02 1.34654170E-03
 5.70985240E+02 1.18555400E-03
 5.72060720E+02 1.00070280E-03
 5.73138240E+02 1.60556230E-03
 5.74207740E+02 3.85305380E-04
 5.74217780E+02 3.73848000E-04
 5.74224220E+02 3.73967830E-04
 5.75299360E+02 3.93066150E-04
 5.76382980E+02 3.60210450E-04
 5.77468630E+02 5.82478350E-04
 5.78556330E+02 5.58934270E-04
 5.79498500E+02 4.01563410E-04
 5.79515290E+02 3.98769190E-04
 5.79646080E+02 3.76934730E-04
 5.80737890E+02 1.66467820E-03
 5.81831750E+02 3.25518420E-04
 5.82927660E+02 9.03737960E-04
 5.83639650E+02 5.19780760E-04
 5.84025650E+02 3.11732380E-04
 5.85125700E+02 5.26938940E-04
 5.86227820E+02 5.17629970E-04
 5.87332020E+02 5.87404050E-04
 5.87840400E+02 7.21739370E-04
 5.87857680E+02 7.26333940E-04
 5.88438300E+02 8.79678450E-04
 5.89546670E+02 1.74845670E-03
 5.90657120E+02 1.94073150E-03
 5.91769660E+02 1.54656970E-03
 5.92884300E+02 3.67449710E-04
 5.94001030E+02 6.56011420E-04
 5.95119880E+02 4.49699330E-05
 5.96240820E+02 7.30980980E-04
 5.97363880E+02 1.12965720E-03
 5.98489060E+02 6.80980850E-04
 5.99616350E+02 8.92190250E-04
 6.00745770E+02 1.41875400E-03
 6.01877320E+02 1.54556900E-03
 6.03010990E+02 1.22844470E-05
 6.03379230E+02 9.55133950E-06
 6.04146800E+02 3.85739070E-06
 6.05284750E+02 7.93943780E-07
 6.06424850E+02 5.35500420E-05
 6.07567090E+02 2.66937140E-04
 6.08711480E+02 7.35495170E-04
 6.09858030E+02 1.12303470E-03
 6.11006740E+02 8.47098810E-04
 6.12157610E+02 1.76048310E-03
 6.13310650E+02 3.01818350E-04
 6.14465870E+02 2.28454310E-04
 6.15623250E+02 4.52608510E-04
 6.16782820E+02 7.39249800E-04
 6.17944570E+02 1.88286580E-03
 6.19108510E+02 7.15124910E-04
 6.19761850E+02 5.49246190E-04
 6.20274650E+02 4.19123190E-04
 6.21442980E+02 5.78062880E-05
 6.22613510E+02 8.46171890E-05
 6.23786240E+02 9.27834820E-05
 6.24961180E+02 2.43016770E-04
 6.25000000E+02 2.42523130E-04
 6.26138340E+02 2.28054940E-04
 6.27317710E+02 3.02037920E-04
 6.28499310E+02 5.35293590E-04
 6.29683130E+02 1.20462190E-04
 6.30869180E+02 4.26164020E-04
 6.32057460E+02 4.99974760E-04
 6.33247990E+02 9.19339180E-04
 6.34440750E+02 7.17815640E-04
 6.35635760E+02 1.62598050E-03
 6.36833030E+02 1.05220410E-03
 6.37058930E+02 9.48378260E-04
 6.38032550E+02 5.01152200E-04
 6.39234320E+02 4.41970300E-04
 6.40438360E+02 1.16892120E-03
 6.41644670E+02 7.36314690E-04
 6.42853250E+02 6.78131220E-04
 6.44064110E+02 9.67538460E-04
 6.45277250E+02 1.06848000E-03
 6.46074650E+02 1.02638300E-03
 6.46492670E+02 1.00432740E-03
 6.47710380E+02 9.00637510E-04
 6.48930390E+02 1.31352770E-03
 6.50152690E+02 1.52954230E-03
 6.51377300E+02 6.71273390E-04
 6.52604210E+02 1.45724840E-03
 6.53833440E+02 1.26684400E-03
 6.55064980E+02 1.06568340E-03
 6.55349220E+02 9.91323970E-04
 6.55370700E+02 9.85708160E-04
 6.56298840E+02 7.43047200E-04
 6.57535020E+02 5.18321800E-04
 6.58773530E+02 5.21492120E-04
 6.60014370E+02 1.14645980E-03
 6.61257560E+02 5.22500690E-04
 6.62503080E+02 8.14726380E-04
 6.63750950E+02 9.71077030E-04
 6.65001170E+02 5.00057130E-04
 6.65523740E+02 3.32194650E-04
 6.66253740E+02 9.78373860E-05
 6.67508680E+02 3.66767870E-04
 6.68765970E+02 5.81778690E-04
 6.70025640E+02 9.59604010E-04
 6.71287680E+02 1.34396660E-03
 6.72552090E+02 1.74489930E-03
 6.73818890E+02 1.19152890E-03
 6.75088070E+02 1.83122240E-03
 6.76019170E+02 1.51115040E-03
 6.76042020E+02 1.50329990E-03
 6.76359650E+02 1.39417640E-03
 6.77633620E+02 8.47533090E-04
 6.78909980E+02 5.06009660E-04
 6.80188760E+02 4.31543250E-04
 6.81098690E+02 9.49390790E-04
 6.81469940E+02 1.16054380E-03
 6.82753530E+02 9.41885060E-04
 6.84039550E+02 9.54900860E-04
 6.85327980E+02 1.37534450E-03
 6.86255130E+02 1.80670130E-03
 6.86278680E+02 1.81770650E-03
 6.86618840E+02 1.97587570E-03
 6.87912130E+02 1.77673230E-03
 6.89207860E+02 2.02304040E-03
 6.90506030E+02 1.01120060E-03
 6.91806650E+02 1.79693170E-03
 6.93109710E+02 1.55345520E-03
 6.94415230E+02 1.42413640E-03
 6.94942120E+02 1.24577670E-03
 6.95723210E+02 9.81526860E-04
 6.97033650E+02 3.79658060E-05
 6.98346560E+02 1.57403740E-04
 6.99661940E+02 1.28076870E-03
 7.00000000E+02 1.45226370E-03
 7.00979800E+02 1.94902010E-03
 7.02300150E+02 2.09999500E-03
 7.03622970E+02 2.31858500E-03
 7.03851860E+02 2.40286390E-03
 7.04948300E+02 2.80634020E-03
 7.06276110E+02 3.16305720E-03
 7.07606430E+02 2.87079510E-03
 7.08939260E+02 9.97436820E-04
 7.10274590E+02 7.12996480E-04
 7.11612440E+02 1.40085170E-03
 7.12952810E+02 2.32686800E-03
 7.12993030E+02 2.32220480E-03
 7.14295710E+02 2.17126560E-03
 7.15641130E+02 2.06930040E-03
 7.16989090E+02 1.96567490E-03
 7.17653240E+02 1.91365270E-03
 7.18339590E+02 1.85992410E-03
 7.19692630E+02 1.62585300E-03
 7.21048220E+02 1.61596880E-03
 7.22374760E+02 1.24846530E-03
 7.22400860E+02 1.24124310E-03
 7.22406360E+02 1.23971970E-03
 7.23767060E+02 1.62303630E-03
 7.25130320E+02 2.01352740E-03
 7.26496160E+02 1.63409450E-03
 7.27864560E+02 1.49598060E-03
 7.29235540E+02 1.97213850E-03
 7.30000000E+02 2.03646940E-03
 7.30609110E+02 2.08769720E-03
 7.31985260E+02 2.12413680E-03
 7.33364000E+02 1.90905090E-03
 7.34745340E+02 1.90856180E-03
 7.36129280E+02 9.90470380E-04
 7.37515830E+02 1.96807890E-03
 7.38904990E+02 1.92816100E-03
 7.40296770E+02 1.73781010E-03
 7.41691170E+02 1.58203550E-03
 7.43088190E+02 1.94374790E-03
 7.44487850E+02 1.68666380E-03
 7.45483810E+02 1.86667630E-03
 7.45890140E+02 1.94007460E-03
 7.47295080E+02 1.90470320E-03
 7.48702660E+02 1.83040880E-03
 7.50000000E+02 5.26076240E-04
 7.50112890E+02 4.12644060E-04
 7.51525780E+02 9.54765900E-04
 7.52941330E+02 9.24814710E-04
 7.54359540E+02 2.03263600E-03
 7.55780430E+02 1.45947180E-03
 7.57203990E+02 4.50028870E-04
 7.58630240E+02 9.12161130E-07
 7.60059170E+02 1.47175390E-04
 7.61490790E+02 4.27218420E-04
 7.62925110E+02 7.35289390E-04
 7.64362130E+02 1.05687900E-03
 7.65801860E+02 1.71339020E-03
 7.67244300E+02 2.93306880E-03
 7.68689460E+02 2.48679880E-03
 7.70120260E+02 1.86990690E-03
 7.70137330E+02 1.86254900E-03
 7.71587940E+02 1.00430560E-03
 7.73041280E+02 1.32639730E-03
 7.74497350E+02 7.51733060E-04
 7.75956170E+02 1.67077220E-03
 7.77417740E+02 6.87016440E-04
 7.78882050E+02 1.53015460E-03
 7.80349130E+02 3.55303730E-05
 7.81818970E+02 2.40315500E-05
 7.83291580E+02 4.80672680E-07
 7.84766960E+02 6.91803070E-05
 7.86245120E+02 2.11749680E-04
 7.87726070E+02 5.50369830E-04
 7.89209800E+02 1.28496480E-03
 7.90000000E+02 1.54043950E-03
 7.90696330E+02 1.76543930E-03
 7.92185660E+02 1.60366580E-03
 7.93677800E+02 2.09184020E-03
 7.95172740E+02 2.15841500E-03
 7.96440710E+02 1.79068450E-03
 7.96670510E+02 1.72407710E-03
 7.98171090E+02 1.05572330E-03
 7.99674500E+02 1.05878400E-03
 8.01180740E+02 1.12160010E-03
 8.02689820E+02 2.40707880E-03
 8.04201740E+02 2.07794660E-03
 8.05716500E+02 2.07014330E-03
 8.07234130E+02 2.05557030E-03
 8.08754610E+02 2.04802880E-03
 8.10277950E+02 2.03006470E-03
 8.10287330E+02 2.02999630E-03
 8.11804160E+02 2.01895380E-03
 8.13333250E+02 2.04551290E-03
 8.14865220E+02 2.05976410E-03
 8.16400070E+02 1.99605880E-03
 8.17937820E+02 1.90364060E-03
 8.19478460E+02 2.04122150E-03
 8.21022000E+02 1.98219140E-03
 8.22568450E+02 1.90969810E-03
 8.24117810E+02 2.16672900E-03
 8.24623930E+02 1.46421280E-03
 8.24657930E+02 1.41703090E-03
 8.25670090E+02 1.28955390E-05
 8.27225300E+02 2.31677720E-04
 8.28783430E+02 2.47798020E-04
 8.30000000E+02 1.32683680E-03
 8.30344500E+02 1.63222620E-03
 8.31908510E+02 2.11896960E-03
 8.33475470E+02 2.35201240E-03
 8.35045380E+02 3.02661510E-03
 8.36618240E+02 3.88394470E-03
 8.38194070E+02 3.86482800E-03
 8.39772860E+02 3.41142260E-03
 8.41354630E+02 1.56239310E-03
 8.42939380E+02 2.01637990E-03
 8.44527110E+02 1.56406660E-03
 8.44694300E+02 1.57835280E-03
 8.46117840E+02 1.69993120E-03
 8.47711560E+02 9.83680220E-04
 8.49308280E+02 1.40338810E-03
 8.50000000E+02 1.21035880E-03
 8.50908010E+02 9.57112870E-04
 8.52510750E+02 1.30322580E-03
 8.54116510E+02 1.63114020E-03
 8.55725300E+02 2.04707040E-03
 8.57337110E+02 1.62510970E-03
 8.58951960E+02 1.46444590E-03
 8.60569860E+02 2.44050390E-03
 8.62190800E+02 2.41007110E-03
 8.63814790E+02 2.20980210E-03
 8.65441850E+02 1.24639810E-03
 8.65766010E+02 1.42892950E-03
 8.67071970E+02 2.16390020E-03
 8.68705150E+02 2.15545560E-03
 8.70000000E+02 2.11447910E-03
 8.70341420E+02 2.10368070E-03
 8.71980760E+02 2.14242420E-03
 8.73623200E+02 2.17886730E-03
 8.75268730E+02 1.90043920E-03
 8.76917350E+02 2.17554990E-03
 8.78569090E+02 2.18315270E-03
 8.80223930E+02 2.18458280E-03
 8.81881890E+02 2.08587550E-03
 8.83542980E+02 1.12994000E-03
 8.85207190E+02 2.10912540E-03
 8.86874540E+02 1.93651760E-03
 8.87915930E+02 2.10615710E-03
 8.88545020E+02 2.20858080E-03
 8.90218660E+02 2.21539280E-03
 8.91895450E+02 2.20020680E-03
 8.93575390E+02 1.80490770E-03
 8.95258500E+02 2.26137530E-03
 8.96944780E+02 2.23823600E-03
 8.98634240E+02 2.17156890E-03
 8.99421410E+02 2.20146610E-03
 9.00000000E+02 2.23046190E-03
 9.00440900E+02 2.22827860E-03
 9.00882220E+02 2.20531560E-03
 9.01323990E+02 2.02404650E-03
 9.01766180E+02 2.22820790E-03
 9.02208810E+02 2.20354400E-03
 9.02650790E+02 2.11241760E-03
 9.03093200E+02 2.14342740E-03
 9.03536040E+02 2.22478460E-03
 9.03979320E+02 2.13367040E-03
 9.04423040E+02 2.21106990E-03
 9.04866100E+02 2.03050560E-03
 9.05309600E+02 2.20157400E-03
 9.05753530E+02 2.08571580E-03
 9.06197900E+02 1.73042550E-03
 9.06642700E+02 2.24102730E-03
 9.07086850E+02 2.21357050E-03
 9.07531440E+02 2.23138850E-03
 9.07976460E+02 2.22612440E-03
 9.08421920E+02 2.23118070E-03
 9.08867810E+02 2.13870310E-03
 9.09313050E+02 2.23271080E-03
 9.09758730E+02 1.99904690E-03
 9.10204840E+02 2.22961130E-03
 9.10651390E+02 2.22399780E-03
 9.11098380E+02 2.14620380E-03
 9.11544720E+02 2.32349870E-03
 9.11991490E+02 4.93993250E-03
 9.12438700E+02 3.93383520E-03
 9.12886340E+02 4.31093510E-03
 9.13334430E+02 5.03467010E-03
 9.13781860E+02 4.73815970E-03
 9.14229720E+02 2.01303530E-03
 9.14678030E+02 2.69010730E-03
 9.15126780E+02 1.41294980E-03
 9.15575960E+02 4.93926330E-04
 9.16024490E+02 1.55795860E-04
 9.16473460E+02 1.02847290E-04
 9.16922860E+02 1.23141920E-04
 9.17372710E+02 1.69491900E-04
 9.17823000E+02 2.36901980E-04
 9.18272630E+02 3.26782110E-04
 9.18722690E+02 4.37653550E-04
 9.19173200E+02 5.65520910E-04
 9.19624150E+02 7.04850000E-04
 9.20075550E+02 8.50382930E-04
 9.20526280E+02 9.96007430E-04
 9.20977450E+02 1.13470190E-03
 9.21429070E+02 1.26967050E-03
 9.21881120E+02 1.40212000E-03
 9.22333630E+02 1.53015530E-03
 9.22785460E+02 1.69062200E-03
 9.23237740E+02 1.94662410E-03
 9.23690470E+02 2.28130490E-03
 9.24143630E+02 2.04453230E-03
 9.24597250E+02 7.42497710E-04
 9.25050190E+02 1.04656760E-04
 9.25503580E+02 6.94089600E-05
 9.25957420E+02 7.62489950E-05
 9.26411700E+02 9.93110440E-05
 9.26866420E+02 1.41348690E-04
 9.27320480E+02 2.19892300E-04
 9.27774980E+02 3.63372810E-04
 9.28229930E+02 5.86308610E-04
 9.28685330E+02 8.79361600E-04
 9.29141170E+02 1.24503480E-03
 9.29596340E+02 1.64986780E-03
 9.30051960E+02 2.09715580E-03
 9.30508020E+02 2.58468300E-03
 9.30964530E+02 3.12230100E-03
 9.31421490E+02 3.74098400E-03
 9.31877780E+02 4.41141280E-03
 9.32334520E+02 4.94988070E-03
 9.32791700E+02 5.19944210E-03
 9.33249340E+02 6.20733870E-03
 9.33707420E+02 9.63560610E-03
 9.34164830E+02 1.04308560E-02
 9.34622680E+02 1.01143920E-02
 9.35080990E+02 8.14710500E-03
 9.35539750E+02 4.16688290E-03
 9.35998950E+02 8.91775180E-04
 9.36457480E+02 4.13167300E-04
 9.36916460E+02 2.66865930E-04
 9.37375890E+02 2.15857100E-04
 9.37835780E+02 2.26334950E-04
 9.38296110E+02 2.93630800E-04
 9.38755770E+02 4.37820630E-04
 9.39215870E+02 6.71598210E-04
 9.39676430E+02 9.69898550E-04
 9.40137440E+02 1.33901720E-03
 9.40598910E+02 1.74599650E-03
 9.41059690E+02 2.19483480E-03
 9.41520930E+02 2.68539250E-03
 9.41982620E+02 3.22592880E-03
 9.42444760E+02 3.84833150E-03
 9.42907350E+02 4.53308710E-03
 9.43369270E+02 5.10924830E-03
 9.43831640E+02 5.43364070E-03
 9.44294460E+02 5.68668540E-03
 9.44757730E+02 8.33538760E-03
 9.45221470E+02 1.03663590E-02
 9.45684510E+02 9.10177450E-03
 9.46148020E+02 9.76183200E-03
 9.46611980E+02 9.25751840E-03
 9.47076390E+02 8.79832370E-03
 9.47541260E+02 8.19320910E-03
 9.48005440E+02 6.43737680E-03
 9.48470080E+02 6.66969070E-03
 9.48935180E+02 6.60412140E-03
 9.49400730E+02 3.67826650E-03
 9.49866740E+02 3.37858760E-03
 9.50332070E+02 5.75088240E-03
 9.50797850E+02 4.45952510E-03
 9.51264090E+02 3.30799180E-03
 9.51730780E+02 3.74931190E-03
 9.52197940E+02 2.82737550E-03
 9.52664400E+02 2.22705650E-03
 9.53131330E+02 2.13220890E-03
 9.53598710E+02 2.39900440E-03
 9.54066550E+02 2.80988230E-03
 9.54534850E+02 3.29355710E-03
 9.55002460E+02 3.95708740E-03
 9.55470530E+02 6.70300750E-03
 9.55939060E+02 6.11162590E-03
 9.56408050E+02 6.40417640E-03
 9.56877500E+02 6.00208770E-03
 9.57346260E+02 5.76460970E-03
 9.57815480E+02 5.49833730E-03
 9.58285160E+02 5.06375320E-03
 9.58755300E+02 1.98534600E-03
 9.59225900E+02 4.99982120E-03
 9.59695810E+02 3.50667930E-03
 9.60166180E+02 4.92239570E-03
 9.60637010E+02 4.09490440E-03
 9.61108300E+02 4.90457430E-03
 9.61580060E+02 4.96753370E-03
 9.62051120E+02 5.05114680E-03
 9.62522650E+02 4.13908090E-03
 9.62994630E+02 4.90026010E-03
 9.63467090E+02 5.05725010E-03
 9.63940000E+02 3.52247000E-03
 9.64412220E+02 4.83745870E-03
 9.64884900E+02 4.73784110E-03
 9.65358050E+02 4.22659260E-03
 9.65831660E+02 4.83740990E-03
 9.66305730E+02 4.65616480E-03
 9.66779110E+02 3.80807380E-03
 9.67252950E+02 3.60981920E-03
 9.67727260E+02 1.45004410E-03
 9.68202030E+02 6.28881430E-04
 9.68677270E+02 6.24648650E-04
 9.69151810E+02 1.03488830E-03
 9.69626810E+02 1.73541690E-03
 9.70102280E+02 3.51836800E-03
 9.70578220E+02 3.49041980E-03
 9.71054630E+02 4.87011330E-03
 9.71530330E+02 3.79643000E-03
 9.72006500E+02 2.34927300E-03
 9.72483140E+02 1.84065640E-03
 9.72960250E+02 5.07899150E-03
 9.73437820E+02 3.99156300E-03
 9.73914690E+02 5.16821050E-03
 9.74392030E+02 5.21459720E-03
 9.74869840E+02 5.21155890E-03
 9.75348120E+02 5.20677060E-03
 9.75826860E+02 4.76081830E-03
 9.76304900E+02 5.20400740E-03
 9.76783410E+02 4.07619570E-03
 9.77262390E+02 5.28434800E-03
 9.77741850E+02 5.13024490E-03
 9.78221770E+02 2.63983020E-03
 9.78700980E+02 5.15202270E-03
 9.79180670E+02 3.62071950E-03
 9.79660820E+02 3.92334720E-03
 9.80141450E+02 5.02248700E-03
 9.80622550E+02 4.93450510E-03
 9.81102940E+02 4.56468520E-03
 9.81583800E+02 4.31821760E-03
 9.82065140E+02 3.41472500E-03
 9.82546940E+02 4.54433290E-03
 9.83029220E+02 4.36960400E-03
 9.83510790E+02 4.25019110E-03
 9.83992840E+02 2.89479600E-03
 9.84475350E+02 4.50460720E-03
 9.84958340E+02 4.61005320E-03
 9.85441800E+02 4.48426130E-03
 9.85924560E+02 1.97173440E-03
 9.86407780E+02 3.19830350E-03
 9.86891480E+02 2.37969120E-03
 9.87375660E+02 3.22153720E-03
 9.87860310E+02 4.68284850E-03
 9.88344240E+02 4.55208180E-03
 9.88828660E+02 4.58031770E-03
 9.89313540E+02 4.16030350E-03
 9.89798900E+02 2.58959230E-03
 9.90284740E+02 4.96794050E-03
 9.90769870E+02 5.01353540E-03
 9.91255470E+02 3.27981810E-03
 9.91741550E+02 5.10353400E-03
 9.92228100E+02 5.00663620E-03
 9.92715130E+02 4.23787530E-03
 9.93201450E+02 4.31008000E-03
 9.93688240E+02 4.89150100E-03
 9.94175510E+02 4.82969690E-03
 9.94663260E+02 2.54681940E-03
 9.95151480E+02 3.67859120E-03
 9.95638990E+02 4.91550630E-03
 9.96126980E+02 2.78677860E-03
 9.96615450E+02 4.97420880E-03
 9.97104390E+02 4.09963720E-03
 9.97593820E+02 3.36065500E-03
 9.98082520E+02 4.78712320E-03
 9.98571710E+02 4.56106210E-03
 9.99061370E+02 4.51691370E-03
 9.99551520E+02 4.26194760E-03
 1.00004210E+03 4.76958360E-03
 1.00053200E+03 4.75641720E-03
 1.00102240E+03 4.80903420E-03
 1.00151330E+03 4.86308770E-03
 1.00200460E+03 4.88593170E-03
 1.00249650E+03 1.40301220E-03
 1.00298760E+03 4.85502890E-03
 1.00347920E+03 4.79833240E-03
 1.00397120E+03 4.55418720E-03
 1.00446380E+03 4.57105310E-03
 1.00495680E+03 4.75312910E-03
 1.00544910E+03 4.76382680E-03
 1.00594190E+03 1.76429300E-03
 1.00643520E+03 4.70315360E-03
 1.00692900E+03 4.68988250E-03
 1.00742320E+03 4.71370920E-03
 1.00791680E+03 2.16257580E-03
 1.00841080E+03 1.73585050E-03
 1.00890520E+03 4.65079440E-03
 1.00940020E+03 4.74408730E-03
 1.00989570E+03 4.72846030E-03
 1.01039040E+03 1.88344740E-03
 1.01088560E+03 4.16999560E-03
 1.01138130E+03 2.39775700E-03
 1.01187750E+03 4.70620500E-03
 1.01237420E+03 4.70998280E-03
 1.01287010E+03 2.21414980E-03
 1.01336660E+03 4.85866420E-03
 1.01386350E+03 4.42965590E-03
 1.01436090E+03 4.88142730E-03
 1.01485880E+03 3.06744040E-03
 1.01535600E+03 3.71256870E-03
 1.01585360E+03 4.25862140E-03
 1.01635180E+03 4.75240520E-03
 1.01685040E+03 3.72239350E-03
 1.01734950E+03 2.84472120E-03
 1.01784790E+03 2.12475000E-03
 1.01834680E+03 4.85402740E-03
 1.01884610E+03 3.69647100E-03
 1.01934600E+03 4.89716200E-03
 1.01984630E+03 4.85171870E-03
 1.02034590E+03 3.07816910E-03
 1.02084600E+03 4.75973390E-03
 1.02134660E+03 3.25934290E-03
 1.02184770E+03 4.02116020E-03
 1.02234920E+03 4.63689300E-03
 1.02285010E+03 4.81609140E-03
 1.02335140E+03 4.83671210E-03
 1.02385320E+03 3.24556690E-03
 1.02435550E+03 4.05173260E-03
 1.02485830E+03 3.79405150E-03
 1.02536040E+03 2.00496650E-03
 1.02586290E+03 2.13675200E-03
 1.02636600E+03 4.86238850E-03
 1.02686950E+03 4.86248230E-03
 1.02737360E+03 3.81425650E-03
 1.02787690E+03 4.55330250E-03
 1.02838070E+03 4.85334650E-03
 1.02888490E+03 4.87947320E-03
 1.02938970E+03 4.88404040E-03
 1.02989500E+03 4.88570110E-03
 1.03039950E+03 3.91187370E-03
 1.03090450E+03 4.89752280E-03
 1.03141010E+03 4.15847840E-03
 1.03191610E+03 4.81695590E-03
 1.03242260E+03 4.32987530E-03
 1.03292830E+03 4.87378070E-03
 1.03343460E+03 4.78016220E-03
 1.03394140E+03 4.37117810E-03
 1.03444860E+03 4.33890030E-03
 1.03495640E+03 3.24686800E-03
 1.03546340E+03 2.26893440E-03
 1.03597090E+03 4.61271610E-03
 1.03647890E+03 3.23543580E-03
 1.03698740E+03 4.35643420E-03
 1.03749640E+03 4.84809700E-03
 1.03800470E+03 2.80722520E-03
 1.03851340E+03 4.85471260E-03
 1.03902270E+03 3.92109430E-03
 1.03953240E+03 3.15235120E-03
 1.04004270E+03 3.69730650E-03
 1.04055220E+03 4.86315410E-03
 1.04106220E+03 4.86887970E-03
 1.04157270E+03 3.84752260E-03
 1.04208370E+03 4.85235780E-03
 1.04259520E+03 4.85039390E-03
 1.04310590E+03 4.81297780E-03
 1.04361720E+03 3.89195870E-03
 1.04412890E+03 4.84836270E-03
 1.04464120E+03 4.85214970E-03
 1.04515390E+03 4.78132630E-03
 1.04566590E+03 4.60826230E-03
 1.04617840E+03 4.66405610E-03
 1.04669150E+03 4.54652830E-03
 1.04720500E+03 4.63584310E-03
 1.04771900E+03 4.28439880E-03
 1.04823220E+03 4.58742080E-03
 1.04874600E+03 4.65359370E-03
 1.04926030E+03 4.77269100E-03
 1.04977510E+03 4.70771570E-03
 1.05029030E+03 4.60542330E-03
 1.05080490E+03 4.60276060E-03
 1.05131990E+03 4.58125940E-03
 1.05183540E+03 4.77206810E-03
 1.05235140E+03 4.75685010E-03
 1.05286800E+03 4.83068810E-03
 1.05338380E+03 4.81332210E-03
 1.05390010E+03 4.79976150E-03
 1.05441690E+03 4.78199980E-03
 1.05493420E+03 4.72141890E-03
 1.05545200E+03 4.37365190E-03
 1.05596900E+03 3.20125870E-03
 1.05648660E+03 3.75313090E-03
 1.05700460E+03 4.62907220E-03
 1.05752320E+03 4.42834130E-03
 1.05804230E+03 4.31636050E-03
 1.05856060E+03 4.61447570E-03
 1.05907940E+03 4.43891440E-03
 1.05959880E+03 4.70439490E-03
 1.06011860E+03 3.35745620E-03
 1.06063900E+03 3.76861480E-03
 1.06115860E+03 4.41367030E-03
 1.06167870E+03 4.63727520E-03
 1.06219930E+03 3.84099800E-03
 1.06272040E+03 2.03399970E-03
 1.06324200E+03 4.68239460E-03
 1.06376290E+03 4.72534570E-03
 1.06428430E+03 4.74399610E-03
 1.06480620E+03 4.76894640E-03
 1.06532860E+03 4.73480960E-03
 1.06585150E+03 4.61633900E-03
 1.06637360E+03 4.64922700E-03
 1.06689630E+03 4.67555050E-03
 1.06741940E+03 4.67582040E-03
 1.06794310E+03 3.63271210E-03
 1.06846730E+03 4.63450950E-03
 1.06899070E+03 4.72855860E-03
 1.06951470E+03 4.64477600E-03
 1.07003910E+03 3.07019650E-03
 1.07056410E+03 4.76092450E-03
 1.07108960E+03 4.76748770E-03
 1.07161430E+03 4.76734560E-03
 1.07213950E+03 4.09437350E-03
 1.07266530E+03 4.67874690E-03
 1.07319150E+03 4.78354520E-03
 1.07371830E+03 4.77300110E-03
 1.07424430E+03 4.73443700E-03
 1.07477080E+03 4.73755470E-03
 1.07529780E+03 4.68689810E-03
 1.07582540E+03 4.49671520E-03
 1.07635340E+03 4.54065800E-03
 1.07688070E+03 4.51008320E-03
 1.07740850E+03 4.57835350E-03
 1.07793690E+03 4.32279640E-03
 1.07846570E+03 4.60367660E-03
 1.07899510E+03 3.84726480E-03
 1.07952360E+03 4.69373440E-03
 1.08005270E+03 4.72709250E-03
 1.08058240E+03 4.67372670E-03
 1.08111250E+03 3.75945500E-03
 1.08164320E+03 3.87805000E-03
 1.08217300E+03 4.59240330E-03
 1.08270340E+03 4.14360020E-03
 1.08323440E+03 3.63545960E-03
 1.08376580E+03 3.87865140E-03
 1.08429780E+03 4.12077140E-03
 1.08482890E+03 3.37769330E-03
 1.08536060E+03 4.52895100E-03
 1.08589290E+03 4.65380590E-03
 1.08642560E+03 4.67410700E-03
 1.08695890E+03 4.66549220E-03
 1.08749140E+03 4.65367620E-03
 1.08802440E+03 4.63952370E-03
 1.08855790E+03 4.43505890E-03
 1.08909200E+03 4.61870820E-03
 1.08962650E+03 3.97100750E-03
 1.09016030E+03 4.67711470E-03
 1.09069460E+03 4.71532510E-03
 1.09122950E+03 3.24182720E-03
 1.09176480E+03 4.72241750E-03
 1.09230070E+03 4.05141470E-03
 1.09283580E+03 4.21376610E-03
 1.09337140E+03 4.28411490E-03
 1.09390760E+03 4.70309170E-03
 1.09444430E+03 4.70694880E-03
 1.09498150E+03 4.69541740E-03
 1.09551790E+03 4.69831570E-03
 1.09605480E+03 4.38063110E-03
 1.09659230E+03 4.60788840E-03
 1.09713030E+03 4.66746240E-03
 1.09766880E+03 4.65608540E-03
 1.09820650E+03 4.64087490E-03
 1.09874480E+03 4.62497700E-03
 1.09928360E+03 4.60542060E-03
 1.09982290E+03 4.23600150E-03
 1.10036280E+03 4.57355720E-03
 1.10090180E+03 4.56846170E-03
 1.10144140E+03 4.53191820E-03
 1.10198150E+03 3.99584240E-03
 1.10252210E+03 4.59093300E-03
 1.10306330E+03 4.24724920E-03
 1.10360370E+03 4.51915710E-03
 1.10414460E+03 4.54594390E-03
 1.10468600E+03 4.59908300E-03
 1.10522800E+03 4.52251220E-03
 1.10577050E+03 4.55985170E-03
 1.10631220E+03 4.47142960E-03
 1.10685440E+03 3.76554030E-03
 1.10739720E+03 2.54695200E-03
 1.10794050E+03 8.06344080E-04
 1.10848430E+03 1.00868730E-03
 1.10902730E+03 1.77702780E-03
 1.10957090E+03 2.98703900E-03
 1.11011500E+03 3.82942320E-03
 1.11065960E+03 3.23675530E-03
 1.11120480E+03 4.12571050E-03
 1.11174910E+03 3.76179000E-03
 1.11229400E+03 3.96231670E-03
 1.11283940E+03 4.16812070E-03
 1.11338540E+03 4.18155090E-03
 1.11393190E+03 4.07645150E-03
 1.11447760E+03 3.30455070E-03
 1.11502380E+03 2.80166040E-03
 1.11557060E+03 3.82647620E-03
 1.11611790E+03 2.41850520E-03
 1.11666580E+03 2.73289520E-03
 1.11721280E+03 1.65768820E-03
 1.11776040E+03 1.03603070E-03
 1.11830850E+03 2.63728710E-03
 1.11885710E+03 3.20357070E-03
 1.11940630E+03 3.88114320E-03
 1.11995470E+03 4.65096530E-03
 1.12050360E+03 4.72981290E-03
 1.12105310E+03 4.01370860E-03
 1.12160310E+03 4.43955250E-03
 1.12215360E+03 4.39660350E-03
 1.12270330E+03 4.54166220E-03
 1.12325360E+03 4.50982270E-03
 1.12380440E+03 2.22563810E-03
 1.12435570E+03 4.17303480E-03
 1.12490760E+03 4.22131890E-03
 1.12545870E+03 4.18036330E-03
 1.12601030E+03 4.16175330E-03
 1.12656250E+03 3.69232820E-03
 1.12711520E+03 2.69073610E-03
 1.12766840E+03 1.48239390E-03
 1.12822080E+03 2.16308290E-03
 1.12877380E+03 2.16066320E-03
 1.12932730E+03 4.84395970E-03
 1.12988140E+03 4.88845660E-03
 1.13043600E+03 4.77032080E-03
 1.13098980E+03 3.90681060E-03
 1.13154410E+03 4.69410910E-03
 1.13209890E+03 4.70808490E-03
 1.13265440E+03 4.54677450E-03
 1.13321030E+03 4.31065020E-03
 1.13376550E+03 3.85944740E-03
 1.13432110E+03 3.79872600E-03
 1.13487740E+03 4.16689140E-03
 1.13543420E+03 4.68576340E-03
 1.13599150E+03 4.65903720E-03
 1.13654800E+03 4.63123380E-03
 1.13710500E+03 4.57448680E-03
 1.13766260E+03 4.55739300E-03
 1.13822080E+03 3.97234460E-03
 1.13877950E+03 4.52278880E-03
 1.13933730E+03 4.07092080E-03
 1.13989580E+03 3.10328200E-03
 1.14045470E+03 4.54844100E-03
 1.14101420E+03 4.57234970E-03
 1.14157430E+03 4.53368680E-03
 1.14213350E+03 4.54094770E-03
 1.14269330E+03 4.57564110E-03
 1.14325370E+03 4.57590930E-03
 1.14381450E+03 4.47385420E-03
 1.14437600E+03 4.55410150E-03
 1.14493660E+03 4.54887470E-03
 1.14549780E+03 4.56047380E-03
 1.14605950E+03 4.56668100E-03
 1.14662170E+03 4.56890340E-03
 1.14718450E+03 4.52013060E-03
 1.14774650E+03 4.57197120E-03
 1.14830910E+03 4.49582730E-03
 1.14887220E+03 4.40363890E-03
 1.14943580E+03 4.26733380E-03
 1.15000000E+03 4.31502970E-03
 1.15000000E+03 4.31502970E-03
 1.15072300E+03 4.49899180E-03
 1.15144690E+03 4.51360590E-03
 1.15217170E+03 4.53467480E-03
 1.15289740E+03 4.54361690E-03
 1.15362400E+03 4.47419450E-03
 1.15434930E+03 4.55044310E-03
 1.15507540E+03 4.54061900E-03
 1.15580250E+03 2.02469520E-03
 1.15653050E+03 4.53864770E-03
 1.15725940E+03 4.53938120E-03
 1.15798700E+03 4.52407550E-03
 1.15871540E+03 4.52764670E-03
 1.15944480E+03 2.98452240E-03
 1.16017510E+03 3.49680380E-03
 1.16090630E+03 4.53976540E-03
 1.16163620E+03 4.52892160E-03
 1.16236690E+03 2.80076620E-03
 1.16309860E+03 4.50013730E-03
 1.16383120E+03 3.80599310E-03
 1.16456470E+03 3.34403770E-03
 1.16529680E+03 4.32527710E-03
 1.16602990E+03 4.33523890E-03
 1.16676390E+03 3.89250250E-03
 1.16749880E+03 4.12242960E-03
 1.16823460E+03 4.42918340E-03
 1.16896900E+03 2.13545100E-03
 1.16970440E+03 4.06740160E-03
 1.17044070E+03 2.82744920E-03
 1.17117790E+03 2.85985690E-03
 1.17191610E+03 3.32482240E-03
 1.17265280E+03 3.46488720E-03
 1.17339050E+03 4.48025820E-03
 1.17412910E+03 4.34716390E-03
 1.17486870E+03 1.72644180E-03
 1.17560910E+03 1.65642090E-03
 1.17634820E+03 1.62429330E-03
 1.17708820E+03 4.51487590E-03
 1.17782920E+03 3.16293460E-03
 1.17857100E+03 4.43369340E-03
 1.17931380E+03 4.47212820E-03
 1.18005520E+03 3.96326700E-03
 1.18079760E+03 4.47540710E-03
 1.18154090E+03 4.44298790E-03
 1.18228510E+03 4.37133570E-03
 1.18303020E+03 3.02955370E-03
 1.18377400E+03 4.41812520E-03
 1.18451860E+03 2.81211700E-03
 1.18526430E+03 4.23276110E-03
 1.18601080E+03 4.11100400E-03
 1.18675830E+03 4.43141540E-03
 1.18750440E+03 4.34323070E-03
 1.18825140E+03 4.33185290E-03
 1.18899940E+03 4.18158160E-03
 1.18974830E+03 4.32568050E-03
 1.19049820E+03 4.21521050E-03
 1.19124660E+03 2.12012370E-03
 1.19199600E+03 4.42433600E-03
 1.19274630E+03 4.37531300E-03
 1.19349760E+03 4.41389250E-03
 1.19424980E+03 4.12318570E-03
 1.19500060E+03 4.32222070E-03
 1.19575230E+03 3.91591480E-03
 1.19650500E+03 4.18194500E-03
 1.19725870E+03 1.83601950E-03
 1.19801320E+03 4.24024520E-03
 1.19876640E+03 3.94636300E-03
 1.19952050E+03 4.32977080E-03
 1.20027560E+03 4.37738300E-03
 1.20103160E+03 4.42786170E-03
 1.20178860E+03 4.29050360E-03
 1.20254410E+03 4.43806890E-03
 1.20330060E+03 3.52412630E-03
 1.20405800E+03 4.22339280E-03
 1.20481640E+03 4.33804820E-03
 1.20557580E+03 3.68397820E-03
 1.20633370E+03 4.05059330E-03
 1.20709250E+03 4.32911890E-03
 1.20785240E+03 4.34203630E-03
 1.20861320E+03 1.60517220E-03
 1.20937490E+03 4.28378320E-03
 1.21013520E+03 2.44262890E-03
 1.21089650E+03 4.25927280E-03
 1.21165870E+03 4.34299900E-03
 1.21242190E+03 4.31007540E-03
 1.21318600E+03 3.06078440E-03
 1.21394870E+03 3.37674240E-03
 1.21471240E+03 4.17673400E-03
 1.21547700E+03 2.67993220E-03
 1.21624260E+03 4.37054920E-03
 1.21700910E+03 2.65861190E-03
 1.21777420E+03 1.87463310E-03
 1.21854030E+03 4.44898950E-03
 1.21930730E+03 4.37519830E-03
 1.22007530E+03 2.49817960E-03
 1.22084430E+03 3.68699800E-03
 1.22161180E+03 4.27871620E-03
 1.22238030E+03 4.28451590E-03
 1.22314980E+03 2.03368160E-03
 1.22392020E+03 3.81885000E-03
 1.22469160E+03 4.23286320E-03
 1.22546150E+03 2.79454800E-03
 1.22623240E+03 4.32196880E-03
 1.22700430E+03 4.30813400E-03
 1.22777710E+03 2.57391740E-03
 1.22855100E+03 2.81573730E-03
 1.22932330E+03 1.80320060E-03
 1.23009670E+03 3.85745460E-04
 1.23087100E+03 1.53845540E-04
 1.23164620E+03 2.14773070E-04
 1.23242250E+03 3.27557090E-04
 1.23319730E+03 4.25959480E-04
 1.23397310E+03 4.71874710E-04
 1.23474980E+03 4.73068400E-04
 1.23552750E+03 4.90556430E-04
 1.23630620E+03 5.76767400E-04
 1.23708350E+03 7.52619900E-04
 1.23786170E+03 1.02293350E-03
 1.23864090E+03 1.40380880E-03
 1.23942110E+03 1.89617240E-03
 1.24020220E+03 2.34966510E-03
 1.24098190E+03 2.88739630E-03
 1.24176260E+03 3.82312210E-03
 1.24254420E+03 5.08897690E-03
 1.24332690E+03 7.05953170E-03
 1.24411050E+03 5.43868000E-03
 1.24489260E+03 6.11301520E-03
 1.24567580E+03 5.33811850E-03
 1.24645990E+03 5.65646310E-03
 1.24724500E+03 4.08538440E-03
 1.24803110E+03 4.82620910E-03
 1.24881570E+03 4.14708630E-03
 1.24960130E+03 4.23519950E-03
 1.25038790E+03 2.67134440E-03
 1.25117540E+03 4.29111750E-03
 1.25196400E+03 4.21907280E-03
 1.25275110E+03 3.03734170E-03
 1.25353920E+03 3.33971410E-03
 1.25432820E+03 4.16031570E-03
 1.25511830E+03 4.06741300E-03
 1.25590930E+03 4.09630860E-03
 1.25669890E+03 4.20379450E-03
 1.25748940E+03 4.12624220E-03
 1.25828100E+03 4.17394120E-03
 1.25907350E+03 3.63128480E-03
 1.25986710E+03 4.13544740E-03
 1.26065910E+03 3.90211650E-03
 1.26145220E+03 3.79603290E-03
 1.26224620E+03 4.21918800E-03
 1.26304130E+03 4.16458940E-03
 1.26383730E+03 2.96160650E-03
 1.26463190E+03 4.32414830E-03
 1.26542740E+03 4.14935030E-03
 1.26622400E+03 4.08202670E-03
 1.26702150E+03 3.55526840E-03
 1.26782010E+03 2.83581310E-03
 1.26861710E+03 3.31002150E-03
 1.26941520E+03 3.31839250E-03
 1.27021420E+03 3.16772790E-03
 1.27101430E+03 3.96385930E-03
 1.27181540E+03 4.09618910E-03
 1.27261490E+03 3.39149060E-03
 1.27341550E+03 3.50436060E-03
 1.27421710E+03 3.61841510E-03
 1.27501960E+03 4.03665590E-03
 1.27582320E+03 4.06996340E-03
 1.27662530E+03 3.42066030E-03
 1.27742840E+03 4.20493420E-03
 1.27823250E+03 3.66933270E-03
 1.27903760E+03 3.66655880E-03
 1.27984380E+03 4.14895260E-03
 1.28064840E+03 3.07924580E-03
 1.28145400E+03 3.95215250E-03
 1.28226060E+03 3.05806550E-03
 1.28306830E+03 4.12755760E-03
 1.28387690E+03 3.14245900E-03
 1.28468410E+03 4.13354910E-03
 1.28549220E+03 4.14165090E-03
 1.28630140E+03 3.32621170E-03
 1.28711160E+03 2.73151860E-03
 1.28792280E+03 4.12192090E-03
 1.28873250E+03 4.03263320E-03
 1.28954320E+03 3.98869930E-03
 1.29035490E+03 3.53122840E-03
 1.29116770E+03 2.81966910E-03
 1.29198150E+03 3.46836680E-03
 1.29279370E+03 4.10975970E-03
 1.29360700E+03 4.00168530E-03
 1.29442130E+03 4.07742890E-03
 1.29523660E+03 3.38310290E-03
 1.29605290E+03 3.99338950E-03
 1.29686770E+03 3.35223430E-03
 1.29768350E+03 4.03150770E-03
 1.29850040E+03 4.07564450E-03
 1.29931830E+03 4.09589690E-03
 1.30013720E+03 4.06205230E-03
 1.30095450E+03 2.61963630E-03
 1.30177290E+03 3.53083730E-03
 1.30259240E+03 4.03787140E-03
 1.30341280E+03 2.91321820E-03
 1.30423430E+03 4.08233590E-03
 1.30505420E+03 4.06724700E-03
 1.30587520E+03 3.72893260E-03
 1.30669720E+03 3.04248920E-03
 1.30752030E+03 3.01351180E-03
 1.30834440E+03 4.03508750E-03
 1.30916690E+03 3.80838340E-03
 1.30999040E+03 3.83476300E-03
 1.31081500E+03 4.00572260E-03
 1.31164070E+03 3.10175930E-03
 1.31246730E+03 4.00714830E-03
 1.31329250E+03 2.59376180E-03
 1.31411860E+03 3.96559450E-03
 1.31494580E+03 3.07988040E-03
 1.31577410E+03 3.73821580E-03
 1.31660330E+03 3.96177450E-03
 1.31743110E+03 2.64747970E-03
 1.31825980E+03 2.94251530E-03
 1.31908960E+03 3.86680630E-03
 1.31992050E+03 3.77017950E-03
 1.32075240E+03 3.23696040E-03
 1.32158270E+03 3.36476550E-03
 1.32241410E+03 3.99674330E-03
 1.32324650E+03 1.93449870E-03
 1.32407990E+03 3.84668930E-03
 1.32491450E+03 3.35689820E-03
 1.32574740E+03 2.44357490E-03
 1.32658140E+03 3.87310700E-03
 1.32741640E+03 3.93189860E-03
 1.32825250E+03 3.98183910E-03
 1.32908970E+03 3.54333640E-03
 1.32992520E+03 3.22192570E-03
 1.33076190E+03 4.01001110E-03
 1.33159950E+03 2.01701020E-03
 1.33243830E+03 2.97995900E-03
 1.33327810E+03 3.19659370E-03
 1.33411630E+03 2.97637150E-03
 1.33495550E+03 2.53104150E-03
 1.33579580E+03 2.07270890E-03
 1.33663720E+03 2.27593970E-03
 1.33747960E+03 2.30911380E-03
 1.33832050E+03 2.54762960E-03
 1.33916240E+03 3.04690910E-03
 1.34000530E+03 2.85467550E-03
 1.34084940E+03 2.23856970E-03
 1.34169440E+03 2.11357070E-03
 1.34253790E+03 2.52067450E-03
 1.34338250E+03 3.15864190E-03
 1.34422810E+03 4.87588910E-03
 1.34507480E+03 4.40841690E-03
 1.34592250E+03 4.29566990E-03
 1.34676870E+03 3.91629330E-03
 1.34761590E+03 3.93478310E-03
 1.34846420E+03 3.98955340E-03
 1.34931350E+03 3.92170210E-03
 1.35016400E+03 3.02289830E-03
 1.35101280E+03 3.67309720E-03
 1.35186270E+03 3.90005740E-03
 1.35271360E+03 3.91329020E-03
 1.35356560E+03 3.75153830E-03
 1.35441870E+03 3.90461780E-03
 1.35527020E+03 2.73954800E-03
 1.35612280E+03 2.66547400E-03
 1.35697640E+03 2.87838180E-03
 1.35783110E+03 2.51181240E-03
 1.35868690E+03 3.62601880E-03
 1.35954110E+03 3.88722900E-03
 1.36039640E+03 3.82895930E-03
 1.36125270E+03 2.19376890E-03
 1.36211010E+03 3.81045040E-03
 1.36296860E+03 2.58360250E-03
 1.36382540E+03 2.17320140E-03
 1.36468340E+03 3.60473390E-03
 1.36554240E+03 2.26876560E-03
 1.36640250E+03 3.55481670E-03
 1.36726370E+03 2.98506810E-03
 1.36812330E+03 2.17862940E-03
 1.36898390E+03 1.69226270E-03
 1.36984570E+03 2.11465920E-03
 1.37070850E+03 2.68157060E-03
 1.37157240E+03 4.04930720E-03
 1.37243470E+03 4.13295870E-03
 1.37329800E+03 2.94678380E-03
 1.37416250E+03 2.22786600E-03
 1.37502800E+03 3.75219320E-03
 1.37589460E+03 3.46780040E-03
 1.37675960E+03 4.02027220E-03
 1.37762570E+03 2.98541580E-03
 1.37849290E+03 2.34741580E-03
 1.37936110E+03 3.84975050E-03
 1.38023050E+03 3.48064590E-03
 1.38109820E+03 3.71716950E-03
 1.38196700E+03 3.50747780E-03
 1.38283690E+03 3.48973910E-03
 1.38370790E+03 3.43663810E-03
 1.38458000E+03 3.15815220E-03
 1.38545050E+03 3.46343760E-03
 1.38632200E+03 2.81674190E-03
 1.38719470E+03 2.88837700E-03
 1.38806840E+03 2.74343750E-03
 1.38894330E+03 2.39150890E-03
 1.38981650E+03 3.42409700E-03
 1.39069080E+03 1.86760180E-03
 1.39156620E+03 3.52390170E-03
 1.39244270E+03 3.19218560E-03
 1.39332030E+03 2.91757630E-03
 1.39419620E+03 2.54674320E-03
 1.39507330E+03 3.87067960E-03
 1.39595140E+03 2.75742260E-03
 1.39683070E+03 3.70623970E-03
 1.39771100E+03 2.49172470E-03
 1.39858980E+03 3.69648860E-03
 1.39946960E+03 3.62165520E-03
 1.40035050E+03 2.76059660E-03
 1.40123250E+03 2.29708890E-03
 1.40211570E+03 3.18086330E-03
 1.40299710E+03 3.97027700E-03
 1.40387970E+03 3.82371160E-03
 1.40476340E+03 2.36708560E-03
 1.40564820E+03 3.49420930E-03
 1.40653420E+03 2.58781230E-03
 1.40741840E+03 2.20687550E-03
 1.40830380E+03 3.70386820E-03
 1.40919030E+03 2.54534390E-03
 1.41007790E+03 3.84563510E-03
 1.41096660E+03 3.90738800E-03
 1.41185360E+03 3.82112920E-03
 1.41274180E+03 3.82656710E-03
 1.41363110E+03 3.75869820E-03
 1.41452150E+03 3.10336810E-03
 1.41541300E+03 3.66331530E-03
 1.41630280E+03 2.74172910E-03
 1.41719380E+03 3.73620260E-03
 1.41808590E+03 2.01019000E-03
 1.41897910E+03 3.74262980E-03
 1.41987340E+03 3.61001570E-03
 1.42076600E+03 2.88489760E-03
 1.42165980E+03 3.72375870E-03
 1.42255470E+03 2.87756910E-03
 1.42345070E+03 3.72647390E-03
 1.42434790E+03 2.01518620E-03
 1.42524330E+03 3.70316420E-03
 1.42613990E+03 3.43040720E-03
 1.42703760E+03 3.63491960E-03
 1.42793640E+03 2.89772530E-03
 1.42883640E+03 3.18266410E-03
 1.42973470E+03 3.49422330E-03
 1.43063410E+03 2.17042970E-03
 1.43153460E+03 3.69835630E-03
 1.43243630E+03 2.36498530E-03
 1.43333910E+03 3.59733700E-03
 1.43424020E+03 3.68773380E-03
 1.43514250E+03 3.10794820E-03
 1.43604580E+03 3.64297110E-03
 1.43695040E+03 3.13542520E-03
 1.43785600E+03 3.28046220E-03
 1.43876000E+03 2.51977210E-03
 1.43966500E+03 3.27127240E-03
 1.44057130E+03 2.11347380E-03
 1.44147860E+03 3.68728860E-03
 1.44238710E+03 3.74973910E-03
 1.44329390E+03 3.57585770E-03
 1.44420190E+03 3.61574030E-03
 1.44511100E+03 2.41313030E-03
 1.44602120E+03 3.43682330E-03
 1.44693260E+03 3.61829130E-03
 1.44784220E+03 3.31934570E-03
 1.44875300E+03 2.14211050E-03
 1.44966490E+03 3.17932560E-03
 1.45057800E+03 3.21183920E-03
 1.45149230E+03 3.46074230E-03
 1.45240480E+03 2.23745280E-03
 1.45331850E+03 3.28316080E-03
 1.45423330E+03 2.48653580E-03
 1.45514930E+03 3.34542490E-03
 1.45606640E+03 2.19226840E-03
 1.45698180E+03 3.63818220E-03
 1.45789830E+03 2.57623000E-03
 1.45881600E+03 3.16178890E-03
 1.45973490E+03 2.10817650E-03
 1.46065490E+03 2.13400830E-03
 1.46157320E+03 3.59834610E-03
 1.46249260E+03 2.98475330E-03
 1.46341320E+03 3.54627010E-03
 1.46433500E+03 3.11927320E-03
 1.46525790E+03 2.76600220E-03
 1.46617910E+03 3.65540810E-03
 1.46710140E+03 2.95390660E-03
 1.46802490E+03 2.67493290E-03
 1.46894950E+03 1.84265630E-03
 1.46987540E+03 3.07149590E-03
 1.47079940E+03 3.57597340E-03
 1.47172470E+03 3.06064960E-03
 1.47265110E+03 2.93382180E-03
 1.47357860E+03 2.78671610E-03
 1.47450740E+03 3.63572080E-03
 1.47543440E+03 3.55969290E-03
 1.47636250E+03 3.02518340E-03
 1.47729190E+03 3.59556750E-03
 1.47822240E+03 2.63286260E-03
 1.47915400E+03 3.20299750E-03
 1.48008390E+03 3.48626900E-03
 1.48101500E+03 3.63799340E-03
 1.48194730E+03 3.62416380E-03
 1.48288070E+03 3.57958210E-03
 1.48381530E+03 3.60475340E-03
 1.48474810E+03 3.03012860E-03
 1.48568210E+03 3.63095620E-03
 1.48661730E+03 3.51401910E-03
 1.48755370E+03 3.61941870E-03
 1.48849130E+03 2.87201510E-03
 1.48942700E+03 3.33116770E-03
 1.49036400E+03 3.35834970E-03
 1.49130210E+03 3.62144250E-03
 1.49224140E+03 3.55193760E-03
 1.49318200E+03 3.59631800E-03
 1.49412070E+03 3.57945610E-03
 1.49506060E+03 3.51856830E-03
 1.49600170E+03 3.53887290E-03
 1.49694400E+03 3.05046070E-03
 1.49788740E+03 2.12991540E-03
 1.49882910E+03 2.19657410E-03
 1.49977200E+03 2.37301880E-03
 1.50071600E+03 2.48489890E-03
 1.50166130E+03 2.76223880E-03
 1.50260770E+03 3.89795130E-03
 1.50355240E+03 2.46240160E-03
 1.50449820E+03 3.08694940E-03
 1.50544530E+03 2.75871370E-03
 1.50639350E+03 3.57770690E-03
 1.50734290E+03 3.57187530E-03
 1.50829060E+03 3.56791690E-03
 1.50923940E+03 3.55747330E-03
 1.51018940E+03 3.56180470E-03
 1.51114060E+03 2.39187540E-03
 1.51209300E+03 3.19645210E-03
 1.51304360E+03 3.41515070E-03
 1.51399550E+03 3.40831120E-03
 1.51494850E+03 2.75174520E-03
 1.51590270E+03 3.10709400E-03
 1.51685810E+03 2.78175050E-03
 1.51781170E+03 1.97809360E-03
 1.51876650E+03 3.28867380E-03
 1.51972250E+03 2.98804960E-03
 1.52067980E+03 2.27498350E-03
 1.52163820E+03 2.62185090E-03
 1.52259480E+03 3.52852090E-03
 1.52355260E+03 3.52366080E-03
 1.52451170E+03 3.50957590E-03
 1.52547190E+03 3.51970470E-03
 1.52643330E+03 3.45691460E-03
 1.52739300E+03 2.98738720E-03
 1.52835380E+03 3.44470100E-03
 1.52931590E+03 3.50988160E-03
 1.53027910E+03 1.73268470E-03
 1.53124360E+03 3.37429000E-04
 1.53220630E+03 2.96777210E-06
 1.53317010E+03 1.77788680E-06
 1.53413520E+03 1.16263680E-06
 1.53510150E+03 6.26034940E-07
 1.53606900E+03 9.16188050E-07
 1.53703470E+03 9.32627930E-07
 1.53800160E+03 1.19294920E-06
 1.53896970E+03 2.61561460E-06
 1.53993910E+03 1.86344000E-05
 1.54090970E+03 8.92682830E-05
 1.54187840E+03 2.54664360E-04
 1.54284830E+03 4.98329670E-04
 1.54381950E+03 8.18006430E-04
 1.54479190E+03 1.20952210E-03
 1.54576550E+03 1.64028100E-03
 1.54673730E+03 2.12289890E-03
 1.54771030E+03 2.67566920E-03
 1.54868460E+03 3.30661760E-03
 1.54966000E+03 4.04007120E-03
 1.55063670E+03 4.89011610E-03
 1.55161160E+03 6.71323300E-03
 1.55258760E+03 6.71220240E-03
 1.55356500E+03 5.88622510E-03
 1.55454350E+03 5.96072840E-03
 1.55552330E+03 5.19052570E-03
 1.55650120E+03 5.31953600E-03
 1.55748030E+03 3.47025590E-03
 1.55846070E+03 4.81278900E-03
 1.55944230E+03 4.55115460E-03
 1.56042520E+03 3.76578280E-03
 1.56140620E+03 2.93837380E-03
 1.56238840E+03 2.56266620E-03
 1.56337190E+03 3.80961060E-03
 1.56435660E+03 3.33943680E-03
 1.56534260E+03 2.81335060E-03
 1.56632670E+03 2.09111520E-03
 1.56731200E+03 3.42702080E-03
 1.56829860E+03 1.98074340E-03
 1.56928640E+03 1.95386660E-03
 1.57027550E+03 2.55616360E-03
 1.57126270E+03 1.72751600E-03
 1.57225110E+03 2.26551140E-03
 1.57324080E+03 3.43082160E-03
 1.57423170E+03 3.15139890E-03
 1.57522390E+03 2.06405230E-03
 1.57621420E+03 2.16690260E-03
 1.57720570E+03 1.96711690E-03
 1.57819850E+03 3.18119510E-03
 1.57919260E+03 2.82346070E-03
 1.58018790E+03 2.25927140E-03
 1.58118130E+03 3.37148820E-03
 1.58217600E+03 3.36766380E-03
 1.58317190E+03 3.30237810E-03
 1.58416910E+03 2.77259670E-03
 1.58516760E+03 2.29323860E-03
 1.58616410E+03 2.77443040E-03
 1.58716190E+03 3.35931260E-03
 1.58816100E+03 3.34952530E-03
 1.58916130E+03 3.33118120E-03
 1.59016290E+03 2.27555800E-03
 1.59116260E+03 2.91034840E-03
 1.59216360E+03 2.91902420E-03
 1.59316580E+03 3.22301850E-03
 1.59416930E+03 3.31619330E-03
 1.59517400E+03 3.16507750E-03
 1.59617690E+03 3.33481280E-03
 1.59718100E+03 3.33446340E-03
 1.59818630E+03 3.33430050E-03
 1.59919300E+03 3.35571130E-03
 1.60020090E+03 3.36329670E-03
 1.60120690E+03 2.68538380E-03
 1.60221420E+03 3.30686930E-03
 1.60322270E+03 1.91561980E-03
 1.60423250E+03 2.76285320E-03
 1.60524360E+03 3.32743220E-03
 1.60625280E+03 2.88896110E-03
 1.60726330E+03 3.32865950E-03
 1.60827500E+03 3.25702430E-03
 1.60928800E+03 3.10450090E-03
 1.61030220E+03 1.71484770E-03
 1.61131460E+03 3.08698200E-03
 1.61232820E+03 3.27662750E-03
 1.61334320E+03 2.32290260E-03
 1.61435930E+03 3.26142380E-03
 1.61537680E+03 2.37888190E-03
 1.61639240E+03 3.24419890E-03
 1.61740920E+03 3.19015290E-03
 1.61842730E+03 3.00128800E-03
 1.61944670E+03 2.80949410E-03
 1.62046740E+03 3.16120550E-03
 1.62148610E+03 1.91876100E-03
 1.62250610E+03 3.22957610E-03
 1.62352750E+03 2.08941940E-03
 1.62455010E+03 3.28823140E-03
 1.62557400E+03 3.33311960E-03
 1.62659590E+03 3.04107870E-03
 1.62761920E+03 3.29486160E-03
 1.62864370E+03 2.91344950E-03
 1.62966950E+03 3.27869050E-03
 1.63069660E+03 1.74599470E-03
 1.63172180E+03 1.94283270E-03
 1.63274830E+03 3.27062320E-03
 1.63377610E+03 3.19895820E-03
 1.63480510E+03 2.45552040E-03
 1.63583550E+03 2.05814910E-03
 1.63686390E+03 3.18897350E-03
 1.63789360E+03 3.03656320E-03
 1.63892460E+03 3.15807420E-03
 1.63995690E+03 1.77694850E-03
 1.64099050E+03 3.30493990E-03
 1.64202210E+03 3.23880500E-03
 1.64305510E+03 3.22275380E-03
 1.64408940E+03 2.20885380E-03
 1.64512490E+03 2.87893360E-03
 1.64616180E+03 3.24194440E-03
 1.64719670E+03 2.15565900E-03
 1.64823290E+03 3.23089170E-03
 1.64927040E+03 2.94081170E-03
 1.65030920E+03 3.22267720E-03
 1.65134930E+03 3.21280390E-03
 1.65238750E+03 3.16294480E-03
 1.65342700E+03 1.70964160E-03
 1.65446770E+03 3.09653650E-03
 1.65550980E+03 3.15173550E-03
 1.65655320E+03 2.18019770E-03
 1.65759470E+03 2.33026650E-03
 1.65863740E+03 3.21760080E-03
 1.65968150E+03 3.20483060E-03
 1.66072690E+03 2.87066710E-03
 1.66177360E+03 3.19779570E-03
 1.66281830E+03 3.12501080E-03
 1.66386430E+03 3.20170920E-03
 1.66491170E+03 2.21887400E-03
 1.66596030E+03 3.19630660E-03
 1.66701030E+03 2.68840580E-03
 1.66805830E+03 1.85001060E-03
 1.66910770E+03 3.18911140E-03
 1.67015830E+03 2.88250970E-03
 1.67121030E+03 3.16575590E-03
 1.67226360E+03 2.04634730E-03
 1.67331490E+03 2.39480580E-03
 1.67436750E+03 3.17234080E-03
 1.67542150E+03 2.55746790E-03
 1.67647680E+03 2.10837330E-03
 1.67753340E+03 2.94430960E-03
 1.67858800E+03 3.15963220E-03
 1.67964400E+03 3.16987620E-03
 1.68070130E+03 3.16406680E-03
 1.68175990E+03 2.41786560E-03
 1.68281980E+03 3.16084250E-03
 1.68387780E+03 3.15823820E-03
 1.68493710E+03 3.15530460E-03
 1.68599770E+03 3.15282380E-03
 1.68705960E+03 3.01690960E-03
 1.68812290E+03 3.07581790E-03
 1.68918420E+03 3.14565260E-03
 1.69024680E+03 1.93369410E-03
 1.69131080E+03 3.14032770E-03
 1.69237610E+03 3.13699520E-03
 1.69344270E+03 3.13530850E-03
 1.69450730E+03 2.81894600E-03
 1.69557330E+03 2.98596980E-03
 1.69664060E+03 3.10411920E-03
 1.69770930E+03 3.12429140E-03
 1.69877930E+03 2.22302560E-03
 1.69984730E+03 2.74352710E-03
 1.70091660E+03 2.45247370E-03
 1.70198730E+03 3.07849730E-03
 1.70305930E+03 2.94052350E-03
 1.70413270E+03 2.68820850E-03
 1.70520400E+03 3.07396190E-03
 1.70627670E+03 2.91830330E-03
 1.70735080E+03 1.61177010E-03
 1.70842620E+03 2.69663380E-03
 1.70950290E+03 2.40494250E-03
 1.71057760E+03 2.03693290E-03
 1.71165370E+03 1.66470880E-03
 1.71273110E+03 1.01461030E-03
 1.71380990E+03 1.17582360E-03
 1.71489010E+03 1.47823310E-03
 1.71596820E+03 1.90203270E-03
 1.71704770E+03 2.40293570E-03
 1.71812850E+03 2.99642350E-03
 1.71921070E+03 4.28334030E-03
 1.72029420E+03 3.88097160E-03
 1.72137570E+03 3.65781900E-03
 1.72245860E+03 3.32469520E-03
 1.72354280E+03 2.88160160E-03
 1.72462840E+03 2.38920480E-03
 1.72571540E+03 2.04323740E-03
 1.72680030E+03 3.13145170E-03
 1.72788660E+03 3.09217730E-03
 1.72897430E+03 3.07190820E-03
 1.73006330E+03 2.52939520E-03
 1.73115370E+03 2.41857020E-03
 1.73224200E+03 3.05364210E-03
 1.73333170E+03 3.05207840E-03
 1.73442280E+03 2.99550590E-03
 1.73551520E+03 3.04651960E-03
 1.73660910E+03 3.04158120E-03
 1.73770080E+03 2.98563320E-03
 1.73879400E+03 2.62703390E-03
 1.73988850E+03 3.03793210E-03
 1.74098440E+03 3.02854330E-03
 1.74208170E+03 3.03263100E-03
 1.74317690E+03 3.03072350E-03
 1.74427350E+03 3.02868720E-03
 1.74537140E+03 2.34402190E-03
 1.74647080E+03 3.02485080E-03
 1.74757150E+03 2.72745620E-03
 1.74867020E+03 3.01996210E-03
 1.74977020E+03 3.01771370E-03
 1.75087160E+03 3.01507500E-03
 1.75197440E+03 3.01317550E-03
 1.75307860E+03 1.92354430E-03
 1.75418080E+03 2.94055350E-03
 1.75528430E+03 3.00597730E-03
 1.75638920E+03 3.00375150E-03
 1.75749550E+03 3.00123510E-03
 1.75860310E+03 2.49010420E-03
 1.75970870E+03 2.53792170E-03
 1.76081570E+03 2.69395790E-03
 1.76192410E+03 2.98862860E-03
 1.76303390E+03 2.22421920E-03
 1.76414500E+03 2.98764510E-03
 1.76525410E+03 2.82953500E-03
 1.76636460E+03 2.98211320E-03
 1.76747650E+03 2.90915400E-03
 1.76858970E+03 2.97833640E-03
 1.76970440E+03 2.77256990E-03
 1.77081700E+03 2.96696840E-03
 1.77193100E+03 2.70311620E-03
 1.77304630E+03 2.48472490E-03
 1.77416310E+03 2.44915070E-03
 1.77528130E+03 2.96286950E-03
 1.77639740E+03 2.83687460E-03
 1.77751490E+03 2.93721820E-03
 1.77863370E+03 2.76146060E-03
 1.77975400E+03 2.95558270E-03
 1.78087580E+03 2.84135870E-03
 1.78199540E+03 2.33236920E-03
 1.78311640E+03 2.18597270E-03
 1.78423880E+03 2.94557790E-03
 1.78536260E+03 2.29819200E-03
 1.78648780E+03 2.90242900E-03
 1.78761100E+03 2.89564290E-03
 1.78873550E+03 2.38713830E-03
 1.78986150E+03 2.93384060E-03
 1.79098880E+03 2.88437670E-03
 1.79211760E+03 1.62592640E-03
 1.79324430E+03 2.85080870E-03
 1.79437240E+03 2.92320880E-03
 1.79550190E+03 2.91926780E-03
 1.79663280E+03 2.90512800E-03
 1.79776510E+03 2.91333890E-03
 1.79889540E+03 2.05164930E-03
 1.80002700E+03 2.91433810E-03
 1.80116010E+03 2.91234820E-03
 1.80229450E+03 2.90990190E-03
 1.80343050E+03 2.90693140E-03
 1.80456420E+03 2.46735650E-03
 1.80569940E+03 2.47353180E-03
 1.80683610E+03 2.87836440E-03
 1.80797410E+03 2.90159390E-03
 1.80911360E+03 2.89769220E-03
 1.81025100E+03 2.86846380E-03
 1.81138980E+03 2.73113740E-03
 1.81253000E+03 1.85545000E-03
 1.81367160E+03 2.88554240E-03
 1.81481470E+03 2.88515980E-03
 1.81595560E+03 2.86994070E-03
 1.81709800E+03 2.77752850E-03
 1.81824180E+03 2.87880120E-03
 1.81938710E+03 2.87158040E-03
 1.82053370E+03 2.73545940E-03
 1.82167830E+03 1.84908200E-03
 1.82282420E+03 2.86870410E-03
 1.82397170E+03 2.86701340E-03
 1.82512050E+03 2.78888890E-03
 1.82627080E+03 2.19243700E-03
 1.82741890E+03 2.14889030E-03
 1.82856850E+03 2.83523190E-03
 1.82971950E+03 2.85478580E-03
 1.83087200E+03 2.84932360E-03
 1.83202600E+03 2.85192110E-03
 1.83317770E+03 2.84819830E-03
 1.83433090E+03 2.76111070E-03
 1.83548560E+03 2.82482150E-03
 1.83664170E+03 2.81958010E-03
 1.83779920E+03 2.84971520E-03
 1.83895460E+03 2.74968280E-03
 1.84011150E+03 1.93840820E-03
 1.84126970E+03 2.67694420E-03
 1.84242950E+03 2.81204320E-03
 1.84359070E+03 2.82773230E-03
 1.84474970E+03 2.50339070E-03
 1.84591020E+03 2.24736430E-03
 1.84707220E+03 2.73857140E-03
 1.84823560E+03 2.05633410E-03
 1.84940040E+03 2.81362270E-03
 1.85056310E+03 1.74928100E-03
 1.85172720E+03 2.79550060E-03
 1.85289290E+03 2.81157380E-03
 1.85405990E+03 2.51493330E-03
 1.85522850E+03 2.43285090E-03
 1.85639480E+03 2.80538870E-03
 1.85756260E+03 2.80188150E-03
 1.85873190E+03 2.80393840E-03
 1.85990260E+03 2.79954140E-03
 1.86107490E+03 2.79636040E-03
 1.86224490E+03 2.79095770E-03
 1.86341640E+03 2.78907580E-03
 1.86458930E+03 2.70490800E-03
 1.86576380E+03 2.78476470E-03
 1.86693970E+03 2.78500770E-03
 1.86811340E+03 2.76104810E-03
 1.86928860E+03 2.78034880E-03
 1.87046520E+03 2.77096180E-03
 1.87164340E+03 2.68542680E-03
 1.87282300E+03 1.83822040E-03
 1.87400040E+03 2.18176810E-03
 1.87517930E+03 2.73287820E-03
 1.87635960E+03 2.54698660E-03
 1.87754150E+03 2.30983040E-03
 1.87872480E+03 2.76335420E-03
 1.87990600E+03 2.76127040E-03
 1.88108860E+03 2.75723770E-03
 1.88227260E+03 2.69683900E-03
 1.88345820E+03 2.75068440E-03
 1.88464530E+03 2.75203890E-03
 1.88583010E+03 2.73402160E-03
 1.88701640E+03 2.74777200E-03
 1.88820430E+03 2.73704010E-03
 1.88939360E+03 2.74296400E-03
 1.89058440E+03 2.73987320E-03
 1.89177300E+03 2.73771020E-03
 1.89296300E+03 2.65217020E-03
 1.89415460E+03 2.67823640E-03
 1.89534760E+03 2.73132140E-03
 1.89654220E+03 2.72413350E-03
 1.89773450E+03 2.72365790E-03
 1.89892830E+03 2.71086060E-03
 1.90012360E+03 2.72323090E-03
 1.90132050E+03 2.69941290E-03
 1.90251880E+03 2.71879120E-03
 1.90371490E+03 2.71663810E-03
 1.90491240E+03 2.71440460E-03
 1.90611150E+03 2.71107420E-03
 1.90731210E+03 2.70276650E-03
 1.90851420E+03 2.49101890E-03
 1.90971410E+03 2.70560440E-03
 1.91091540E+03 2.70309600E-03
 1.91211830E+03 2.63785710E-03
 1.91332260E+03 2.69902180E-03
 1.91452850E+03 2.48559560E-03
 1.91573220E+03 2.69454110E-03
 1.91693730E+03 2.69211180E-03
 1.91814390E+03 2.68613870E-03
 1.91935210E+03 2.55888600E-03
 1.92056180E+03 2.37248540E-03
 1.92176920E+03 2.59807090E-03
 1.92297820E+03 2.21866910E-03
 1.92418860E+03 2.67968520E-03
 1.92540060E+03 2.63512010E-03
 1.92661410E+03 2.67437700E-03
 1.92782530E+03 2.67192330E-03
 1.92903810E+03 2.44818790E-03
 1.93025230E+03 2.66717770E-03
 1.93146810E+03 2.66653880E-03
 1.93268550E+03 2.66416030E-03
 1.93390050E+03 2.66186990E-03
 1.93511710E+03 2.65911030E-03
 1.93633510E+03 2.65755920E-03
 1.93755480E+03 2.43668650E-03
 1.93877590E+03 2.65200020E-03
 1.93999480E+03 2.56016030E-03
 1.94121520E+03 2.64868890E-03
 1.94243710E+03 2.58754370E-03
 1.94366060E+03 2.64437650E-03
 1.94488560E+03 2.64137100E-03
 1.94610830E+03 2.62065330E-03
 1.94733260E+03 2.63035370E-03
 1.94855840E+03 2.63677620E-03
 1.94978570E+03 2.61071720E-03
 1.95101460E+03 2.63110650E-03
 1.95224110E+03 2.61913900E-03
 1.95346920E+03 2.61611900E-03
 1.95469890E+03 2.42885460E-03
 1.95593010E+03 2.16829420E-03
 1.95716280E+03 2.62072830E-03
 1.95839320E+03 2.51186160E-03
 1.95962520E+03 2.61651570E-03
 1.96085870E+03 2.11387890E-03
 1.96209380E+03 2.59298820E-03
 1.96333040E+03 2.59639000E-03
 1.96456470E+03 2.60498140E-03
 1.96580060E+03 2.57122350E-03
 1.96703800E+03 2.57772920E-03
 1.96827700E+03 2.54897290E-03
 1.96951750E+03 2.59935850E-03
 1.97075570E+03 2.59804420E-03
 1.97199540E+03 2.36503220E-03
 1.97323680E+03 2.55922730E-03
 1.97447960E+03 2.54741890E-03
 1.97572410E+03 2.48951540E-03
 1.97696620E+03 2.53541350E-03
 1.97820980E+03 2.58346810E-03
 1.97945500E+03 2.54286570E-03
 1.98070180E+03 2.58017320E-03
 1.98195020E+03 2.57790430E-03
 1.98319620E+03 2.57579720E-03
 1.98444380E+03 2.57359930E-03
 1.98569290E+03 2.55404240E-03
 1.98694360E+03 2.43184700E-03
 1.98819590E+03 2.56688410E-03
 1.98944590E+03 2.56301470E-03
 1.99069740E+03 2.53780710E-03
 1.99195040E+03 2.56142870E-03
 1.99320510E+03 2.55930260E-03
 1.99446130E+03 2.55673920E-03
 1.99571520E+03 2.55443420E-03
 1.99697070E+03 2.50332220E-03
 1.99822770E+03 2.51474160E-03
 1.99948630E+03 2.52684480E-03
 2.00074650E+03 2.54573610E-03
 2.00200430E+03 2.54339080E-03
 2.00326370E+03 2.42099740E-03
 2.00452470E+03 2.53830370E-03
 2.00578730E+03 2.52476250E-03
 2.00705150E+03 2.51332220E-03
 2.00831330E+03 2.51841740E-03
 2.00957660E+03 2.52296620E-03
 2.01084160E+03 2.41469970E-03
 2.01210820E+03 2.52391350E-03
 2.01337630E+03 2.43393890E-03
 2.01464210E+03 2.50813000E-03
 2.01590940E+03 2.52037580E-03
 2.01717840E+03 2.51806400E-03
 2.01844890E+03 2.51641940E-03
 2.01972110E+03 2.51412870E-03
 2.02099080E+03 2.51094080E-03
 2.02226220E+03 2.50725210E-03
 2.02353510E+03 2.50308940E-03
 2.02480970E+03 2.50062560E-03
 2.02608590E+03 2.49578160E-03
 2.02735960E+03 2.32458150E-03
 2.02863500E+03 2.49879180E-03
 2.02991190E+03 2.49702660E-03
 2.03119050E+03 2.49503390E-03
 2.03247070E+03 2.49176950E-03
 2.03374850E+03 2.49076090E-03
 2.03502780E+03 2.48849130E-03
 2.03630880E+03 2.47048320E-03
 2.03759140E+03 2.47451440E-03
 2.03887560E+03 2.46932030E-03
 2.04015740E+03 2.27370550E-03
 2.04144080E+03 2.43354590E-03
 2.04272590E+03 2.47603110E-03
 2.04401250E+03 2.47378440E-03
 2.04530080E+03 2.47100090E-03
 2.04658660E+03 2.46969270E-03
 2.04787400E+03 2.45334960E-03
 2.04916310E+03 2.46532200E-03
 2.05045380E+03 2.56474980E-03
 2.05174610E+03 2.40633330E-03
 2.05303600E+03 2.55999250E-03
 2.05432750E+03 2.54982150E-03
 2.05562070E+03 2.55612200E-03
 2.05691540E+03 2.55230880E-03
 2.05821180E+03 2.55191810E-03
 2.05950580E+03 2.54680690E-03
 2.06080130E+03 2.54744230E-03
 2.06209860E+03 2.54402470E-03
 2.06339740E+03 2.54335070E-03
 2.06469790E+03 1.92454070E-03
 2.06599590E+03 2.50501620E-03
 2.06729560E+03 2.42050720E-03
 2.06859690E+03 2.53467740E-03
 2.06989980E+03 2.53261920E-03
 2.07120440E+03 2.51724290E-03
 2.07250650E+03 2.52820070E-03
 2.07381030E+03 2.52613640E-03
 2.07511570E+03 2.52270670E-03
 2.07642270E+03 2.52163840E-03
 2.07773140E+03 2.30260000E-03
 2.07903760E+03 2.51667720E-03
 2.08034550E+03 2.13141970E-03
 2.08165500E+03 2.51210830E-03
 2.08296620E+03 2.50580290E-03
 2.08427900E+03 2.34181610E-03
 2.08558930E+03 2.50658130E-03
 2.08690130E+03 2.46958850E-03
 2.08821490E+03 2.50261910E-03
 2.08953020E+03 2.50018160E-03
 2.09084720E+03 2.49805310E-03
 2.09216160E+03 2.48037340E-03
 2.09347780E+03 2.48609870E-03
 2.09479550E+03 2.48856730E-03
 2.09611500E+03 2.48972270E-03
 2.09743610E+03 2.48747150E-03
 2.09875470E+03 2.47521470E-03
 2.10007500E+03 2.48284500E-03
 2.10139690E+03 2.47963110E-03
 2.10272050E+03 2.47952660E-03
 2.10404580E+03 2.47711310E-03
 2.10536850E+03 2.47481710E-03
 2.10669290E+03 2.47031270E-03
 2.10801900E+03 2.45861710E-03
 2.10934680E+03 2.46888600E-03
 2.11067630E+03 2.46649940E-03
 2.11200320E+03 2.46414020E-03
 2.11333180E+03 2.38032830E-03
 2.11466210E+03 2.45511140E-03
 2.11599400E+03 2.43893430E-03
 2.11732760E+03 2.45272640E-03
 2.11865880E+03 2.45353320E-03
 2.11999160E+03 2.45104900E-03
 2.12132600E+03 2.36915130E-03
 2.12266220E+03 2.44761880E-03
 2.12400000E+03 2.43928550E-03
 2.12500000E+03 2.44362870E-03
 2.13923310E+03 2.42131620E-03
 2.17500000E+03 2.36638410E-03
 2.22500000E+03 2.29223870E-03
 2.23681870E+03 2.27514990E-03
 2.27500000E+03 2.22104990E-03
 2.32500000E+03 2.15267980E-03
 2.34373310E+03 2.12776280E-03
 2.37500000E+03 2.08699560E-03
 2.40111680E+03 2.05371180E-03
 2.42500000E+03 2.02387070E-03
 2.46138090E+03 1.97947930E-03
 2.46141120E+03 1.97944620E-03
 2.48000000E+03 1.95724910E-03
 2.49659840E+03 1.93769910E-03
 2.53283820E+03 1.89588160E-03
 2.57014570E+03 1.85403970E-03
 2.57500000E+03 1.84868330E-03
 2.58921460E+03 1.83311290E-03
 2.60856860E+03 1.81218380E-03
 2.60860260E+03 1.81289720E-03
 2.62500000E+03 1.79539380E-03
 2.67500000E+03 1.74335090E-03
 2.72258120E+03 1.69562300E-03
 2.77500000E+03 1.64498500E-03
 2.82500000E+03 1.59850110E-03
 2.84701560E+03 1.57857710E-03
 2.87500000E+03 1.55371760E-03
 2.95000000E+03 1.48958120E-03
 2.98336920E+03 1.46216860E-03
 3.05000000E+03 1.40940760E-03
 3.05656400E+03 1.40434850E-03
 3.13344070E+03 1.34687660E-03
 3.13348980E+03 1.34699190E-03
 3.15000000E+03 1.33506400E-03
 3.20394980E+03 1.29707780E-03
 3.25000000E+03 1.26581830E-03
 3.27770520E+03 1.24751190E-03
 3.35000000E+03 1.20144880E-03
 3.35493630E+03 1.19839120E-03
 3.39493300E+03 1.17401800E-03
 3.43589480E+03 1.14978070E-03
 3.43595380E+03 1.15126590E-03
 3.45000000E+03 1.14310600E-03
 3.48542270E+03 1.12289240E-03
 3.53639930E+03 1.09469710E-03
 3.55000000E+03 1.08734820E-03
 3.58888920E+03 1.06672870E-03
 3.61572280E+03 1.05283410E-03
 3.62000000E+03 1.05064410E-03
 3.64296070E+03 1.03900160E-03
 3.64302710E+03 1.05090150E-03
 3.64701290E+03 1.04887120E-03
 3.64707940E+03 1.17458500E-03
 3.67132800E+03 1.16148020E-03
 3.69596950E+03 1.14836120E-03
 3.69603780E+03 1.14889900E-03
 3.75000000E+03 1.12084510E-03
 3.85000000E+03 1.07121270E-03
 3.95000000E+03 1.02445540E-03
 4.05085030E+03 9.80011020E-04
 4.15000000E+03 9.38792690E-04
 4.25000000E+03 8.99547410E-04
 4.35000000E+03 8.62492080E-04
 4.48111990E+03 8.16999790E-04
 4.55000000E+03 7.94423570E-04
 4.65000000E+03 7.63171370E-04
 4.75000000E+03 7.33628510E-04
 4.85000000E+03 7.05694800E-04
 4.95000000E+03 6.79276250E-04
 5.01365590E+03 6.63207730E-04
 5.05000000E+03 6.54284300E-04
 5.15000000E+03 6.30635470E-04
 5.25000000E+03 6.08250830E-04
 5.33038740E+03 5.91122290E-04
 5.35000000E+03 5.87055760E-04
 5.45000000E+03 5.66979650E-04
 5.55000000E+03 5.47955700E-04
 5.65000000E+03 5.29920690E-04
 5.68983570E+03 5.22998350E-04
 5.68999760E+03 5.27028360E-04
 5.75000000E+03 5.16727130E-04
 5.85000000E+03 5.00255070E-04
 5.95000000E+03 4.84608200E-04
 6.05000000E+03 4.69737400E-04
 6.15000000E+03 4.55596280E-04
 6.16217930E+03 4.53921690E-04
 6.25000000E+03 4.42141050E-04
 6.35000000E+03 4.29330470E-04
 6.45000000E+03 4.17125640E-04
 6.55000000E+03 4.05489950E-04
 6.65000000E+03 3.94389040E-04
 6.72004620E+03 3.86914350E-04
 6.75000000E+03 3.83790580E-04
 6.85000000E+03 3.73664220E-04
 6.95000000E+03 3.63981540E-04
 7.05000000E+03 3.54715890E-04
 7.15000000E+03 3.45842310E-04
 7.25000000E+03 3.37337440E-04
 7.35000000E+03 3.29179460E-04
 7.38897600E+03 3.26089300E-04
 7.45000000E+03 3.21347950E-04
 7.55000000E+03 3.13823850E-04
 7.65000000E+03 3.06589360E-04
 7.75000000E+03 2.99627870E-04
 7.77599690E+03 2.97860860E-04
 7.85000000E+03 2.92923860E-04
 7.95000000E+03 2.86462900E-04
 8.05000000E+03 2.80231470E-04
 8.15000000E+03 2.74217020E-04
 8.20580150E+03 2.70950800E-04
 8.20613820E+03 2.72773910E-04
 8.25000000E+03 2.70189940E-04
 8.35000000E+03 2.64451450E-04
 8.45000000E+03 2.58915930E-04
 8.55000000E+03 2.53572610E-04
 8.65000000E+03 2.48411390E-04
 8.75000000E+03 2.43422760E-04
 8.85000000E+03 2.38597860E-04
 8.95000000E+03 2.33928340E-04
 9.05000000E+03 2.29406360E-04
 9.15000000E+03 2.25024610E-04
 9.21353280E+03 2.22310430E-04
 9.25000000E+03 2.20776190E-04
 9.35000000E+03 2.16654660E-04
 9.45000000E+03 2.12653970E-04
 9.55000000E+03 2.08768470E-04
 9.65000000E+03 2.04992820E-04
 9.75000000E+03 2.01322030E-04
 9.85000000E+03 1.97751420E-04
 9.95000000E+03 1.94276620E-04
 1.01250000E+04 1.88413940E-04
 1.03750000E+04 1.80486120E-04
 1.05034290E+04 1.76603140E-04
 1.06250000E+04 1.73038510E-04
 1.08750000E+04 1.66026470E-04
 1.11250000E+04 1.59411580E-04
 1.13750000E+04 1.53160590E-04
 1.16250000E+04 1.47244550E-04
 1.18750000E+04 1.41638180E-04
 1.21250000E+04 1.36319230E-04
 1.22132930E+04 1.34505650E-04
 1.23750000E+04 1.31268030E-04
 1.26250000E+04 1.26467060E-04
 1.28750000E+04 1.21900590E-04
 1.31250000E+04 1.17554470E-04
 1.32954860E+04 1.14710360E-04
 1.33750000E+04 1.13415790E-04
 1.36250000E+04 1.09472790E-04
 1.38750000E+04 1.05714630E-04
 1.41250000E+04 1.02131330E-04
 1.44200000E+04 9.81152830E-05
 1.45881050E+04 9.59243920E-05
 1.45882110E+04 9.65741050E-05
 1.46700000E+04 9.55364220E-05
 1.48750000E+04 9.30021930E-05
 1.51250000E+04 9.00360090E-05
 1.53750000E+04 8.72000500E-05
 1.56250000E+04 8.44878840E-05
 1.58750000E+04 8.18934410E-05
 1.60308430E+04 8.03331490E-05
 1.62000000E+04 7.86872640E-05
 1.66000000E+04 7.49835900E-05
 1.70000000E+04 7.15282320E-05
 1.74000000E+04 6.83022700E-05
 1.77902710E+04 6.53591370E-05
 1.78000000E+04 6.52882100E-05
 1.82000000E+04 6.24698710E-05
 1.86000000E+04 5.98322850E-05
 1.90000000E+04 5.73615990E-05
 1.94000000E+04 5.50450120E-05
 1.98000000E+04 5.28706990E-05
 1.99835140E+04 5.19177450E-05
 2.02500000E+04 5.05811120E-05
 2.07500000E+04 4.82148720E-05
 2.12500000E+04 4.60186590E-05
 2.12962490E+04 4.58235270E-05
 2.17500000E+04 4.39765330E-05
 2.22500000E+04 4.20741740E-05
 2.26500000E+04 4.06442330E-05
 2.27935810E+04 4.01495970E-05
 2.27938410E+04 4.02355500E-05
 2.29000000E+04 3.98742950E-05
 2.32500000E+04 3.87189090E-05
 2.37500000E+04 3.71578460E-05
 2.42500000E+04 3.56937420E-05
 2.47500000E+04 3.43182280E-05
 2.52500000E+04 3.30238030E-05
 2.57500000E+04 3.18037390E-05
 2.62500000E+04 3.06520010E-05
 2.67500000E+04 2.95631750E-05
 2.72500000E+04 2.85324000E-05
 2.77500000E+04 2.75553090E-05
 2.82500000E+04 2.66279680E-05
 2.87500000E+04 2.57468340E-05
 2.92500000E+04 2.49087090E-05
 2.97500000E+04 2.41106980E-05
 3.02500000E+04 2.33501780E-05
 3.07500000E+04 2.26247640E-05
 3.12500000E+04 2.19322840E-05
 3.17500000E+04 2.12707530E-05
 3.24000000E+04 2.04540600E-05
 3.34000000E+04 1.92855330E-05
 3.45000000E+04 1.81111990E-05
 3.50017500E+04 1.76106720E-05
 3.55000000E+04 1.71338480E-05
 3.65000000E+04 1.62335860E-05
 3.75000000E+04 1.54029390E-05
 3.85000000E+04 1.46353030E-05
 3.95000000E+04 1.39248040E-05
 4.05000000E+04 1.32661920E-05
 4.15000000E+04 1.26547540E-05
 4.25000000E+04 1.20862510E-05
 4.35000000E+04 1.15568580E-05
 4.45000000E+04 1.10631240E-05
 4.55000000E+04 1.06019300E-05
 4.65000000E+04 1.01704560E-05
 4.75000000E+04 9.76615440E-06
 4.85000000E+04 9.38672230E-06
 5.00000000E+04 8.85970660E-06
 1.20000000E+05 1.69372750E-06
 2.50000000E+05 4.57583010E-07
 5.99999990E+05 1.12926010E-07
 1.00000000E+06 5.56466790E-08
 1.20000000E+07 4.92575420E-09
 2.00000000E+08 5.55591510E-10
 6.00000000E+08 1.50382780E-10
