 WMBASIC, Moont, Westmoquette 2004 (Pauldrach 2003) after SNC 2002
 Z/Z0 2.00 Teff 32.30 logg 4.00 R/R0 10.15 R 7.0594E+11
   Wavelength   Eddington Hnu
 (Angstroms) (erg/s/cm2/Hz/sr)
 5.00000000E+01 1.65085260E-54
 5.43370910E+01 6.69166410E-53
 5.94980600E+01 1.82007410E-51
 6.57423040E+01 3.53582270E-50
 6.83530450E+01 9.86286230E-50
 7.11797140E+01 2.80540160E-49
 7.26825700E+01 4.92577820E-49
 7.42502560E+01 9.60534730E-49
 7.42530130E+01 1.01640050E-48
 8.12611220E+01 4.63859630E-48
 8.60000000E+01 1.99727860E-47
 8.97339960E+01 1.13798250E-45
 9.61000000E+01 4.20887410E-42
 1.00179430E+02 4.78204920E-40
 1.06370420E+02 3.07744860E-37
 1.13377010E+02 1.91885780E-34
 1.13377660E+02 1.91991780E-34
 1.16428800E+02 2.45850970E-33
 1.19649410E+02 3.12873680E-32
 1.23053270E+02 3.95243880E-31
 1.24828880E+02 1.40062250E-30
 1.26656480E+02 4.95293730E-30
 1.26657280E+02 4.95564160E-30
 1.27447660E+02 8.45603790E-30
 1.27448480E+02 8.46065150E-30
 1.29343070E+02 2.96094700E-29
 1.31295690E+02 1.03439060E-28
 1.33308180E+02 3.60480130E-28
 1.34337740E+02 6.72307200E-28
 1.35383330E+02 1.25305730E-27
 1.35384240E+02 1.25373570E-27
 1.37200850E+02 3.61018880E-27
 1.39067840E+02 1.03804160E-26
 1.39068810E+02 1.03860140E-26
 1.40058470E+02 1.79585750E-26
 1.41063320E+02 3.10511740E-26
 1.41064320E+02 3.10678840E-26
 1.44205920E+02 1.63236950E-25
 1.47491730E+02 8.53173130E-25
 1.50930770E+02 4.43166670E-24
 1.52711150E+02 1.00755450E-23
 1.54534020E+02 2.28681020E-23
 1.54535210E+02 2.31882500E-23
 1.57236080E+02 7.51556350E-23
 1.60034310E+02 2.42784280E-22
 1.60035590E+02 2.43001350E-22
 1.60224390E+02 2.62583030E-22
 1.60225670E+02 2.62721410E-22
 1.62147230E+02 5.71696860E-22
 1.64116780E+02 1.24241640E-21
 1.64118130E+02 3.98741490E-23
 1.65325350E+02 6.35702650E-23
 1.66551860E+02 1.01333110E-22
 1.66553240E+02 1.01386120E-22
 1.68739650E+02 2.28523990E-22
 1.70985680E+02 5.14251960E-22
 1.70987140E+02 4.51569800E-22
 1.71113420E+02 4.72310230E-22
 1.71114880E+02 3.77038260E-22
 1.71458910E+02 4.25953490E-22
 1.71460380E+02 2.02722200E-22
 1.72433830E+02 2.85509590E-22
 1.72435320E+02 1.22347500E-23
 1.73738350E+02 1.94057650E-23
 1.75062760E+02 3.07842410E-23
 1.75064300E+02 3.08005490E-23
 1.77188030E+02 6.35771990E-23
 1.79365540E+02 1.31175920E-22
 1.79367150E+02 1.31243670E-22
 1.80916590E+02 2.17290310E-22
 1.80918230E+02 2.17404990E-22
 1.83985820E+02 5.74519680E-22
 1.87160980E+02 1.51638130E-21
 1.87162730E+02 1.51727790E-21
 1.88738970E+02 2.42530270E-21
 1.88740750E+02 2.42657720E-21
 1.89790130E+02 3.30091050E-21
 1.90853060E+02 4.49185510E-21
 1.90854880E+02 4.49420830E-21
 1.92241740E+02 6.68156210E-21
 1.92243590E+02 6.68499260E-21
 1.93566170E+02 9.70350590E-21
 1.93568040E+02 9.70859210E-21
 1.94617540E+02 1.29994740E-20
 1.94619430E+02 1.30342180E-20
 1.94836520E+02 1.38396180E-20
 1.94838420E+02 1.38468670E-20
 1.95961030E+02 1.88381860E-20
 1.97098590E+02 2.56377580E-20
 1.97100530E+02 2.56511710E-20
 1.98877180E+02 4.12030840E-20
 2.00688160E+02 6.61923460E-20
 2.00690170E+02 6.62269200E-20
 2.01029230E+02 7.23015910E-20
 2.01031250E+02 7.23393490E-20
 2.01590960E+02 8.35596840E-20
 2.01592990E+02 8.36033100E-20
 2.02358650E+02 1.01695430E-19
 2.02360700E+02 1.01748510E-19
 2.02518850E+02 1.05929500E-19
 2.02520900E+02 1.05984790E-19
 2.06041210E+02 2.55436310E-19
 2.09688270E+02 6.15170630E-19
 2.13466760E+02 1.47971960E-18
 2.15407540E+02 2.29393310E-18
 2.17383930E+02 3.55516170E-18
 2.17386300E+02 3.55700680E-18
 2.19479890E+02 5.60762300E-18
 2.19482300E+02 5.61053000E-18
 2.22379990E+02 1.03819690E-17
 2.25357750E+02 1.92114260E-17
 2.25360290E+02 1.92213740E-17
 2.25609880E+02 2.02235210E-17
 2.25612420E+02 1.93391030E-17
 2.25845330E+02 2.02760580E-17
 2.25847880E+02 1.87956410E-17
 2.26991880E+02 2.36964300E-17
 2.26994450E+02 2.37087340E-17
 2.27837820E+02 2.80817580E-17
 2.27840410E+02 2.92635140E-13
 2.28062080E+02 2.98116130E-13
 2.28506890E+02 1.09494010E-13
 2.28952570E+02 1.23585450E-14
 2.29399110E+02 2.24322270E-14
 2.29846530E+02 7.08128930E-15
 2.30294820E+02 7.18766850E-16
 2.30721440E+02 1.97363010E-15
 2.30743990E+02 2.04232730E-15
 2.31194030E+02 1.97493160E-14
 2.31644950E+02 4.53726690E-15
 2.32096740E+02 3.47803010E-14
 2.32549420E+02 8.66088990E-15
 2.33002980E+02 4.62559800E-14
 2.33457430E+02 2.96814040E-14
 2.33678980E+02 6.53193480E-14
 2.33681710E+02 6.57664830E-14
 2.33912760E+02 1.04319700E-13
 2.34368990E+02 2.13547460E-13
 2.34826100E+02 1.90663110E-13
 2.34985870E+02 1.68423430E-13
 2.35284100E+02 1.25252350E-13
 2.35742990E+02 7.01081850E-14
 2.36202790E+02 6.76694080E-15
 2.36307460E+02 6.18704030E-15
 2.36310250E+02 6.69152750E-14
 2.36663470E+02 6.83478710E-14
 2.37125060E+02 1.20086540E-12
 2.37587540E+02 2.44854640E-13
 2.37749710E+02 2.75990670E-13
 2.37752530E+02 2.77774980E-13
 2.38050930E+02 3.36746570E-13
 2.38515230E+02 2.33049010E-12
 2.38980420E+02 9.14492850E-14
 2.39446530E+02 1.75580500E-12
 2.39913540E+02 7.68960770E-13
 2.40381470E+02 2.22536610E-12
 2.40641950E+02 1.81070030E-12
 2.40850300E+02 1.47024740E-12
 2.41320060E+02 7.58297530E-13
 2.41790720E+02 1.30782380E-13
 2.42262310E+02 1.74072150E-13
 2.42734820E+02 1.05685420E-13
 2.43208240E+02 7.23263950E-13
 2.43605420E+02 3.58672990E-13
 2.43608390E+02 3.63781900E-13
 2.43682590E+02 2.92345010E-13
 2.44157870E+02 4.43379500E-13
 2.44634070E+02 1.53207740E-12
 2.45111210E+02 4.40150620E-13
 2.45413770E+02 1.21516560E-12
 2.45416780E+02 1.22303980E-12
 2.45589270E+02 1.67580310E-12
 2.46068260E+02 5.93062270E-13
 2.46548190E+02 1.38635730E-12
 2.47029060E+02 2.69584500E-13
 2.47510860E+02 3.95189290E-12
 2.47579110E+02 4.39568980E-12
 2.47582170E+02 4.41902330E-12
 2.47993600E+02 7.16160830E-12
 2.48477290E+02 2.34597420E-11
 2.48961910E+02 1.71300730E-11
 2.49447490E+02 9.11837170E-12
 2.49834420E+02 2.01642600E-12
 2.49837540E+02 2.41979860E-12
 2.49934010E+02 1.77049970E-13
 2.50421470E+02 3.87036450E-14
 2.50909890E+02 1.18130280E-12
 2.51399270E+02 1.88169790E-13
 2.51553820E+02 2.78777900E-12
 2.51889590E+02 8.57368900E-12
 2.52380880E+02 2.14767850E-11
 2.52873120E+02 2.46886550E-11
 2.53297040E+02 6.08006920E-12
 2.53300250E+02 5.99264490E-12
 2.53366320E+02 2.99231100E-12
 2.53860480E+02 1.00922210E-12
 2.54355610E+02 1.14625910E-11
 2.54600830E+02 1.51271910E-11
 2.54604070E+02 1.61135480E-11
 2.54851700E+02 2.01362220E-11
 2.55348760E+02 8.96890010E-13
 2.55846790E+02 3.86142100E-12
 2.56345790E+02 1.28035170E-11
 2.56735220E+02 1.96303170E-11
 2.56845760E+02 2.16144540E-11
 2.57346710E+02 1.74050990E-11
 2.57848640E+02 2.67343250E-11
 2.58351550E+02 8.50815270E-12
 2.58855430E+02 8.32171300E-12
 2.58905710E+02 8.32206970E-12
 2.58909060E+02 5.90131780E-11
 2.59360300E+02 6.06122210E-11
 2.59866150E+02 5.16769100E-11
 2.60372990E+02 1.17081020E-10
 2.60880820E+02 1.34148630E-11
 2.61010740E+02 1.03499380E-11
 2.61014140E+02 1.26345360E-11
 2.61378120E+02 1.77281580E-12
 2.61381530E+02 5.11499950E-12
 2.61389640E+02 5.11789400E-12
 2.61899450E+02 3.46282610E-11
 2.62410260E+02 2.43902160E-12
 2.62922060E+02 1.21270630E-12
 2.63434860E+02 1.10072920E-11
 2.63948660E+02 5.22282210E-11
 2.64463470E+02 8.67240180E-10
 2.64575530E+02 1.20175610E-09
 2.64979270E+02 2.44689100E-09
 2.65496090E+02 4.41789760E-10
 2.66013910E+02 1.87926120E-10
 2.66532740E+02 2.40302660E-10
 2.67052580E+02 6.41891490E-10
 2.67573440E+02 1.21828870E-09
 2.67852140E+02 6.37263650E-10
 2.68095310E+02 1.13317690E-10
 2.68618200E+02 3.52204730E-10
 2.69142110E+02 1.61235870E-09
 2.69667040E+02 4.63533960E-09
 2.70193000E+02 2.56642810E-09
 2.70719980E+02 1.96655790E-09
 2.71210930E+02 3.21317530E-09
 2.71247990E+02 3.31021930E-09
 2.71777030E+02 4.05614490E-09
 2.72307100E+02 7.92104940E-09
 2.72838200E+02 1.23668330E-09
 2.72922110E+02 1.35508570E-09
 2.73370350E+02 2.00745070E-09
 2.73903520E+02 2.94311990E-11
 2.74437740E+02 8.63532320E-11
 2.74655030E+02 1.44503600E-10
 2.74658800E+02 1.44255490E-10
 2.74973000E+02 2.30271980E-10
 2.75509310E+02 2.54958450E-09
 2.76046660E+02 8.43022900E-10
 2.76585060E+02 4.27091870E-09
 2.77124500E+02 9.16000030E-09
 2.77383510E+02 1.01284170E-08
 2.77665010E+02 1.12115800E-08
 2.78206560E+02 4.89554030E-09
 2.78749170E+02 1.38137110E-10
 2.79292840E+02 6.75932350E-11
 2.79837570E+02 1.57589710E-10
 2.80166740E+02 1.94650360E-09
 2.80170670E+02 1.99758810E-09
 2.80383360E+02 3.20788230E-09
 2.80930220E+02 1.81305380E-10
 2.81478140E+02 1.29510630E-09
 2.82027140E+02 1.08701780E-09
 2.82577200E+02 2.78795880E-10
 2.83128330E+02 4.81824020E-09
 2.83305060E+02 6.28853840E-09
 2.83680540E+02 9.50814380E-09
 2.84233830E+02 1.04365980E-08
 2.84788200E+02 3.30978990E-10
 2.85343650E+02 1.82571980E-10
 2.85900180E+02 4.93825350E-10
 2.86457800E+02 5.58822720E-09
 2.86514480E+02 5.05004540E-09
 2.86518580E+02 5.05267450E-09
 2.87016500E+02 1.34737670E-10
 2.87576290E+02 3.65922730E-09
 2.88137180E+02 4.59100980E-09
 2.88699160E+02 4.56475600E-09
 2.89262230E+02 1.08909310E-08
 2.89826410E+02 6.15965090E-12
 2.90391680E+02 4.82863850E-10
 2.90958060E+02 1.13627340E-10
 2.91030630E+02 1.86613800E-10
 2.91525540E+02 6.99509660E-10
 2.92094130E+02 6.17623470E-09
 2.92663830E+02 1.71374590E-08
 2.93234640E+02 8.11587530E-09
 2.93806560E+02 2.22173540E-09
 2.94379600E+02 1.93375710E-09
 2.94953750E+02 5.96534810E-09
 2.95529020E+02 2.33879260E-08
 2.95691420E+02 2.44412190E-08
 2.95695790E+02 2.44697920E-08
 2.96105420E+02 2.71981470E-08
 2.96682940E+02 1.15722540E-08
 2.97261590E+02 1.34492040E-08
 2.97613730E+02 9.83554120E-09
 2.97841370E+02 7.42797970E-09
 2.98422270E+02 8.02840430E-09
 2.99004310E+02 9.06483120E-09
 2.99561200E+02 4.16275550E-09
 2.99565690E+02 3.65767590E-09
 2.99587490E+02 3.48233990E-09
 2.99930480E+02 5.56273700E-09
 2.99934970E+02 5.59049400E-09
 3.00171800E+02 7.06950160E-09
 3.00757250E+02 1.77648590E-08
 3.01343850E+02 1.13607670E-08
 3.01931580E+02 5.73355020E-10
 3.02141460E+02 7.95299720E-10
 3.02520470E+02 1.20783350E-09
 3.03110500E+02 4.77036300E-09
 3.03701680E+02 1.14646180E-08
 3.04294020E+02 3.56017850E-10
 3.04385280E+02 3.96132150E-10
 3.04389910E+02 3.98177900E-10
 3.04887510E+02 6.23269100E-10
 3.05482160E+02 7.66015860E-09
 3.06077970E+02 2.07055870E-08
 3.06674940E+02 5.91497010E-09
 3.07273080E+02 1.55401730E-09
 3.07872380E+02 3.11427910E-09
 3.08472850E+02 9.99708480E-11
 3.08844150E+02 4.37151360E-10
 3.09074490E+02 6.52332470E-10
 3.09677310E+02 5.89796660E-09
 3.10281300E+02 1.05564750E-09
 3.10886470E+02 6.39239590E-10
 3.11492820E+02 4.40302280E-10
 3.12100350E+02 2.76899320E-10
 3.12709070E+02 8.57580700E-10
 3.13318970E+02 2.35404120E-11
 3.13435610E+02 2.21645540E-10
 3.13440520E+02 2.29922720E-10
 3.13588740E+02 4.84761500E-10
 3.13593660E+02 4.93274390E-10
 3.13930070E+02 1.08487820E-09
 3.14542350E+02 1.90252030E-08
 3.15155830E+02 3.54096640E-08
 3.15770510E+02 3.13741290E-08
 3.16351530E+02 2.31095490E-08
 3.16386390E+02 2.25991440E-08
 3.17003460E+02 5.50669940E-08
 3.17621740E+02 3.29612030E-08
 3.18241230E+02 4.27703250E-09
 3.18861920E+02 1.59700590E-08
 3.19163430E+02 9.41733890E-09
 3.19168530E+02 9.29484870E-09
 3.19483830E+02 2.25516580E-09
 3.20106950E+02 1.17391980E-08
 3.20731280E+02 2.48793090E-08
 3.20800100E+02 2.23352380E-08
 3.20805250E+02 2.21443930E-08
 3.21356830E+02 1.17528380E-09
 3.21983600E+02 7.90447520E-11
 3.22611600E+02 3.61528620E-09
 3.23240810E+02 3.35089260E-08
 3.23871260E+02 2.81648090E-08
 3.24233030E+02 3.37731410E-08
 3.24502930E+02 3.80657220E-08
 3.25135840E+02 4.15237260E-09
 3.25769980E+02 3.60350960E-08
 3.26405360E+02 1.46046490E-08
 3.27041980E+02 3.26235310E-09
 3.27679840E+02 1.43483400E-08
 3.27740230E+02 1.49632420E-08
 3.27745600E+02 1.50180740E-08
 3.27954120E+02 1.71653270E-08
 3.27959500E+02 1.72287430E-08
 3.28318940E+02 2.10185390E-08
 3.28839200E+02 4.14095510E-08
 3.28844600E+02 4.16124660E-08
 3.28959290E+02 4.62250440E-08
 3.29600890E+02 7.45439000E-08
 3.30243740E+02 4.33677050E-08
 3.30887840E+02 1.32939620E-08
 3.30968620E+02 1.57580860E-08
 3.31533200E+02 3.34354200E-08
 3.32179820E+02 6.18281670E-08
 3.32827700E+02 4.36475260E-08
 3.33125800E+02 5.46128960E-08
 3.33131340E+02 5.48194320E-08
 3.33476850E+02 6.78562440E-08
 3.34127260E+02 3.44435560E-08
 3.34778940E+02 2.92845150E-08
 3.35431880E+02 8.50705120E-08
 3.36086110E+02 6.06956150E-09
 3.36741610E+02 3.47748270E-08
 3.37398380E+02 6.61663790E-08
 3.37447320E+02 6.33088960E-08
 3.38056440E+02 2.67947130E-08
 3.38715780E+02 7.94156960E-08
 3.39376410E+02 1.10156230E-07
 3.40038330E+02 1.85540000E-08
 3.40701540E+02 5.84452830E-08
 3.41366040E+02 8.70355930E-08
 3.41882450E+02 9.36663110E-08
 3.41888290E+02 9.28379630E-08
 3.42031830E+02 9.47028400E-08
 3.42698930E+02 9.60501180E-08
 3.43367320E+02 9.11335510E-08
 3.44037020E+02 3.28903520E-08
 3.44708030E+02 8.65925380E-08
 3.45380350E+02 1.67166670E-07
 3.46053970E+02 1.10571560E-07
 3.46728910E+02 7.49652210E-08
 3.46988970E+02 8.89768930E-08
 3.47405170E+02 1.11944460E-07
 3.48082740E+02 1.28433020E-07
 3.48761640E+02 1.36234760E-07
 3.49441860E+02 1.42628690E-07
 3.50123410E+02 1.51561080E-07
 3.50806290E+02 1.55836330E-07
 3.51490500E+02 1.22661010E-07
 3.52176040E+02 7.41738220E-08
 3.52250350E+02 7.62088020E-08
 3.52256560E+02 7.68525290E-08
 3.52412100E+02 8.11740010E-08
 3.52418310E+02 8.56415920E-08
 3.52862920E+02 9.88253630E-08
 3.53551140E+02 1.51438100E-07
 3.54240700E+02 1.72820170E-07
 3.54931610E+02 9.04098520E-08
 3.55623860E+02 1.04133750E-07
 3.56317470E+02 1.09898120E-07
 3.56692090E+02 9.41231970E-08
 3.57012430E+02 8.03110560E-08
 3.57708740E+02 7.81982330E-08
 3.58406410E+02 1.27429620E-07
 3.59105440E+02 1.33217170E-07
 3.59805840E+02 5.77194320E-08
 3.60507600E+02 1.25755550E-07
 3.61077310E+02 9.60511210E-08
 3.61210730E+02 8.89315110E-08
 3.61915230E+02 1.23557500E-07
 3.62621110E+02 2.45693970E-07
 3.63328360E+02 5.10478880E-08
 3.64036990E+02 1.25828320E-07
 3.64747010E+02 2.98310230E-07
 3.65458410E+02 3.02145160E-07
 3.65571700E+02 2.94243270E-07
 3.66171190E+02 2.51425180E-07
 3.66885370E+02 2.10575830E-07
 3.67600940E+02 3.21083520E-07
 3.67861110E+02 2.70973960E-07
 3.68317900E+02 1.80997770E-07
 3.69036270E+02 2.03357830E-07
 3.69756030E+02 1.68521940E-07
 3.70179390E+02 9.53953650E-08
 3.70186240E+02 9.41481160E-08
 3.70477200E+02 4.27881370E-08
 3.71199770E+02 1.85309670E-07
 3.71923760E+02 1.47532730E-09
 3.72649160E+02 3.41135320E-09
 3.73375970E+02 3.05680900E-08
 3.74104190E+02 1.91752430E-07
 3.74833840E+02 3.44845450E-07
 3.75564920E+02 3.55999170E-07
 3.76297410E+02 8.63281590E-08
 3.77031340E+02 1.14175870E-07
 3.77652630E+02 5.80293510E-08
 3.77766700E+02 4.74969870E-08
 3.78503490E+02 1.39628740E-07
 3.79241720E+02 2.70309810E-07
 3.79981390E+02 2.70973250E-07
 3.80722500E+02 2.41764260E-07
 3.81465060E+02 2.68612080E-07
 3.82209060E+02 3.87989670E-07
 3.82954520E+02 2.24757960E-08
 3.83701430E+02 5.31362550E-08
 3.84449800E+02 4.06780050E-10
 3.85199620E+02 1.04090790E-08
 3.85433840E+02 6.42897580E-08
 3.85441270E+02 6.60157860E-08
 3.85950910E+02 1.85738970E-07
 3.86703670E+02 4.54114110E-07
 3.87457890E+02 2.38077590E-07
 3.88213590E+02 3.35327820E-07
 3.88970750E+02 4.52747210E-07
 3.89193040E+02 4.14828000E-07
 3.89200620E+02 4.27270230E-07
 3.89729400E+02 3.31837620E-07
 3.90489520E+02 3.41966350E-07
 3.91251130E+02 2.34991970E-07
 3.92014220E+02 2.02707510E-07
 3.92778800E+02 2.96468920E-07
 3.93544870E+02 1.53778700E-08
 3.94312440E+02 2.29094640E-07
 3.95081500E+02 1.88890380E-07
 3.95852060E+02 6.15339440E-07
 3.96624130E+02 2.49025490E-07
 3.97046770E+02 4.40895030E-07
 3.97397700E+02 6.03255640E-07
 3.98172780E+02 3.05623440E-07
 3.98949370E+02 4.48955860E-07
 3.99727480E+02 5.06897670E-07
 4.00507110E+02 6.34882130E-07
 4.01288250E+02 7.30415330E-07
 4.02070920E+02 5.88355680E-07
 4.02855110E+02 5.52427970E-07
 4.03640840E+02 3.15424240E-07
 4.04428100E+02 5.03243610E-07
 4.05216890E+02 1.13773010E-06
 4.05223990E+02 1.13425130E-06
 4.05232200E+02 1.13161960E-06
 4.06007220E+02 7.43770820E-07
 4.06799090E+02 6.15887390E-07
 4.07592510E+02 9.77765340E-07
 4.08106300E+02 8.06639040E-07
 4.08387470E+02 7.11170820E-07
 4.09183990E+02 6.54506230E-07
 4.09982050E+02 8.48758630E-07
 4.10781680E+02 8.93140590E-07
 4.11029910E+02 9.51809640E-07
 4.11038350E+02 9.66456820E-07
 4.11582860E+02 1.09883850E-06
 4.12385610E+02 9.89724770E-07
 4.13189920E+02 9.33547070E-07
 4.13995800E+02 7.48863450E-07
 4.14803260E+02 6.71328570E-07
 4.15612290E+02 4.91430480E-07
 4.16422890E+02 6.53419030E-07
 4.17235080E+02 1.14967200E-06
 4.18048850E+02 8.49793840E-07
 4.18050540E+02 8.49207380E-07
 4.18864210E+02 5.62594940E-07
 4.19681160E+02 8.92784180E-07
 4.20499700E+02 8.03506390E-07
 4.21319840E+02 8.69451140E-07
 4.22000000E+02 1.11510100E-06
 4.22141570E+02 1.16709820E-06
 4.22964910E+02 1.35172420E-06
 4.23789860E+02 1.54335430E-06
 4.24616420E+02 6.44962030E-07
 4.25315190E+02 8.23921840E-07
 4.25444580E+02 8.57617440E-07
 4.26274370E+02 1.47252130E-06
 4.27105770E+02 1.21546900E-06
 4.27938790E+02 1.11889000E-06
 4.28773440E+02 4.89289450E-07
 4.29609710E+02 4.87560900E-07
 4.30447620E+02 8.87600920E-07
 4.31287160E+02 4.35252810E-07
 4.32128340E+02 6.37417710E-07
 4.32836770E+02 6.79892510E-07
 4.32971160E+02 6.88068100E-07
 4.33815620E+02 1.03440200E-06
 4.34661730E+02 3.23776900E-06
 4.35509490E+02 2.81176920E-06
 4.36358900E+02 1.45043480E-06
 4.36698220E+02 1.30555610E-06
 4.37209970E+02 1.08320850E-06
 4.38062700E+02 1.20549490E-06
 4.38917090E+02 1.86160980E-06
 4.39773150E+02 2.80606620E-06
 4.40629180E+02 1.43583310E-06
 4.40630880E+02 1.43306840E-06
 4.40638890E+02 1.42569740E-06
 4.41490280E+02 5.83416650E-07
 4.42351360E+02 9.92574050E-07
 4.43214120E+02 1.30503790E-06
 4.43332170E+02 1.31868880E-06
 4.43342000E+02 1.31994660E-06
 4.44078560E+02 1.40635570E-06
 4.44944690E+02 1.21837180E-06
 4.45812500E+02 1.38305590E-06
 4.46543000E+02 1.14606560E-06
 4.46552970E+02 1.14277050E-06
 4.46682010E+02 1.10017830E-06
 4.47553210E+02 1.16698100E-06
 4.48426120E+02 2.65020870E-06
 4.49300720E+02 6.92955860E-07
 4.49716120E+02 4.46346000E-07
 4.49726230E+02 4.40339910E-07
 4.50177030E+02 1.68216620E-07
 4.51055050E+02 1.89820900E-06
 4.51934790E+02 5.30797330E-06
 4.52816240E+02 5.28110380E-06
 4.52875170E+02 5.17830330E-06
 4.52885420E+02 5.16039150E-06
 4.53699400E+02 3.71646380E-06
 4.54584290E+02 2.10871560E-06
 4.55470910E+02 3.60270050E-07
 4.56359260E+02 4.75382910E-07
 4.56474270E+02 4.31176640E-07
 4.57249340E+02 1.28426600E-07
 4.58141150E+02 1.65271240E-06
 4.59034700E+02 3.79171030E-06
 4.59930000E+02 5.09665010E-06
 4.60131030E+02 5.12688470E-06
 4.60141610E+02 5.12848000E-06
 4.60500780E+02 5.18283990E-06
 4.60511380E+02 5.18285370E-06
 4.60827040E+02 5.23097730E-06
 4.61725830E+02 2.46395890E-06
 4.62626380E+02 2.81062390E-06
 4.63528680E+02 1.68440230E-06
 4.63872020E+02 2.54537960E-06
 4.63882780E+02 2.57252310E-06
 4.64432740E+02 3.97330290E-06
 4.65338570E+02 3.79661650E-06
 4.66246160E+02 3.62208760E-06
 4.67155520E+02 2.31377850E-06
 4.68011200E+02 2.59631420E-06
 4.68066660E+02 2.61488560E-06
 4.68979570E+02 2.38009910E-06
 4.69894260E+02 3.24759630E-06
 4.70810740E+02 3.68640070E-06
 4.71729000E+02 3.58648770E-06
 4.72224910E+02 3.46412530E-06
 4.72236060E+02 3.46132600E-06
 4.72649060E+02 3.35760020E-06
 4.73570910E+02 2.72509410E-06
 4.74494560E+02 5.05092360E-06
 4.75420010E+02 5.73459000E-06
 4.76347260E+02 3.84472290E-06
 4.77276320E+02 3.11003920E-06
 4.78207200E+02 4.07866910E-06
 4.78684420E+02 3.76986770E-06
 4.79139890E+02 3.47043140E-06
 4.80074400E+02 4.15193940E-06
 4.81010730E+02 5.42896450E-06
 4.81948890E+02 5.26829030E-06
 4.82888880E+02 4.01162740E-06
 4.83830700E+02 5.27959690E-06
 4.84774360E+02 5.89369680E-06
 4.85323100E+02 2.50408740E-06
 4.85334880E+02 2.42655370E-06
 4.85719850E+02 1.68730080E-08
 4.86667200E+02 1.89381230E-08
 4.87616390E+02 6.81454820E-09
 4.88083090E+02 5.06067660E-09
 4.88567430E+02 3.21340370E-09
 4.89520330E+02 4.15018080E-07
 4.90475080E+02 1.26942310E-06
 4.90874640E+02 2.23468500E-06
 4.90886690E+02 2.26280530E-06
 4.91431700E+02 3.59799950E-06
 4.92390180E+02 7.70819070E-06
 4.93350540E+02 2.20864530E-06
 4.94312760E+02 2.20146720E-06
 4.95263790E+02 6.99723330E-06
 4.95276860E+02 7.06408540E-06
 4.96242850E+02 8.25121620E-06
 4.97210710E+02 5.70283930E-06
 4.98180470E+02 5.47312850E-06
 4.99152110E+02 4.06604400E-06
 4.99732140E+02 3.66563770E-06
 4.99744630E+02 3.65693570E-06
 5.00125660E+02 3.38992620E-06
 5.01101100E+02 5.24446650E-06
 5.02078440E+02 4.85873740E-06
 5.03057690E+02 5.42098280E-06
 5.04038840E+02 4.24055530E-06
 5.04273720E+02 3.23835940E-06
 5.04286430E+02 8.89735570E-09
 5.05021920E+02 8.90799550E-09
 5.06006910E+02 3.66480980E-08
 5.06993820E+02 5.01854790E-07
 5.07982650E+02 1.12398790E-05
 5.08589050E+02 3.28233260E-05
 5.08601990E+02 4.28822370E-05
 5.08973420E+02 5.98980980E-05
 5.09966110E+02 8.45519700E-05
 5.10960750E+02 2.26493570E-05
 5.11957320E+02 9.87771040E-06
 5.12052960E+02 1.00877310E-05
 5.12066070E+02 1.01460780E-05
 5.12955830E+02 1.21039930E-05
 5.13956300E+02 2.25913400E-05
 5.14958710E+02 6.92917410E-05
 5.15963080E+02 1.00516960E-05
 5.16969410E+02 9.22033480E-06
 5.17977700E+02 1.40770170E-05
 5.18987960E+02 5.27940020E-06
 5.20000190E+02 1.21118570E-05
 5.21014390E+02 1.12581180E-05
 5.22030580E+02 8.41678850E-06
 5.22811300E+02 2.06047700E-06
 5.23048740E+02 1.28348510E-07
 5.24068890E+02 1.42664680E-06
 5.25091030E+02 2.84344270E-05
 5.26115160E+02 2.94559750E-05
 5.27141290E+02 1.73015420E-05
 5.28169420E+02 3.19067060E-05
 5.29199550E+02 3.41197020E-05
 5.30000000E+02 3.56945780E-05
 5.30231700E+02 3.61504140E-05
 5.31265860E+02 6.90782320E-05
 5.32302030E+02 9.91789000E-05
 5.33340230E+02 3.48640980E-05
 5.34031420E+02 1.63808000E-05
 5.34045680E+02 1.60022970E-05
 5.34380450E+02 7.05040470E-06
 5.35422700E+02 8.64510940E-06
 5.36466980E+02 2.19334370E-05
 5.37513300E+02 2.86272880E-05
 5.38561660E+02 3.60054630E-05
 5.39612070E+02 1.69152440E-05
 5.40664520E+02 1.04678120E-05
 5.41719030E+02 7.36646730E-06
 5.42775590E+02 1.42912190E-05
 5.43834220E+02 7.73386050E-06
 5.44894900E+02 9.27874260E-06
 5.44984220E+02 9.32719370E-06
 5.45957660E+02 9.85539650E-06
 5.47022490E+02 2.10563830E-05
 5.48089400E+02 2.22387480E-05
 5.49158390E+02 1.19009950E-05
 5.50000000E+02 1.13625080E-05
 5.50229460E+02 1.12156960E-05
 5.51302620E+02 5.92860960E-06
 5.52377880E+02 6.65972050E-06
 5.53455230E+02 7.21961080E-06
 5.54534680E+02 1.45854550E-05
 5.55616240E+02 7.81388450E-05
 5.56395710E+02 9.52797690E-05
 5.56411190E+02 9.56203540E-05
 5.56699910E+02 1.01971990E-04
 5.57785690E+02 8.77499350E-05
 5.58873590E+02 8.44139490E-05
 5.59963610E+02 3.19066840E-05
 5.61055760E+02 1.07856420E-04
 5.62150040E+02 7.52907670E-05
 5.63246450E+02 8.69742530E-05
 5.64345000E+02 9.22179870E-05
 5.65161420E+02 8.51754030E-05
 5.65445690E+02 8.27220770E-05
 5.66548530E+02 4.93877040E-05
 5.67653520E+02 3.05691790E-05
 5.68760670E+02 5.83566290E-05
 5.69869970E+02 7.60859640E-05
 5.70981440E+02 1.19921140E-04
 5.72095080E+02 5.57391520E-05
 5.73210880E+02 8.29140840E-05
 5.74207740E+02 6.97692390E-05
 5.74224220E+02 7.02044460E-05
 5.74328870E+02 6.88102290E-05
 5.75449030E+02 1.27930940E-04
 5.76571380E+02 4.49499680E-05
 5.77695920E+02 2.48639310E-05
 5.78822650E+02 7.70297720E-05
 5.79498500E+02 5.35992600E-05
 5.79515290E+02 5.30169640E-05
 5.79951580E+02 3.78789590E-05
 5.81082720E+02 2.80309130E-05
 5.82216050E+02 9.13227410E-05
 5.83351600E+02 3.61577060E-05
 5.83639650E+02 3.60361340E-05
 5.84489360E+02 3.56774540E-05
 5.85629350E+02 2.28797700E-05
 5.86771550E+02 3.18763660E-05
 5.87840400E+02 9.92142690E-05
 5.87857680E+02 1.00317010E-04
 5.87915980E+02 1.03994330E-04
 5.89062650E+02 1.25732480E-04
 5.90211550E+02 1.12500450E-04
 5.91362690E+02 1.11712870E-04
 5.92516080E+02 8.87807700E-05
 5.93671720E+02 1.45541780E-04
 5.94829610E+02 3.54562110E-06
 5.95989760E+02 4.34766340E-05
 5.97152170E+02 9.93180430E-06
 5.98316850E+02 4.80934270E-05
 5.99483800E+02 1.06154320E-04
 6.00653030E+02 1.08263190E-04
 6.01824540E+02 1.18622590E-04
 6.02998330E+02 3.51517200E-05
 6.03379230E+02 4.67689730E-05
 6.04174410E+02 7.10539090E-05
 6.05352790E+02 1.25480750E-05
 6.06533460E+02 5.84137430E-06
 6.07716440E+02 1.52790570E-05
 6.08901720E+02 2.85855650E-05
 6.10089320E+02 5.11972670E-05
 6.11279230E+02 1.07446160E-04
 6.12471460E+02 4.27672060E-05
 6.13666020E+02 1.40149170E-04
 6.14862910E+02 7.75396750E-05
 6.16062130E+02 3.22202950E-05
 6.17263690E+02 3.21841800E-05
 6.18467590E+02 1.33386040E-04
 6.19673850E+02 1.45667360E-04
 6.19761850E+02 1.46351250E-04
 6.20882450E+02 1.55074320E-04
 6.22093420E+02 5.85900690E-05
 6.23306740E+02 3.33022800E-05
 6.24522430E+02 1.19192540E-05
 6.25000000E+02 1.78804480E-05
 6.25740490E+02 2.71389870E-05
 6.26960930E+02 3.51235340E-05
 6.28183750E+02 8.41274820E-05
 6.29408950E+02 1.14598750E-04
 6.30636540E+02 7.17169920E-05
 6.31866530E+02 6.65136180E-05
 6.33098920E+02 3.98097130E-05
 6.34333710E+02 8.60296450E-05
 6.35570900E+02 1.41966450E-04
 6.36810520E+02 5.37705870E-05
 6.37058930E+02 6.19264500E-05
 6.38052540E+02 9.46089160E-05
 6.39297000E+02 2.09866810E-04
 6.40543870E+02 1.48270210E-04
 6.41793180E+02 4.68951420E-05
 6.43044930E+02 1.24441560E-04
 6.44299120E+02 5.70827410E-05
 6.45555750E+02 1.27989140E-04
 6.46074650E+02 1.08495740E-04
 6.46814840E+02 8.06354300E-05
 6.48076380E+02 7.61727520E-05
 6.49340380E+02 1.61177630E-04
 6.50606850E+02 6.92984970E-05
 6.51875780E+02 1.39263560E-04
 6.53147200E+02 6.41440600E-05
 6.54421090E+02 3.69745320E-05
 6.55349220E+02 3.98833410E-05
 6.55370700E+02 3.99697350E-05
 6.55697460E+02 4.09964450E-05
 6.56976330E+02 4.97105700E-05
 6.58257690E+02 7.52516840E-06
 6.59541550E+02 8.16532260E-05
 6.60827910E+02 4.33421180E-05
 6.62116780E+02 1.05485450E-04
 6.63408170E+02 1.35230290E-04
 6.64702070E+02 4.59179900E-05
 6.65523740E+02 3.82844270E-05
 6.65998500E+02 3.38642940E-05
 6.67297460E+02 7.74625090E-05
 6.68598950E+02 1.78037830E-04
 6.69902980E+02 1.47684530E-04
 6.71209550E+02 1.67041670E-04
 6.72518670E+02 1.61990990E-04
 6.73830340E+02 1.68738850E-04
 6.75144570E+02 1.15677850E-04
 6.76019170E+02 9.28089330E-05
 6.76042020E+02 9.22179250E-05
 6.76461370E+02 8.12268240E-05
 6.77780730E+02 2.10898240E-04
 6.79102670E+02 9.16518370E-05
 6.80427180E+02 1.43354100E-04
 6.81098690E+02 7.11086270E-05
 6.81754280E+02 4.15431420E-07
 6.83083970E+02 2.12283790E-06
 6.84416250E+02 6.07877200E-05
 6.85751130E+02 1.80086320E-04
 6.86255130E+02 1.72787960E-04
 6.86278680E+02 1.72457430E-04
 6.87088610E+02 1.60700630E-04
 6.88428700E+02 1.28412660E-04
 6.89771400E+02 2.16441910E-04
 6.91116730E+02 2.01586830E-04
 6.92464670E+02 1.73354370E-04
 6.93815250E+02 1.83919050E-04
 6.94942120E+02 9.62093140E-05
 6.95168460E+02 7.85509430E-05
 6.96524310E+02 6.01870170E-05
 6.97882800E+02 1.12191660E-04
 6.99243940E+02 7.96609000E-08
 7.00000000E+02 8.83327460E-08
 7.00607740E+02 9.53201790E-08
 7.01974200E+02 4.94438060E-06
 7.03343320E+02 1.03932880E-04
 7.03851860E+02 1.44623360E-04
 7.04715120E+02 2.13863440E-04
 7.06089590E+02 1.54642570E-04
 7.07466740E+02 1.68946540E-04
 7.08846570E+02 1.56289790E-04
 7.10229100E+02 2.10662100E-04
 7.11614320E+02 2.08071210E-04
 7.12993030E+02 1.93940900E-04
 7.13002250E+02 1.93846220E-04
 7.14392880E+02 1.97943230E-04
 7.15786220E+02 2.00907500E-04
 7.17182290E+02 2.07047920E-04
 7.17653240E+02 1.56172030E-04
 7.18581070E+02 5.56902030E-05
 7.19982580E+02 2.14554550E-04
 7.21386830E+02 1.95752320E-04
 7.22374760E+02 2.08019310E-04
 7.22400860E+02 2.08482840E-04
 7.22793820E+02 2.13377380E-04
 7.24203550E+02 1.55024240E-04
 7.25514610E+02 2.04229390E-04
 7.25540930E+02 2.05252480E-04
 7.25616020E+02 2.08078570E-04
 7.27031260E+02 2.13235510E-04
 7.28449250E+02 2.19544110E-04
 7.29870010E+02 1.97334890E-04
 7.30000000E+02 1.99512350E-04
 7.31293540E+02 2.21235060E-04
 7.32719850E+02 2.18178710E-04
 7.34148940E+02 1.99227850E-04
 7.35580820E+02 2.21687780E-04
 7.37015490E+02 1.76815330E-04
 7.38452950E+02 1.91558290E-04
 7.39893220E+02 2.15851380E-04
 7.41336300E+02 9.04471130E-05
 7.42782200E+02 1.95044070E-04
 7.44230910E+02 1.19617990E-04
 7.45682450E+02 2.31121590E-04
 7.47136830E+02 7.28308170E-05
 7.47989310E+02 1.50304340E-04
 7.48594030E+02 2.05401930E-04
 7.50054080E+02 8.29598370E-05
 7.51516980E+02 2.92013300E-04
 7.52982730E+02 1.62060150E-04
 7.54451340E+02 2.39486010E-04
 7.55922820E+02 2.61732250E-04
 7.57397160E+02 2.12543760E-04
 7.58874380E+02 2.16107450E-04
 7.60354480E+02 4.11540820E-07
 7.61837470E+02 2.81987160E-06
 7.63323350E+02 6.86940790E-05
 7.64812130E+02 2.79495000E-04
 7.66303810E+02 3.38652110E-04
 7.67798400E+02 2.43540350E-04
 7.69295900E+02 6.84128110E-05
 7.70796330E+02 1.77905660E-04
 7.71900950E+02 2.20194270E-04
 7.72299680E+02 2.35498140E-04
 7.73805970E+02 3.30624530E-04
 7.75315190E+02 2.61622290E-04
 7.76827360E+02 2.54797140E-04
 7.78342480E+02 2.18124230E-04
 7.79860550E+02 6.03482480E-05
 7.81381580E+02 2.59858180E-04
 7.82905580E+02 3.44272750E-06
 7.84432550E+02 5.36584270E-05
 7.85962500E+02 1.11522950E-04
 7.87495430E+02 9.80098090E-05
 7.89031350E+02 1.29492410E-04
 7.90000000E+02 2.72508980E-04
 7.90570270E+02 3.56923280E-04
 7.92112190E+02 3.44821570E-04
 7.93657120E+02 2.79308790E-04
 7.95205060E+02 2.21685630E-04
 7.96756020E+02 1.37241600E-04
 7.97391890E+02 1.92978230E-04
 7.98310000E+02 2.73660280E-04
 7.99867020E+02 2.77993760E-04
 8.01427070E+02 1.80598660E-04
 8.02990170E+02 2.79329490E-04
 8.04556310E+02 2.78889380E-04
 8.06125510E+02 2.41113290E-04
 8.07697770E+02 2.49163100E-04
 8.09273090E+02 1.41234510E-04
 8.10779310E+02 2.97794790E-04
 8.10851490E+02 3.05316340E-04
 8.12432970E+02 2.44853770E-04
 8.14017530E+02 2.24010360E-04
 8.15605180E+02 1.70704850E-04
 8.17195930E+02 2.49257260E-04
 8.18789780E+02 3.11969290E-04
 8.20386740E+02 1.50296600E-04
 8.21986810E+02 2.77707450E-04
 8.23590000E+02 2.91293360E-04
 8.24623930E+02 2.99615900E-04
 8.24657930E+02 2.99891060E-04
 8.25196330E+02 3.04235230E-04
 8.26805780E+02 2.89115210E-04
 8.28418370E+02 2.87238840E-08
 8.30000000E+02 1.58720320E-06
 8.30034110E+02 1.62090050E-06
 8.31653000E+02 2.14601410E-06
 8.33275050E+02 2.54805930E-05
 8.34900260E+02 1.89168210E-04
 8.36528640E+02 5.45251130E-05
 8.38160200E+02 1.71627530E-04
 8.39794940E+02 2.96146650E-05
 8.40282470E+02 6.72863310E-05
 8.41432860E+02 1.56397160E-04
 8.43073990E+02 2.59182430E-04
 8.44718310E+02 4.32572300E-04
 8.46365840E+02 1.00021560E-05
 8.48016580E+02 1.01287820E-04
 8.49670550E+02 2.02888770E-04
 8.50000000E+02 1.95102730E-04
 8.51327730E+02 1.63646300E-04
 8.52988150E+02 1.65706560E-04
 8.54651810E+02 1.88705070E-04
 8.56318720E+02 1.81396140E-04
 8.56547190E+02 1.88030020E-04
 8.57988870E+02 2.29990720E-04
 8.59662290E+02 1.59497490E-04
 8.61338960E+02 3.62431780E-04
 8.63018910E+02 1.16884360E-04
 8.64702130E+02 2.99074460E-04
 8.66388640E+02 3.24991190E-04
 8.68078430E+02 3.27090640E-04
 8.69771520E+02 3.13265670E-04
 8.70000000E+02 3.13419070E-04
 8.71467920E+02 3.14404800E-04
 8.73167620E+02 2.80413810E-04
 8.73453990E+02 2.89397030E-04
 8.74870640E+02 3.33939870E-04
 8.76576980E+02 2.96959900E-04
 8.78286640E+02 2.24037280E-04
 8.79999640E+02 1.88661440E-04
 8.81715990E+02 3.13744140E-04
 8.82160160E+02 3.26003680E-04
 8.83435670E+02 3.61288510E-04
 8.85158720E+02 3.49450260E-04
 8.86885120E+02 3.44193370E-04
 8.88614890E+02 3.46095710E-04
 8.90348040E+02 3.02002780E-04
 8.91041650E+02 2.99043520E-04
 8.91081350E+02 2.98874910E-04
 8.92084570E+02 2.94583130E-04
 8.93824480E+02 3.48501220E-04
 8.95567780E+02 3.50307030E-04
 8.97314490E+02 3.28503620E-04
 8.99064600E+02 2.92043730E-04
 9.00000000E+02 2.66937140E-04
 9.00440900E+02 3.02906590E-04
 9.00882220E+02 2.86971070E-04
 9.01323990E+02 4.14395150E-04
 9.01766180E+02 2.91898190E-04
 9.02208810E+02 3.83886250E-04
 9.02650790E+02 3.66950830E-04
 9.03093200E+02 3.68832130E-04
 9.03536040E+02 3.20061790E-04
 9.03979320E+02 3.34515380E-04
 9.04423040E+02 2.87689570E-04
 9.04866100E+02 3.56589730E-04
 9.05309600E+02 2.28987830E-04
 9.05753530E+02 3.43508930E-04
 9.06197900E+02 3.94292340E-04
 9.06642700E+02 3.74489670E-04
 9.07086850E+02 3.78140320E-04
 9.07531440E+02 3.61795010E-04
 9.07976460E+02 3.61812820E-04
 9.08421920E+02 3.61780600E-04
 9.08867810E+02 5.21482550E-04
 9.09313050E+02 4.64794130E-04
 9.09758730E+02 3.71934940E-04
 9.10204840E+02 3.62380480E-04
 9.10651390E+02 4.78801450E-04
 9.11098380E+02 3.64580070E-04
 9.11544720E+02 3.64729600E-04
 9.11991490E+02 3.04412870E-03
 9.12438700E+02 2.17656820E-03
 9.12886340E+02 2.87221350E-03
 9.13334430E+02 1.33533100E-03
 9.13781860E+02 3.17855010E-03
 9.14229720E+02 2.06034800E-03
 9.14678030E+02 2.22001430E-03
 9.15126780E+02 3.26516850E-03
 9.15575960E+02 3.24954710E-03
 9.16024490E+02 3.23340250E-03
 9.16473460E+02 2.60180370E-03
 9.16922860E+02 2.86081270E-03
 9.17372710E+02 2.81852090E-03
 9.17823000E+02 2.81390710E-03
 9.18272630E+02 2.59762060E-03
 9.18722690E+02 6.85790740E-04
 9.19173200E+02 4.67675780E-04
 9.19624150E+02 1.57939810E-04
 9.20075550E+02 8.83048090E-05
 9.20526280E+02 9.87611910E-05
 9.20977450E+02 1.14934810E-04
 9.21429070E+02 1.36448720E-04
 9.21881120E+02 1.67117160E-04
 9.22333630E+02 2.28458460E-04
 9.22785460E+02 3.93676470E-04
 9.23237740E+02 7.00389150E-04
 9.23690470E+02 9.90360410E-04
 9.24143630E+02 2.33620260E-03
 9.24597250E+02 4.07161350E-03
 9.25050190E+02 3.58956670E-03
 9.25503580E+02 2.83992730E-03
 9.25957420E+02 3.43520290E-03
 9.26411700E+02 1.60906650E-03
 9.26866420E+02 3.32702070E-03
 9.27320480E+02 2.98052460E-03
 9.27774980E+02 3.20642200E-03
 9.28229930E+02 2.71958440E-03
 9.28685330E+02 2.47008320E-03
 9.29141170E+02 1.38405940E-03
 9.29596340E+02 2.17584720E-03
 9.30051960E+02 9.05049680E-04
 9.30508020E+02 2.25369490E-03
 9.30964530E+02 1.57013400E-03
 9.31421490E+02 1.67076230E-03
 9.31877780E+02 1.74507060E-03
 9.32334520E+02 1.66519600E-03
 9.32791700E+02 1.71279650E-03
 9.33249340E+02 2.72768220E-03
 9.33707420E+02 3.50568520E-03
 9.34164830E+02 3.43030700E-03
 9.34622680E+02 3.17231780E-03
 9.35080990E+02 3.05067440E-03
 9.35539750E+02 3.21141590E-03
 9.35998950E+02 2.90345380E-03
 9.36457480E+02 3.16817820E-03
 9.36916460E+02 1.61284050E-03
 9.37375890E+02 1.26780700E-03
 9.37835780E+02 3.20346650E-04
 9.38296110E+02 3.06684540E-03
 9.38755770E+02 2.51544280E-03
 9.39215870E+02 2.70433050E-03
 9.39676430E+02 3.10695630E-03
 9.40137440E+02 2.98405780E-03
 9.40598910E+02 3.07864570E-03
 9.41059690E+02 3.03411960E-03
 9.41520930E+02 2.91593520E-03
 9.41982620E+02 2.27908970E-03
 9.42444760E+02 7.26435900E-04
 9.42907350E+02 1.56499070E-03
 9.43369270E+02 2.25162930E-03
 9.43831640E+02 1.95913300E-03
 9.44294460E+02 2.79308210E-03
 9.44757730E+02 2.30991630E-03
 9.45221470E+02 1.57936990E-03
 9.45684510E+02 4.50664240E-04
 9.46148020E+02 7.72399720E-04
 9.46611980E+02 1.47002080E-03
 9.47076390E+02 2.82338860E-03
 9.47541260E+02 3.12047430E-03
 9.48005440E+02 1.69113280E-03
 9.48470080E+02 2.81371230E-03
 9.48935180E+02 1.32630510E-03
 9.49400730E+02 1.10370290E-03
 9.49866740E+02 7.87776610E-04
 9.50332070E+02 1.70530050E-03
 9.50797850E+02 3.33905050E-03
 9.51264090E+02 3.10679790E-03
 9.51730780E+02 3.52753840E-03
 9.52197940E+02 3.43675640E-03
 9.52664400E+02 3.28571170E-03
 9.53131330E+02 2.99929160E-03
 9.53598710E+02 2.51793720E-03
 9.54066550E+02 1.94060920E-03
 9.54534850E+02 1.80585270E-03
 9.55002460E+02 1.90967630E-03
 9.55470530E+02 3.90888380E-03
 9.55939060E+02 3.16893250E-03
 9.56408050E+02 2.71083580E-03
 9.56877500E+02 3.00136630E-03
 9.57346260E+02 3.10484550E-03
 9.57815480E+02 3.00861730E-03
 9.58285160E+02 2.82037120E-03
 9.58755300E+02 7.64480810E-04
 9.59225900E+02 2.90993530E-03
 9.59695810E+02 2.56029000E-03
 9.60166180E+02 2.77146930E-03
 9.60637010E+02 2.70826610E-03
 9.61108300E+02 3.04275860E-03
 9.61580060E+02 3.04033530E-03
 9.62051120E+02 2.84176820E-03
 9.62522650E+02 2.56487880E-03
 9.62994630E+02 2.50707260E-03
 9.63467090E+02 3.03384970E-03
 9.63940000E+02 1.34972370E-03
 9.64412220E+02 3.14729110E-03
 9.64884900E+02 3.14406760E-03
 9.65358050E+02 3.01543350E-03
 9.65831660E+02 3.10925740E-03
 9.66305730E+02 3.21495740E-03
 9.66779110E+02 2.60642570E-03
 9.67252950E+02 1.68690710E-03
 9.67727260E+02 1.38007720E-03
 9.68202030E+02 2.55648760E-03
 9.68677270E+02 2.96387020E-03
 9.69151810E+02 2.98727890E-03
 9.69626810E+02 1.37399920E-03
 9.70102280E+02 2.58595010E-03
 9.70578220E+02 7.65963690E-07
 9.71054630E+02 1.24399540E-07
 9.71530330E+02 9.68675790E-08
 9.72006500E+02 4.88464380E-08
 9.72483140E+02 6.17501180E-08
 9.72960250E+02 2.92909190E-07
 9.73437820E+02 5.54634910E-06
 9.73914690E+02 3.31866320E-05
 9.74392030E+02 9.97605610E-05
 9.74869840E+02 2.86555300E-04
 9.75348120E+02 5.88050330E-04
 9.75826860E+02 1.04932020E-03
 9.76304900E+02 1.72821180E-03
 9.76783410E+02 2.57149190E-03
 9.77262390E+02 3.29604660E-03
 9.77741850E+02 3.22336340E-03
 9.78221770E+02 2.40170860E-03
 9.78700980E+02 2.79161940E-03
 9.79180670E+02 1.90474880E-03
 9.79660820E+02 1.27196200E-03
 9.80141450E+02 3.31272160E-03
 9.80622550E+02 3.24382560E-03
 9.81102940E+02 1.39291860E-03
 9.81583800E+02 3.08478880E-03
 9.82065140E+02 1.91894510E-03
 9.82546940E+02 2.97142410E-03
 9.83029220E+02 2.87214240E-03
 9.83510790E+02 4.89716700E-04
 9.83992840E+02 2.08726940E-06
 9.84475350E+02 9.83444830E-07
 9.84958340E+02 7.68908500E-07
 9.85441800E+02 8.17001990E-07
 9.85924560E+02 6.24976960E-07
 9.86407780E+02 3.77827100E-07
 9.86891480E+02 3.11581900E-07
 9.87375660E+02 7.81632700E-07
 9.87860310E+02 5.04406150E-06
 9.88344240E+02 2.18038300E-05
 9.88828660E+02 6.17293530E-05
 9.89313540E+02 1.51778010E-04
 9.89798900E+02 2.95592570E-04
 9.90284740E+02 4.96214270E-04
 9.90769870E+02 8.78574100E-04
 9.91255470E+02 1.52005510E-03
 9.91741550E+02 3.54844300E-03
 9.92228100E+02 3.65868480E-03
 9.92715130E+02 3.42793080E-03
 9.93201450E+02 3.48262600E-03
 9.93688240E+02 3.43079580E-03
 9.94175510E+02 2.60833030E-03
 9.94663260E+02 1.47051650E-03
 9.95151480E+02 9.31942300E-04
 9.95638990E+02 3.10319150E-03
 9.96126980E+02 2.28686510E-03
 9.96615450E+02 1.53862030E-03
 9.97104390E+02 8.03728770E-04
 9.97593820E+02 8.59311990E-04
 9.98082520E+02 2.89095860E-03
 9.98571710E+02 2.86819010E-03
 9.99061370E+02 2.06862640E-03
 9.99551520E+02 2.96063010E-03
 1.00004210E+03 3.03964080E-03
 1.00053200E+03 3.07905700E-03
 1.00102240E+03 2.22709530E-03
 1.00151330E+03 3.02946010E-03
 1.00200460E+03 1.17494190E-03
 1.00249650E+03 4.49580720E-04
 1.00298760E+03 2.68526690E-03
 1.00347920E+03 2.96431360E-03
 1.00397120E+03 2.79942070E-03
 1.00446380E+03 2.95735400E-03
 1.00495680E+03 2.94549070E-03
 1.00544910E+03 2.08356740E-03
 1.00594190E+03 9.57616670E-04
 1.00643520E+03 2.95587440E-03
 1.00692900E+03 1.77155130E-03
 1.00742320E+03 2.93395570E-03
 1.00791680E+03 1.42967610E-03
 1.00841080E+03 1.06687360E-03
 1.00890520E+03 1.98941550E-03
 1.00940020E+03 2.95979140E-03
 1.00989570E+03 7.72123380E-04
 1.01039040E+03 1.07789250E-03
 1.01088560E+03 2.58055820E-03
 1.01138130E+03 2.26423480E-03
 1.01187750E+03 2.96663190E-03
 1.01237420E+03 1.48414320E-03
 1.01287010E+03 1.32728750E-03
 1.01336660E+03 2.85137500E-03
 1.01386350E+03 2.99449610E-03
 1.01436090E+03 3.13518560E-03
 1.01485880E+03 2.58039410E-03
 1.01535600E+03 2.71300750E-03
 1.01585360E+03 2.80752190E-03
 1.01635180E+03 2.64215030E-03
 1.01685040E+03 2.70895670E-03
 1.01734950E+03 2.14756070E-03
 1.01784790E+03 2.01435080E-03
 1.01834680E+03 8.59581330E-04
 1.01884610E+03 2.42289240E-03
 1.01934600E+03 2.76421450E-03
 1.01984630E+03 1.07422810E-03
 1.02034590E+03 2.61319610E-03
 1.02084600E+03 2.20210170E-03
 1.02134660E+03 2.41868230E-03
 1.02184770E+03 2.91212020E-03
 1.02234920E+03 3.01094140E-03
 1.02285010E+03 1.88630980E-03
 1.02335140E+03 3.09346690E-03
 1.02385320E+03 2.62501740E-03
 1.02435550E+03 2.39821270E-03
 1.02485830E+03 2.22059550E-03
 1.02536040E+03 8.35278920E-04
 1.02586290E+03 4.64558310E-04
 1.02636600E+03 2.66299780E-03
 1.02686950E+03 2.51571800E-03
 1.02737360E+03 2.68843460E-03
 1.02787690E+03 2.51911960E-03
 1.02838070E+03 2.95993190E-03
 1.02888490E+03 3.00543650E-03
 1.02938970E+03 2.84461120E-03
 1.02989500E+03 2.04490180E-03
 1.03039950E+03 1.01963360E-03
 1.03090450E+03 9.97708850E-04
 1.03141010E+03 1.29340690E-03
 1.03191610E+03 2.92296020E-03
 1.03242260E+03 1.52529950E-03
 1.03292830E+03 2.77986770E-03
 1.03343460E+03 2.93570600E-03
 1.03394140E+03 1.13133520E-03
 1.03444860E+03 3.00207400E-03
 1.03495640E+03 1.53898800E-03
 1.03546340E+03 1.84877240E-04
 1.03597090E+03 2.97878180E-03
 1.03647890E+03 2.36763120E-03
 1.03698740E+03 9.89608760E-04
 1.03749640E+03 1.75578120E-03
 1.03800470E+03 8.65380050E-04
 1.03851340E+03 2.96350070E-03
 1.03902270E+03 1.56362640E-03
 1.03953240E+03 1.08941530E-03
 1.04004270E+03 2.92683380E-03
 1.04055220E+03 3.12416190E-03
 1.04106220E+03 3.12309160E-03
 1.04157270E+03 1.65529340E-03
 1.04208370E+03 3.11770430E-03
 1.04259520E+03 2.92634980E-03
 1.04310590E+03 3.11223640E-03
 1.04361720E+03 2.91176590E-03
 1.04412890E+03 3.10695100E-03
 1.04464120E+03 3.09255870E-03
 1.04515390E+03 3.02515840E-03
 1.04566590E+03 2.93996320E-03
 1.04617840E+03 2.92827360E-03
 1.04669150E+03 2.86468790E-03
 1.04720500E+03 2.89081660E-03
 1.04771900E+03 2.88520810E-03
 1.04823220E+03 3.05267910E-03
 1.04874600E+03 3.05573810E-03
 1.04926030E+03 2.84803180E-03
 1.04977510E+03 3.03137650E-03
 1.05029030E+03 2.90609260E-03
 1.05080490E+03 2.96381040E-03
 1.05131990E+03 2.95749190E-03
 1.05183540E+03 3.03055080E-03
 1.05235140E+03 3.04546850E-03
 1.05286800E+03 1.80527360E-03
 1.05338380E+03 2.49634270E-03
 1.05390010E+03 3.03329550E-03
 1.05441690E+03 3.05545530E-03
 1.05493420E+03 3.04980500E-03
 1.05545200E+03 1.59877350E-03
 1.05596900E+03 2.72272070E-03
 1.05648660E+03 1.89201810E-03
 1.05700460E+03 1.95414020E-03
 1.05752320E+03 2.18746820E-03
 1.05804230E+03 2.60377660E-03
 1.05856060E+03 2.18128600E-03
 1.05907940E+03 2.49604270E-03
 1.05959880E+03 2.74958970E-03
 1.06011860E+03 2.00345500E-03
 1.06063900E+03 2.16425440E-03
 1.06115860E+03 1.28419970E-03
 1.06167870E+03 1.11152940E-03
 1.06219930E+03 1.54930650E-03
 1.06272040E+03 1.64853660E-03
 1.06324200E+03 2.47282790E-03
 1.06376290E+03 3.26829690E-03
 1.06428430E+03 3.20435890E-03
 1.06480620E+03 3.14873000E-03
 1.06532860E+03 3.05849360E-03
 1.06585150E+03 1.68726300E-03
 1.06637360E+03 2.87629230E-03
 1.06689630E+03 2.14500880E-03
 1.06741940E+03 1.39282350E-03
 1.06794310E+03 1.35374970E-03
 1.06846730E+03 2.43438120E-03
 1.06899070E+03 7.95897860E-04
 1.06951470E+03 2.65713250E-03
 1.07003910E+03 2.52263730E-03
 1.07056410E+03 1.49001810E-03
 1.07108960E+03 2.29572520E-03
 1.07161430E+03 2.47054960E-03
 1.07213950E+03 1.78845210E-03
 1.07266530E+03 1.83168620E-03
 1.07319150E+03 2.46919690E-03
 1.07371830E+03 2.82022590E-03
 1.07424430E+03 2.27641060E-03
 1.07477080E+03 3.09651060E-03
 1.07529780E+03 1.95674630E-03
 1.07582540E+03 3.04730090E-03
 1.07635340E+03 3.03490390E-03
 1.07688070E+03 3.10007350E-03
 1.07740850E+03 3.16307450E-03
 1.07793690E+03 2.61598830E-03
 1.07846570E+03 3.02289940E-03
 1.07899510E+03 2.70268070E-03
 1.07952360E+03 2.86778700E-03
 1.08005270E+03 2.81105020E-03
 1.08058240E+03 2.89281590E-03
 1.08111250E+03 2.16283390E-03
 1.08164320E+03 2.78006660E-03
 1.08217300E+03 2.56418140E-03
 1.08270340E+03 2.05500540E-03
 1.08323440E+03 1.18977810E-03
 1.08376580E+03 1.88583260E-03
 1.08429780E+03 2.13267800E-03
 1.08482890E+03 2.11271580E-03
 1.08536060E+03 1.92520780E-03
 1.08589290E+03 1.78407930E-03
 1.08642560E+03 2.44795490E-03
 1.08695890E+03 2.18505630E-03
 1.08749140E+03 2.86474610E-03
 1.08802440E+03 2.02719490E-03
 1.08855790E+03 1.66044120E-03
 1.08909200E+03 1.33597630E-03
 1.08962650E+03 9.36228270E-04
 1.09016030E+03 2.60477220E-03
 1.09069460E+03 2.01808630E-03
 1.09122950E+03 2.60700910E-03
 1.09176480E+03 2.99631900E-03
 1.09230070E+03 1.67155680E-03
 1.09283580E+03 2.21851880E-03
 1.09337140E+03 2.20123540E-03
 1.09390760E+03 3.02503910E-03
 1.09444430E+03 2.90441460E-03
 1.09498150E+03 3.00912930E-03
 1.09551790E+03 1.24804390E-03
 1.09605480E+03 2.50945100E-03
 1.09659230E+03 8.29383340E-04
 1.09713030E+03 2.91443210E-03
 1.09766880E+03 1.05148220E-03
 1.09820650E+03 1.30308200E-03
 1.09874480E+03 2.74409380E-03
 1.09928360E+03 2.89618390E-03
 1.09982290E+03 2.48941570E-03
 1.10036280E+03 2.95638530E-03
 1.10090180E+03 2.97857570E-03
 1.10144140E+03 2.98316760E-03
 1.10198150E+03 2.67797680E-03
 1.10252210E+03 2.98462320E-03
 1.10306330E+03 1.30319770E-03
 1.10360370E+03 2.38360040E-03
 1.10414460E+03 1.39054460E-03
 1.10468600E+03 2.32986700E-03
 1.10522800E+03 2.46098780E-03
 1.10577050E+03 2.99345400E-03
 1.10631220E+03 2.51123070E-03
 1.10685440E+03 2.21591870E-03
 1.10739720E+03 2.62881210E-03
 1.10794050E+03 1.40239800E-03
 1.10848430E+03 5.68261950E-04
 1.10902730E+03 2.78394660E-03
 1.10957090E+03 1.97979070E-03
 1.11011500E+03 1.96154060E-03
 1.11065960E+03 2.62363880E-03
 1.11120480E+03 1.98116660E-03
 1.11174910E+03 9.89208450E-04
 1.11229400E+03 1.95735270E-04
 1.11283940E+03 1.65258800E-04
 1.11338540E+03 1.61708140E-04
 1.11393190E+03 2.22600150E-04
 1.11447760E+03 3.72178930E-04
 1.11502380E+03 5.36291090E-04
 1.11557060E+03 7.34673100E-04
 1.11611790E+03 9.93917750E-04
 1.11666580E+03 1.31409680E-03
 1.11721280E+03 1.58769800E-03
 1.11776040E+03 1.90155740E-03
 1.11830850E+03 2.44367250E-03
 1.11885710E+03 2.93334650E-03
 1.11940630E+03 2.21120990E-03
 1.11995470E+03 2.66282810E-03
 1.12050360E+03 2.61369290E-03
 1.12105310E+03 1.87131450E-03
 1.12160310E+03 1.89524380E-03
 1.12215360E+03 9.78790140E-04
 1.12270330E+03 7.82821520E-04
 1.12325360E+03 5.17154700E-04
 1.12380440E+03 3.99204700E-04
 1.12435570E+03 5.63622460E-04
 1.12490760E+03 5.47165900E-04
 1.12545870E+03 7.03049270E-04
 1.12601030E+03 8.44656880E-04
 1.12656250E+03 1.09052080E-03
 1.12711520E+03 1.49166360E-03
 1.12766840E+03 2.02261860E-03
 1.12822080E+03 2.22788320E-03
 1.12877380E+03 1.68712360E-03
 1.12932730E+03 3.17841270E-03
 1.12988140E+03 3.10702560E-03
 1.13043600E+03 1.10967470E-03
 1.13098980E+03 3.01547560E-03
 1.13154410E+03 2.89867950E-03
 1.13209890E+03 3.19822250E-03
 1.13265440E+03 2.63586150E-03
 1.13321030E+03 2.51142680E-03
 1.13376550E+03 2.60143690E-03
 1.13432110E+03 1.68718430E-03
 1.13487740E+03 1.71283090E-03
 1.13543420E+03 2.52688130E-03
 1.13599150E+03 2.69402420E-03
 1.13654800E+03 2.71595460E-03
 1.13710500E+03 2.88342020E-03
 1.13766260E+03 2.55347520E-03
 1.13822080E+03 2.66165580E-03
 1.13877950E+03 2.55228130E-03
 1.13933730E+03 1.00608970E-03
 1.13989580E+03 8.86269320E-04
 1.14045470E+03 2.80592410E-03
 1.14101420E+03 2.79297320E-03
 1.14157430E+03 9.00736450E-04
 1.14213350E+03 2.86919570E-03
 1.14269330E+03 2.87669460E-03
 1.14325370E+03 2.95106660E-03
 1.14381450E+03 2.58716820E-03
 1.14437600E+03 1.04141390E-03
 1.14493660E+03 8.70012810E-04
 1.14549780E+03 2.67763370E-03
 1.14605950E+03 2.93455140E-03
 1.14662170E+03 2.91990730E-03
 1.14718450E+03 2.64499500E-03
 1.14774650E+03 2.52429400E-03
 1.14830910E+03 2.78481000E-03
 1.14887220E+03 2.69751120E-03
 1.14943580E+03 2.78041310E-03
 1.15000000E+03 2.34648840E-03
 1.15000000E+03 2.34648840E-03
 1.15072300E+03 2.00331940E-03
 1.15144690E+03 2.93451320E-03
 1.15217170E+03 2.81288500E-03
 1.15289740E+03 2.76229460E-03
 1.15362400E+03 1.89458760E-03
 1.15434930E+03 2.72206560E-03
 1.15507540E+03 2.17156350E-03
 1.15580250E+03 2.60993910E-03
 1.15653050E+03 1.16929900E-03
 1.15725940E+03 2.79782890E-03
 1.15798700E+03 2.75484320E-03
 1.15871540E+03 1.88725420E-03
 1.15944480E+03 9.91349920E-04
 1.16017510E+03 1.51595130E-03
 1.16090630E+03 2.89585890E-03
 1.16163620E+03 1.29793450E-03
 1.16236690E+03 8.26124000E-04
 1.16309860E+03 2.79388620E-03
 1.16383120E+03 2.00762240E-03
 1.16456470E+03 2.56159270E-03
 1.16529680E+03 2.75821860E-03
 1.16602990E+03 2.76316420E-03
 1.16676390E+03 1.33438460E-03
 1.16749880E+03 1.59249760E-03
 1.16823460E+03 2.24366970E-03
 1.16896900E+03 1.43295030E-04
 1.16970440E+03 1.30631090E-06
 1.17044070E+03 2.22803930E-06
 1.17117790E+03 8.46416830E-06
 1.17191610E+03 3.98668100E-05
 1.17265280E+03 1.56123360E-04
 1.17339050E+03 4.37032920E-04
 1.17412910E+03 7.15702300E-04
 1.17486870E+03 1.04370310E-03
 1.17560910E+03 1.50199320E-03
 1.17634820E+03 1.92239500E-03
 1.17708820E+03 3.55764580E-03
 1.17782920E+03 3.02529660E-03
 1.17857100E+03 3.37746630E-03
 1.17931380E+03 3.22392440E-03
 1.18005520E+03 2.80627050E-03
 1.18079760E+03 2.90025230E-03
 1.18154090E+03 2.81223190E-03
 1.18228510E+03 2.75786000E-03
 1.18303020E+03 1.31481490E-03
 1.18377400E+03 1.87073690E-03
 1.18451860E+03 1.40567070E-03
 1.18526430E+03 2.21677030E-03
 1.18601080E+03 2.39758270E-03
 1.18675830E+03 2.61066310E-03
 1.18750440E+03 2.79717510E-03
 1.18825140E+03 2.77630740E-03
 1.18899940E+03 2.78809420E-03
 1.18974830E+03 2.80497660E-03
 1.19049820E+03 2.83093940E-03
 1.19124660E+03 1.07152810E-03
 1.19199600E+03 2.54774220E-03
 1.19274630E+03 1.69832160E-03
 1.19349760E+03 2.73841210E-03
 1.19424980E+03 2.69195450E-03
 1.19500060E+03 2.74763710E-03
 1.19575230E+03 2.59926790E-03
 1.19650500E+03 2.50155990E-03
 1.19725870E+03 6.78685280E-04
 1.19801320E+03 1.80577160E-03
 1.19876640E+03 2.21173980E-03
 1.19952050E+03 5.36984720E-04
 1.20027560E+03 4.45394390E-05
 1.20103160E+03 2.32895950E-04
 1.20178860E+03 1.97462920E-03
 1.20254410E+03 2.37353690E-03
 1.20330060E+03 2.28312790E-03
 1.20405800E+03 3.14605300E-03
 1.20481640E+03 3.15854780E-03
 1.20557580E+03 3.09567370E-03
 1.20633370E+03 3.15509160E-03
 1.20709250E+03 2.65351730E-03
 1.20785240E+03 3.16499210E-03
 1.20861320E+03 1.36891110E-03
 1.20937490E+03 2.29147690E-03
 1.21013520E+03 1.24410240E-03
 1.21089650E+03 2.92175390E-03
 1.21165870E+03 1.63221630E-03
 1.21242190E+03 2.76965940E-03
 1.21318600E+03 1.18165660E-03
 1.21394870E+03 1.04983420E-03
 1.21471240E+03 2.40453480E-03
 1.21547700E+03 1.12986690E-03
 1.21624260E+03 2.87314070E-03
 1.21700910E+03 1.12323360E-03
 1.21777420E+03 1.08222860E-03
 1.21854030E+03 2.75202730E-03
 1.21930730E+03 2.69070980E-03
 1.22007530E+03 9.72485270E-04
 1.22084430E+03 2.76450250E-03
 1.22161180E+03 2.76405570E-03
 1.22238030E+03 2.59901930E-03
 1.22314980E+03 7.57307480E-04
 1.22392020E+03 2.47281260E-03
 1.22469160E+03 2.69488270E-03
 1.22546150E+03 1.08881590E-03
 1.22623240E+03 2.80456050E-03
 1.22700430E+03 2.81031360E-03
 1.22777710E+03 1.05099530E-03
 1.22855100E+03 2.53311120E-03
 1.22932330E+03 2.62271230E-03
 1.23009670E+03 2.07502010E-03
 1.23087100E+03 1.89401520E-03
 1.23164620E+03 2.76930490E-03
 1.23242250E+03 2.13924550E-03
 1.23319730E+03 2.19130840E-03
 1.23397310E+03 2.56628440E-03
 1.23474980E+03 2.57891640E-03
 1.23552750E+03 2.73187380E-03
 1.23630620E+03 2.64219170E-03
 1.23708350E+03 2.66442250E-03
 1.23786170E+03 2.63892800E-03
 1.23864090E+03 1.90482720E-03
 1.23942110E+03 2.17211800E-03
 1.24020220E+03 2.73490910E-03
 1.24098190E+03 2.61839370E-03
 1.24176260E+03 1.91247480E-03
 1.24254420E+03 1.47753100E-03
 1.24332690E+03 1.34462820E-03
 1.24411050E+03 1.39800570E-03
 1.24489260E+03 1.66311360E-03
 1.24567580E+03 1.40835570E-03
 1.24645990E+03 1.44771610E-03
 1.24724500E+03 8.70908920E-04
 1.24803110E+03 3.25566200E-03
 1.24881570E+03 3.07898390E-03
 1.24960130E+03 3.02313460E-03
 1.25038790E+03 2.57083790E-03
 1.25117540E+03 2.79758840E-03
 1.25196400E+03 1.63410840E-03
 1.25275110E+03 2.45742630E-03
 1.25353920E+03 2.50496840E-03
 1.25432820E+03 2.63918290E-03
 1.25511830E+03 1.95099730E-03
 1.25590930E+03 2.33099220E-03
 1.25669890E+03 2.72617820E-03
 1.25748940E+03 2.70870550E-03
 1.25828100E+03 2.75149270E-03
 1.25907350E+03 2.67010740E-03
 1.25986710E+03 2.74315160E-03
 1.26065910E+03 2.74283750E-03
 1.26145220E+03 2.68817240E-03
 1.26224620E+03 2.75411810E-03
 1.26304130E+03 2.74611480E-03
 1.26383730E+03 1.63635560E-03
 1.26463190E+03 2.72709480E-03
 1.26542740E+03 2.64024540E-03
 1.26622400E+03 2.64500090E-03
 1.26702150E+03 2.17068660E-03
 1.26782010E+03 2.52518240E-03
 1.26861710E+03 1.61290030E-03
 1.26941520E+03 2.60673340E-03
 1.27021420E+03 2.56139330E-03
 1.27101430E+03 2.50279600E-03
 1.27181540E+03 2.74054990E-03
 1.27261490E+03 1.38366720E-03
 1.27341550E+03 2.54952420E-03
 1.27421710E+03 2.61469730E-03
 1.27501960E+03 2.69049570E-03
 1.27582320E+03 2.70653890E-03
 1.27662530E+03 2.57094060E-03
 1.27742840E+03 2.59792280E-03
 1.27823250E+03 2.72278540E-03
 1.27903760E+03 2.65691660E-03
 1.27984380E+03 2.70289330E-03
 1.28064840E+03 2.46740430E-03
 1.28145400E+03 2.66300640E-03
 1.28226060E+03 2.55145880E-03
 1.28306830E+03 2.66030790E-03
 1.28387690E+03 2.43750900E-03
 1.28468410E+03 2.62178150E-03
 1.28549220E+03 2.44605350E-03
 1.28630140E+03 1.33408460E-03
 1.28711160E+03 1.53645680E-03
 1.28792280E+03 2.62812830E-03
 1.28873250E+03 1.78808680E-03
 1.28954320E+03 2.53799640E-03
 1.29035490E+03 2.33222240E-03
 1.29116770E+03 2.34866850E-03
 1.29198150E+03 2.62012690E-03
 1.29279370E+03 2.68421070E-03
 1.29360700E+03 2.67560410E-03
 1.29442130E+03 2.21574710E-03
 1.29523660E+03 2.58430170E-03
 1.29605290E+03 2.64503620E-03
 1.29686770E+03 2.57712070E-03
 1.29768350E+03 2.62312490E-03
 1.29850040E+03 2.63466540E-03
 1.29931830E+03 1.65474450E-03
 1.30013720E+03 2.64746740E-03
 1.30095450E+03 1.89040570E-03
 1.30177290E+03 2.45701950E-03
 1.30259240E+03 2.68028810E-03
 1.30341280E+03 6.90660210E-04
 1.30423430E+03 2.68287680E-03
 1.30505420E+03 2.65152210E-03
 1.30587520E+03 2.58246090E-03
 1.30669720E+03 2.55160060E-03
 1.30752030E+03 2.54950880E-03
 1.30834440E+03 2.46242330E-03
 1.30916690E+03 1.91244100E-03
 1.30999040E+03 2.31557970E-03
 1.31081500E+03 2.53809620E-03
 1.31164070E+03 1.98247160E-03
 1.31246730E+03 2.48084410E-03
 1.31329250E+03 2.34160110E-03
 1.31411860E+03 2.55772270E-03
 1.31494580E+03 2.14166580E-03
 1.31577410E+03 1.95215220E-03
 1.31660330E+03 2.60319730E-03
 1.31743110E+03 2.43643510E-03
 1.31825980E+03 2.49424520E-03
 1.31908960E+03 2.17798480E-03
 1.31992050E+03 2.57687290E-03
 1.32075240E+03 1.65992210E-03
 1.32158270E+03 2.47694200E-03
 1.32241410E+03 2.64523120E-03
 1.32324650E+03 1.74506100E-03
 1.32407990E+03 2.29383830E-03
 1.32491450E+03 1.26988760E-03
 1.32574740E+03 2.07541170E-03
 1.32658140E+03 2.56910810E-03
 1.32741640E+03 2.58733970E-03
 1.32825250E+03 2.48614800E-03
 1.32908970E+03 2.54816680E-03
 1.32992520E+03 1.20129650E-03
 1.33076190E+03 2.62498410E-03
 1.33159950E+03 2.02777710E-03
 1.33243830E+03 1.34541750E-03
 1.33327810E+03 2.56815340E-03
 1.33411630E+03 2.57273470E-03
 1.33495550E+03 2.22731270E-03
 1.33579580E+03 5.59828200E-04
 1.33663720E+03 2.18179000E-03
 1.33747960E+03 2.59684790E-03
 1.33832050E+03 2.58133460E-03
 1.33916240E+03 1.40613410E-03
 1.34000530E+03 2.61021840E-03
 1.34084940E+03 2.59350210E-03
 1.34169440E+03 2.52989280E-03
 1.34253790E+03 2.24674310E-03
 1.34338250E+03 1.35712620E-03
 1.34422810E+03 1.91450950E-03
 1.34507480E+03 2.44174420E-03
 1.34592250E+03 2.54038300E-03
 1.34676870E+03 2.39744900E-03
 1.34761590E+03 2.57141640E-03
 1.34846420E+03 2.30284760E-03
 1.34931350E+03 2.23227610E-03
 1.35016400E+03 1.25290390E-03
 1.35101280E+03 2.50526100E-03
 1.35186270E+03 2.55929400E-03
 1.35271360E+03 2.57911060E-03
 1.35356560E+03 2.55846220E-03
 1.35441870E+03 2.57673920E-03
 1.35527020E+03 1.43579320E-03
 1.35612280E+03 1.12504550E-03
 1.35697640E+03 1.36928910E-03
 1.35783110E+03 2.20690590E-03
 1.35868690E+03 2.25386640E-03
 1.35954110E+03 2.50265890E-03
 1.36039640E+03 2.53702930E-03
 1.36125270E+03 1.86134640E-03
 1.36211010E+03 1.96401290E-03
 1.36296860E+03 1.93852070E-03
 1.36382540E+03 2.14089390E-03
 1.36468340E+03 2.50503680E-03
 1.36554240E+03 1.76789440E-03
 1.36640250E+03 2.33506970E-03
 1.36726370E+03 2.48171630E-03
 1.36812330E+03 2.20189500E-03
 1.36898390E+03 1.97878970E-03
 1.36984570E+03 2.54911300E-03
 1.37070850E+03 2.51909690E-03
 1.37157240E+03 1.38862990E-03
 1.37243470E+03 1.42591600E-03
 1.37329800E+03 2.30847040E-03
 1.37416250E+03 1.90675450E-03
 1.37502800E+03 2.34455230E-03
 1.37589460E+03 2.49430210E-03
 1.37675960E+03 2.50452570E-03
 1.37762570E+03 1.38737030E-03
 1.37849290E+03 1.84973570E-03
 1.37936110E+03 2.21236930E-03
 1.38023050E+03 2.47326560E-03
 1.38109820E+03 2.52799310E-03
 1.38196700E+03 2.49815430E-03
 1.38283690E+03 2.47648880E-03
 1.38370790E+03 2.43713390E-03
 1.38458000E+03 1.02906240E-03
 1.38545050E+03 6.64499280E-06
 1.38632200E+03 5.85837890E-06
 1.38719470E+03 1.77113490E-05
 1.38806840E+03 2.31147010E-04
 1.38894330E+03 1.08829240E-03
 1.38981650E+03 1.99994670E-03
 1.39069080E+03 2.90561100E-03
 1.39156620E+03 3.69354830E-03
 1.39244270E+03 4.24619650E-03
 1.39332030E+03 4.83421070E-03
 1.39419620E+03 8.52099650E-04
 1.39507330E+03 1.40493840E-04
 1.39595140E+03 7.46425150E-05
 1.39683070E+03 2.29294460E-04
 1.39771100E+03 1.06056350E-03
 1.39858980E+03 1.99065220E-03
 1.39946960E+03 2.89005220E-03
 1.40035050E+03 3.71956710E-03
 1.40123250E+03 4.30036930E-03
 1.40211570E+03 4.96720610E-03
 1.40299710E+03 7.44322410E-03
 1.40387970E+03 7.26990430E-03
 1.40476340E+03 6.13343420E-03
 1.40564820E+03 5.18196640E-03
 1.40653420E+03 5.02332530E-03
 1.40741840E+03 4.00298300E-03
 1.40830380E+03 4.15260650E-03
 1.40919030E+03 2.91984160E-03
 1.41007790E+03 2.63865870E-03
 1.41096660E+03 2.43082130E-03
 1.41185360E+03 2.32168440E-03
 1.41274180E+03 2.11364390E-03
 1.41363110E+03 2.28566770E-03
 1.41452150E+03 1.55514030E-03
 1.41541300E+03 2.45630010E-03
 1.41630280E+03 2.12934300E-03
 1.41719380E+03 7.18552450E-04
 1.41808590E+03 1.54791790E-03
 1.41897910E+03 1.92231650E-03
 1.41987340E+03 1.90528950E-03
 1.42076600E+03 2.21070730E-03
 1.42165980E+03 1.82423380E-03
 1.42255470E+03 1.65191220E-03
 1.42345070E+03 1.25168800E-03
 1.42434790E+03 6.11749630E-04
 1.42524330E+03 2.42337950E-03
 1.42613990E+03 1.39357330E-03
 1.42703760E+03 2.39877970E-03
 1.42793640E+03 1.02117750E-03
 1.42883640E+03 1.18387720E-03
 1.42973470E+03 2.38511030E-03
 1.43063410E+03 1.55172880E-03
 1.43153460E+03 1.78627680E-03
 1.43243630E+03 1.01834290E-03
 1.43333910E+03 2.10602940E-03
 1.43424020E+03 1.34701670E-03
 1.43514250E+03 2.00155020E-03
 1.43604580E+03 2.01172550E-03
 1.43695040E+03 1.50566120E-03
 1.43785600E+03 1.68490100E-03
 1.43876000E+03 9.95891290E-04
 1.43966500E+03 1.13080530E-03
 1.44057130E+03 1.53420710E-03
 1.44147860E+03 2.38894930E-03
 1.44238710E+03 1.71339200E-03
 1.44329390E+03 2.21918890E-03
 1.44420190E+03 1.81415320E-03
 1.44511100E+03 1.21675290E-03
 1.44602120E+03 1.50427250E-03
 1.44693260E+03 2.32738290E-03
 1.44784220E+03 1.53425260E-03
 1.44875300E+03 1.28063970E-03
 1.44966490E+03 1.79211580E-03
 1.45057800E+03 2.31899010E-03
 1.45149230E+03 1.31981370E-03
 1.45240480E+03 8.55283040E-04
 1.45331850E+03 2.38216900E-03
 1.45423330E+03 2.13100860E-03
 1.45514930E+03 2.35524110E-03
 1.45606640E+03 1.74806680E-03
 1.45698180E+03 2.35912140E-03
 1.45789830E+03 1.14064860E-03
 1.45881600E+03 1.42671210E-03
 1.45973490E+03 1.65160040E-03
 1.46065490E+03 1.34130780E-03
 1.46157320E+03 2.32235190E-03
 1.46249260E+03 1.38515920E-03
 1.46341320E+03 2.00862240E-03
 1.46433500E+03 2.00136320E-03
 1.46525790E+03 2.10890590E-03
 1.46617910E+03 2.38513670E-03
 1.46710140E+03 1.36830550E-03
 1.46802490E+03 1.25703060E-03
 1.46894950E+03 1.01581290E-03
 1.46987540E+03 8.46270450E-04
 1.47079940E+03 2.32783270E-03
 1.47172470E+03 1.38075040E-03
 1.47265110E+03 1.26560070E-03
 1.47357860E+03 1.30861490E-03
 1.47450740E+03 1.96645060E-03
 1.47543440E+03 2.25546370E-03
 1.47636250E+03 1.51190230E-03
 1.47729190E+03 2.37610990E-03
 1.47822240E+03 1.19365360E-03
 1.47915400E+03 1.71481730E-03
 1.48008390E+03 1.58611480E-03
 1.48101500E+03 2.33085010E-03
 1.48194730E+03 2.33272670E-03
 1.48288070E+03 2.32763130E-03
 1.48381530E+03 2.09948070E-03
 1.48474810E+03 1.62391160E-03
 1.48568210E+03 2.34155510E-03
 1.48661730E+03 2.33148220E-03
 1.48755370E+03 2.34884070E-03
 1.48849130E+03 2.18727220E-03
 1.48942700E+03 1.68161270E-03
 1.49036400E+03 2.28739470E-03
 1.49130210E+03 2.31911260E-03
 1.49224140E+03 2.23479330E-03
 1.49318200E+03 2.30804710E-03
 1.49412070E+03 2.32306870E-03
 1.49506060E+03 2.05797360E-03
 1.49600170E+03 1.91655110E-03
 1.49694400E+03 2.20393100E-03
 1.49788740E+03 1.03304580E-03
 1.49882910E+03 9.94252040E-04
 1.49977200E+03 1.05858430E-03
 1.50071600E+03 1.64922970E-03
 1.50166130E+03 1.09624650E-03
 1.50260770E+03 2.34770600E-03
 1.50355240E+03 1.62384370E-03
 1.50449820E+03 1.22301180E-03
 1.50544530E+03 1.22068880E-03
 1.50639350E+03 2.32710270E-03
 1.50734290E+03 2.32711740E-03
 1.50829060E+03 2.32007760E-03
 1.50923940E+03 2.30541240E-03
 1.51018940E+03 2.30185380E-03
 1.51114060E+03 8.65364590E-04
 1.51209300E+03 1.21169470E-03
 1.51304360E+03 1.84259970E-03
 1.51399550E+03 2.26042510E-03
 1.51494850E+03 9.59435660E-04
 1.51590270E+03 2.18488590E-03
 1.51685810E+03 2.21126940E-03
 1.51781170E+03 9.56404280E-04
 1.51876650E+03 1.78521600E-03
 1.51972250E+03 2.21184210E-03
 1.52067980E+03 1.04629050E-03
 1.52163820E+03 9.84113480E-04
 1.52259480E+03 2.24418540E-03
 1.52355260E+03 2.19538810E-03
 1.52451170E+03 1.09818390E-03
 1.52547190E+03 2.18164230E-03
 1.52643330E+03 1.51551460E-03
 1.52739300E+03 1.18046830E-03
 1.52835380E+03 2.20306230E-03
 1.52931590E+03 2.19038480E-03
 1.53027910E+03 8.06177680E-04
 1.53124360E+03 8.13895960E-04
 1.53220630E+03 2.18131630E-03
 1.53317010E+03 8.77438060E-04
 1.53413520E+03 1.34713550E-03
 1.53510150E+03 2.19293530E-03
 1.53606900E+03 2.16499380E-03
 1.53703470E+03 2.14544330E-03
 1.53800160E+03 1.59418800E-03
 1.53896970E+03 2.63613300E-06
 1.53993910E+03 1.63820440E-06
 1.54090970E+03 4.11430250E-06
 1.54187840E+03 6.73370050E-06
 1.54284830E+03 5.81376730E-06
 1.54381950E+03 1.23461240E-05
 1.54479190E+03 3.36412670E-05
 1.54576550E+03 7.98840440E-05
 1.54673730E+03 2.31515850E-04
 1.54771030E+03 4.28270170E-04
 1.54868460E+03 6.35584830E-04
 1.54966000E+03 8.89707280E-04
 1.55063670E+03 1.46169950E-03
 1.55161160E+03 2.48410370E-03
 1.55258760E+03 2.99903110E-03
 1.55356500E+03 2.00643950E-03
 1.55454350E+03 2.64022390E-03
 1.55552330E+03 1.69827840E-03
 1.55650120E+03 9.55204670E-04
 1.55748030E+03 9.06300520E-04
 1.55846070E+03 2.14432820E-03
 1.55944230E+03 1.71681820E-03
 1.56042520E+03 1.01679330E-03
 1.56140620E+03 9.45208100E-04
 1.56238840E+03 9.25446750E-04
 1.56337190E+03 2.06078730E-03
 1.56435660E+03 1.12608850E-03
 1.56534260E+03 1.26029930E-03
 1.56632670E+03 9.17822200E-04
 1.56731200E+03 2.14666760E-03
 1.56829860E+03 8.95077690E-04
 1.56928640E+03 8.00092740E-04
 1.57027550E+03 1.07889720E-03
 1.57126270E+03 6.76274250E-04
 1.57225110E+03 1.69198310E-03
 1.57324080E+03 2.17055910E-03
 1.57423170E+03 2.12817870E-03
 1.57522390E+03 8.17027110E-04
 1.57621420E+03 1.76060130E-03
 1.57720570E+03 6.91973680E-04
 1.57819850E+03 1.39869400E-03
 1.57919260E+03 1.27713910E-03
 1.58018790E+03 9.13549080E-04
 1.58118130E+03 2.18249410E-03
 1.58217600E+03 1.91843710E-03
 1.58317190E+03 1.32002450E-03
 1.58416910E+03 1.08597780E-03
 1.58516760E+03 8.93427660E-04
 1.58616410E+03 1.51328020E-03
 1.58716190E+03 2.14155320E-03
 1.58816100E+03 1.70579660E-03
 1.58916130E+03 1.75112540E-03
 1.59016290E+03 1.43800680E-03
 1.59116260E+03 1.28966040E-03
 1.59216360E+03 1.23320310E-03
 1.59316580E+03 1.68104030E-03
 1.59416930E+03 1.26657390E-03
 1.59517400E+03 1.78085500E-03
 1.59617690E+03 2.10991170E-03
 1.59718100E+03 1.96213260E-03
 1.59818630E+03 2.05598360E-03
 1.59919300E+03 2.11252660E-03
 1.60020090E+03 1.89690670E-03
 1.60120690E+03 7.94264600E-04
 1.60221420E+03 2.00239660E-03
 1.60322270E+03 7.83144740E-04
 1.60423250E+03 1.15451340E-03
 1.60524360E+03 2.11217350E-03
 1.60625280E+03 1.23463230E-03
 1.60726330E+03 2.08204100E-03
 1.60827500E+03 1.98993660E-03
 1.60928800E+03 1.52640900E-03
 1.61030220E+03 1.02685980E-03
 1.61131460E+03 1.58437480E-03
 1.61232820E+03 2.07149220E-03
 1.61334320E+03 1.23752910E-03
 1.61435930E+03 2.13511300E-03
 1.61537680E+03 1.91096600E-03
 1.61639240E+03 2.08731460E-03
 1.61740920E+03 2.12026860E-03
 1.61842730E+03 1.80137670E-03
 1.61944670E+03 1.48428630E-03
 1.62046740E+03 1.19934270E-03
 1.62148610E+03 9.70108160E-04
 1.62250610E+03 1.91123430E-03
 1.62352750E+03 9.43126160E-04
 1.62455010E+03 1.52954740E-03
 1.62557400E+03 2.00498580E-03
 1.62659590E+03 1.39352490E-03
 1.62761920E+03 2.09301920E-03
 1.62864370E+03 1.30619380E-03
 1.62966950E+03 1.71156230E-03
 1.63069660E+03 1.09511370E-03
 1.63172180E+03 1.07510660E-03
 1.63274830E+03 1.97798730E-03
 1.63377610E+03 1.83707580E-03
 1.63480510E+03 1.09820640E-03
 1.63583550E+03 9.98025410E-04
 1.63686390E+03 2.04938090E-03
 1.63789360E+03 1.44959500E-03
 1.63892460E+03 1.87798240E-03
 1.63995690E+03 1.18671850E-03
 1.64099050E+03 2.00364840E-03
 1.64202210E+03 1.90170880E-03
 1.64305510E+03 2.12572600E-03
 1.64408940E+03 1.99043660E-03
 1.64512490E+03 1.14136740E-03
 1.64616180E+03 1.73669280E-03
 1.64719670E+03 9.48778190E-04
 1.64823290E+03 2.09084310E-03
 1.64927040E+03 1.33064410E-03
 1.65030920E+03 1.57861700E-03
 1.65134930E+03 2.00760370E-03
 1.65238750E+03 2.04313080E-03
 1.65342700E+03 9.52525740E-04
 1.65446770E+03 2.05406020E-03
 1.65550980E+03 2.03371590E-03
 1.65655320E+03 1.05290070E-03
 1.65759470E+03 1.54340590E-03
 1.65863740E+03 2.09920250E-03
 1.65968150E+03 2.06394880E-03
 1.66072690E+03 1.33953540E-03
 1.66177360E+03 1.16377440E-03
 1.66281830E+03 2.11067510E-03
 1.66386430E+03 2.10972110E-03
 1.66491170E+03 1.00908340E-03
 1.66596030E+03 1.86872710E-03
 1.66701030E+03 1.17677890E-03
 1.66805830E+03 9.29159600E-04
 1.66910770E+03 1.65977980E-03
 1.67015830E+03 1.50495320E-03
 1.67121030E+03 1.76676300E-03
 1.67226360E+03 9.87034740E-04
 1.67331490E+03 1.09463760E-03
 1.67436750E+03 2.08305240E-03
 1.67542150E+03 1.29385910E-03
 1.67647680E+03 1.01059280E-03
 1.67753340E+03 2.03593780E-03
 1.67858800E+03 1.86425260E-03
 1.67964400E+03 2.04153130E-03
 1.68070130E+03 1.89433990E-03
 1.68175990E+03 1.05900410E-03
 1.68281980E+03 1.98253160E-03
 1.68387780E+03 1.80756020E-03
 1.68493710E+03 2.02877340E-03
 1.68599770E+03 1.56955360E-03
 1.68705960E+03 1.86297270E-03
 1.68812290E+03 2.07525070E-03
 1.68918420E+03 2.05036180E-03
 1.69024680E+03 9.51420300E-04
 1.69131080E+03 2.04471320E-03
 1.69237610E+03 1.89529340E-03
 1.69344270E+03 2.01760330E-03
 1.69450730E+03 1.23953980E-03
 1.69557330E+03 1.51444770E-03
 1.69664060E+03 1.99996010E-03
 1.69770930E+03 2.01598280E-03
 1.69877930E+03 9.85464470E-04
 1.69984730E+03 1.96637580E-03
 1.70091660E+03 1.09659380E-03
 1.70198730E+03 2.02611200E-03
 1.70305930E+03 2.00885920E-03
 1.70413270E+03 1.16975510E-03
 1.70520400E+03 1.98861560E-03
 1.70627670E+03 1.54751870E-03
 1.70735080E+03 9.25213440E-04
 1.70842620E+03 1.87398230E-03
 1.70950290E+03 1.93152470E-03
 1.71057760E+03 1.94688710E-03
 1.71165370E+03 1.88220250E-03
 1.71273110E+03 1.08368860E-03
 1.71380990E+03 1.63161550E-03
 1.71489010E+03 1.42393410E-03
 1.71596820E+03 8.49921390E-04
 1.71704770E+03 1.04347160E-03
 1.71812850E+03 1.51424300E-03
 1.71921070E+03 1.91417820E-03
 1.72029420E+03 2.17418830E-03
 1.72137570E+03 1.48203430E-03
 1.72245860E+03 9.89127310E-04
 1.72354280E+03 1.15830220E-03
 1.72462840E+03 1.03038490E-03
 1.72571540E+03 9.93541510E-04
 1.72680030E+03 2.03059190E-03
 1.72788660E+03 2.02050870E-03
 1.72897430E+03 2.01419600E-03
 1.73006330E+03 1.70005340E-03
 1.73115370E+03 1.10311060E-03
 1.73224200E+03 1.99485550E-03
 1.73333170E+03 1.98492130E-03
 1.73442280E+03 1.85745400E-03
 1.73551520E+03 1.96892910E-03
 1.73660910E+03 1.91979810E-03
 1.73770080E+03 1.85410250E-03
 1.73879400E+03 1.02945570E-03
 1.73988850E+03 1.80436280E-03
 1.74098440E+03 1.35991110E-03
 1.74208170E+03 1.71466510E-03
 1.74317690E+03 1.97523300E-03
 1.74427350E+03 1.32498940E-03
 1.74537140E+03 1.13141120E-03
 1.74647080E+03 1.97773920E-03
 1.74757150E+03 1.86720910E-03
 1.74867020E+03 1.70820350E-03
 1.74977020E+03 1.90730410E-03
 1.75087160E+03 1.88442880E-03
 1.75197440E+03 2.05148230E-03
 1.75307860E+03 9.67102620E-04
 1.75418080E+03 1.97770400E-03
 1.75528430E+03 1.96722880E-03
 1.75638920E+03 1.96012670E-03
 1.75749550E+03 1.95468870E-03
 1.75860310E+03 1.11277990E-03
 1.75970870E+03 1.13978130E-03
 1.76081570E+03 1.34584200E-03
 1.76192410E+03 1.95993970E-03
 1.76303390E+03 1.04870180E-03
 1.76414500E+03 1.94961390E-03
 1.76525410E+03 1.93521070E-03
 1.76636460E+03 1.78215520E-03
 1.76747650E+03 1.66885350E-03
 1.76858970E+03 1.74189840E-03
 1.76970440E+03 9.73252900E-04
 1.77081700E+03 1.94459840E-03
 1.77193100E+03 1.23588480E-03
 1.77304630E+03 1.41850280E-03
 1.77416310E+03 1.85742530E-03
 1.77528130E+03 1.27336840E-03
 1.77639740E+03 1.91483290E-03
 1.77751490E+03 1.91410540E-03
 1.77863370E+03 1.43341230E-03
 1.77975400E+03 1.93108330E-03
 1.78087580E+03 1.58676610E-03
 1.78199540E+03 1.05160060E-03
 1.78311640E+03 9.81251180E-04
 1.78423880E+03 1.92109050E-03
 1.78536260E+03 1.16164650E-03
 1.78648780E+03 1.91826800E-03
 1.78761100E+03 1.86158660E-03
 1.78873550E+03 1.12370970E-03
 1.78986150E+03 1.90223190E-03
 1.79098880E+03 1.29122500E-03
 1.79211760E+03 8.74565060E-04
 1.79324430E+03 1.62689880E-03
 1.79437240E+03 1.91514280E-03
 1.79550190E+03 1.89855390E-03
 1.79663280E+03 1.87939570E-03
 1.79776510E+03 1.79904910E-03
 1.79889540E+03 1.40799240E-03
 1.80002700E+03 1.42327740E-03
 1.80116010E+03 1.80035490E-03
 1.80229450E+03 1.85029830E-03
 1.80343050E+03 1.83607310E-03
 1.80456420E+03 1.17740800E-03
 1.80569940E+03 1.22728910E-03
 1.80683610E+03 1.83698260E-03
 1.80797410E+03 1.77066160E-03
 1.80911360E+03 1.85705910E-03
 1.81025100E+03 1.89269860E-03
 1.81138980E+03 1.52579640E-03
 1.81253000E+03 8.92437520E-04
 1.81367160E+03 1.84156610E-03
 1.81481470E+03 1.88721970E-03
 1.81595560E+03 1.25825110E-03
 1.81709800E+03 1.53956720E-03
 1.81824180E+03 1.87455060E-03
 1.81938710E+03 1.61372800E-03
 1.82053370E+03 1.24299800E-03
 1.82167830E+03 8.83214020E-04
 1.82282420E+03 1.86716970E-03
 1.82397170E+03 1.81506670E-03
 1.82512050E+03 1.47301490E-03
 1.82627080E+03 9.52281270E-04
 1.82741890E+03 9.50539450E-04
 1.82856850E+03 1.80579580E-03
 1.82971950E+03 1.86157490E-03
 1.83087200E+03 1.52640210E-03
 1.83202600E+03 1.87213960E-03
 1.83317770E+03 1.74006140E-03
 1.83433090E+03 1.57789990E-03
 1.83548560E+03 1.86344530E-03
 1.83664170E+03 1.81870880E-03
 1.83779920E+03 1.67798290E-03
 1.83895460E+03 1.54896100E-03
 1.84011150E+03 9.46908140E-04
 1.84126970E+03 1.38543220E-03
 1.84242950E+03 1.64601430E-03
 1.84359070E+03 1.50115920E-03
 1.84474970E+03 1.19992090E-03
 1.84591020E+03 1.56546660E-03
 1.84707220E+03 1.80359990E-03
 1.84823560E+03 1.33796280E-03
 1.84940040E+03 8.84470510E-04
 1.85056310E+03 8.67609910E-04
 1.85172720E+03 1.74681470E-03
 1.85289290E+03 1.59136460E-03
 1.85405990E+03 1.00613560E-03
 1.85522850E+03 1.64229130E-03
 1.85639480E+03 1.83840240E-03
 1.85756260E+03 1.83432280E-03
 1.85873190E+03 1.05991250E-03
 1.85990260E+03 1.04247650E-03
 1.86107490E+03 1.82220120E-03
 1.86224490E+03 1.81221980E-03
 1.86341640E+03 1.64670030E-03
 1.86458930E+03 1.46963880E-03
 1.86576380E+03 1.81633890E-03
 1.86693970E+03 1.64150250E-03
 1.86811340E+03 1.78346190E-03
 1.86928860E+03 1.81135280E-03
 1.87046520E+03 1.80846820E-03
 1.87164340E+03 1.49653720E-03
 1.87282300E+03 1.00399840E-03
 1.87400040E+03 1.00433860E-03
 1.87517930E+03 1.81358880E-03
 1.87635960E+03 1.26856690E-03
 1.87754150E+03 1.55112330E-03
 1.87872480E+03 1.78358700E-03
 1.87990600E+03 1.79798570E-03
 1.88108860E+03 1.43248950E-03
 1.88227260E+03 1.21281850E-03
 1.88345820E+03 1.70662550E-03
 1.88464530E+03 9.76960520E-04
 1.88583010E+03 1.65021640E-03
 1.88701640E+03 1.28630290E-03
 1.88820430E+03 1.34874580E-03
 1.88939360E+03 1.05193500E-03
 1.89058440E+03 8.93582420E-04
 1.89177300E+03 1.77314550E-03
 1.89296300E+03 1.21523340E-03
 1.89415460E+03 1.28995430E-03
 1.89534760E+03 8.50471690E-04
 1.89654220E+03 1.79369450E-03
 1.89773450E+03 1.78716470E-03
 1.89892830E+03 1.04993150E-03
 1.90012360E+03 1.78990180E-03
 1.90132050E+03 9.86797240E-04
 1.90251880E+03 1.60669760E-03
 1.90371490E+03 1.27919550E-03
 1.90491240E+03 1.78430720E-03
 1.90611150E+03 1.78336920E-03
 1.90731210E+03 1.78200840E-03
 1.90851420E+03 1.75906470E-03
 1.90971410E+03 1.55390470E-03
 1.91091540E+03 1.77960670E-03
 1.91211830E+03 1.75441740E-03
 1.91332260E+03 1.50924650E-03
 1.91452850E+03 1.47273970E-03
 1.91573220E+03 1.28601180E-03
 1.91693730E+03 1.75348500E-03
 1.91814390E+03 1.44004900E-03
 1.91935210E+03 1.56148060E-03
 1.92056180E+03 1.48160980E-03
 1.92176920E+03 1.76114450E-03
 1.92297820E+03 8.75022190E-04
 1.92418860E+03 1.34946690E-03
 1.92540060E+03 1.54246640E-03
 1.92661410E+03 1.76108720E-03
 1.92782530E+03 1.75988840E-03
 1.92903810E+03 1.33634940E-03
 1.93025230E+03 1.15767020E-03
 1.93146810E+03 7.92782330E-04
 1.93268550E+03 1.68080660E-03
 1.93390050E+03 1.75333770E-03
 1.93511710E+03 1.75072420E-03
 1.93633510E+03 1.31364670E-03
 1.93755480E+03 1.19949000E-03
 1.93877590E+03 8.72021480E-04
 1.93999480E+03 9.07298460E-04
 1.94121520E+03 1.74516920E-03
 1.94243710E+03 1.73348480E-03
 1.94366060E+03 1.71578470E-03
 1.94488560E+03 1.74011610E-03
 1.94610830E+03 1.65085700E-03
 1.94733260E+03 1.73706610E-03
 1.94855840E+03 1.63608820E-03
 1.94978570E+03 1.65332890E-03
 1.95101460E+03 7.86890010E-04
 1.95224110E+03 1.58247240E-03
 1.95346920E+03 8.18399600E-04
 1.95469890E+03 1.10735640E-03
 1.95593010E+03 1.03143080E-03
 1.95716280E+03 1.02204560E-03
 1.95839320E+03 1.70653560E-03
 1.95962520E+03 1.68889330E-03
 1.96085870E+03 1.01258120E-03
 1.96209380E+03 1.72150620E-03
 1.96333040E+03 1.66709820E-03
 1.96456470E+03 1.57317990E-03
 1.96580060E+03 1.70627940E-03
 1.96703800E+03 1.62021050E-03
 1.96827700E+03 1.48582460E-03
 1.96951750E+03 1.71495060E-03
 1.97075570E+03 1.71362400E-03
 1.97199540E+03 1.20871890E-03
 1.97323680E+03 1.70683440E-03
 1.97447960E+03 1.70512050E-03
 1.97572410E+03 1.42249060E-03
 1.97696620E+03 1.63247010E-03
 1.97820980E+03 1.70396050E-03
 1.97945500E+03 1.52126740E-03
 1.98070180E+03 1.70312660E-03
 1.98195020E+03 1.64406170E-03
 1.98319620E+03 1.70067750E-03
 1.98444380E+03 1.50124440E-03
 1.98569290E+03 1.62995240E-03
 1.98694360E+03 1.33392760E-03
 1.98819590E+03 1.68669210E-03
 1.98944590E+03 1.58426800E-03
 1.99069740E+03 1.54567930E-03
 1.99195040E+03 8.75046430E-04
 1.99320510E+03 9.29422790E-04
 1.99446130E+03 1.60777410E-03
 1.99571520E+03 1.60303040E-03
 1.99697070E+03 1.68245830E-03
 1.99822770E+03 1.63791170E-03
 1.99948630E+03 1.06590700E-03
 2.00074650E+03 1.11067510E-03
 2.00200430E+03 1.14538440E-03
 2.00326370E+03 1.17081860E-03
 2.00452470E+03 1.60335460E-03
 2.00578730E+03 1.08410100E-03
 2.00705150E+03 1.63145960E-03
 2.00831330E+03 1.65189430E-03
 2.00957660E+03 1.67032120E-03
 2.01084160E+03 1.05874720E-03
 2.01210820E+03 1.24475110E-03
 2.01337630E+03 9.70408610E-04
 2.01464210E+03 1.63906790E-03
 2.01590940E+03 1.61086590E-03
 2.01717840E+03 1.64880500E-03
 2.01844890E+03 1.66016500E-03
 2.01972110E+03 1.66328560E-03
 2.02099080E+03 1.56558060E-03
 2.02226220E+03 1.60926520E-03
 2.02353510E+03 1.63010090E-03
 2.02480970E+03 1.65290280E-03
 2.02608590E+03 1.36852080E-03
 2.02735960E+03 1.51352010E-03
 2.02863500E+03 1.63483170E-03
 2.02991190E+03 1.65353440E-03
 2.03119050E+03 1.65224410E-03
 2.03247070E+03 1.65002650E-03
 2.03374850E+03 1.37461570E-03
 2.03502780E+03 1.20227280E-03
 2.03630880E+03 1.64676320E-03
 2.03759140E+03 1.50992630E-03
 2.03887560E+03 1.55327860E-03
 2.04015740E+03 8.14108500E-04
 2.04144080E+03 1.05614370E-03
 2.04272590E+03 1.63142880E-03
 2.04401250E+03 1.53477730E-03
 2.04530080E+03 1.48560400E-03
 2.04658660E+03 1.17643590E-03
 2.04787400E+03 1.52343010E-03
 2.04916310E+03 1.61695770E-03
 2.05045380E+03 1.66279590E-03
 2.05174610E+03 1.27367390E-03
 2.05303600E+03 1.59367140E-03
 2.05432750E+03 1.65537730E-03
 2.05562070E+03 1.62486180E-03
 2.05691540E+03 1.13494390E-03
 2.05821180E+03 1.56462640E-03
 2.05950580E+03 1.66297630E-03
 2.06080130E+03 1.66414040E-03
 2.06209860E+03 9.69682820E-04
 2.06339740E+03 1.65883860E-03
 2.06469790E+03 1.38801250E-03
 2.06599590E+03 1.56096650E-03
 2.06729560E+03 1.34078400E-03
 2.06859690E+03 1.65273490E-03
 2.06989980E+03 1.65475240E-03
 2.07120440E+03 8.02685750E-04
 2.07250650E+03 1.64094040E-03
 2.07381030E+03 1.65107520E-03
 2.07511570E+03 1.64665110E-03
 2.07642270E+03 1.64817430E-03
 2.07773140E+03 1.07024740E-03
 2.07903760E+03 1.63376390E-03
 2.08034550E+03 1.58497160E-03
 2.08165500E+03 1.64307630E-03
 2.08296620E+03 1.54956370E-03
 2.08427900E+03 1.20368980E-03
 2.08558930E+03 1.09487300E-03
 2.08690130E+03 1.54459240E-03
 2.08821490E+03 1.63616980E-03
 2.08953020E+03 1.60957050E-03
 2.09084720E+03 7.75400150E-04
 2.09216160E+03 1.31389180E-03
 2.09347780E+03 1.55428630E-03
 2.09479550E+03 1.58822610E-03
 2.09611500E+03 1.60577360E-03
 2.09743610E+03 1.62666070E-03
 2.09875470E+03 1.62430730E-03
 2.10007500E+03 1.19172430E-03
 2.10139690E+03 1.61183350E-03
 2.10272050E+03 1.61845850E-03
 2.10404580E+03 1.60910080E-03
 2.10536850E+03 1.61922140E-03
 2.10669290E+03 1.61776430E-03
 2.10801900E+03 7.90654940E-04
 2.10934680E+03 1.16622970E-03
 2.11067630E+03 1.58959890E-03
 2.11200320E+03 1.61219860E-03
 2.11333180E+03 1.60554280E-03
 2.11466210E+03 1.25688720E-03
 2.11599400E+03 1.60148460E-03
 2.11732760E+03 1.21797200E-03
 2.11865880E+03 1.60528220E-03
 2.11999160E+03 1.60402460E-03
 2.12132600E+03 1.60052930E-03
 2.12266220E+03 1.60168110E-03
 2.12400000E+03 1.58520840E-03
 2.12500000E+03 1.59939080E-03
 2.13923310E+03 1.58548800E-03
 2.17500000E+03 1.55132890E-03
 2.22500000E+03 1.50535750E-03
 2.23681870E+03 1.49478120E-03
 2.27500000E+03 1.46133780E-03
 2.32500000E+03 1.41914300E-03
 2.34373310E+03 1.40378050E-03
 2.37500000E+03 1.37865910E-03
 2.40111680E+03 1.35815840E-03
 2.42500000E+03 1.33978350E-03
 2.46138090E+03 1.31245490E-03
 2.46141120E+03 1.31243750E-03
 2.48000000E+03 1.29877370E-03
 2.49659840E+03 1.28673950E-03
 2.53283820E+03 1.26099770E-03
 2.57014570E+03 1.23523770E-03
 2.57500000E+03 1.23193960E-03
 2.58921460E+03 1.22235210E-03
 2.60856860E+03 1.20946340E-03
 2.60860260E+03 1.21336430E-03
 2.62500000E+03 1.20250960E-03
 2.67500000E+03 1.17022890E-03
 2.72258120E+03 1.14061490E-03
 2.77500000E+03 1.10918310E-03
 2.82500000E+03 1.08031820E-03
 2.84701560E+03 1.06794240E-03
 2.87500000E+03 1.05249770E-03
 2.95000000E+03 1.01263280E-03
 2.98336920E+03 9.95585090E-04
 3.05000000E+03 9.62755430E-04
 3.05656400E+03 9.59606060E-04
 3.13344070E+03 9.23807900E-04
 3.13348980E+03 9.24564860E-04
 3.15000000E+03 9.17119170E-04
 3.20394980E+03 8.93391840E-04
 3.25000000E+03 8.73845780E-04
 3.27770520E+03 8.62388980E-04
 3.35000000E+03 8.33521440E-04
 3.35493630E+03 8.31602970E-04
 3.39493300E+03 8.16298650E-04
 3.43589480E+03 8.01057230E-04
 3.43595380E+03 8.07733330E-04
 3.45000000E+03 8.02551770E-04
 3.48542270E+03 7.89702750E-04
 3.53639930E+03 7.71744900E-04
 3.55000000E+03 7.67057050E-04
 3.58888920E+03 7.53886200E-04
 3.61572280E+03 7.44995390E-04
 3.62000000E+03 7.43592800E-04
 3.64296070E+03 7.36130970E-04
 3.64302710E+03 7.37279630E-04
 3.64701290E+03 7.35990590E-04
 3.64707940E+03 8.67934270E-04
 3.67132800E+03 8.58718260E-04
 3.69596950E+03 8.49490330E-04
 3.69603780E+03 8.52636460E-04
 3.75000000E+03 8.32862510E-04
 3.85000000E+03 7.97842220E-04
 3.95000000E+03 7.64803080E-04
 4.05085030E+03 7.33351990E-04
 4.15000000E+03 7.04141200E-04
 4.25000000E+03 6.76288370E-04
 4.35000000E+03 6.49951200E-04
 4.48111990E+03 6.17560620E-04
 4.55000000E+03 6.01460100E-04
 4.65000000E+03 5.79138970E-04
 4.75000000E+03 5.57997600E-04
 4.85000000E+03 5.37964060E-04
 4.95000000E+03 5.18970390E-04
 5.01365590E+03 5.07391930E-04
 5.05000000E+03 5.00952440E-04
 5.15000000E+03 4.83849670E-04
 5.25000000E+03 4.67605050E-04
 5.33038740E+03 4.55132190E-04
 5.35000000E+03 4.52164980E-04
 5.45000000E+03 4.37479140E-04
 5.55000000E+03 4.23500440E-04
 5.65000000E+03 4.10184830E-04
 5.68983570E+03 4.05055910E-04
 5.68999760E+03 4.05479750E-04
 5.75000000E+03 3.97917140E-04
 5.85000000E+03 3.85777850E-04
 5.95000000E+03 3.74188570E-04
 6.05000000E+03 3.63116170E-04
 6.15000000E+03 3.52529910E-04
 6.16217930E+03 3.51272380E-04
 6.25000000E+03 3.42401230E-04
 6.35000000E+03 3.32703650E-04
 6.45000000E+03 3.23412600E-04
 6.55000000E+03 3.14505260E-04
 6.65000000E+03 3.05960490E-04
 6.72004620E+03 3.00180520E-04
 6.75000000E+03 2.97758610E-04
 6.85000000E+03 2.89881330E-04
 6.95000000E+03 2.82311680E-04
 7.05000000E+03 2.75033790E-04
 7.15000000E+03 2.68032900E-04
 7.25000000E+03 2.61295190E-04
 7.35000000E+03 2.54807780E-04
 7.38897600E+03 2.52344400E-04
 7.45000000E+03 2.48558560E-04
 7.55000000E+03 2.42536220E-04
 7.65000000E+03 2.36730090E-04
 7.75000000E+03 2.31130150E-04
 7.77599690E+03 2.29706940E-04
 7.85000000E+03 2.25726980E-04
 7.95000000E+03 2.20511670E-04
 8.05000000E+03 2.15475800E-04
 8.15000000E+03 2.10611440E-04
 8.20580150E+03 2.07968790E-04
 8.20613820E+03 2.15129250E-04
 8.25000000E+03 2.12997330E-04
 8.35000000E+03 2.08253120E-04
 8.45000000E+03 2.03664970E-04
 8.55000000E+03 1.99226200E-04
 8.65000000E+03 1.94930550E-04
 8.75000000E+03 1.90772080E-04
 8.85000000E+03 1.86745160E-04
 8.95000000E+03 1.82844440E-04
 9.05000000E+03 1.79064890E-04
 9.15000000E+03 1.75401670E-04
 9.21353280E+03 1.73132680E-04
 9.25000000E+03 1.71850240E-04
 9.35000000E+03 1.68406220E-04
 9.45000000E+03 1.65065470E-04
 9.55000000E+03 1.61824030E-04
 9.65000000E+03 1.58678110E-04
 9.75000000E+03 1.55624110E-04
 9.85000000E+03 1.52658580E-04
 9.95000000E+03 1.49778220E-04
 1.01250000E+04 1.44933070E-04
 1.03750000E+04 1.38415800E-04
 1.05034290E+04 1.35240470E-04
 1.06250000E+04 1.32336270E-04
 1.08750000E+04 1.26656180E-04
 1.11250000E+04 1.21340980E-04
 1.13750000E+04 1.16359580E-04
 1.16250000E+04 1.11683870E-04
 1.18750000E+04 1.07288520E-04
 1.21250000E+04 1.03150680E-04
 1.22132930E+04 1.01746920E-04
 1.23750000E+04 9.92497270E-05
 1.26250000E+04 9.55670520E-05
 1.28750000E+04 9.20858720E-05
 1.31250000E+04 8.87910270E-05
 1.32954860E+04 8.66439210E-05
 1.33750000E+04 8.56688260E-05
 1.36250000E+04 8.27068860E-05
 1.38750000E+04 7.98939990E-05
 1.41250000E+04 7.72200030E-05
 1.44200000E+04 7.42308010E-05
 1.45881050E+04 7.26028800E-05
 1.45882110E+04 7.33028690E-05
 1.46700000E+04 7.25246580E-05
 1.48750000E+04 7.06269970E-05
 1.51250000E+04 6.84104300E-05
 1.53750000E+04 6.62948680E-05
 1.56250000E+04 6.42741500E-05
 1.58750000E+04 6.23426280E-05
 1.60308430E+04 6.11813870E-05
 1.62000000E+04 5.99565160E-05
 1.66000000E+04 5.71994720E-05
 1.70000000E+04 5.46246600E-05
 1.74000000E+04 5.22168230E-05
 1.77902710E+04 5.00154840E-05
 1.78000000E+04 4.99623690E-05
 1.82000000E+04 4.78491290E-05
 1.86000000E+04 4.58661400E-05
 1.90000000E+04 4.40034860E-05
 1.94000000E+04 4.22521500E-05
 1.98000000E+04 4.06039050E-05
 1.99835140E+04 3.98801270E-05
 2.02500000E+04 3.88635100E-05
 2.07500000E+04 3.70597360E-05
 2.12500000E+04 3.53810850E-05
 2.12962490E+04 3.52317380E-05
 2.17500000E+04 3.38165820E-05
 2.22500000E+04 3.23563080E-05
 2.26500000E+04 3.12570760E-05
 2.27935810E+04 3.08765540E-05
 2.27938410E+04 3.09927930E-05
 2.29000000E+04 3.07142020E-05
 2.32500000E+04 2.98226620E-05
 2.37500000E+04 2.86169820E-05
 2.42500000E+04 2.74853120E-05
 2.47500000E+04 2.64216230E-05
 2.52500000E+04 2.54204400E-05
 2.57500000E+04 2.44767930E-05
 2.62500000E+04 2.35861700E-05
 2.67500000E+04 2.27444760E-05
 2.72500000E+04 2.19479960E-05
 2.77500000E+04 2.11933570E-05
 2.82500000E+04 2.04774990E-05
 2.87500000E+04 1.97976440E-05
 2.92500000E+04 1.91512690E-05
 2.97500000E+04 1.85360790E-05
 3.02500000E+04 1.79499870E-05
 3.07500000E+04 1.73910930E-05
 3.12500000E+04 1.68576640E-05
 3.17500000E+04 1.63481160E-05
 3.24000000E+04 1.57190410E-05
 3.34000000E+04 1.48187450E-05
 3.45000000E+04 1.39134330E-05
 3.50017500E+04 1.35273180E-05
 3.55000000E+04 1.31593130E-05
 3.65000000E+04 1.24639630E-05
 3.75000000E+04 1.18216570E-05
 3.85000000E+04 1.12273860E-05
 3.95000000E+04 1.06767290E-05
 4.05000000E+04 1.01657590E-05
 4.15000000E+04 9.69096330E-06
 4.25000000E+04 9.24919030E-06
 4.35000000E+04 8.83759620E-06
 4.45000000E+04 8.45360980E-06
 4.55000000E+04 8.09490150E-06
 4.65000000E+04 7.75935640E-06
 4.75000000E+04 7.44505410E-06
 4.85000000E+04 7.15024910E-06
 5.00000000E+04 6.74116760E-06
 1.20000000E+05 1.26852100E-06
 2.50000000E+05 3.21778920E-07
 5.99999990E+05 7.07288640E-08
 1.00000000E+06 3.06997210E-08
 1.20000000E+07 2.50932460E-09
 2.00000000E+08 3.32654490E-10
 6.00000000E+08 1.02367040E-10
