 WMBASIC, Moont, Westmoquette 2004 (Pauldrach 2003) after SNC 2002
 Z/Z0 2.00 Teff 50.00 logg 4.00 R/R0 9.80 R 6.8160E+11
   Wavelength   Eddington Hnu
 (Angstroms) (erg/s/cm2/Hz/sr)
 5.00000000E+01 1.06078580E-33
 5.53001880E+01 1.13732170E-31
 6.18572940E+01 1.15179670E-29
 7.01785730E+01 3.34680660E-27
 7.14852590E+01 9.10983820E-27
 7.28415280E+01 2.71860600E-26
 7.35391460E+01 4.88948310E-26
 7.42502560E+01 9.05999610E-26
 7.42530130E+01 7.82199560E-26
 7.72377550E+01 3.07955960E-25
 8.04757400E+01 1.39522620E-24
 8.39970920E+01 7.46058400E-24
 8.58759150E+01 1.86704630E-23
 8.78407110E+01 5.03278830E-23
 8.78445690E+01 4.69383660E-23
 8.87928230E+01 7.69867640E-23
 8.97658010E+01 1.30050540E-22
 8.97698300E+01 1.30254190E-22
 9.03282960E+01 1.77517810E-22
 9.08978860E+01 2.45118860E-22
 9.09020170E+01 2.44802290E-22
 9.25243130E+01 6.38807010E-22
 9.42100040E+01 1.83407990E-21
 9.42144420E+01 1.83922090E-21
 9.60831740E+01 6.23205140E-21
 9.80323440E+01 2.28914880E-20
 9.80371490E+01 2.22999020E-20
 9.83013530E+01 2.66445320E-20
 9.83061840E+01 2.67313260E-20
 9.92180430E+01 4.93650670E-20
 9.92229650E+01 3.70171920E-20
 1.00018170E+02 6.42041410E-20
 1.00831310E+02 1.12121010E-19
 1.00831820E+02 1.09766820E-19
 1.00955720E+02 1.19464220E-19
 1.00956230E+02 1.19215530E-19
 1.01176410E+02 1.38533010E-19
 1.01176920E+02 1.33951490E-19
 1.02009210E+02 2.35804050E-19
 1.02009730E+02 2.31708900E-19
 1.03240150E+02 5.27929570E-19
 1.04501150E+02 1.20515870E-18
 1.04501690E+02 1.20554440E-18
 1.05314160E+02 2.03156230E-18
 1.06139920E+02 3.42570750E-18
 1.06140480E+02 3.42664230E-18
 1.06715730E+02 4.90819610E-18
 1.07297830E+02 7.03323870E-18
 1.07298410E+02 7.03562290E-18
 1.08067960E+02 1.12535340E-17
 1.08849220E+02 1.80069300E-17
 1.08849820E+02 1.83615120E-17
 1.11066990E+02 6.69599610E-17
 1.13377010E+02 2.44520910E-16
 1.13377660E+02 2.51383690E-16
 1.14496000E+02 4.59854580E-16
 1.15637300E+02 8.42019520E-16
 1.15637960E+02 8.42315110E-16
 1.16979650E+02 1.69008320E-15
 1.18353530E+02 3.39265730E-15
 1.18354230E+02 3.39384810E-15
 1.18360690E+02 3.40485220E-15
 1.18361390E+02 3.40604780E-15
 1.18952510E+02 4.57383890E-15
 1.19550290E+02 6.14395110E-15
 1.19551000E+02 6.14615130E-15
 1.21713390E+02 1.74381310E-14
 1.23956210E+02 4.94452890E-14
 1.23956980E+02 1.50491770E-14
 1.24737770E+02 2.13750540E-14
 1.24738550E+02 2.13824580E-14
 1.25689800E+02 3.25946200E-14
 1.26656480E+02 4.96987900E-14
 1.26657280E+02 4.97533450E-14
 1.26797720E+02 5.28681030E-14
 1.26798530E+02 3.49241990E-14
 1.27081660E+02 3.94364100E-14
 1.27082470E+02 2.24222270E-14
 1.27447660E+02 2.61963920E-14
 1.27448480E+02 1.28624310E-13
 1.27598120E+02 1.32140690E-13
 1.27598940E+02 1.33546660E-13
 1.27944040E+02 1.42288000E-13
 1.27944860E+02 1.25397610E-13
 1.28310670E+02 1.32465220E-13
 1.28311500E+02 9.85744310E-14
 1.29932340E+02 1.08749310E-13
 1.31595520E+02 1.21871580E-13
 1.31596380E+02 1.60875220E-13
 1.32580630E+02 1.70676080E-13
 1.33580600E+02 1.82730350E-13
 1.33581490E+02 2.27331950E-13
 1.34475920E+02 2.39691630E-13
 1.35383330E+02 2.55110140E-13
 1.35384240E+02 1.34432720E-12
 1.37035540E+02 1.33356290E-12
 1.38728580E+02 1.31609830E-12
 1.38729540E+02 1.31612770E-12
 1.39886210E+02 1.30344340E-12
 1.41063320E+02 1.29313000E-12
 1.41064320E+02 1.14185400E-12
 1.43355700E+02 1.15670250E-12
 1.45723810E+02 1.25083520E-12
 1.48171480E+02 1.53468230E-12
 1.49426410E+02 1.81296230E-12
 1.50702770E+02 2.24223950E-12
 1.50703910E+02 2.24378030E-12
 1.52594350E+02 3.28856390E-12
 1.54534020E+02 5.16545230E-12
 1.54535210E+02 6.65346920E-12
 1.55996320E+02 9.09137600E-12
 1.57486560E+02 1.28324140E-11
 1.57487800E+02 1.29429550E-11
 1.58750220E+02 1.74468880E-11
 1.60034310E+02 2.38365830E-11
 1.60035590E+02 2.93544300E-11
 1.60176710E+02 2.85774320E-11
 1.60224390E+02 3.06279950E-11
 1.60225670E+02 1.06390720E-07
 1.60470520E+02 1.63609790E-10
 1.60764870E+02 3.24577450E-10
 1.61059770E+02 3.12556950E-10
 1.61355200E+02 3.72092010E-11
 1.61651180E+02 2.07768070E-10
 1.61947700E+02 1.02225420E-09
 1.62147230E+02 5.94154170E-09
 1.62244760E+02 8.41663010E-09
 1.62542370E+02 2.05096960E-08
 1.62840520E+02 3.12284590E-08
 1.63139220E+02 3.55532410E-10
 1.63438470E+02 5.78125830E-09
 1.63738270E+02 1.31281130E-08
 1.64038610E+02 1.83050980E-08
 1.64116780E+02 1.86194790E-08
 1.64118130E+02 1.84636290E-08
 1.64339510E+02 1.93654370E-08
 1.64640960E+02 2.26611220E-08
 1.64942970E+02 5.42717630E-09
 1.65245520E+02 5.31018150E-09
 1.65548640E+02 5.99153280E-09
 1.65852300E+02 6.64873750E-09
 1.66156530E+02 1.08248130E-08
 1.66461310E+02 8.97240350E-10
 1.66766660E+02 1.97695530E-09
 1.67072560E+02 5.45440530E-09
 1.67379020E+02 4.04574410E-09
 1.67480830E+02 3.20559020E-09
 1.67686050E+02 1.46283790E-09
 1.67993640E+02 2.94663520E-09
 1.68301790E+02 1.22978950E-08
 1.68610510E+02 3.14116970E-08
 1.68919790E+02 6.35262320E-08
 1.69229640E+02 1.79967520E-09
 1.69540060E+02 7.44601410E-09
 1.69851050E+02 3.03900460E-09
 1.70162610E+02 1.25700050E-08
 1.70474750E+02 8.09530940E-09
 1.70787450E+02 3.95126080E-09
 1.70985680E+02 3.10000010E-09
 1.70987140E+02 3.09148730E-09
 1.71100730E+02 2.58994110E-09
 1.71113420E+02 2.63533890E-09
 1.71114880E+02 2.63794570E-09
 1.71414580E+02 3.73760460E-09
 1.71458910E+02 5.05281650E-09
 1.71460380E+02 5.08116690E-09
 1.71729010E+02 1.32447250E-08
 1.72044010E+02 2.79299260E-10
 1.72359600E+02 2.96857570E-10
 1.72433830E+02 3.06845690E-10
 1.72435320E+02 3.06177830E-10
 1.72510760E+02 3.16416980E-10
 1.72512240E+02 2.61555980E-10
 1.72675760E+02 2.80311230E-10
 1.72992500E+02 8.36949260E-10
 1.73309820E+02 5.43056050E-10
 1.73627730E+02 4.35514100E-09
 1.73946220E+02 1.45440490E-08
 1.74265290E+02 3.16519960E-08
 1.74584940E+02 6.13439630E-09
 1.74905190E+02 1.11125300E-09
 1.75226020E+02 5.30215290E-10
 1.75547440E+02 1.02714220E-09
 1.75869450E+02 1.06199560E-09
 1.75871380E+02 1.06744040E-09
 1.76192050E+02 1.99576760E-09
 1.76515240E+02 1.79481820E-09
 1.76839020E+02 5.67893330E-10
 1.77163400E+02 3.67789760E-09
 1.77488380E+02 1.31299420E-08
 1.77813940E+02 2.63768800E-08
 1.78140110E+02 3.83266350E-08
 1.78466880E+02 2.85477110E-10
 1.78794240E+02 3.83755320E-10
 1.79122210E+02 1.55501350E-10
 1.79365540E+02 6.48837670E-11
 1.79367150E+02 6.47722310E-11
 1.79450770E+02 3.25452460E-11
 1.79779940E+02 1.92795670E-11
 1.80109710E+02 1.29783760E-11
 1.80440090E+02 1.35047780E-10
 1.80771080E+02 2.16213910E-11
 1.81102670E+02 8.75988760E-11
 1.81434870E+02 3.02640630E-10
 1.81767670E+02 2.18074460E-09
 1.81856170E+02 2.18773920E-09
 1.82101090E+02 2.20696540E-09
 1.82435120E+02 1.75736610E-09
 1.82769770E+02 2.46273980E-09
 1.83105020E+02 1.65597510E-09
 1.83440900E+02 4.01033660E-10
 1.83777390E+02 6.65537990E-10
 1.84114490E+02 2.44607590E-09
 1.84416950E+02 7.32730880E-10
 1.84418650E+02 7.15832330E-10
 1.84452210E+02 5.22673800E-10
 1.84790560E+02 9.91063430E-09
 1.85129520E+02 6.31329000E-10
 1.85469110E+02 9.98752200E-10
 1.85778830E+02 1.60415110E-09
 1.85809320E+02 1.66519700E-09
 1.86150150E+02 3.72477440E-09
 1.86491610E+02 2.83377140E-09
 1.86833690E+02 8.54493510E-09
 1.87160980E+02 3.13655500E-08
 1.87162730E+02 3.14575470E-08
 1.87176400E+02 3.24334210E-08
 1.87519740E+02 2.74905470E-08
 1.87863710E+02 2.48798490E-08
 1.88208310E+02 3.41451920E-08
 1.88553550E+02 1.36896220E-08
 1.88738970E+02 1.68761970E-08
 1.88740750E+02 1.68607290E-08
 1.88899410E+02 1.96456630E-08
 1.89245910E+02 6.90910590E-08
 1.89593050E+02 6.00865870E-09
 1.89940820E+02 3.53526040E-09
 1.90123900E+02 4.62234540E-09
 1.90125710E+02 4.56612420E-09
 1.90289240E+02 5.54635860E-09
 1.90638290E+02 4.67057840E-09
 1.90853060E+02 5.05467340E-09
 1.90854880E+02 5.05802590E-09
 1.90987980E+02 5.30127770E-09
 1.91338310E+02 7.86097350E-09
 1.91689280E+02 2.05697930E-08
 1.92040900E+02 4.90800340E-08
 1.92241740E+02 5.32316440E-08
 1.92243590E+02 5.86746770E-08
 1.92393160E+02 6.21653720E-08
 1.92746070E+02 9.61374560E-08
 1.93099630E+02 1.93848910E-07
 1.93453840E+02 3.06379660E-07
 1.93566170E+02 2.11240470E-07
 1.93568040E+02 2.09392880E-07
 1.93808690E+02 7.36547090E-10
 1.94164200E+02 1.89585760E-09
 1.94520360E+02 3.43604950E-09
 1.94617540E+02 4.93585220E-09
 1.94619430E+02 4.95807570E-09
 1.94836520E+02 8.37534710E-09
 1.94838420E+02 8.38597720E-09
 1.94877170E+02 9.00507130E-09
 1.95234630E+02 5.57018410E-10
 1.95592750E+02 1.37472950E-09
 1.95951530E+02 1.24190340E-08
 1.95961030E+02 1.23905940E-08
 1.96310970E+02 1.13128320E-08
 1.96671070E+02 2.36681460E-08
 1.97031820E+02 6.11870880E-08
 1.97098590E+02 8.69589990E-08
 1.97100530E+02 8.77121230E-08
 1.97393240E+02 2.03399700E-07
 1.97755320E+02 5.17983830E-07
 1.98118070E+02 7.52248140E-07
 1.98481480E+02 9.36397910E-07
 1.98845560E+02 2.10722010E-07
 1.98877180E+02 2.06982860E-07
 1.99210300E+02 1.66598080E-07
 1.99575720E+02 9.99648230E-08
 1.99941800E+02 2.27251780E-07
 2.00308560E+02 2.14375180E-07
 2.00675980E+02 7.67738480E-09
 2.00688160E+02 7.61331310E-09
 2.00690170E+02 7.60270530E-09
 2.01044090E+02 5.69397270E-09
 2.01412870E+02 1.44593050E-08
 2.01590960E+02 1.85812930E-08
 2.01592990E+02 1.86288550E-08
 2.01782320E+02 2.31106950E-08
 2.02152450E+02 8.76586980E-08
 2.02358650E+02 1.83853730E-07
 2.02360700E+02 1.84702040E-07
 2.02518850E+02 2.60107880E-07
 2.02520900E+02 2.61098530E-07
 2.02523260E+02 2.62237070E-07
 2.02894750E+02 3.67863240E-07
 2.03266930E+02 5.26822790E-07
 2.03639780E+02 2.44766490E-08
 2.04013320E+02 2.67534080E-08
 2.04387550E+02 4.03570860E-08
 2.04762460E+02 2.16472900E-07
 2.05138060E+02 7.90236540E-09
 2.05514340E+02 4.69061130E-09
 2.05891320E+02 2.13811010E-08
 2.06268990E+02 3.42931300E-09
 2.06647350E+02 1.33994500E-09
 2.06664650E+02 3.46346980E-09
 2.07026410E+02 4.88895140E-08
 2.07406160E+02 3.17259210E-07
 2.07786610E+02 7.59959560E-07
 2.08167760E+02 1.70354980E-06
 2.08549600E+02 2.67923380E-06
 2.08932150E+02 3.94669200E-06
 2.09315390E+02 4.27500360E-06
 2.09699340E+02 3.73877740E-06
 2.10084000E+02 2.36662260E-07
 2.10469360E+02 4.99578010E-06
 2.10855420E+02 1.07574350E-05
 2.10983730E+02 7.24679170E-06
 2.10985950E+02 7.18543830E-06
 2.11242200E+02 1.77149560E-08
 2.11629680E+02 6.99412940E-09
 2.12017880E+02 4.51854170E-09
 2.12406790E+02 9.26069130E-09
 2.12796410E+02 3.74193120E-08
 2.13186740E+02 2.01680870E-07
 2.13577790E+02 2.77166750E-07
 2.13969560E+02 6.19267280E-07
 2.14362050E+02 1.10190800E-07
 2.14755260E+02 4.30065050E-07
 2.15147970E+02 2.12314940E-06
 2.15149190E+02 2.12852610E-06
 2.15543840E+02 4.27889570E-06
 2.15939210E+02 7.80183110E-06
 2.16335310E+02 9.42598720E-06
 2.16732140E+02 1.55651940E-05
 2.17129700E+02 1.06872180E-05
 2.17527980E+02 8.67816540E-06
 2.17926990E+02 9.32104620E-06
 2.18326740E+02 9.73010230E-06
 2.18727220E+02 2.76279710E-06
 2.19128440E+02 2.65305190E-06
 2.19479890E+02 4.57480980E-06
 2.19482300E+02 4.54876530E-06
 2.19530390E+02 4.81481100E-06
 2.19933070E+02 6.84490630E-06
 2.20336500E+02 1.42019640E-07
 2.20740670E+02 2.01709390E-06
 2.21145570E+02 6.12627140E-06
 2.21382200E+02 7.62545830E-06
 2.21551220E+02 8.71796010E-06
 2.21957620E+02 1.25581900E-05
 2.22364760E+02 1.20553070E-05
 2.22772650E+02 1.05870880E-05
 2.23181280E+02 3.12805910E-06
 2.23317770E+02 3.46096620E-06
 2.23320260E+02 3.46708910E-06
 2.23590670E+02 4.13984760E-06
 2.24000800E+02 3.53196160E-06
 2.24411690E+02 2.24685410E-06
 2.24823330E+02 2.93959480E-06
 2.25139830E+02 4.26789760E-06
 2.25235730E+02 4.67842540E-06
 2.25648880E+02 2.58199230E-06
 2.26062790E+02 1.37993180E-06
 2.26477460E+02 1.80008810E-06
 2.26892890E+02 3.73928700E-06
 2.26991880E+02 4.43844410E-06
 2.26994450E+02 4.45673040E-06
 2.27309090E+02 6.72431070E-06
 2.27607100E+02 8.40028810E-06
 2.27609690E+02 8.41506180E-06
 2.27726040E+02 9.08236330E-06
 2.27837820E+02 6.72607410E-06
 2.27840410E+02 1.08802350E-05
 2.28143760E+02 1.09242780E-05
 2.28562250E+02 8.82177680E-06
 2.28981500E+02 5.23628050E-06
 2.29401530E+02 3.01053990E-06
 2.29822320E+02 1.54959340E-05
 2.30243890E+02 2.00593560E-05
 2.30666230E+02 3.57851560E-05
 2.30721440E+02 3.38574130E-05
 2.31089340E+02 2.09630090E-05
 2.31513230E+02 1.76995590E-05
 2.31937900E+02 6.89388720E-06
 2.32363350E+02 9.73498100E-06
 2.32789580E+02 1.36284430E-05
 2.33216590E+02 1.69931210E-05
 2.33644380E+02 1.32057000E-05
 2.33678980E+02 1.33196520E-05
 2.33681710E+02 1.33339220E-05
 2.34072960E+02 1.46271860E-05
 2.34502320E+02 1.90563260E-05
 2.34932470E+02 1.92361650E-05
 2.35363410E+02 3.44890210E-05
 2.35795140E+02 1.28542370E-07
 2.36227660E+02 6.83954530E-08
 2.36660980E+02 3.05126950E-07
 2.37095090E+02 1.12699150E-06
 2.37530000E+02 1.47215310E-06
 2.37965700E+02 4.34969240E-06
 2.38402200E+02 1.08986390E-05
 2.38580320E+02 1.27696950E-05
 2.38839510E+02 1.55016580E-05
 2.39277620E+02 2.32607300E-05
 2.39716530E+02 2.56228080E-05
 2.40156240E+02 2.72531030E-05
 2.40596760E+02 6.13005080E-05
 2.41038090E+02 2.53654150E-05
 2.41480230E+02 1.00604140E-04
 2.41923180E+02 1.35269530E-05
 2.42366950E+02 3.69878030E-07
 2.42811520E+02 6.17567810E-06
 2.43256920E+02 2.27360260E-05
 2.43691680E+02 2.46217800E-05
 2.43703130E+02 2.46716060E-05
 2.44150150E+02 2.42983070E-05
 2.44598000E+02 2.30818580E-07
 2.45046670E+02 1.17811470E-06
 2.45496160E+02 2.17856480E-06
 2.45946480E+02 2.89344710E-06
 2.46397630E+02 4.71104620E-07
 2.46849600E+02 3.93267580E-07
 2.47302400E+02 1.05163050E-06
 2.47756030E+02 3.37766120E-06
 2.48210490E+02 5.27781770E-06
 2.48665780E+02 4.89697080E-06
 2.49026830E+02 1.47980590E-05
 2.49121920E+02 1.74138430E-05
 2.49578880E+02 7.65955300E-05
 2.50036690E+02 1.19870990E-04
 2.50495340E+02 2.57085570E-05
 2.50954820E+02 4.81208100E-05
 2.51415150E+02 2.64511830E-04
 2.51782990E+02 1.07236020E-04
 2.51876330E+02 6.71991150E-05
 2.52338350E+02 1.20176040E-04
 2.52801220E+02 4.44910160E-05
 2.53264930E+02 3.64421760E-04
 2.53729500E+02 2.11559310E-05
 2.54194920E+02 1.74574070E-04
 2.54600830E+02 5.60231560E-05
 2.54604070E+02 5.59407800E-05
 2.54661190E+02 3.89415370E-05
 2.55128320E+02 1.24857850E-04
 2.55596310E+02 1.43508730E-04
 2.56065150E+02 8.39952570E-05
 2.56534850E+02 7.96979220E-05
 2.56735220E+02 4.50639470E-04
 2.57005420E+02 9.52370530E-04
 2.57476850E+02 1.48035740E-04
 2.57949140E+02 5.69391660E-05
 2.58422300E+02 3.72566640E-04
 2.58896330E+02 6.39615050E-05
 2.58905710E+02 6.41833720E-05
 2.58909060E+02 6.44236850E-05
 2.59371230E+02 7.54158630E-05
 2.59847000E+02 1.02728640E-04
 2.60323640E+02 1.53643740E-04
 2.60801150E+02 1.89597390E-04
 2.61279540E+02 3.56651880E-04
 2.61378120E+02 3.15537260E-04
 2.61381530E+02 3.20799200E-04
 2.61758810E+02 1.59610810E-04
 2.62238960E+02 1.08391780E-04
 2.62719990E+02 8.58835870E-05
 2.63201900E+02 1.70784890E-04
 2.63684690E+02 2.97538110E-04
 2.64168370E+02 2.46107350E-04
 2.64575530E+02 1.66976060E-04
 2.64652940E+02 1.51887130E-04
 2.65138400E+02 9.51009040E-05
 2.65624750E+02 1.09290820E-04
 2.66111990E+02 1.44658160E-04
 2.66600120E+02 2.55664900E-04
 2.67089150E+02 1.74503740E-04
 2.67579070E+02 1.22956040E-04
 2.67852140E+02 1.11829400E-04
 2.68069900E+02 1.02931040E-04
 2.68561620E+02 1.15360190E-04
 2.69054250E+02 1.10613460E-04
 2.69547780E+02 4.88138980E-05
 2.70042210E+02 4.52790720E-05
 2.70537560E+02 6.96109710E-05
 2.71033810E+02 1.02284060E-04
 2.71210930E+02 1.12747120E-04
 2.71530970E+02 1.31703380E-04
 2.72029040E+02 1.65445900E-04
 2.72528030E+02 2.60152050E-04
 2.72922110E+02 1.61929120E-04
 2.73027930E+02 1.35483160E-04
 2.73528750E+02 9.39710780E-05
 2.74030490E+02 5.02727470E-04
 2.74533140E+02 1.13740400E-04
 2.74655030E+02 9.34916560E-05
 2.74658800E+02 9.37769010E-05
 2.75036720E+02 3.02008060E-05
 2.75541230E+02 3.68594670E-05
 2.76046660E+02 1.08319860E-04
 2.76553010E+02 2.48239480E-06
 2.77060300E+02 1.57029710E-06
 2.77568510E+02 9.96434640E-06
 2.78077660E+02 3.04228860E-05
 2.78587740E+02 9.50225240E-05
 2.79098760E+02 1.67538680E-04
 2.79610720E+02 2.72866340E-04
 2.80123610E+02 3.17725290E-04
 2.80459440E+02 1.31222560E-04
 2.80637440E+02 3.21125800E-05
 2.81152220E+02 4.28807380E-05
 2.81667940E+02 7.90400910E-05
 2.82184610E+02 1.38274360E-04
 2.82702230E+02 2.36703130E-04
 2.83220790E+02 2.94569450E-04
 2.83740310E+02 3.23084000E-04
 2.84260780E+02 2.76450500E-04
 2.84782200E+02 2.45717480E-04
 2.85304580E+02 2.38385910E-04
 2.85827920E+02 1.95981840E-04
 2.86352220E+02 1.16785790E-04
 2.86514480E+02 1.02956980E-04
 2.86518580E+02 1.02920600E-04
 2.86877480E+02 7.21648410E-05
 2.87403700E+02 3.01161870E-05
 2.87930890E+02 8.52155950E-06
 2.88459040E+02 2.01491680E-05
 2.88988170E+02 3.30512510E-05
 2.89518260E+02 2.99755180E-05
 2.90049330E+02 3.92422060E-05
 2.90581370E+02 1.31830270E-05
 2.90909890E+02 1.26789620E-05
 2.91114390E+02 1.23644110E-05
 2.91648390E+02 1.89882580E-05
 2.92183360E+02 3.96895820E-05
 2.92719320E+02 5.92777550E-05
 2.93256260E+02 9.23295780E-05
 2.93794180E+02 1.14675230E-04
 2.94333090E+02 2.01292930E-05
 2.94872990E+02 5.99077910E-05
 2.95413880E+02 1.65438830E-04
 2.95442270E+02 1.69982010E-04
 2.95446640E+02 1.70713500E-04
 2.95691420E+02 2.09936960E-04
 2.95695790E+02 2.10721970E-04
 2.95955760E+02 2.52482570E-04
 2.96498640E+02 3.02873630E-04
 2.97042510E+02 3.12517520E-04
 2.97587380E+02 3.16105240E-04
 2.97613730E+02 3.13088320E-04
 2.98133250E+02 2.53483620E-04
 2.98680120E+02 1.98979410E-04
 2.99227990E+02 2.24833750E-04
 2.99561200E+02 2.55454650E-04
 2.99565690E+02 2.57507990E-04
 2.99776870E+02 2.77080200E-04
 2.99930480E+02 2.03496190E-04
 2.99934970E+02 2.02236070E-04
 3.00326750E+02 1.33105430E-05
 3.00877650E+02 4.47732500E-05
 3.01429550E+02 1.05344580E-04
 3.01982470E+02 1.95018510E-04
 3.02141460E+02 2.38724140E-04
 3.02536400E+02 3.47518240E-04
 3.03091350E+02 5.66135670E-04
 3.03647310E+02 5.89777540E-04
 3.04204290E+02 4.85620970E-04
 3.04385280E+02 4.44429180E-04
 3.04389910E+02 4.43449860E-04
 3.04762300E+02 3.58500630E-04
 3.05321330E+02 1.40581610E-04
 3.05881390E+02 1.45042110E-04
 3.06442470E+02 2.26960910E-04
 3.07004580E+02 2.91618340E-04
 3.07567720E+02 2.90412040E-04
 3.08131900E+02 2.76170100E-04
 3.08697110E+02 6.62578390E-05
 3.08844150E+02 5.41076680E-05
 3.09263360E+02 1.94001140E-05
 3.09830640E+02 1.06289340E-04
 3.10398970E+02 2.51573690E-04
 3.10968340E+02 3.46354220E-04
 3.11538750E+02 4.19865710E-04
 3.12110210E+02 4.02894870E-04
 3.12682720E+02 4.15132730E-04
 3.13256280E+02 4.40711050E-04
 3.13435610E+02 4.57153960E-04
 3.13440520E+02 4.57707090E-04
 3.13830890E+02 4.93575460E-04
 3.14406550E+02 5.83813730E-04
 3.14983280E+02 6.61267300E-04
 3.15561050E+02 6.48609380E-04
 3.16139890E+02 5.11772410E-04
 3.16273590E+02 5.29960790E-04
 3.16719790E+02 5.90771990E-04
 3.17300760E+02 5.59219300E-04
 3.17882780E+02 4.59694270E-05
 3.18465880E+02 1.28480810E-04
 3.19050050E+02 6.85330860E-05
 3.19163430E+02 7.69428740E-05
 3.19168530E+02 7.74015440E-05
 3.19635290E+02 1.12119170E-04
 3.20221600E+02 8.66850590E-05
 3.20800100E+02 1.75080930E-05
 3.20805250E+02 1.70401680E-05
 3.20808980E+02 1.65884580E-05
 3.21397450E+02 1.94863020E-05
 3.21986990E+02 2.15408890E-05
 3.22577620E+02 3.20291220E-04
 3.23169330E+02 5.28235140E-04
 3.23762120E+02 4.57994640E-04
 3.24233030E+02 4.58202010E-04
 3.24356000E+02 4.58255510E-04
 3.24950970E+02 5.08704290E-04
 3.25547040E+02 6.99933430E-04
 3.26144190E+02 1.15311190E-03
 3.26742440E+02 1.19403840E-03
 3.27341790E+02 4.53498440E-04
 3.27740230E+02 9.62553140E-04
 3.27745600E+02 9.77207970E-04
 3.27942240E+02 1.23086290E-03
 3.27954120E+02 1.21368880E-03
 3.27959500E+02 1.20633380E-03
 3.28543790E+02 3.60164180E-04
 3.28839200E+02 3.81432660E-04
 3.28844600E+02 3.81960130E-04
 3.29146440E+02 4.03732200E-04
 3.29750200E+02 1.16909670E-05
 3.30355060E+02 2.32129530E-04
 3.30961040E+02 4.75271300E-04
 3.31568120E+02 7.04362230E-06
 3.32176330E+02 2.41771690E-04
 3.32785640E+02 1.69838880E-05
 3.33396070E+02 3.04656860E-05
 3.34007630E+02 1.63703850E-05
 3.34620300E+02 3.27645210E-05
 3.35234000E+02 8.42665550E-05
 3.35234100E+02 8.42666020E-05
 3.35849030E+02 1.56049060E-04
 3.36465080E+02 2.91337360E-04
 3.37082260E+02 3.26748320E-04
 3.37700580E+02 6.67886580E-04
 3.38320030E+02 7.91518280E-04
 3.38940610E+02 5.18303480E-04
 3.39562330E+02 4.59076360E-04
 3.40185200E+02 6.81079280E-04
 3.40809200E+02 1.00635490E-03
 3.41434360E+02 6.86245020E-04
 3.41882450E+02 6.54609150E-04
 3.41888290E+02 6.57410530E-04
 3.42060650E+02 6.45159350E-04
 3.42688100E+02 7.93799420E-04
 3.43316700E+02 1.84317230E-03
 3.43946450E+02 6.90563600E-04
 3.44577350E+02 6.11686080E-04
 3.45209420E+02 3.66987780E-04
 3.45842640E+02 2.73673530E-04
 3.46477020E+02 1.99330040E-03
 3.46988970E+02 1.29501200E-03
 3.47112570E+02 1.12619870E-03
 3.47749290E+02 1.79448190E-03
 3.48387170E+02 2.70190910E-04
 3.49026220E+02 4.46175800E-06
 3.49666440E+02 1.80027030E-04
 3.50307840E+02 8.29674110E-05
 3.50950420E+02 4.41241170E-04
 3.51594170E+02 3.49165050E-04
 3.52239100E+02 1.29606230E-04
 3.52250350E+02 1.32869330E-04
 3.52256560E+02 1.34722760E-04
 3.52885220E+02 3.17385530E-04
 3.53532520E+02 2.00182290E-03
 3.54181010E+02 2.15297080E-03
 3.54830690E+02 5.60560670E-04
 3.55481560E+02 2.74286340E-05
 3.56133630E+02 2.99775320E-05
 3.56567800E+02 2.12297960E-05
 3.56786890E+02 1.68103500E-05
 3.57441350E+02 7.88228630E-06
 3.58097010E+02 2.62071070E-05
 3.58753870E+02 5.23769940E-05
 3.59411940E+02 1.47929870E-04
 3.60071210E+02 3.70564090E-04
 3.60731700E+02 4.47489330E-04
 3.60992390E+02 1.33020500E-03
 3.61393390E+02 2.68947140E-03
 3.62056300E+02 4.80481930E-04
 3.62720420E+02 1.21048030E-04
 3.63385770E+02 1.47087590E-04
 3.64052330E+02 2.14429520E-04
 3.64720120E+02 3.61392930E-04
 3.65389130E+02 7.84279740E-04
 3.65528170E+02 7.18238190E-04
 3.66059370E+02 4.65671170E-04
 3.66730840E+02 1.95849920E-03
 3.67403540E+02 7.59856440E-04
 3.67839080E+02 2.04124880E-03
 3.68077470E+02 2.74331480E-03
 3.68752640E+02 1.98731810E-03
 3.69429050E+02 1.06337770E-03
 3.70106700E+02 3.88409110E-04
 3.70179390E+02 5.99378380E-04
 3.70186240E+02 6.19266800E-04
 3.70785590E+02 2.36047040E-03
 3.71465730E+02 3.12804260E-04
 3.72147110E+02 5.96837960E-04
 3.72829740E+02 2.23042150E-03
 3.73513630E+02 1.01336380E-04
 3.74198770E+02 4.81925720E-04
 3.74885170E+02 7.19600920E-04
 3.75000000E+02 9.67592120E-04
 3.75572830E+02 2.20581400E-03
 3.76261750E+02 2.87747770E-03
 3.76951930E+02 6.19199080E-04
 3.77643380E+02 6.39782950E-04
 3.78336090E+02 9.22090010E-04
 3.79030080E+02 8.25833210E-04
 3.79725340E+02 1.49648540E-03
 3.80421880E+02 4.67754100E-04
 3.81119690E+02 2.56328540E-04
 3.81818780E+02 2.94294710E-04
 3.82519160E+02 1.53620210E-04
 3.83220820E+02 2.01109330E-03
 3.83923770E+02 9.52771930E-04
 3.84628000E+02 9.78043690E-04
 3.85333530E+02 1.51416620E-03
 3.86040360E+02 2.90256500E-03
 3.86748470E+02 5.91133710E-04
 3.87457890E+02 8.45579730E-04
 3.87886570E+02 8.71557670E-04
 3.88168610E+02 8.88660060E-04
 3.88880640E+02 9.91942730E-04
 3.89593970E+02 2.92256980E-04
 3.90308600E+02 5.09905400E-04
 3.91024550E+02 2.76775890E-03
 3.91741810E+02 2.05466270E-03
 3.92460390E+02 5.38247760E-04
 3.93180290E+02 1.92825130E-03
 3.93901500E+02 4.13076670E-05
 3.94624040E+02 7.15285260E-05
 3.95000000E+02 1.13313060E-04
 3.95347910E+02 1.52005130E-04
 3.96073100E+02 3.86851520E-04
 3.96799620E+02 1.09895750E-03
 3.97527480E+02 2.50198790E-03
 3.98256670E+02 2.20183880E-03
 3.98987190E+02 3.07534610E-03
 3.99719060E+02 2.94008250E-03
 4.00452270E+02 1.94853650E-03
 4.01186830E+02 1.47957070E-03
 4.01922730E+02 1.31410060E-03
 4.02659980E+02 8.19607160E-04
 4.03398590E+02 3.79647290E-03
 4.04138550E+02 9.89407050E-04
 4.04879870E+02 6.22204170E-05
 4.05622540E+02 3.15895800E-04
 4.06366580E+02 7.81712350E-05
 4.07111990E+02 2.01044230E-04
 4.07372880E+02 2.16526160E-04
 4.07858760E+02 2.45373390E-04
 4.08606900E+02 5.98431420E-04
 4.09356410E+02 1.16410950E-03
 4.10107300E+02 1.72451380E-03
 4.10859570E+02 1.95777740E-03
 4.11613210E+02 2.01483130E-03
 4.12368240E+02 3.48245040E-03
 4.13124650E+02 8.14173340E-04
 4.13882450E+02 1.14134410E-03
 4.14000000E+02 1.31258050E-03
 4.14641640E+02 2.24769720E-03
 4.15402230E+02 3.10087850E-03
 4.16164200E+02 2.78795940E-03
 4.16927580E+02 2.88099200E-03
 4.17692360E+02 5.85920110E-03
 4.18458540E+02 1.28764150E-03
 4.19226120E+02 3.71830340E-03
 4.19995110E+02 9.60051210E-04
 4.20765520E+02 1.14221760E-03
 4.21537330E+02 9.16927020E-04
 4.22000000E+02 1.04864520E-03
 4.22310560E+02 1.13709050E-03
 4.23085210E+02 3.20255470E-03
 4.23861280E+02 2.60580050E-03
 4.24638780E+02 1.89045390E-03
 4.25417700E+02 2.61610010E-03
 4.26198050E+02 1.82394750E-03
 4.26979830E+02 1.19540260E-03
 4.27763050E+02 2.70845370E-03
 4.28547700E+02 1.07729120E-03
 4.28920620E+02 1.59951420E-03
 4.29333790E+02 2.17827680E-03
 4.30121320E+02 1.11268220E-03
 4.30910300E+02 1.25978080E-03
 4.31700730E+02 4.39594380E-03
 4.32492600E+02 1.16540940E-03
 4.33285930E+02 1.53263110E-03
 4.34080710E+02 1.17626760E-03
 4.34876950E+02 4.45859950E-03
 4.35674650E+02 2.61175700E-03
 4.36473820E+02 1.42123570E-03
 4.37274450E+02 2.66814520E-03
 4.38076540E+02 1.90175050E-03
 4.38880110E+02 1.16005940E-05
 4.39685160E+02 6.73385500E-05
 4.40491680E+02 2.07528990E-04
 4.40572520E+02 2.69728140E-04
 4.41299680E+02 8.29292210E-04
 4.42109160E+02 2.38522750E-03
 4.42920130E+02 2.72217560E-03
 4.43732580E+02 3.22754170E-03
 4.44546530E+02 2.62876490E-03
 4.45361970E+02 1.89238510E-03
 4.46178900E+02 1.57579590E-03
 4.46997330E+02 4.00705670E-03
 4.47817270E+02 4.26759310E-03
 4.48638700E+02 2.24213110E-03
 4.49461650E+02 2.52247690E-03
 4.50286100E+02 9.64803970E-04
 4.51112070E+02 4.72096170E-03
 4.51939550E+02 4.35406110E-03
 4.52768550E+02 1.35062750E-05
 4.52875170E+02 3.13440830E-05
 4.52885420E+02 3.30635530E-05
 4.53599070E+02 1.52479540E-04
 4.54431110E+02 6.03693680E-04
 4.55264680E+02 8.17942410E-04
 4.56099780E+02 1.22557710E-03
 4.56474270E+02 6.81525360E-04
 4.56936410E+02 1.01016550E-05
 4.57774580E+02 5.33509900E-05
 4.58614280E+02 3.39043040E-04
 4.59455520E+02 4.93853770E-04
 4.60131030E+02 6.59643410E-04
 4.60141610E+02 6.63726220E-04
 4.60298310E+02 7.02268240E-04
 4.60500780E+02 7.79361120E-04
 4.60511380E+02 7.83398500E-04
 4.61142640E+02 1.02375210E-03
 4.61988520E+02 1.52199860E-03
 4.62835950E+02 2.74754710E-03
 4.63684940E+02 2.84350560E-03
 4.63872020E+02 2.79378240E-03
 4.63882780E+02 2.79100510E-03
 4.64535480E+02 2.61752720E-03
 4.65387590E+02 2.71703410E-03
 4.66241250E+02 4.76136690E-03
 4.67096490E+02 2.09312220E-03
 4.67953290E+02 4.03218090E-03
 4.68011200E+02 4.09744430E-03
 4.68811660E+02 4.99940490E-03
 4.69671610E+02 2.61597270E-03
 4.70533130E+02 3.35502580E-03
 4.71396240E+02 3.16394810E-03
 4.72224910E+02 1.70712260E-03
 4.72236060E+02 1.68752250E-03
 4.72260930E+02 1.64381100E-03
 4.73127200E+02 3.53493900E-03
 4.73995070E+02 4.68465510E-03
 4.74864520E+02 4.08793790E-03
 4.75735570E+02 6.47850100E-03
 4.76608220E+02 1.01965040E-03
 4.77482470E+02 1.97388260E-04
 4.78358320E+02 2.29139110E-04
 4.78684420E+02 2.23943340E-04
 4.79235780E+02 2.15159400E-04
 4.80114850E+02 3.55946860E-04
 4.80995530E+02 3.88950940E-04
 4.81877830E+02 2.15476230E-04
 4.82761750E+02 3.36246820E-04
 4.83647280E+02 1.65063950E-03
 4.84534440E+02 2.32048380E-03
 4.85323100E+02 3.49883520E-03
 4.85334880E+02 3.51642810E-03
 4.85423230E+02 3.64840980E-03
 4.86313650E+02 4.86282850E-03
 4.87205700E+02 4.75331170E-03
 4.88083090E+02 4.11280310E-03
 4.88099390E+02 4.10090140E-03
 4.88994720E+02 7.79831840E-03
 4.89891690E+02 3.89180290E-03
 4.90790310E+02 5.89981140E-03
 4.90874640E+02 5.88529210E-03
 4.90886690E+02 5.88729090E-03
 4.91690570E+02 5.74880800E-03
 4.92592480E+02 2.34344790E-03
 4.93496050E+02 5.77292300E-03
 4.94401280E+02 5.31514410E-03
 4.95263790E+02 2.47804400E-03
 4.95308170E+02 2.33212280E-03
 4.96216720E+02 5.35201790E-03
 4.97126940E+02 5.14668710E-03
 4.98038820E+02 4.41651760E-03
 4.98952380E+02 3.85131060E-03
 4.99732140E+02 3.58675900E-03
 4.99744630E+02 3.60236980E-03
 4.99867620E+02 3.56041810E-03
 5.00784530E+02 4.74866150E-03
 5.01703130E+02 2.95492580E-04
 5.02623410E+02 2.03273330E-04
 5.03545380E+02 1.14506740E-03
 5.04273720E+02 1.94555500E-03
 5.04286430E+02 1.95999870E-03
 5.04469040E+02 2.16065900E-03
 5.05394390E+02 2.22578440E-03
 5.06321450E+02 1.53064170E-03
 5.07250200E+02 1.79960710E-04
 5.08180660E+02 7.83884150E-04
 5.08589050E+02 1.40789330E-03
 5.08601990E+02 1.42765120E-03
 5.09112820E+02 2.20783810E-03
 5.10046690E+02 2.78837610E-03
 5.10982280E+02 3.28666880E-03
 5.11919580E+02 4.47882550E-03
 5.12052960E+02 4.90565150E-03
 5.12066070E+02 4.97125290E-03
 5.12858600E+02 7.51833130E-03
 5.13799340E+02 8.03376190E-03
 5.14741810E+02 7.50616020E-03
 5.15686010E+02 3.59019730E-03
 5.16631940E+02 5.65443270E-03
 5.17579610E+02 1.45755710E-03
 5.18529010E+02 4.07310320E-04
 5.19480160E+02 4.08250430E-03
 5.20433050E+02 5.50229240E-03
 5.21387680E+02 4.99362040E-03
 5.22344070E+02 5.21972270E-03
 5.22811300E+02 5.32539060E-03
 5.23302220E+02 5.43634650E-03
 5.24262120E+02 5.34710690E-03
 5.25223780E+02 3.57857290E-03
 5.26187200E+02 2.39643210E-03
 5.27152400E+02 5.60442630E-03
 5.28119360E+02 5.19255320E-03
 5.29088100E+02 5.54851800E-03
 5.30000000E+02 5.01293750E-03
 5.30058610E+02 4.97853360E-03
 5.31030900E+02 4.61544460E-03
 5.32004980E+02 2.58758800E-03
 5.32980850E+02 1.73747690E-03
 5.33958500E+02 2.16319110E-03
 5.34031420E+02 2.00292450E-03
 5.34045680E+02 1.97158480E-03
 5.34937950E+02 1.17141560E-05
 5.35919190E+02 5.09722830E-06
 5.36902240E+02 6.33524310E-05
 5.37887080E+02 7.22513620E-06
 5.38873740E+02 7.68206430E-05
 5.39862200E+02 5.54482290E-04
 5.40852480E+02 1.90851600E-03
 5.41844570E+02 3.68030750E-03
 5.42838490E+02 1.68859370E-04
 5.43834220E+02 8.34908640E-04
 5.44831780E+02 3.18101530E-03
 5.44984220E+02 2.75554050E-03
 5.45831180E+02 3.93241980E-04
 5.46832400E+02 1.48302440E-03
 5.47835470E+02 5.08137690E-05
 5.48840370E+02 2.03339640E-05
 5.49847110E+02 1.56290290E-04
 5.50000000E+02 2.57409400E-04
 5.50855710E+02 8.22960440E-04
 5.51866150E+02 1.63145920E-03
 5.52878440E+02 1.91986990E-03
 5.53892600E+02 3.47935800E-03
 5.54908610E+02 4.45292380E-03
 5.55926490E+02 5.31122510E-03
 5.56395710E+02 5.01743330E-03
 5.56411190E+02 5.00779120E-03
 5.56946230E+02 4.67304370E-03
 5.57967850E+02 3.83867040E-03
 5.58991330E+02 2.63704510E-03
 5.60016700E+02 2.10360350E-03
 5.61043950E+02 2.71659240E-03
 5.62073080E+02 3.25996990E-03
 5.63104100E+02 4.14872720E-03
 5.64137010E+02 3.31330230E-03
 5.65161420E+02 8.26217730E-04
 5.65171810E+02 8.01002410E-04
 5.66208510E+02 5.85250230E-04
 5.67247120E+02 5.27929000E-04
 5.68287630E+02 6.76673430E-04
 5.69330040E+02 1.50939750E-03
 5.70374380E+02 3.20883260E-03
 5.71420620E+02 6.61065210E-03
 5.72468790E+02 9.38886370E-03
 5.73518870E+02 8.03566810E-03
 5.74207740E+02 5.03777660E-03
 5.74224220E+02 4.96607210E-03
 5.74570890E+02 3.45876230E-03
 5.75624830E+02 5.79716330E-03
 5.76680710E+02 3.75688290E-03
 5.77738520E+02 6.04786970E-03
 5.78798280E+02 5.91349070E-03
 5.79498500E+02 2.17379280E-03
 5.79515290E+02 2.08424220E-03
 5.79859970E+02 2.45064330E-04
 5.80923620E+02 8.51181730E-04
 5.81989220E+02 1.56483690E-03
 5.83056770E+02 1.06945640E-03
 5.83639650E+02 1.94110450E-03
 5.84126280E+02 2.66812560E-03
 5.85197750E+02 5.14528120E-03
 5.86271180E+02 5.82667260E-03
 5.87346590E+02 5.06815680E-03
 5.87840400E+02 5.77780940E-03
 5.87857680E+02 5.80267400E-03
 5.88423970E+02 6.61566610E-03
 5.89503320E+02 6.20153730E-03
 5.90584660E+02 1.27745940E-03
 5.91667970E+02 2.37483000E-03
 5.92753280E+02 3.86000880E-03
 5.93840570E+02 2.73546510E-03
 5.94929860E+02 4.10913000E-04
 5.96021150E+02 4.50505560E-04
 5.97114440E+02 9.66341760E-04
 5.98209740E+02 1.73570650E-03
 5.99307040E+02 2.50926240E-03
 6.00406360E+02 3.04631270E-03
 6.01507700E+02 2.10780720E-05
 6.02611050E+02 1.16193480E-05
 6.03379230E+02 1.16461490E-05
 6.03716430E+02 1.16578920E-05
 6.04823830E+02 3.08030490E-05
 6.05933270E+02 1.78669400E-04
 6.07044740E+02 1.14677540E-03
 6.08158250E+02 2.94678920E-03
 6.09273810E+02 5.06712420E-03
 6.10391410E+02 7.61860800E-03
 6.11511060E+02 6.26999080E-03
 6.12632760E+02 5.66311150E-03
 6.13756520E+02 5.02487030E-03
 6.14882340E+02 4.09233200E-03
 6.16010230E+02 4.12926070E-03
 6.17140190E+02 6.66151100E-03
 6.18272210E+02 3.62196940E-03
 6.19406320E+02 2.23543490E-04
 6.19761850E+02 3.50285170E-04
 6.20542510E+02 6.28255140E-04
 6.21680780E+02 1.80437450E-03
 6.22821130E+02 2.57450260E-05
 6.23963580E+02 4.02875850E-04
 6.25000000E+02 1.34578430E-03
 6.25108130E+02 1.44404080E-03
 6.26254770E+02 3.69258560E-03
 6.27403520E+02 5.55014030E-04
 6.28554380E+02 7.86236700E-04
 6.29707340E+02 2.34167270E-03
 6.30862420E+02 3.17866510E-03
 6.32019620E+02 5.31965780E-03
 6.33178950E+02 6.83001960E-03
 6.34340400E+02 6.16086540E-03
 6.35503980E+02 4.33861910E-04
 6.36669690E+02 9.74019340E-04
 6.37058930E+02 1.72861860E-03
 6.37837540E+02 3.23618690E-03
 6.39007540E+02 5.29882580E-03
 6.40179680E+02 5.61661840E-03
 6.41353970E+02 8.39861280E-03
 6.42530410E+02 1.02042120E-02
 6.43709020E+02 8.93963740E-03
 6.44889780E+02 8.61221390E-03
 6.46072710E+02 5.18459260E-03
 6.46074650E+02 5.18616740E-03
 6.47257810E+02 6.14447260E-03
 6.48445090E+02 3.93987600E-03
 6.49634540E+02 4.19352670E-03
 6.50826170E+02 5.10291930E-03
 6.52019990E+02 4.97725030E-03
 6.53216000E+02 5.76131450E-03
 6.54414200E+02 4.29693670E-03
 6.55349220E+02 5.12970130E-03
 6.55370700E+02 5.14880690E-03
 6.55614610E+02 5.36574050E-03
 6.56817210E+02 6.03889160E-03
 6.58022020E+02 4.48776980E-03
 6.59229040E+02 4.26560040E-03
 6.60438270E+02 6.36262820E-03
 6.61649720E+02 5.94982850E-03
 6.62863390E+02 2.97512570E-03
 6.64079290E+02 1.24303400E-05
 6.65297420E+02 1.21062650E-04
 6.65523740E+02 2.49123410E-04
 6.66517790E+02 8.10817700E-04
 6.67740390E+02 1.85294030E-03
 6.68965240E+02 2.22698040E-03
 6.70192330E+02 2.68928630E-03
 6.71421670E+02 3.82869750E-03
 6.72653270E+02 4.43468070E-03
 6.73887130E+02 4.94599110E-03
 6.75123250E+02 5.90304920E-03
 6.76019170E+02 7.19214130E-03
 6.76042020E+02 7.22498490E-03
 6.76361640E+02 7.68419060E-03
 6.77602300E+02 4.03435750E-03
 6.78845230E+02 5.17246250E-03
 6.80090450E+02 6.01308480E-03
 6.81098690E+02 4.27315250E-03
 6.81337950E+02 3.86087340E-03
 6.82587740E+02 5.72262840E-03
 6.83839820E+02 3.74495860E-03
 6.85094190E+02 6.34369590E-03
 6.86255130E+02 3.98803190E-03
 6.86278680E+02 3.94035580E-03
 6.86350870E+02 3.79409320E-03
 6.87609860E+02 6.27669800E-03
 6.88871150E+02 2.25670020E-03
 6.90134750E+02 6.28098540E-03
 6.91400680E+02 6.40312270E-03
 6.92668920E+02 6.28119160E-03
 6.93939500E+02 5.60060750E-03
 6.94942120E+02 5.54692090E-03
 6.95212400E+02 5.53246790E-03
 6.96487640E+02 2.53062440E-03
 6.97765220E+02 6.28611150E-03
 6.99045140E+02 4.25660410E-03
 7.00000000E+02 5.71795730E-03
 7.00327400E+02 6.21824450E-03
 7.01612030E+02 5.52750700E-03
 7.02899000E+02 4.57598640E-03
 7.03851860E+02 3.25227780E-03
 7.04188340E+02 2.78558170E-03
 7.05480040E+02 3.53828160E-03
 7.06774110E+02 7.70375850E-03
 7.08070560E+02 3.07862630E-03
 7.09369380E+02 2.82119550E-03
 7.10670590E+02 3.18317150E-03
 7.11974180E+02 4.80752850E-03
 7.12993030E+02 6.13832920E-03
 7.13280170E+02 6.51277320E-03
 7.14588550E+02 5.24501970E-03
 7.15899330E+02 8.99194590E-03
 7.17212510E+02 4.70126070E-03
 7.17653240E+02 3.82866010E-03
 7.18528110E+02 2.09931320E-03
 7.19846110E+02 3.69066750E-03
 7.21166540E+02 4.96202000E-03
 7.22374760E+02 5.03459190E-03
 7.22400860E+02 5.03615650E-03
 7.22489380E+02 5.04146390E-03
 7.23814650E+02 4.86182350E-03
 7.25142360E+02 7.28043250E-03
 7.26472500E+02 8.51672360E-03
 7.27805080E+02 6.29913520E-03
 7.29140100E+02 6.02377050E-03
 7.30000000E+02 5.52285690E-03
 7.30477570E+02 5.24512200E-03
 7.31817500E+02 1.71765610E-03
 7.33159880E+02 4.59955400E-03
 7.34504730E+02 4.47051720E-03
 7.35852040E+02 4.73347960E-03
 7.37201820E+02 6.18439010E-03
 7.38554080E+02 6.18170540E-03
 7.39908820E+02 6.33400660E-03
 7.41266050E+02 6.25102870E-03
 7.42625760E+02 5.21031790E-03
 7.43987970E+02 4.31785160E-03
 7.45352680E+02 4.33075080E-03
 7.46719890E+02 1.52182700E-03
 7.48089610E+02 2.75632570E-03
 7.49461840E+02 4.11624560E-03
 7.50000000E+02 4.39656520E-03
 7.50836590E+02 4.83156030E-03
 7.52213860E+02 3.49632470E-04
 7.53593660E+02 1.97392790E-04
 7.54975980E+02 2.92796370E-04
 7.56360850E+02 4.75476220E-06
 7.57748250E+02 3.60116080E-05
 7.59138200E+02 7.15645210E-05
 7.60530700E+02 2.18641070E-04
 7.61848460E+02 9.72478620E-04
 7.61925750E+02 1.01661410E-03
 7.63323360E+02 3.53021290E-03
 7.64723530E+02 4.42426670E-03
 7.66126280E+02 5.05133890E-03
 7.67531590E+02 6.21477500E-03
 7.68939490E+02 2.90636210E-03
 7.70000000E+02 2.00262840E-03
 7.70349970E+02 1.70494230E-03
 7.71763030E+02 3.29174410E-03
 7.73178690E+02 5.39478320E-03
 7.74596940E+02 6.95742070E-03
 7.76017790E+02 5.88962020E-03
 7.77441250E+02 3.20577190E-03
 7.78867320E+02 6.00741060E-05
 7.80296010E+02 2.07777600E-06
 7.81727320E+02 1.92820090E-06
 7.83161250E+02 6.85825460E-06
 7.84597820E+02 6.44624100E-05
 7.86037020E+02 4.18900810E-04
 7.87478850E+02 1.46977660E-03
 7.88923340E+02 3.33130600E-03
 7.90000000E+02 7.18565150E-03
 7.90370470E+02 8.50939420E-03
 7.91820260E+02 7.44765360E-03
 7.93272710E+02 6.70646710E-03
 7.94727820E+02 5.29283100E-03
 7.96185600E+02 4.66187800E-03
 7.97646050E+02 5.80765930E-03
 7.99109190E+02 5.65420850E-03
 8.00575000E+02 5.13701230E-03
 8.02043510E+02 3.80643050E-03
 8.03514710E+02 6.28539950E-03
 8.04988610E+02 5.94102080E-03
 8.05885540E+02 6.11726140E-03
 8.06465210E+02 6.23093500E-03
 8.07944520E+02 6.29935620E-03
 8.09426550E+02 5.78410740E-03
 8.10000000E+02 5.70397390E-03
 8.10911290E+02 5.57687270E-03
 8.12398750E+02 5.22585230E-03
 8.13888950E+02 4.93520400E-03
 8.15381880E+02 6.54323990E-03
 8.16877540E+02 5.52944350E-03
 8.18375950E+02 6.20964930E-03
 8.19877110E+02 6.30410720E-03
 8.21381020E+02 6.29020170E-03
 8.22887700E+02 5.35594110E-03
 8.24397130E+02 5.40856940E-03
 8.25909330E+02 6.26368190E-03
 8.27424310E+02 5.94087850E-03
 8.28942070E+02 5.90427300E-03
 8.30000000E+02 4.92924200E-03
 8.30462610E+02 4.50373800E-03
 8.31985940E+02 5.75790760E-03
 8.33512060E+02 3.54070930E-03
 8.35040980E+02 6.28444390E-03
 8.36572710E+02 5.78621650E-03
 8.38107250E+02 6.12017860E-03
 8.39644600E+02 5.31563410E-03
 8.41184770E+02 6.21618640E-03
 8.42727770E+02 5.74349460E-03
 8.44273600E+02 6.26782440E-03
 8.45822260E+02 5.44303200E-03
 8.47373760E+02 6.25119040E-03
 8.48928110E+02 3.60710940E-03
 8.50000000E+02 5.10092540E-03
 8.50485320E+02 5.77587960E-03
 8.52045370E+02 3.50046500E-03
 8.53608290E+02 4.25261490E-03
 8.55174080E+02 6.46743360E-03
 8.55325900E+02 6.43059410E-03
 8.56742740E+02 6.08750380E-03
 8.58314270E+02 5.52274980E-03
 8.59888690E+02 4.82551610E-03
 8.61465990E+02 2.68084290E-03
 8.63046190E+02 6.12719430E-03
 8.64629290E+02 6.23239860E-03
 8.66215290E+02 6.04484770E-03
 8.67804200E+02 5.96104120E-03
 8.69396030E+02 5.92861740E-03
 8.70000000E+02 5.99195590E-03
 8.70990780E+02 6.09563170E-03
 8.72588450E+02 5.31170930E-03
 8.74189050E+02 6.16136620E-03
 8.75792590E+02 3.66995090E-03
 8.77399060E+02 5.90373920E-03
 8.79008490E+02 6.13003800E-03
 8.80620870E+02 4.10186720E-03
 8.82236200E+02 5.00921700E-03
 8.82392910E+02 5.12261030E-03
 8.83854500E+02 6.17796120E-03
 8.85475770E+02 6.26815280E-03
 8.87100010E+02 6.01640250E-03
 8.88727230E+02 6.25411600E-03
 8.90000000E+02 5.89935770E-03
 8.90357430E+02 5.79994210E-03
 8.91990630E+02 6.24659870E-03
 8.93626820E+02 6.14517500E-03
 8.95266010E+02 6.21789300E-03
 8.96908210E+02 6.17405030E-03
 8.98553420E+02 6.22676430E-03
 9.00000000E+02 6.08870460E-03
 9.00440900E+02 6.17381850E-03
 9.00882220E+02 5.96835930E-03
 9.01323990E+02 4.77673600E-03
 9.01766180E+02 6.21036140E-03
 9.02208810E+02 6.22377770E-03
 9.02650790E+02 5.29927710E-03
 9.03093200E+02 5.08837250E-03
 9.03536040E+02 6.15099370E-03
 9.03979320E+02 6.17536670E-03
 9.04423040E+02 6.11796710E-03
 9.04866100E+02 4.76199090E-03
 9.05309600E+02 6.04428600E-03
 9.05753530E+02 5.76622900E-03
 9.06197900E+02 3.75399240E-03
 9.06642700E+02 6.18243960E-03
 9.07086850E+02 6.04056940E-03
 9.07531440E+02 6.21011330E-03
 9.07976460E+02 6.08376250E-03
 9.08421920E+02 6.16581520E-03
 9.08867810E+02 5.77117420E-03
 9.09313050E+02 6.19919320E-03
 9.09758730E+02 4.37431570E-03
 9.10204840E+02 6.16750300E-03
 9.10651390E+02 6.01572490E-03
 9.11098380E+02 4.98012150E-03
 9.11544720E+02 4.71842670E-03
 9.11991490E+02 3.64126470E-03
 9.12438700E+02 1.50245660E-03
 9.12886340E+02 4.07403920E-04
 9.13334430E+02 1.05942280E-04
 9.13781860E+02 4.59938950E-05
 9.14229720E+02 4.20189620E-05
 9.14678030E+02 4.86744040E-05
 9.15126780E+02 5.90288620E-05
 9.15575960E+02 7.91164990E-05
 9.16024490E+02 1.27280680E-04
 9.16473460E+02 2.38466510E-04
 9.16922860E+02 4.44070360E-04
 9.17372710E+02 7.66019400E-04
 9.17823000E+02 1.19519320E-03
 9.18272630E+02 1.74180600E-03
 9.18722690E+02 2.36904110E-03
 9.19173200E+02 2.91018920E-03
 9.19624150E+02 3.37205560E-03
 9.20075550E+02 3.78976610E-03
 9.20526280E+02 2.77156220E-03
 9.20977450E+02 3.63077990E-04
 9.21429070E+02 2.29537010E-05
 9.21881120E+02 1.17484650E-05
 9.22333630E+02 5.17364240E-06
 9.22785460E+02 3.84477480E-06
 9.23237740E+02 3.39794970E-06
 9.23690470E+02 3.49834010E-06
 9.24143630E+02 5.94720720E-06
 9.24597250E+02 1.61180150E-05
 9.25050190E+02 5.47721840E-05
 9.25503580E+02 2.34394920E-04
 9.25957420E+02 6.65308910E-04
 9.26411700E+02 1.46971710E-03
 9.26866420E+02 2.61014140E-03
 9.27320480E+02 3.92424160E-03
 9.27774980E+02 5.25292780E-03
 9.28229930E+02 6.64887070E-03
 9.28685330E+02 8.05826980E-03
 9.29141170E+02 9.34676030E-03
 9.29596340E+02 1.04290800E-02
 9.30051960E+02 1.13962860E-02
 9.30508020E+02 1.23041140E-02
 9.30964530E+02 1.29246640E-02
 9.31421490E+02 1.20474630E-02
 9.31877780E+02 6.43403060E-03
 9.32334520E+02 7.98620410E-04
 9.32791700E+02 1.79084210E-04
 9.33249340E+02 1.06115050E-04
 9.33707420E+02 7.71748000E-05
 9.34164830E+02 6.33763740E-05
 9.34622680E+02 5.00015440E-05
 9.35080990E+02 4.30187160E-05
 9.35539750E+02 5.14371800E-05
 9.35998950E+02 1.05139630E-04
 9.36457480E+02 3.34431060E-04
 9.36916460E+02 8.48617220E-04
 9.37375890E+02 1.76295770E-03
 9.37835780E+02 3.01593780E-03
 9.38296110E+02 4.40399910E-03
 9.38755770E+02 5.79776230E-03
 9.39215870E+02 7.24641890E-03
 9.39676430E+02 8.67545340E-03
 9.40137440E+02 9.95260730E-03
 9.40598910E+02 1.10361940E-02
 9.41059690E+02 1.20153210E-02
 9.41520930E+02 1.29348940E-02
 9.41982620E+02 1.37334440E-02
 9.42444760E+02 1.44217120E-02
 9.42907350E+02 1.52037590E-02
 9.43369270E+02 1.68289330E-02
 9.43831640E+02 1.86355960E-02
 9.44294460E+02 2.07050800E-02
 9.44757730E+02 2.35553550E-02
 9.45221470E+02 2.54387040E-02
 9.45684510E+02 2.34241400E-02
 9.46148020E+02 2.38501570E-02
 9.46611980E+02 2.28404540E-02
 9.47076390E+02 2.18920380E-02
 9.47541260E+02 2.03399320E-02
 9.48005440E+02 1.95860290E-02
 9.48470080E+02 1.76781440E-02
 9.48935180E+02 1.88992550E-02
 9.49400730E+02 1.48217660E-02
 9.49866740E+02 1.40847170E-02
 9.50332070E+02 1.60044840E-02
 9.50797850E+02 1.41618660E-02
 9.51264090E+02 1.19310760E-02
 9.51730780E+02 1.32346480E-02
 9.52197940E+02 1.14864210E-02
 9.52664400E+02 9.53196430E-03
 9.53131330E+02 1.10424220E-02
 9.53598710E+02 1.01276480E-02
 9.54066550E+02 7.92120990E-03
 9.54534850E+02 7.63331470E-03
 9.55002460E+02 7.37232560E-03
 9.55470530E+02 9.10466660E-03
 9.55939060E+02 8.63163230E-03
 9.56408050E+02 8.24984300E-03
 9.56877500E+02 7.31347220E-03
 9.57346260E+02 7.95591260E-03
 9.57815480E+02 7.76577150E-03
 9.58285160E+02 7.83771420E-03
 9.58755300E+02 5.01827380E-03
 9.59225900E+02 7.92180710E-03
 9.59695810E+02 5.20000880E-03
 9.60166180E+02 7.98188210E-03
 9.60637010E+02 6.52710380E-03
 9.61108300E+02 7.85438260E-03
 9.61580060E+02 7.19790500E-03
 9.62051120E+02 7.90941210E-03
 9.62522650E+02 8.03353070E-03
 9.62994630E+02 8.02763520E-03
 9.63467090E+02 8.24175900E-03
 9.63940000E+02 6.02851890E-03
 9.64412220E+02 7.88490210E-03
 9.64884900E+02 7.73491880E-03
 9.65358050E+02 6.93819770E-03
 9.65831660E+02 7.69641250E-03
 9.66305730E+02 6.47318900E-03
 9.66779110E+02 6.45966950E-03
 9.67252950E+02 6.01562880E-03
 9.67727260E+02 7.60675510E-03
 9.68202030E+02 5.11915490E-03
 9.68677270E+02 7.68654770E-03
 9.69151810E+02 7.67999970E-03
 9.69626810E+02 7.64779430E-03
 9.70102280E+02 7.13130100E-03
 9.70578220E+02 7.64714650E-03
 9.71054630E+02 7.75656470E-03
 9.71530330E+02 6.43775100E-03
 9.72006500E+02 4.06021900E-03
 9.72483140E+02 4.39806980E-03
 9.72960250E+02 7.93569760E-03
 9.73437820E+02 6.21354290E-03
 9.73914690E+02 7.60712580E-03
 9.74392030E+02 7.66916620E-03
 9.74869840E+02 7.77925310E-03
 9.75348120E+02 7.76470050E-03
 9.75826860E+02 7.95594780E-03
 9.76304900E+02 7.81690250E-03
 9.76783410E+02 6.11884280E-03
 9.77262390E+02 7.80528390E-03
 9.77741850E+02 7.58948570E-03
 9.78221770E+02 4.06985170E-03
 9.78700980E+02 7.60705040E-03
 9.79180670E+02 7.04703500E-03
 9.79660820E+02 6.29393560E-03
 9.80141450E+02 7.49740650E-03
 9.80622550E+02 7.68867630E-03
 9.81102940E+02 7.42277200E-03
 9.81583800E+02 6.77770500E-03
 9.82065140E+02 7.66730220E-03
 9.82546940E+02 7.65832550E-03
 9.83029220E+02 7.62247920E-03
 9.83510790E+02 7.67833180E-03
 9.83992840E+02 5.42042520E-03
 9.84475350E+02 7.88818080E-03
 9.84958340E+02 7.89944630E-03
 9.85441800E+02 7.53333480E-03
 9.85924560E+02 7.69520190E-03
 9.86407780E+02 5.51804710E-03
 9.86891480E+02 3.82510770E-03
 9.87375660E+02 5.72400670E-03
 9.87860310E+02 7.84719040E-03
 9.88344240E+02 7.65665740E-03
 9.88828660E+02 7.64116700E-03
 9.89313540E+02 5.87603830E-03
 9.89798900E+02 4.62902650E-03
 9.90284740E+02 8.01093210E-03
 9.90769870E+02 7.89842280E-03
 9.91255470E+02 5.30789420E-03
 9.91741550E+02 7.63291720E-03
 9.92228100E+02 7.51002610E-03
 9.92715130E+02 6.11692780E-03
 9.93201450E+02 6.93605390E-03
 9.93688240E+02 7.96639160E-03
 9.94175510E+02 7.89595720E-03
 9.94663260E+02 4.32142610E-03
 9.95151480E+02 5.41295680E-03
 9.95638990E+02 7.48357170E-03
 9.96126980E+02 4.60947570E-03
 9.96615450E+02 7.32446320E-03
 9.97104390E+02 6.84723300E-03
 9.97593820E+02 7.47516600E-03
 9.98082520E+02 7.53076950E-03
 9.98571710E+02 7.61207390E-03
 9.99061370E+02 7.73891320E-03
 9.99551520E+02 7.30307690E-03
 1.00004210E+03 7.21620830E-03
 1.00053200E+03 7.32419650E-03
 1.00102240E+03 7.59845690E-03
 1.00151330E+03 7.52915290E-03
 1.00200460E+03 7.49685610E-03
 1.00249650E+03 7.47944130E-03
 1.00298760E+03 7.41887280E-03
 1.00347920E+03 7.43696270E-03
 1.00397120E+03 7.42517360E-03
 1.00446380E+03 6.61806040E-03
 1.00495680E+03 7.44939580E-03
 1.00544910E+03 7.22806770E-03
 1.00594190E+03 7.40542610E-03
 1.00643520E+03 6.98156990E-03
 1.00692900E+03 7.37101530E-03
 1.00742320E+03 7.43528570E-03
 1.00791680E+03 4.08299140E-03
 1.00841080E+03 7.42298490E-03
 1.00890520E+03 7.13526780E-03
 1.00940020E+03 7.10238820E-03
 1.00989570E+03 7.26988010E-03
 1.01039040E+03 4.02163190E-03
 1.01088560E+03 6.77347300E-03
 1.01138130E+03 4.54576160E-03
 1.01187750E+03 7.26654090E-03
 1.01237420E+03 7.27711310E-03
 1.01287010E+03 3.97306460E-03
 1.01336660E+03 7.40423380E-03
 1.01386350E+03 7.39378010E-03
 1.01436090E+03 7.37808630E-03
 1.01485880E+03 4.61731190E-03
 1.01535600E+03 7.36828020E-03
 1.01585360E+03 7.36011090E-03
 1.01635180E+03 7.35045370E-03
 1.01685040E+03 5.66453020E-03
 1.01734950E+03 4.85691950E-03
 1.01784790E+03 4.08580960E-03
 1.01834680E+03 7.30264320E-03
 1.01884610E+03 5.08764830E-03
 1.01934600E+03 7.26287920E-03
 1.01984630E+03 7.27284330E-03
 1.02034590E+03 5.32103230E-03
 1.02084600E+03 7.20739960E-03
 1.02134660E+03 5.60305060E-03
 1.02184770E+03 5.80532080E-03
 1.02234920E+03 7.09754090E-03
 1.02285010E+03 6.74429360E-03
 1.02335140E+03 6.16989840E-03
 1.02385320E+03 3.81009750E-03
 1.02435550E+03 3.46869360E-03
 1.02485830E+03 1.50858190E-03
 1.02536040E+03 1.09273640E-03
 1.02586290E+03 1.19731710E-03
 1.02636600E+03 1.42840800E-03
 1.02686950E+03 1.70934940E-03
 1.02737360E+03 2.09422060E-03
 1.02787690E+03 2.48160370E-03
 1.02838070E+03 2.85092660E-03
 1.02888490E+03 3.25027770E-03
 1.02938970E+03 3.64520490E-03
 1.02989500E+03 3.94163200E-03
 1.03039950E+03 3.97289740E-03
 1.03090450E+03 3.83373190E-03
 1.03141010E+03 3.65281360E-03
 1.03191610E+03 3.46502230E-03
 1.03242260E+03 3.32004560E-03
 1.03292830E+03 3.12885310E-03
 1.03343460E+03 3.02507180E-03
 1.03394140E+03 3.18573980E-03
 1.03444860E+03 3.52028040E-03
 1.03495640E+03 3.95850610E-03
 1.03546340E+03 4.49969900E-03
 1.03597090E+03 5.16790550E-03
 1.03647890E+03 6.00312460E-03
 1.03698740E+03 7.02247160E-03
 1.03749640E+03 8.31598850E-03
 1.03800470E+03 1.15814960E-02
 1.03851340E+03 1.12501180E-02
 1.03902270E+03 9.96578460E-03
 1.03953240E+03 9.83521360E-03
 1.04004270E+03 7.62983650E-03
 1.04055220E+03 9.45592940E-03
 1.04106220E+03 9.27060410E-03
 1.04157270E+03 8.97719830E-03
 1.04208370E+03 8.57915460E-03
 1.04259520E+03 8.34979550E-03
 1.04310590E+03 7.66221610E-03
 1.04361720E+03 5.68715030E-03
 1.04412890E+03 7.36587700E-03
 1.04464120E+03 7.41087500E-03
 1.04515390E+03 7.30626520E-03
 1.04566590E+03 6.51164750E-03
 1.04617840E+03 7.11101810E-03
 1.04669150E+03 7.22104980E-03
 1.04720500E+03 6.90307040E-03
 1.04771900E+03 7.23570140E-03
 1.04823220E+03 6.42071160E-03
 1.04874600E+03 7.26449400E-03
 1.04926030E+03 7.25237580E-03
 1.04977510E+03 7.10450600E-03
 1.05029030E+03 7.20187560E-03
 1.05080490E+03 7.09526390E-03
 1.05131990E+03 7.13670250E-03
 1.05183540E+03 7.23361050E-03
 1.05235140E+03 6.94851060E-03
 1.05286800E+03 7.25599130E-03
 1.05338380E+03 7.23439980E-03
 1.05390010E+03 7.21599870E-03
 1.05441690E+03 7.20009270E-03
 1.05493420E+03 6.98565830E-03
 1.05545200E+03 5.79281520E-03
 1.05596900E+03 4.51311250E-03
 1.05648660E+03 7.05461770E-03
 1.05700460E+03 6.79908550E-03
 1.05752320E+03 7.02411510E-03
 1.05804230E+03 6.47923070E-03
 1.05856060E+03 6.87173200E-03
 1.05907940E+03 6.60451630E-03
 1.05959880E+03 6.73629260E-03
 1.06011860E+03 5.24385180E-03
 1.06063900E+03 5.65326530E-03
 1.06115860E+03 5.78792520E-03
 1.06167870E+03 6.40735970E-03
 1.06219930E+03 4.59460250E-03
 1.06272040E+03 6.14245730E-03
 1.06324200E+03 6.76104910E-03
 1.06376290E+03 8.04660160E-03
 1.06428430E+03 7.50148070E-03
 1.06480620E+03 7.51353590E-03
 1.06532860E+03 7.41575410E-03
 1.06585150E+03 7.35272320E-03
 1.06637360E+03 7.28644250E-03
 1.06689630E+03 7.15568180E-03
 1.06741940E+03 7.17825450E-03
 1.06794310E+03 5.71741780E-03
 1.06846730E+03 7.21996900E-03
 1.06899070E+03 7.05378140E-03
 1.06951470E+03 7.15844990E-03
 1.07003910E+03 5.39495830E-03
 1.07056410E+03 7.12440300E-03
 1.07108960E+03 7.12965140E-03
 1.07161430E+03 7.11311010E-03
 1.07213950E+03 6.41339090E-03
 1.07266530E+03 7.08025120E-03
 1.07319150E+03 7.05041480E-03
 1.07371830E+03 6.91214490E-03
 1.07424430E+03 7.16551830E-03
 1.07477080E+03 7.14415330E-03
 1.07529780E+03 7.10652630E-03
 1.07582540E+03 6.17616770E-03
 1.07635340E+03 6.56685440E-03
 1.07688070E+03 6.83092060E-03
 1.07740850E+03 6.72371900E-03
 1.07793690E+03 6.98831510E-03
 1.07846570E+03 6.28679040E-03
 1.07899510E+03 5.75466630E-03
 1.07952360E+03 7.00373930E-03
 1.08005270E+03 6.97669190E-03
 1.08058240E+03 6.16004700E-03
 1.08111250E+03 5.44993480E-03
 1.08164320E+03 4.87984560E-03
 1.08217300E+03 6.72267380E-03
 1.08270340E+03 6.03191710E-03
 1.08323440E+03 7.04616340E-03
 1.08376580E+03 6.71029840E-03
 1.08429780E+03 5.73258250E-03
 1.08482890E+03 5.20788130E-03
 1.08536060E+03 7.10656450E-03
 1.08589290E+03 7.05539710E-03
 1.08642560E+03 6.86898530E-03
 1.08695890E+03 6.99902030E-03
 1.08749140E+03 6.85453320E-03
 1.08802440E+03 7.05958740E-03
 1.08855790E+03 6.04429610E-03
 1.08909200E+03 7.04032710E-03
 1.08962650E+03 6.96862300E-03
 1.09016030E+03 7.12748540E-03
 1.09069460E+03 7.08554400E-03
 1.09122950E+03 4.86838880E-03
 1.09176480E+03 7.02291430E-03
 1.09230070E+03 7.04905690E-03
 1.09283580E+03 6.92410680E-03
 1.09337140E+03 5.73881260E-03
 1.09390760E+03 6.93189360E-03
 1.09444430E+03 6.95772320E-03
 1.09498150E+03 6.84651090E-03
 1.09551790E+03 7.11744880E-03
 1.09605480E+03 6.18780920E-03
 1.09659230E+03 7.05551420E-03
 1.09713030E+03 7.04668660E-03
 1.09766880E+03 7.08148370E-03
 1.09820650E+03 7.06805660E-03
 1.09874480E+03 7.04846100E-03
 1.09928360E+03 7.02453440E-03
 1.09982290E+03 6.69010690E-03
 1.10036280E+03 7.04389740E-03
 1.10090180E+03 7.02371740E-03
 1.10144140E+03 6.97312470E-03
 1.10198150E+03 6.11805010E-03
 1.10252210E+03 7.01422430E-03
 1.10306330E+03 6.98115350E-03
 1.10360370E+03 6.98737210E-03
 1.10414460E+03 6.43238360E-03
 1.10468600E+03 6.84534210E-03
 1.10522800E+03 6.22022640E-03
 1.10577050E+03 6.53178900E-03
 1.10631220E+03 6.76926480E-03
 1.10685440E+03 6.40771550E-03
 1.10739720E+03 6.60158570E-03
 1.10794050E+03 4.97617910E-03
 1.10848430E+03 5.39250390E-03
 1.10902730E+03 6.98806180E-03
 1.10957090E+03 6.94365360E-03
 1.11011500E+03 6.94511780E-03
 1.11065960E+03 5.73914520E-03
 1.11120480E+03 6.96146430E-03
 1.11174910E+03 6.52883320E-03
 1.11229400E+03 5.77142750E-03
 1.11283940E+03 6.90631440E-03
 1.11338540E+03 6.87186740E-03
 1.11393190E+03 6.79659700E-03
 1.11447760E+03 6.74773650E-03
 1.11502380E+03 5.03373790E-03
 1.11557060E+03 6.30581920E-03
 1.11611790E+03 4.41150550E-03
 1.11666580E+03 6.59504390E-03
 1.11721280E+03 6.33669820E-03
 1.11776040E+03 4.61899210E-03
 1.11830850E+03 6.69108680E-03
 1.11885710E+03 7.00874620E-03
 1.11940630E+03 6.91194930E-03
 1.11995470E+03 6.90971470E-03
 1.12050360E+03 6.88162610E-03
 1.12105310E+03 6.55145650E-03
 1.12160310E+03 6.92485930E-03
 1.12215360E+03 6.90862590E-03
 1.12270330E+03 6.72846510E-03
 1.12325360E+03 6.93019970E-03
 1.12380440E+03 5.43561930E-03
 1.12435570E+03 6.56377120E-03
 1.12490760E+03 6.87724940E-03
 1.12545870E+03 6.36913970E-03
 1.12601030E+03 6.90225240E-03
 1.12656250E+03 6.84611550E-03
 1.12711520E+03 6.78232580E-03
 1.12766840E+03 6.23677770E-03
 1.12822080E+03 4.49590610E-03
 1.12877380E+03 4.63597730E-03
 1.12932730E+03 5.89910910E-03
 1.12988140E+03 6.89202640E-03
 1.13043600E+03 6.20861810E-03
 1.13098980E+03 6.09004720E-03
 1.13154410E+03 6.40414930E-03
 1.13209890E+03 6.89971040E-03
 1.13265440E+03 6.77471460E-03
 1.13321030E+03 6.02293200E-03
 1.13376550E+03 6.21400750E-03
 1.13432110E+03 6.46113110E-03
 1.13487740E+03 6.83042140E-03
 1.13543420E+03 6.87907300E-03
 1.13599150E+03 6.83326160E-03
 1.13654800E+03 6.84220920E-03
 1.13710500E+03 6.83782840E-03
 1.13766260E+03 6.76255340E-03
 1.13822080E+03 5.62568820E-03
 1.13877950E+03 6.85863130E-03
 1.13933730E+03 6.84613970E-03
 1.13989580E+03 6.37277300E-03
 1.14045470E+03 6.81047490E-03
 1.14101420E+03 6.78420830E-03
 1.14157430E+03 6.31634210E-03
 1.14213350E+03 6.32365850E-03
 1.14269330E+03 6.69213720E-03
 1.14325370E+03 6.67398300E-03
 1.14381450E+03 6.57271060E-03
 1.14437600E+03 6.69286330E-03
 1.14493660E+03 6.54457610E-03
 1.14549780E+03 6.79440980E-03
 1.14605950E+03 6.76146290E-03
 1.14662170E+03 6.72810050E-03
 1.14718450E+03 6.66839890E-03
 1.14774650E+03 6.69702990E-03
 1.14830910E+03 6.59438160E-03
 1.14887220E+03 5.68546170E-03
 1.14943580E+03 5.86757710E-03
 1.15000000E+03 5.43086550E-03
 1.15000000E+03 5.43086550E-03
 1.15072300E+03 6.58515610E-03
 1.15144690E+03 6.56019520E-03
 1.15217170E+03 6.40216810E-03
 1.15289740E+03 7.24284510E-03
 1.15362400E+03 6.28226310E-03
 1.15434930E+03 6.62957890E-03
 1.15507540E+03 6.73934760E-03
 1.15580250E+03 5.32336890E-03
 1.15653050E+03 6.56251710E-03
 1.15725940E+03 6.48750660E-03
 1.15798700E+03 6.43430890E-03
 1.15871540E+03 5.60004660E-03
 1.15944480E+03 6.62313240E-03
 1.16017510E+03 5.83521370E-03
 1.16090630E+03 6.64361940E-03
 1.16163620E+03 6.52063100E-03
 1.16236690E+03 6.55832570E-03
 1.16309860E+03 6.38529280E-03
 1.16383120E+03 5.30303780E-03
 1.16456470E+03 3.93641880E-03
 1.16529680E+03 6.16444660E-03
 1.16602990E+03 6.72543880E-03
 1.16676390E+03 6.50557400E-03
 1.16749880E+03 5.40692350E-03
 1.16823460E+03 7.12947200E-03
 1.16896900E+03 4.69598330E-03
 1.16970440E+03 6.76082990E-03
 1.17044070E+03 6.84009030E-03
 1.17117790E+03 6.28850340E-03
 1.17191610E+03 6.14659210E-03
 1.17265280E+03 6.48981430E-03
 1.17339050E+03 6.60789840E-03
 1.17412910E+03 6.42406000E-03
 1.17486870E+03 5.70738240E-03
 1.17560910E+03 5.52232420E-03
 1.17634820E+03 5.32434910E-03
 1.17708820E+03 6.77127030E-03
 1.17782920E+03 5.65909970E-03
 1.17857100E+03 6.64416130E-03
 1.17931380E+03 6.66214730E-03
 1.18005520E+03 6.66331490E-03
 1.18079760E+03 6.64640680E-03
 1.18154090E+03 6.68083510E-03
 1.18228510E+03 6.56797370E-03
 1.18303020E+03 6.01324160E-03
 1.18377400E+03 6.61500690E-03
 1.18451860E+03 5.43648960E-03
 1.18526430E+03 6.68066850E-03
 1.18601080E+03 6.10897580E-03
 1.18675830E+03 6.61244560E-03
 1.18750440E+03 6.32902650E-03
 1.18825140E+03 6.45252340E-03
 1.18899940E+03 6.13964830E-03
 1.18974830E+03 6.63441990E-03
 1.19049820E+03 5.72733680E-03
 1.19124660E+03 6.60917590E-03
 1.19199600E+03 6.56762830E-03
 1.19274630E+03 6.60119070E-03
 1.19349760E+03 6.56934880E-03
 1.19424980E+03 6.15892430E-03
 1.19500060E+03 6.46305960E-03
 1.19575230E+03 6.07525330E-03
 1.19650500E+03 6.33961430E-03
 1.19725870E+03 6.23705530E-03
 1.19801320E+03 6.01874380E-03
 1.19876640E+03 6.45575750E-03
 1.19952050E+03 6.85414580E-03
 1.20027560E+03 6.53501960E-03
 1.20103160E+03 6.43995510E-03
 1.20178860E+03 6.35655340E-03
 1.20254410E+03 6.34873170E-03
 1.20330060E+03 4.50698600E-03
 1.20405800E+03 4.88071840E-03
 1.20481640E+03 6.22485700E-03
 1.20557580E+03 5.00870060E-03
 1.20633370E+03 5.86500170E-03
 1.20709250E+03 5.89942030E-03
 1.20785240E+03 6.00560030E-03
 1.20861320E+03 5.99470710E-03
 1.20937490E+03 5.62673570E-03
 1.21013520E+03 5.36392460E-03
 1.21089650E+03 5.69045890E-03
 1.21165870E+03 6.47392640E-03
 1.21242190E+03 6.03645450E-03
 1.21318600E+03 4.21622040E-03
 1.21394870E+03 4.58998390E-03
 1.21471240E+03 5.65153160E-03
 1.21547700E+03 4.97203310E-03
 1.21624260E+03 6.28572770E-03
 1.21700910E+03 5.33898470E-03
 1.21777420E+03 4.97956200E-03
 1.21854030E+03 6.93315250E-03
 1.21930730E+03 6.32668130E-03
 1.22007530E+03 5.59663920E-03
 1.22084430E+03 4.36579340E-03
 1.22161180E+03 6.23491850E-03
 1.22238030E+03 5.70295110E-03
 1.22314980E+03 4.35687130E-03
 1.22392020E+03 7.45824340E-04
 1.22469160E+03 1.08271240E-04
 1.22546150E+03 1.17701720E-04
 1.22623240E+03 1.54755030E-04
 1.22700430E+03 2.02632380E-04
 1.22777710E+03 2.51186750E-04
 1.22855100E+03 2.73963580E-04
 1.22932330E+03 2.76607610E-04
 1.23009670E+03 2.93670300E-04
 1.23087100E+03 3.33925080E-04
 1.23164620E+03 4.03486440E-04
 1.23242250E+03 5.07034330E-04
 1.23319730E+03 6.45687170E-04
 1.23397310E+03 8.38929430E-04
 1.23474980E+03 1.11056410E-03
 1.23552750E+03 1.47146150E-03
 1.23630620E+03 1.92181360E-03
 1.23708350E+03 2.47703730E-03
 1.23786170E+03 3.10651350E-03
 1.23864090E+03 3.79344630E-03
 1.23942110E+03 4.55334710E-03
 1.24020220E+03 5.37506470E-03
 1.24098190E+03 6.26175590E-03
 1.24176260E+03 7.31024210E-03
 1.24254420E+03 8.80097930E-03
 1.24332690E+03 1.13745390E-02
 1.24411050E+03 9.03530090E-03
 1.24489260E+03 1.01997680E-02
 1.24567580E+03 9.63384130E-03
 1.24645990E+03 9.80782770E-03
 1.24724500E+03 9.45027880E-03
 1.24803110E+03 8.79607270E-03
 1.24881570E+03 7.27701950E-03
 1.24960130E+03 7.55624730E-03
 1.25038790E+03 5.34320710E-03
 1.25117540E+03 6.95297760E-03
 1.25196400E+03 6.25097720E-03
 1.25275110E+03 5.08406280E-03
 1.25353920E+03 4.98012430E-03
 1.25432820E+03 6.69274920E-03
 1.25511830E+03 5.08915830E-03
 1.25590930E+03 5.93089970E-03
 1.25669890E+03 5.77341340E-03
 1.25748940E+03 4.82895100E-03
 1.25828100E+03 5.67852740E-03
 1.25907350E+03 4.70617780E-03
 1.25986710E+03 4.74959670E-03
 1.26065910E+03 4.34851150E-03
 1.26145220E+03 6.32495830E-03
 1.26224620E+03 6.17844230E-03
 1.26304130E+03 5.72138800E-03
 1.26383730E+03 5.58464140E-03
 1.26463190E+03 5.37857360E-03
 1.26542740E+03 4.95687050E-03
 1.26622400E+03 6.02800110E-03
 1.26702150E+03 5.87891080E-03
 1.26782010E+03 3.92978410E-03
 1.26861710E+03 5.54211100E-03
 1.26941520E+03 4.21761330E-03
 1.27021420E+03 4.10570570E-03
 1.27101430E+03 3.92165580E-03
 1.27181540E+03 4.37349060E-03
 1.27261490E+03 5.02419720E-03
 1.27341550E+03 4.97468710E-03
 1.27421710E+03 4.90670340E-03
 1.27501960E+03 5.62864200E-03
 1.27582320E+03 5.35958110E-03
 1.27662530E+03 4.58865520E-03
 1.27742840E+03 6.14173330E-03
 1.27823250E+03 4.48880540E-03
 1.27903760E+03 5.27851810E-03
 1.27984380E+03 6.18771210E-03
 1.28064840E+03 4.79142590E-03
 1.28145400E+03 5.65951140E-03
 1.28226060E+03 4.28527110E-03
 1.28306830E+03 5.74312130E-03
 1.28387690E+03 4.71711780E-03
 1.28468410E+03 5.30518160E-03
 1.28549220E+03 6.25034640E-03
 1.28630140E+03 5.49762840E-03
 1.28711160E+03 4.85093930E-03
 1.28792280E+03 6.17080980E-03
 1.28873250E+03 6.07299240E-03
 1.28954320E+03 5.54542760E-03
 1.29035490E+03 4.81769920E-03
 1.29116770E+03 4.28950560E-03
 1.29198150E+03 4.67047910E-03
 1.29279370E+03 5.80406500E-03
 1.29360700E+03 5.68916430E-03
 1.29442130E+03 4.93960740E-03
 1.29523660E+03 4.27456840E-03
 1.29605290E+03 5.38389270E-03
 1.29686770E+03 4.51199510E-03
 1.29768350E+03 5.96028650E-03
 1.29850040E+03 6.20419800E-03
 1.29931830E+03 6.05873840E-03
 1.30013720E+03 5.96519590E-03
 1.30095450E+03 4.24778160E-03
 1.30177290E+03 4.21807590E-03
 1.30259240E+03 6.23577940E-03
 1.30341280E+03 5.02286440E-03
 1.30423430E+03 6.12133860E-03
 1.30505420E+03 6.04027710E-03
 1.30587520E+03 5.65992710E-03
 1.30669720E+03 4.23080360E-03
 1.30752030E+03 4.50086170E-03
 1.30834440E+03 5.02970700E-03
 1.30916690E+03 6.13625170E-03
 1.30999040E+03 5.41241940E-03
 1.31081500E+03 5.91308640E-03
 1.31164070E+03 5.84974650E-03
 1.31246730E+03 6.10204580E-03
 1.31329250E+03 3.85535410E-03
 1.31411860E+03 5.94823040E-03
 1.31494580E+03 4.49717960E-03
 1.31577410E+03 5.76936780E-03
 1.31660330E+03 5.91352830E-03
 1.31743110E+03 3.71110560E-03
 1.31825980E+03 4.42200790E-03
 1.31908960E+03 5.60639850E-03
 1.31992050E+03 4.95415530E-03
 1.32075240E+03 4.64444150E-03
 1.32158270E+03 5.37290890E-03
 1.32241410E+03 5.69261040E-03
 1.32324650E+03 3.14244930E-03
 1.32407990E+03 4.87803590E-03
 1.32491450E+03 5.86046340E-03
 1.32574740E+03 3.60169310E-03
 1.32658140E+03 4.96137040E-03
 1.32741640E+03 5.07203670E-03
 1.32825250E+03 5.17685910E-03
 1.32908970E+03 3.86239180E-03
 1.32992520E+03 5.47177880E-03
 1.33076190E+03 4.83240050E-03
 1.33159950E+03 3.08172150E-03
 1.33243830E+03 4.82618490E-03
 1.33327810E+03 4.08817140E-03
 1.33411630E+03 3.93417870E-03
 1.33495550E+03 3.57124580E-03
 1.33579580E+03 3.73379600E-03
 1.33663720E+03 3.96584720E-03
 1.33747960E+03 3.92805680E-03
 1.33832050E+03 3.73864360E-03
 1.33916240E+03 5.80015790E-03
 1.34000530E+03 5.28571370E-03
 1.34084940E+03 5.26166470E-03
 1.34169440E+03 4.98522100E-03
 1.34253790E+03 4.24920260E-03
 1.34338250E+03 4.49862960E-03
 1.34422810E+03 6.94618230E-03
 1.34507480E+03 6.57115060E-03
 1.34592250E+03 6.34467130E-03
 1.34676870E+03 6.21454380E-03
 1.34761590E+03 5.66010040E-03
 1.34846420E+03 6.06037080E-03
 1.34931350E+03 5.89138150E-03
 1.35016400E+03 5.91090870E-03
 1.35101280E+03 5.11158990E-03
 1.35186270E+03 5.89765190E-03
 1.35271360E+03 5.93767880E-03
 1.35356560E+03 5.88182140E-03
 1.35441870E+03 5.90439090E-03
 1.35527020E+03 3.90219620E-03
 1.35612280E+03 5.59133620E-03
 1.35697640E+03 4.39963580E-03
 1.35783110E+03 2.78974200E-03
 1.35868690E+03 1.85432800E-03
 1.35954110E+03 9.59397380E-04
 1.36039640E+03 6.41570770E-04
 1.36125270E+03 7.29984630E-04
 1.36211010E+03 9.38340960E-04
 1.36296860E+03 1.17742990E-03
 1.36382540E+03 1.45236200E-03
 1.36468340E+03 1.78516720E-03
 1.36554240E+03 2.18286910E-03
 1.36640250E+03 2.65511580E-03
 1.36726370E+03 3.21348750E-03
 1.36812330E+03 3.84564380E-03
 1.36898390E+03 4.59098810E-03
 1.36984570E+03 5.54875980E-03
 1.37070850E+03 6.81067990E-03
 1.37157240E+03 8.74772830E-03
 1.37243470E+03 9.71700510E-03
 1.37329800E+03 8.92619810E-03
 1.37416250E+03 6.43373670E-03
 1.37502800E+03 8.65767700E-03
 1.37589460E+03 8.28879120E-03
 1.37675960E+03 8.06769890E-03
 1.37762570E+03 7.15393170E-03
 1.37849290E+03 5.33359640E-03
 1.37936110E+03 7.06057880E-03
 1.38023050E+03 6.70239550E-03
 1.38109820E+03 6.54578750E-03
 1.38196700E+03 6.06616880E-03
 1.38283690E+03 6.11577190E-03
 1.38370790E+03 5.87845060E-03
 1.38458000E+03 5.80516620E-03
 1.38545050E+03 5.74572700E-03
 1.38632200E+03 5.73781160E-03
 1.38719470E+03 4.85421480E-03
 1.38806840E+03 4.59551030E-03
 1.38894330E+03 3.87977150E-03
 1.38981650E+03 5.34639120E-03
 1.39069080E+03 3.11237930E-03
 1.39156620E+03 5.52913570E-03
 1.39244270E+03 4.27238100E-03
 1.39332030E+03 4.98456610E-03
 1.39419620E+03 3.98550300E-03
 1.39507330E+03 5.54255650E-03
 1.39595140E+03 5.83731080E-03
 1.39683070E+03 5.76678130E-03
 1.39771100E+03 3.85362840E-03
 1.39858980E+03 5.86662590E-03
 1.39946960E+03 5.84478750E-03
 1.40035050E+03 5.64774220E-03
 1.40123250E+03 4.33609890E-03
 1.40211570E+03 5.47659490E-03
 1.40299710E+03 5.92866450E-03
 1.40387970E+03 4.87854350E-03
 1.40476340E+03 4.58437950E-03
 1.40564820E+03 5.83331090E-03
 1.40653420E+03 4.43644250E-03
 1.40741840E+03 4.23163770E-03
 1.40830380E+03 5.81705460E-03
 1.40919030E+03 3.26788810E-03
 1.41007790E+03 5.55830260E-03
 1.41096660E+03 5.81225900E-03
 1.41185360E+03 5.58964330E-03
 1.41274180E+03 5.78381420E-03
 1.41363110E+03 5.77070640E-03
 1.41452150E+03 5.54759570E-03
 1.41541300E+03 5.58582220E-03
 1.41630280E+03 4.42282100E-03
 1.41719380E+03 5.54588290E-03
 1.41808590E+03 3.23917680E-03
 1.41897910E+03 5.59474840E-03
 1.41987340E+03 5.67022860E-03
 1.42076600E+03 4.42526800E-03
 1.42165980E+03 5.03594330E-03
 1.42255470E+03 4.73438210E-03
 1.42345070E+03 5.71686450E-03
 1.42434790E+03 5.31187810E-03
 1.42524330E+03 5.67567300E-03
 1.42613990E+03 5.03404520E-03
 1.42703760E+03 5.64167140E-03
 1.42793640E+03 5.61890670E-03
 1.42883640E+03 5.56796300E-03
 1.42973470E+03 5.06082320E-03
 1.43063410E+03 3.73423360E-03
 1.43153460E+03 5.37075500E-03
 1.43243630E+03 5.73455350E-03
 1.43333910E+03 5.55902210E-03
 1.43424020E+03 5.70218940E-03
 1.43514250E+03 5.32997790E-03
 1.43604580E+03 5.69439680E-03
 1.43695040E+03 5.15688940E-03
 1.43785600E+03 5.67402250E-03
 1.43876000E+03 5.64559780E-03
 1.43966500E+03 5.62384240E-03
 1.44057130E+03 3.58611140E-03
 1.44147860E+03 5.58570470E-03
 1.44238710E+03 5.61547770E-03
 1.44329390E+03 5.62896210E-03
 1.44420190E+03 5.62680890E-03
 1.44511100E+03 5.61414320E-03
 1.44602120E+03 5.53385680E-03
 1.44693260E+03 5.53780020E-03
 1.44784220E+03 5.52044970E-03
 1.44875300E+03 3.60601800E-03
 1.44966490E+03 5.12062250E-03
 1.45057800E+03 4.97239870E-03
 1.45149230E+03 5.19821860E-03
 1.45240480E+03 5.43253560E-03
 1.45331850E+03 5.17454370E-03
 1.45423330E+03 3.67447780E-03
 1.45514930E+03 5.12099540E-03
 1.45606640E+03 3.72557030E-03
 1.45698180E+03 5.61472810E-03
 1.45789830E+03 5.59407730E-03
 1.45881600E+03 5.21669460E-03
 1.45973490E+03 3.13217650E-03
 1.46065490E+03 3.75357670E-03
 1.46157320E+03 5.59927600E-03
 1.46249260E+03 5.17857990E-03
 1.46341320E+03 5.57918940E-03
 1.46433500E+03 5.46354140E-03
 1.46525790E+03 4.79852770E-03
 1.46617910E+03 5.55877090E-03
 1.46710140E+03 5.26528190E-03
 1.46802490E+03 5.49874050E-03
 1.46894950E+03 2.90574870E-03
 1.46987540E+03 5.55054620E-03
 1.47079940E+03 5.29553030E-03
 1.47172470E+03 5.50086550E-03
 1.47265110E+03 5.49277410E-03
 1.47357860E+03 5.52754600E-03
 1.47450740E+03 5.50948130E-03
 1.47543440E+03 5.46519950E-03
 1.47636250E+03 5.49249390E-03
 1.47729190E+03 5.39570330E-03
 1.47822240E+03 4.92102550E-03
 1.47915400E+03 5.48072840E-03
 1.48008390E+03 5.54917780E-03
 1.48101500E+03 5.53722880E-03
 1.48194730E+03 5.52354600E-03
 1.48288070E+03 5.34798780E-03
 1.48381530E+03 5.50820980E-03
 1.48474810E+03 4.91914360E-03
 1.48568210E+03 5.49369900E-03
 1.48661730E+03 5.24587930E-03
 1.48755370E+03 5.49559770E-03
 1.48849130E+03 4.76285780E-03
 1.48942700E+03 5.41845050E-03
 1.49036400E+03 5.18862990E-03
 1.49130210E+03 5.47762170E-03
 1.49224140E+03 4.97922110E-03
 1.49318200E+03 5.41047160E-03
 1.49412070E+03 5.45112850E-03
 1.49506060E+03 5.44348860E-03
 1.49600170E+03 5.41738450E-03
 1.49694400E+03 4.24031630E-03
 1.49788740E+03 4.06187060E-03
 1.49882910E+03 5.43691040E-03
 1.49977200E+03 5.41350750E-03
 1.50071600E+03 5.19977250E-03
 1.50166130E+03 3.33391800E-03
 1.50260770E+03 5.41672400E-03
 1.50355240E+03 3.39160040E-03
 1.50449820E+03 5.43220850E-03
 1.50544530E+03 5.40075840E-03
 1.50639350E+03 5.41385120E-03
 1.50734290E+03 5.40080100E-03
 1.50829060E+03 5.22631970E-03
 1.50923940E+03 5.40375380E-03
 1.51018940E+03 5.31656870E-03
 1.51114060E+03 4.87928060E-03
 1.51209300E+03 5.39223640E-03
 1.51304360E+03 5.37438710E-03
 1.51399550E+03 4.56159200E-03
 1.51494850E+03 5.13938700E-03
 1.51590270E+03 5.07584030E-03
 1.51685810E+03 4.33208170E-03
 1.51781170E+03 3.38377160E-03
 1.51876650E+03 4.48070180E-03
 1.51972250E+03 4.21902630E-03
 1.52067980E+03 5.36475450E-03
 1.52163820E+03 5.36049670E-03
 1.52259480E+03 5.32509640E-03
 1.52355260E+03 5.33563270E-03
 1.52451170E+03 5.33163550E-03
 1.52547190E+03 5.30906770E-03
 1.52643330E+03 4.52407430E-03
 1.52739300E+03 1.03246200E-03
 1.52835380E+03 8.60066610E-06
 1.52931590E+03 5.49706620E-06
 1.53027910E+03 3.87015660E-06
 1.53124360E+03 3.87609720E-06
 1.53220630E+03 3.74002020E-06
 1.53317010E+03 4.31520050E-06
 1.53413520E+03 6.46409720E-06
 1.53510150E+03 1.26504490E-05
 1.53606900E+03 3.44929130E-05
 1.53703470E+03 9.85784630E-05
 1.53800160E+03 2.45995160E-04
 1.53896970E+03 5.05062470E-04
 1.53993910E+03 8.68375390E-04
 1.54090970E+03 1.30357840E-03
 1.54187840E+03 1.80628760E-03
 1.54284830E+03 2.37757480E-03
 1.54381950E+03 2.95704280E-03
 1.54479190E+03 3.54391910E-03
 1.54576550E+03 4.19640950E-03
 1.54673730E+03 4.84645560E-03
 1.54771030E+03 5.55272820E-03
 1.54868460E+03 6.34536050E-03
 1.54966000E+03 7.04544500E-03
 1.55063670E+03 8.27571670E-03
 1.55161160E+03 1.02508400E-02
 1.55258760E+03 9.86585820E-03
 1.55356500E+03 9.37916920E-03
 1.55454350E+03 8.93396420E-03
 1.55552330E+03 8.03353290E-03
 1.55650120E+03 8.15174050E-03
 1.55748030E+03 7.81209450E-03
 1.55846070E+03 7.26438820E-03
 1.55944230E+03 7.18648430E-03
 1.56042520E+03 6.92156530E-03
 1.56140620E+03 5.81265120E-03
 1.56238840E+03 6.36278830E-03
 1.56337190E+03 6.18826800E-03
 1.56435660E+03 5.97148400E-03
 1.56534260E+03 5.31025900E-03
 1.56632670E+03 5.70449300E-03
 1.56731200E+03 5.54186830E-03
 1.56829860E+03 5.37694960E-03
 1.56928640E+03 5.27295730E-03
 1.57027550E+03 3.01775460E-03
 1.57126270E+03 5.18812520E-03
 1.57225110E+03 3.51904120E-03
 1.57324080E+03 5.15437580E-03
 1.57423170E+03 4.40141930E-03
 1.57522390E+03 5.13095120E-03
 1.57621420E+03 3.64541300E-03
 1.57720570E+03 5.12694910E-03
 1.57819850E+03 5.13147180E-03
 1.57919260E+03 4.38164620E-03
 1.58018790E+03 5.11160940E-03
 1.58118130E+03 5.08714760E-03
 1.58217600E+03 5.05110590E-03
 1.58317190E+03 4.62407910E-03
 1.58416910E+03 5.12752890E-03
 1.58516760E+03 5.10608320E-03
 1.58616410E+03 4.42907090E-03
 1.58716190E+03 5.12409780E-03
 1.58816100E+03 5.13106190E-03
 1.58916130E+03 5.12003910E-03
 1.59016290E+03 5.11679310E-03
 1.59116260E+03 5.05554390E-03
 1.59216360E+03 5.10965640E-03
 1.59316580E+03 5.07985810E-03
 1.59416930E+03 5.08394830E-03
 1.59517400E+03 5.09483470E-03
 1.59617690E+03 5.08105150E-03
 1.59718100E+03 5.07757270E-03
 1.59818630E+03 5.07354370E-03
 1.59919300E+03 5.07596480E-03
 1.60020090E+03 5.07140430E-03
 1.60120690E+03 4.85797670E-03
 1.60221420E+03 5.05828120E-03
 1.60322270E+03 3.29673230E-03
 1.60423250E+03 5.04982120E-03
 1.60524360E+03 5.04569360E-03
 1.60625280E+03 4.85823990E-03
 1.60726330E+03 5.03742320E-03
 1.60827500E+03 4.50653770E-03
 1.60928800E+03 4.85945490E-03
 1.61030220E+03 5.03927940E-03
 1.61131460E+03 4.21799560E-03
 1.61232820E+03 5.02995180E-03
 1.61334320E+03 4.19249440E-03
 1.61435930E+03 5.00113960E-03
 1.61537680E+03 3.15665210E-03
 1.61639240E+03 4.48212440E-03
 1.61740920E+03 4.90510350E-03
 1.61842730E+03 4.72873840E-03
 1.61944670E+03 3.89615540E-03
 1.62046740E+03 5.00289110E-03
 1.62148610E+03 4.87590620E-03
 1.62250610E+03 4.98885720E-03
 1.62352750E+03 3.30918800E-03
 1.62455010E+03 4.99427920E-03
 1.62557400E+03 4.98762770E-03
 1.62659590E+03 4.99339400E-03
 1.62761920E+03 4.98914700E-03
 1.62864370E+03 4.98261390E-03
 1.62966950E+03 4.67755060E-03
 1.63069660E+03 4.67286530E-03
 1.63172180E+03 4.08919660E-03
 1.63274830E+03 4.97629540E-03
 1.63377610E+03 4.97017360E-03
 1.63480510E+03 4.99177180E-03
 1.63583550E+03 4.98643330E-03
 1.63686390E+03 4.97767260E-03
 1.63789360E+03 4.89298180E-03
 1.63892460E+03 4.80631140E-03
 1.63995690E+03 4.15267460E-03
 1.64099050E+03 5.12563800E-03
 1.64202210E+03 5.06821100E-03
 1.64305510E+03 5.00989110E-03
 1.64408940E+03 3.60671860E-03
 1.64512490E+03 4.92343620E-03
 1.64616180E+03 4.94118040E-03
 1.64719670E+03 4.92254100E-03
 1.64823290E+03 4.87347920E-03
 1.64927040E+03 4.90677720E-03
 1.65030920E+03 4.91554510E-03
 1.65134930E+03 4.90189360E-03
 1.65238750E+03 4.84158760E-03
 1.65342700E+03 4.91141460E-03
 1.65446770E+03 4.82796420E-03
 1.65550980E+03 4.61618800E-03
 1.65655320E+03 4.88853080E-03
 1.65759470E+03 3.81364180E-03
 1.65863740E+03 4.82780780E-03
 1.65968150E+03 4.87087180E-03
 1.66072690E+03 4.83948940E-03
 1.66177360E+03 4.86235390E-03
 1.66281830E+03 4.81522230E-03
 1.66386430E+03 4.85728530E-03
 1.66491170E+03 4.85349650E-03
 1.66596030E+03 4.83912200E-03
 1.66701030E+03 4.84602310E-03
 1.66805830E+03 4.84241810E-03
 1.66910770E+03 4.83866120E-03
 1.67015830E+03 4.83502020E-03
 1.67121030E+03 4.66917960E-03
 1.67226360E+03 4.82700630E-03
 1.67331490E+03 4.81865890E-03
 1.67436750E+03 4.79498150E-03
 1.67542150E+03 3.90839900E-03
 1.67647680E+03 3.71282440E-03
 1.67753340E+03 4.60180960E-03
 1.67858800E+03 4.79706230E-03
 1.67964400E+03 4.79864020E-03
 1.68070130E+03 4.60767410E-03
 1.68175990E+03 4.79436740E-03
 1.68281980E+03 4.77420010E-03
 1.68387780E+03 4.79011880E-03
 1.68493710E+03 4.76968370E-03
 1.68599770E+03 4.78246780E-03
 1.68705960E+03 4.41440460E-03
 1.68812290E+03 4.71115930E-03
 1.68918420E+03 4.77047430E-03
 1.69024680E+03 4.76705590E-03
 1.69131080E+03 4.75134380E-03
 1.69237610E+03 4.75899550E-03
 1.69344270E+03 4.75293430E-03
 1.69450730E+03 4.75164720E-03
 1.69557330E+03 4.74412530E-03
 1.69664060E+03 4.70991850E-03
 1.69770930E+03 4.72199480E-03
 1.69877930E+03 4.29146990E-03
 1.69984730E+03 3.81307030E-03
 1.70091660E+03 4.64623400E-03
 1.70198730E+03 4.53782860E-03
 1.70305930E+03 3.99185640E-03
 1.70413270E+03 4.46660740E-03
 1.70520400E+03 4.45855220E-03
 1.70627670E+03 4.34988470E-03
 1.70735080E+03 4.37049680E-03
 1.70842620E+03 4.37058170E-03
 1.70950290E+03 4.38803530E-03
 1.71057760E+03 4.41917950E-03
 1.71165370E+03 4.42307460E-03
 1.71273110E+03 4.45441010E-03
 1.71380990E+03 4.45827130E-03
 1.71489010E+03 4.44898150E-03
 1.71596820E+03 4.39589240E-03
 1.71704770E+03 4.22230100E-03
 1.71812850E+03 3.43247340E-03
 1.71921070E+03 5.26877450E-03
 1.72029420E+03 4.85231040E-03
 1.72137570E+03 4.98653910E-03
 1.72245860E+03 4.85243120E-03
 1.72354280E+03 4.87437870E-03
 1.72462840E+03 4.83556740E-03
 1.72571540E+03 4.79837120E-03
 1.72680030E+03 4.76184030E-03
 1.72788660E+03 4.66377370E-03
 1.72897430E+03 4.68329710E-03
 1.73006330E+03 4.58977730E-03
 1.73115370E+03 3.90331820E-03
 1.73224200E+03 4.62163540E-03
 1.73333170E+03 4.66190610E-03
 1.73442280E+03 4.60139190E-03
 1.73551520E+03 4.62272550E-03
 1.73660910E+03 4.60309810E-03
 1.73770080E+03 4.60316740E-03
 1.73879400E+03 3.40175650E-03
 1.73988850E+03 4.59755360E-03
 1.74098440E+03 4.59098720E-03
 1.74208170E+03 4.58146790E-03
 1.74317690E+03 4.57162570E-03
 1.74427350E+03 4.55643330E-03
 1.74537140E+03 4.49224330E-03
 1.74647080E+03 4.63107850E-03
 1.74757150E+03 3.77762340E-03
 1.74867020E+03 4.58246580E-03
 1.74977020E+03 4.57739330E-03
 1.75087160E+03 4.57117360E-03
 1.75197440E+03 4.56633840E-03
 1.75307860E+03 4.54886490E-03
 1.75418080E+03 4.44590850E-03
 1.75528430E+03 4.55384160E-03
 1.75638920E+03 4.54899460E-03
 1.75749550E+03 4.52570200E-03
 1.75860310E+03 4.53594620E-03
 1.75970870E+03 4.53038680E-03
 1.76081570E+03 3.98891050E-03
 1.76192410E+03 4.49445710E-03
 1.76303390E+03 4.54412740E-03
 1.76414500E+03 4.52326540E-03
 1.76525410E+03 4.31782630E-03
 1.76636460E+03 4.53884020E-03
 1.76747650E+03 4.52769740E-03
 1.76858970E+03 4.52090090E-03
 1.76970440E+03 4.51459220E-03
 1.77081700E+03 4.48289290E-03
 1.77193100E+03 4.50738000E-03
 1.77304630E+03 4.06238600E-03
 1.77416310E+03 4.08311200E-03
 1.77528130E+03 4.49152520E-03
 1.77639740E+03 4.28355330E-03
 1.77751490E+03 4.39968040E-03
 1.77863370E+03 4.48319220E-03
 1.77975400E+03 4.47299100E-03
 1.78087580E+03 4.47616060E-03
 1.78199540E+03 4.47210960E-03
 1.78311640E+03 4.46849580E-03
 1.78423880E+03 4.46403400E-03
 1.78536260E+03 4.45282910E-03
 1.78648780E+03 3.85745270E-03
 1.78761100E+03 4.45730640E-03
 1.78873550E+03 4.45338300E-03
 1.78986150E+03 4.44950760E-03
 1.79098880E+03 4.44285030E-03
 1.79211760E+03 4.44239620E-03
 1.79324430E+03 4.42994000E-03
 1.79437240E+03 4.43299720E-03
 1.79550190E+03 4.43105930E-03
 1.79663280E+03 4.42602220E-03
 1.79776510E+03 4.42142670E-03
 1.79889540E+03 3.07947650E-03
 1.80002700E+03 4.39077730E-03
 1.80116010E+03 4.41280730E-03
 1.80229450E+03 4.30365300E-03
 1.80343050E+03 4.40162180E-03
 1.80456420E+03 4.39591030E-03
 1.80569940E+03 4.39062980E-03
 1.80683610E+03 4.31607930E-03
 1.80797410E+03 4.35577960E-03
 1.80911360E+03 4.35517650E-03
 1.81025100E+03 3.87025780E-03
 1.81138980E+03 4.24176180E-03
 1.81253000E+03 4.18305430E-03
 1.81367160E+03 4.29923500E-03
 1.81481470E+03 4.34066520E-03
 1.81595560E+03 4.38125380E-03
 1.81709800E+03 4.38103490E-03
 1.81824180E+03 4.36892870E-03
 1.81938710E+03 4.36065230E-03
 1.82053370E+03 4.32585980E-03
 1.82167830E+03 4.35082410E-03
 1.82282420E+03 4.34596330E-03
 1.82397170E+03 4.34368390E-03
 1.82512050E+03 4.28367680E-03
 1.82627080E+03 4.25859410E-03
 1.82741890E+03 4.23848520E-03
 1.82856850E+03 4.32637200E-03
 1.82971950E+03 4.33440130E-03
 1.83087200E+03 4.32472290E-03
 1.83202600E+03 4.32013730E-03
 1.83317770E+03 4.29160450E-03
 1.83433090E+03 4.31510040E-03
 1.83548560E+03 4.30084730E-03
 1.83664170E+03 4.29831940E-03
 1.83779920E+03 4.30660100E-03
 1.83895460E+03 4.30017490E-03
 1.84011150E+03 4.12564380E-03
 1.84126970E+03 4.26773400E-03
 1.84242950E+03 4.11972600E-03
 1.84359070E+03 4.28235250E-03
 1.84474970E+03 4.28505680E-03
 1.84591020E+03 3.98348630E-03
 1.84707220E+03 2.80151410E-03
 1.84823560E+03 4.27343780E-03
 1.84940040E+03 4.24129600E-03
 1.85056310E+03 3.99876730E-03
 1.85172720E+03 4.25845690E-03
 1.85289290E+03 4.25167830E-03
 1.85405990E+03 4.07596870E-03
 1.85522850E+03 4.04713580E-03
 1.85639480E+03 4.25090350E-03
 1.85756260E+03 4.24039450E-03
 1.85873190E+03 4.24359070E-03
 1.85990260E+03 4.23899330E-03
 1.86107490E+03 4.23584310E-03
 1.86224490E+03 4.22783890E-03
 1.86341640E+03 4.01104740E-03
 1.86458930E+03 4.22574430E-03
 1.86576380E+03 4.22082220E-03
 1.86693970E+03 4.21921180E-03
 1.86811340E+03 4.12027670E-03
 1.86928860E+03 4.20540920E-03
 1.87046520E+03 4.18082610E-03
 1.87164340E+03 4.23658550E-03
 1.87282300E+03 4.19554330E-03
 1.87400040E+03 4.19109280E-03
 1.87517930E+03 3.77529920E-03
 1.87635960E+03 4.19243530E-03
 1.87754150E+03 3.64384170E-03
 1.87872480E+03 4.18359870E-03
 1.87990600E+03 4.17820870E-03
 1.88108860E+03 4.16436940E-03
 1.88227260E+03 4.16019330E-03
 1.88345820E+03 4.13246460E-03
 1.88464530E+03 4.12603580E-03
 1.88583010E+03 3.45901480E-03
 1.88701640E+03 4.16499050E-03
 1.88820430E+03 4.13513710E-03
 1.88939360E+03 4.15220730E-03
 1.89058440E+03 4.14692940E-03
 1.89177300E+03 4.14556360E-03
 1.89296300E+03 3.98209270E-03
 1.89415460E+03 4.11749850E-03
 1.89534760E+03 3.86156430E-03
 1.89654220E+03 4.11342600E-03
 1.89773450E+03 4.12791460E-03
 1.89892830E+03 4.11503860E-03
 1.90012360E+03 4.11630020E-03
 1.90132050E+03 4.05724520E-03
 1.90251880E+03 4.10531090E-03
 1.90371490E+03 4.11338400E-03
 1.90491240E+03 4.10913070E-03
 1.90611150E+03 4.10092820E-03
 1.90731210E+03 4.10529310E-03
 1.90851420E+03 3.39201220E-03
 1.90971410E+03 4.09707150E-03
 1.91091540E+03 4.06536120E-03
 1.91211830E+03 4.08997330E-03
 1.91332260E+03 4.08611680E-03
 1.91452850E+03 4.06912040E-03
 1.91573220E+03 4.07990220E-03
 1.91693730E+03 4.06480340E-03
 1.91814390E+03 4.07201260E-03
 1.91935210E+03 4.06844100E-03
 1.92056180E+03 3.95304870E-03
 1.92176920E+03 3.73192390E-03
 1.92297820E+03 3.73162880E-03
 1.92418860E+03 4.05332160E-03
 1.92540060E+03 4.05405390E-03
 1.92661410E+03 4.05034240E-03
 1.92782530E+03 4.05066810E-03
 1.92903810E+03 3.66305780E-03
 1.93025230E+03 4.03850650E-03
 1.93146810E+03 4.03630240E-03
 1.93268550E+03 4.03263290E-03
 1.93390050E+03 4.01966330E-03
 1.93511710E+03 4.02592310E-03
 1.93633510E+03 4.02231010E-03
 1.93755480E+03 4.01943330E-03
 1.93877590E+03 3.95946190E-03
 1.93999480E+03 4.01309860E-03
 1.94121520E+03 4.00929630E-03
 1.94243710E+03 3.81309220E-03
 1.94366060E+03 4.00264150E-03
 1.94488560E+03 3.97789380E-03
 1.94610830E+03 3.86016700E-03
 1.94733260E+03 4.01020500E-03
 1.94855840E+03 3.98667990E-03
 1.94978570E+03 3.98776000E-03
 1.95101460E+03 3.97726660E-03
 1.95224110E+03 3.97967610E-03
 1.95346920E+03 3.97623950E-03
 1.95469890E+03 3.96537980E-03
 1.95593010E+03 3.96884120E-03
 1.95716280E+03 3.96639810E-03
 1.95839320E+03 3.75322310E-03
 1.95962520E+03 3.95969930E-03
 1.96085870E+03 3.94031020E-03
 1.96209380E+03 3.87520010E-03
 1.96333040E+03 3.88507530E-03
 1.96456470E+03 3.94588640E-03
 1.96580060E+03 3.83841480E-03
 1.96703800E+03 3.93561840E-03
 1.96827700E+03 3.93792840E-03
 1.96951750E+03 3.93596980E-03
 1.97075570E+03 3.93475660E-03
 1.97199540E+03 3.93779590E-03
 1.97323680E+03 3.94285490E-03
 1.97447960E+03 3.94195520E-03
 1.97572410E+03 4.01303030E-03
 1.97696620E+03 3.92729020E-03
 1.97820980E+03 3.91446090E-03
 1.97945500E+03 3.85360170E-03
 1.98070180E+03 3.90398690E-03
 1.98195020E+03 3.90047350E-03
 1.98319620E+03 3.89751150E-03
 1.98444380E+03 3.89466930E-03
 1.98569290E+03 3.87613920E-03
 1.98694360E+03 3.80931930E-03
 1.98819590E+03 3.89663260E-03
 1.98944590E+03 3.90751830E-03
 1.99069740E+03 3.93678640E-03
 1.99195040E+03 3.93810360E-03
 1.99320510E+03 3.93605600E-03
 1.99446130E+03 3.89057950E-03
 1.99571520E+03 3.87290290E-03
 1.99697070E+03 3.82356770E-03
 1.99822770E+03 3.77043500E-03
 1.99948630E+03 3.78112690E-03
 2.00074650E+03 3.85037100E-03
 2.00200430E+03 3.84042870E-03
 2.00326370E+03 3.56898770E-03
 2.00452470E+03 3.83997510E-03
 2.00578730E+03 3.77486710E-03
 2.00705150E+03 3.83401090E-03
 2.00831330E+03 3.83068640E-03
 2.00957660E+03 3.82682810E-03
 2.01084160E+03 3.81301440E-03
 2.01210820E+03 3.82055830E-03
 2.01337630E+03 3.81746540E-03
 2.01464210E+03 3.81344100E-03
 2.01590940E+03 3.81116160E-03
 2.01717840E+03 3.80781140E-03
 2.01844890E+03 3.80454910E-03
 2.01972110E+03 3.80124610E-03
 2.02099080E+03 3.79524790E-03
 2.02226220E+03 3.79390660E-03
 2.02353510E+03 3.79150460E-03
 2.02480970E+03 3.77928440E-03
 2.02608590E+03 3.78484550E-03
 2.02735960E+03 3.55553560E-03
 2.02863500E+03 3.77835500E-03
 2.02991190E+03 3.77057200E-03
 2.03119050E+03 3.77180300E-03
 2.03247070E+03 3.76533170E-03
 2.03374850E+03 3.76528120E-03
 2.03502780E+03 3.77274320E-03
 2.03630880E+03 3.69647620E-03
 2.03759140E+03 3.75499350E-03
 2.03887560E+03 3.75053030E-03
 2.04015740E+03 3.02305630E-03
 2.04144080E+03 3.74185420E-03
 2.04272590E+03 3.74218060E-03
 2.04401250E+03 3.73869120E-03
 2.04530080E+03 3.72584540E-03
 2.04658660E+03 3.73273560E-03
 2.04787400E+03 3.63026560E-03
 2.04916310E+03 3.72600380E-03
 2.05045380E+03 3.80062650E-03
 2.05174610E+03 3.79856340E-03
 2.05303600E+03 3.79446520E-03
 2.05432750E+03 3.79129840E-03
 2.05562070E+03 3.78777010E-03
 2.05691540E+03 3.78493890E-03
 2.05821180E+03 3.78185480E-03
 2.05950580E+03 3.77858710E-03
 2.06080130E+03 3.77523580E-03
 2.06209860E+03 3.76837720E-03
 2.06339740E+03 3.76890910E-03
 2.06469790E+03 3.63262310E-03
 2.06599590E+03 3.76723710E-03
 2.06729560E+03 3.75970880E-03
 2.06859690E+03 3.75637690E-03
 2.06989980E+03 3.75281330E-03
 2.07120440E+03 3.72694850E-03
 2.07250650E+03 3.74736730E-03
 2.07381030E+03 3.74417280E-03
 2.07511570E+03 3.74078550E-03
 2.07642270E+03 3.73729260E-03
 2.07773140E+03 3.72412590E-03
 2.07903760E+03 3.73069690E-03
 2.08034550E+03 3.41108260E-03
 2.08165500E+03 3.72487080E-03
 2.08296620E+03 3.72101730E-03
 2.08427900E+03 3.22846480E-03
 2.08558930E+03 3.71505160E-03
 2.08690130E+03 3.70979680E-03
 2.08821490E+03 3.70910520E-03
 2.08953020E+03 3.70516970E-03
 2.09084720E+03 3.70184920E-03
 2.09216160E+03 3.69709570E-03
 2.09347780E+03 3.69569320E-03
 2.09479550E+03 3.69357160E-03
 2.09611500E+03 3.69013090E-03
 2.09743610E+03 3.68662390E-03
 2.09875470E+03 3.65750040E-03
 2.10007500E+03 3.68117780E-03
 2.10139690E+03 3.67755440E-03
 2.10272050E+03 3.67461970E-03
 2.10404580E+03 3.67004210E-03
 2.10536850E+03 3.66854300E-03
 2.10669290E+03 3.66306390E-03
 2.10801900E+03 3.65649230E-03
 2.10934680E+03 3.65918390E-03
 2.11067630E+03 3.65609480E-03
 2.11200320E+03 3.65277800E-03
 2.11333180E+03 3.27409270E-03
 2.11466210E+03 3.63886920E-03
 2.11599400E+03 3.62986810E-03
 2.11732760E+03 3.55649450E-03
 2.11865880E+03 3.63708580E-03
 2.11999160E+03 3.63390410E-03
 2.12132600E+03 3.58994190E-03
 2.12266220E+03 3.62693930E-03
 2.12400000E+03 3.22653070E-03
 2.12500000E+03 3.62214190E-03
 2.16578550E+03 3.52867240E-03
 2.17500000E+03 3.50796750E-03
 2.22500000E+03 3.39820530E-03
 2.27500000E+03 3.29269770E-03
 2.29567620E+03 3.25027420E-03
 2.32500000E+03 3.19128710E-03
 2.37500000E+03 3.09381660E-03
 2.42500000E+03 3.00013160E-03
 2.44214110E+03 2.96885820E-03
 2.48000000E+03 2.90126930E-03
 2.52261290E+03 2.82757000E-03
 2.53000000E+03 2.81504360E-03
 2.57500000E+03 2.74028870E-03
 2.60856860E+03 2.68621760E-03
 2.60860260E+03 2.68617050E-03
 2.62500000E+03 2.66027080E-03
 2.67500000E+03 2.58331070E-03
 2.72258120E+03 2.51280040E-03
 2.77500000E+03 2.43806750E-03
 2.82500000E+03 2.36953760E-03
 2.84701560E+03 2.34018510E-03
 2.87500000E+03 2.30357910E-03
 2.95000000E+03 2.20922150E-03
 2.98336920E+03 2.16892570E-03
 3.05000000E+03 2.09141500E-03
 3.05656400E+03 2.08398540E-03
 3.13344070E+03 1.99960600E-03
 3.13348980E+03 1.99955240E-03
 3.15000000E+03 1.98204670E-03
 3.20394980E+03 1.92629670E-03
 3.25000000E+03 1.88041160E-03
 3.27770520E+03 1.85353330E-03
 3.35000000E+03 1.78586480E-03
 3.35493630E+03 1.78137070E-03
 3.39493300E+03 1.74553260E-03
 3.43589480E+03 1.70986640E-03
 3.43595380E+03 1.70983640E-03
 3.45000000E+03 1.69784180E-03
 3.48542270E+03 1.66811230E-03
 3.53639930E+03 1.62659860E-03
 3.55000000E+03 1.61576880E-03
 3.58888920E+03 1.58535820E-03
 3.61572280E+03 1.56484450E-03
 3.62000000E+03 1.56160930E-03
 3.64296070E+03 1.54440360E-03
 3.64302710E+03 1.55442800E-03
 3.64701290E+03 1.55145700E-03
 3.64707940E+03 1.66491610E-03
 3.67132800E+03 1.64682860E-03
 3.69596950E+03 1.62873300E-03
 3.69603780E+03 1.62867430E-03
 3.75000000E+03 1.59002530E-03
 3.85000000E+03 1.52178640E-03
 3.95000000E+03 1.45766370E-03
 4.05085030E+03 1.39685550E-03
 4.15000000E+03 1.34057530E-03
 4.25000000E+03 1.28707690E-03
 4.35000000E+03 1.23662430E-03
 4.48111990E+03 1.17473120E-03
 4.55000000E+03 1.14402000E-03
 4.65000000E+03 1.10149180E-03
 4.75000000E+03 1.06125380E-03
 4.85000000E+03 1.02315310E-03
 4.95000000E+03 9.87048590E-04
 5.01365590E+03 9.65045740E-04
 5.05000000E+03 9.52810160E-04
 5.15000000E+03 9.20317330E-04
 5.25000000E+03 8.89458620E-04
 5.33038740E+03 8.65766630E-04
 5.35000000E+03 8.60130690E-04
 5.45000000E+03 8.32237710E-04
 5.55000000E+03 8.05690680E-04
 5.65000000E+03 7.80406910E-04
 5.68983570E+03 7.70669480E-04
 5.68999760E+03 7.73789950E-04
 5.75000000E+03 7.59429370E-04
 5.85000000E+03 7.36382250E-04
 5.95000000E+03 7.14385850E-04
 6.05000000E+03 6.93378390E-04
 6.15000000E+03 6.73302240E-04
 6.16217930E+03 6.70918080E-04
 6.25000000E+03 6.54103600E-04
 6.35000000E+03 6.35732210E-04
 6.45000000E+03 6.18141150E-04
 6.55000000E+03 6.01286510E-04
 6.65000000E+03 5.85127250E-04
 6.72004620E+03 5.74201750E-04
 6.75000000E+03 5.69624980E-04
 6.85000000E+03 5.54743750E-04
 6.95000000E+03 5.40449920E-04
 7.05000000E+03 5.26712010E-04
 7.15000000E+03 5.13500470E-04
 7.25000000E+03 5.00787680E-04
 7.35000000E+03 4.88547720E-04
 7.38897600E+03 4.83899840E-04
 7.45000000E+03 4.76756300E-04
 7.55000000E+03 4.65390650E-04
 7.65000000E+03 4.54429380E-04
 7.75000000E+03 4.43852480E-04
 7.77599690E+03 4.41163410E-04
 7.85000000E+03 4.33641110E-04
 7.95000000E+03 4.23777640E-04
 8.05000000E+03 4.14245470E-04
 8.15000000E+03 4.05029020E-04
 8.20580150E+03 4.00017900E-04
 8.20613820E+03 4.04309990E-04
 8.25000000E+03 4.00436420E-04
 8.35000000E+03 3.91812740E-04
 8.45000000E+03 3.83466880E-04
 8.55000000E+03 3.75386260E-04
 8.65000000E+03 3.67558990E-04
 8.75000000E+03 3.59973830E-04
 8.85000000E+03 3.52620240E-04
 8.95000000E+03 3.45488250E-04
 9.05000000E+03 3.38568440E-04
 9.15000000E+03 3.31851920E-04
 9.21353280E+03 3.27686510E-04
 9.25000000E+03 3.25330330E-04
 9.35000000E+03 3.18995720E-04
 9.45000000E+03 3.12840610E-04
 9.55000000E+03 3.06857910E-04
 9.65000000E+03 3.01040900E-04
 9.75000000E+03 2.95383250E-04
 9.85000000E+03 2.89878940E-04
 9.95000000E+03 2.84522250E-04
 1.01250000E+04 2.75487180E-04
 1.03750000E+04 2.63282670E-04
 1.05034290E+04 2.57314050E-04
 1.06250000E+04 2.51841820E-04
 1.08750000E+04 2.41101980E-04
 1.11250000E+04 2.31007480E-04
 1.13750000E+04 2.21508580E-04
 1.16250000E+04 2.12560690E-04
 1.18750000E+04 2.04123530E-04
 1.21250000E+04 1.96160670E-04
 1.22132930E+04 1.93455440E-04
 1.23750000E+04 1.88638960E-04
 1.26250000E+04 1.81528120E-04
 1.28750000E+04 1.74800450E-04
 1.31250000E+04 1.68430450E-04
 1.32954860E+04 1.64279500E-04
 1.33750000E+04 1.62394670E-04
 1.36250000E+04 1.56671430E-04
 1.38750000E+04 1.51240690E-04
 1.41250000E+04 1.46083890E-04
 1.44200000E+04 1.40327790E-04
 1.45881050E+04 1.37197510E-04
 1.45882110E+04 1.37896480E-04
 1.46700000E+04 1.36407510E-04
 1.48750000E+04 1.32779180E-04
 1.51250000E+04 1.28546300E-04
 1.53750000E+04 1.24512450E-04
 1.56250000E+04 1.20665780E-04
 1.58750000E+04 1.16995290E-04
 1.60308430E+04 1.14791770E-04
 1.62000000E+04 1.12470200E-04
 1.66000000E+04 1.07255150E-04
 1.70000000E+04 1.02398170E-04
 1.74000000E+04 9.78677120E-05
 1.77902710E+04 9.37350800E-05
 1.78000000E+04 9.36354710E-05
 1.82000000E+04 8.96760430E-05
 1.86000000E+04 8.59666070E-05
 1.90000000E+04 8.24866310E-05
 1.94000000E+04 7.92176270E-05
 1.98000000E+04 7.61429170E-05
 1.99835140E+04 7.47931200E-05
 2.02500000E+04 7.28974080E-05
 2.07500000E+04 6.95339630E-05
 2.12500000E+04 6.64032360E-05
 2.12962490E+04 6.61246480E-05
 2.17500000E+04 6.34842890E-05
 2.22500000E+04 6.07584820E-05
 2.26500000E+04 5.87056510E-05
 2.27935810E+04 5.79948240E-05
 2.27938410E+04 5.80867020E-05
 2.29000000E+04 5.75689940E-05
 2.32500000E+04 5.59117650E-05
 2.37500000E+04 5.36694150E-05
 2.42500000E+04 5.15635020E-05
 2.47500000E+04 4.95831530E-05
 2.52500000E+04 4.77185370E-05
 2.57500000E+04 4.59607520E-05
 2.62500000E+04 4.43017190E-05
 2.67500000E+04 4.27340940E-05
 2.72500000E+04 4.12511950E-05
 2.77500000E+04 3.98469310E-05
 2.82500000E+04 3.85157450E-05
 2.87500000E+04 3.72525580E-05
 2.92500000E+04 3.60527280E-05
 2.97500000E+04 3.49120020E-05
 3.02500000E+04 3.38264860E-05
 3.07500000E+04 3.27926030E-05
 3.12500000E+04 3.18070720E-05
 3.17500000E+04 3.08668710E-05
 3.24000000E+04 2.97078370E-05
 3.34000000E+04 2.80525250E-05
 3.45000000E+04 2.63921160E-05
 3.50017500E+04 2.56851850E-05
 3.55000000E+04 2.50120660E-05
 3.65000000E+04 2.37418230E-05
 3.75000000E+04 2.25701480E-05
 3.85000000E+04 2.14872370E-05
 3.95000000E+04 2.04844890E-05
 4.05000000E+04 1.95543220E-05
 4.15000000E+04 1.86900110E-05
 4.25000000E+04 1.78855790E-05
 4.35000000E+04 1.71356830E-05
 4.45000000E+04 1.64355370E-05
 4.55000000E+04 1.57808400E-05
 4.65000000E+04 1.51677190E-05
 4.75000000E+04 1.45926830E-05
 4.85000000E+04 1.40525770E-05
 5.00000000E+04 1.33017510E-05
 1.20000000E+05 2.90703670E-06
 2.50000000E+05 8.98658610E-07
 5.99999990E+05 2.86483510E-07
 1.00000000E+06 1.65828650E-07
 1.20000000E+07 2.45377640E-08
 2.00000000E+08 1.76863060E-09
 6.00000000E+08 1.45450660E-10
