%
% Free-Free, Free-Bound & Two photon emission data.
%
% Needs updating for z=1-30 full set.
%
%
% used in ffgau,ffbgau,fp2gau
%
% v5.2.0
%
% FORMAT:
% File Title
% data comment
% #entries
%  atom ion iso n0 zeta0 z0  e2 (n= 2 ionisation potential (ev))
%   .
%   .
%   .
% data comment
% # sequences
% sequence name
% #entries
%  atom ion ezz (ev)
%  .
%  Case Title
%  Ntemps
%  Temp(K) eff recombination to 2S0 level for log(n) = 2,3,4,5,6,7,8,9,10
%  ...
%  Free-Free continuum gaunt factors 2.0.0c
%  nentries
%  log(U_0), log(Delta U0) (-4 to 4)
%  log(gamma2_0), log(Delta gamma2)  (-4 to 4)
%  nu, ng
%  .....
%  Integrated Free-Free emsission g factor
%
Free-Bound n=2 Mewe continuum data v5.2.0
209
01 01 01 01 02 01.000 3.399610000D+00
02 01 02 01 01 01.345 3.399610000D+00
02 02 01 01 02 02.000 1.359844000D+01
06 01 06 02 05 01.820 1.510937778D+00
06 02 05 02 06 02.678 6.043751111D+00
06 03 04 02 07 03.753 1.359844000D+01
06 04 03 02 08 04.356 2.417500444D+01
06 05 02 01 01 05.370 8.499025000D+01
06 06 01 01 02 06.003 1.223859600D+02
07 01 07 02 04 02.068 1.510937778D+00
07 02 06 02 05 02.951 6.043751111D+00
07 03 05 02 06 03.736 1.359844000D+01
07 04 04 02 07 04.774 2.417500444D+01
07 05 03 02 08 05.366 3.777344444D+01
07 06 02 01 01 06.372 1.223859600D+02
07 07 01 01 02 07.004 1.665808900D+02
08 01 08 02 03 02.001 1.510937778D+00
08 02 07 02 04 03.214 6.043751111D+00
08 03 06 02 05 04.020 1.359844000D+01
08 04 05 02 06 04.772 2.417500444D+01
08 05 04 02 07 05.788 3.777344444D+01
08 06 03 02 08 06.374 5.439376000D+01
08 07 02 01 01 07.374 1.665808900D+02
08 08 01 01 02 08.005 2.175750400D+02
10 01 10 02 01 02.519 1.510937778D+00
10 02 09 02 02 03.471 6.043751111D+00
10 03 08 02 03 04.320 1.359844000D+01
10 04 07 02 04 05.345 2.417500444D+01
10 05 06 02 05 06.093 3.777344444D+01
10 06 05 02 06 06.816 5.439376000D+01
10 07 04 02 07 07.808 7.403595111D+01
10 08 03 02 08 08.386 9.670001778D+01
10 09 02 01 01 09.378 2.753684100D+02
10 10 01 01 02 10.009 3.399610000D+02
11 01 11 03 18 01.844 8.499025000D-01
11 02 10 02 01 03.730 6.043751111D+00
11 03 09 02 02 04.591 1.359844000D+01
11 04 08 02 03 05.394 2.417500444D+01
11 05 07 02 04 06.381 3.777344444D+01
11 06 06 02 05 07.116 5.439376000D+01
11 07 05 02 06 07.831 7.403595111D+01
11 08 04 02 07 08.815 9.670001778D+01
11 09 03 02 08 09.392 1.223859600D+02
11 10 02 01 01 10.380 3.399610000D+02
11 11 01 01 02 11.011 4.113528100D+02
12 01 12 03 17 02.250 8.499025000D-01
12 02 11 03 18 03.155 3.399610000D+00
12 03 10 02 01 04.855 1.359844000D+01
12 04 09 02 02 05.671 2.417500444D+01
12 05 08 02 03 06.446 3.777344444D+01
12 06 07 02 04 07.407 5.439376000D+01
12 07 06 02 05 08.135 7.403595111D+01
12 08 05 02 06 08.844 9.670001778D+01
12 09 04 02 07 09.822 1.223859600D+02
12 10 03 02 08 10.397 1.510937778D+02
12 11 02 01 01 11.383 4.113528100D+02
12 12 01 01 02 12.014 4.895438400D+02
13 01 13 03 16 01.990 8.499025000D-01
13 02 12 03 17 03.530 3.399610000D+00
13 03 11 03 18 04.342 7.649122500D+00
13 04 10 02 01 05.941 2.417500444D+01
13 05 09 02 02 06.725 3.777344444D+01
13 06 08 02 03 07.485 5.439376000D+01
13 07 07 02 04 08.427 7.403595111D+01
13 08 06 02 05 09.150 9.670001778D+01
13 09 05 02 06 09.856 1.223859600D+02
13 10 04 02 07 10.828 1.510937778D+02
13 11 03 02 08 11.403 1.828234711D+02
13 12 02 01 01 12.386 4.895438400D+02
13 13 01 01 02 13.017 5.745340900D+02
14 01 14 03 15 02.323 8.499025000D-01
14 02 13 03 16 03.289 3.399610000D+00
14 03 12 03 17 04.708 7.649122500D+00
14 04 11 03 18 05.466 1.359844000D+01
14 05 10 02 01 07.004 3.777344444D+01
14 06 09 02 02 07.767 5.439376000D+01
14 07 08 02 03 08.515 7.403595111D+01
14 08 07 02 04 09.443 9.670001778D+01
14 09 06 02 05 10.163 1.223859600D+02
14 10 05 02 06 10.866 1.510937778D+02
14 11 04 02 07 11.834 1.828234711D+02
14 12 03 02 08 12.409 2.175750400D+02
14 13 02 01 01 13.389 5.745340900D+02
14 14 01 01 02 14.021 6.663235600D+02
16 01 16 03 13 02.619 8.499025000D-01
16 02 15 03 14 03.930 3.399610000D+00
16 03 14 03 15 04.801 7.649122500D+00
16 04 13 03 16 05.595 1.359844000D+01
16 05 12 03 17 06.936 2.124756250D+01
16 06 11 03 18 07.634 3.059649000D+01
16 07 10 02 01 09.076 7.403595111D+01
16 08 09 02 02 09.828 9.670001778D+01
16 09 08 02 03 10.560 1.223859600D+02
16 10 07 02 04 11.468 1.510937778D+02
16 11 06 02 05 12.185 1.828234711D+02
16 12 05 02 06 12.892 2.175750400D+02
16 13 04 02 07 13.845 2.553484844D+02
16 14 03 02 08 14.423 2.961438044D+02
16 15 02 01 01 15.397 7.649122500D+02
16 16 01 01 02 16.030 8.703001600D+02
17 01 17 03 12 02.930 8.499025000D-01
17 02 16 03 13 03.970 3.399610000D+00
17 03 15 03 14 05.120 7.649122500D+00
17 04 14 03 15 05.948 1.359844000D+01
17 05 13 03 16 06.694 2.124756250D+01
17 06 12 03 17 08.014 3.059649000D+01
17 07 11 03 18 08.694 4.164522250D+01
17 08 10 02 01 10.123 9.670001778D+01
17 09 09 02 02 10.853 1.223859600D+02
17 10 08 02 03 11.577 1.510937778D+02
17 11 07 02 04 12.478 1.828234711D+02
17 12 06 02 05 13.196 2.175750400D+02
17 13 05 02 06 13.902 2.553484844D+02
17 14 04 02 07 14.851 2.961438044D+02
17 15 03 02 08 15.430 3.399610000D+02
17 16 02 01 01 16.402 8.703001600D+02
17 17 01 01 02 17.074 9.824872900D+02
18 01 18 03 11 03.230 8.499025000D-01
18 02 17 03 12 04.276 3.399610000D+00
18 03 16 03 13 05.193 7.649122500D+00
18 04 15 03 14 06.292 1.359844000D+01
18 05 14 03 15 07.047 2.124756250D+01
18 06 13 03 16 07.761 3.059649000D+01
18 07 12 03 17 09.078 4.164522250D+01
18 08 11 03 18 09.744 5.439376000D+01
18 09 10 02 01 11.150 1.223859600D+02
18 10 09 02 02 11.869 1.510937778D+02
18 11 08 02 03 12.592 1.828234711D+02
18 12 07 02 04 13.483 2.175750400D+02
18 13 06 02 05 14.205 2.553484844D+02
18 14 05 02 06 14.913 2.961438044D+02
18 15 04 02 07 15.857 3.399610000D+02
18 16 03 02 08 16.433 3.868000711D+02
18 17 02 01 01 17.408 9.824872900D+02
18 18 01 01 02 18.042 1.101473640D+03
20 01 20 04 31 02.682 5.439376000D-01
20 02 19 04 32 03.737 2.175750400D+00
20 03 18 03 11 05.805 7.649122500D+00
20 04 17 03 12 06.667 1.359844000D+01
20 05 16 03 13 07.475 2.124756250D+01
20 06 15 03 14 08.485 3.059649000D+01
20 07 14 03 15 09.193 4.164522250D+01
20 08 13 03 16 09.877 5.439376000D+01
20 09 12 03 17 11.176 6.884210250D+01
20 10 11 03 18 11.826 8.499025000D+01
20 11 10 02 01 13.192 1.828234711D+02
20 12 09 02 02 13.902 2.175750400D+02
20 13 08 02 03 14.614 2.553484844D+02
20 14 07 02 04 15.503 2.961438044D+02
20 15 06 02 05 16.226 3.399610000D+02
20 16 05 02 06 16.927 3.868000711D+02
20 17 04 02 07 17.882 4.366610178D+02
20 18 03 02 08 18.448 4.895438400D+02
20 19 02 01 01 19.421 1.227259210D+03
20 20 01 01 02 20.056 1.359844000D+03
26 01 26 04 31 03.043 5.439376000D-01
26 02 25 04 32 04.361 2.175750400D+00
26 03 24 03 05 04.504 7.649122500D+00
26 04 23 03 06 06.022 1.359844000D+01
26 05 22 03 07 07.069 2.124756250D+01
26 06 21 03 08 08.135 3.059649000D+01
26 07 20 03 09 09.215 4.164522250D+01
26 08 19 03 10 10.001 5.439376000D+01
26 09 18 03 11 12.471 6.884210250D+01
26 10 17 03 12 13.171 8.499025000D+01
26 11 16 03 13 13.864 1.028382025D+02
26 12 15 03 14 14.801 1.223859600D+02
26 13 14 03 15 15.457 1.436335225D+02
26 14 13 03 16 16.107 1.665808900D+02
26 15 12 03 17 17.392 1.912280625D+02
26 16 11 03 18 17.990 2.175750400D+02
26 17 10 02 01 19.298 4.366610178D+02
26 18 09 02 02 19.987 4.895438400D+02
26 19 08 02 03 20.695 5.454485378D+02
26 20 07 02 04 21.572 6.043751111D+02
26 21 06 02 05 22.290 6.663235600D+02
26 22 05 02 06 23.004 7.312938844D+02
26 23 04 02 07 23.950 7.992860844D+02
26 24 03 02 08 24.527 8.703001600D+02
26 25 02 01 01 25.480 2.124756250D+03
26 26 01 01 02 26.121 2.298136360D+03
28 01 28 04 31 02.997 5.439376000D-01
28 02 27 04 32 04.624 2.175750400D+00
28 03 26 03 03 04.825 7.649122500D+00
28 04 25 03 04 06.028 1.359844000D+01
28 05 24 03 05 07.069 2.124756250D+01
28 06 23 03 06 08.455 3.059649000D+01
28 07 22 03 07 09.418 4.164522250D+01
28 08 21 03 08 10.419 5.439376000D+01
28 09 20 03 09 11.302 6.884210250D+01
28 10 19 03 10 12.192 8.499025000D+01
28 11 18 03 11 14.576 1.028382025D+02
28 12 17 03 12 15.264 1.223859600D+02
28 13 16 03 13 15.942 1.436335225D+02
28 14 15 03 14 16.870 1.665808900D+02
28 15 14 03 15 17.524 1.912280625D+02
28 16 13 03 16 18.173 2.175750400D+02
28 17 12 03 17 19.440 2.456218225D+02
28 18 11 03 18 20.044 2.753684100D+02
28 19 10 02 01 21.325 5.454485378D+02
28 20 09 02 02 22.018 6.043751111D+02
28 21 08 02 03 22.728 6.663235600D+02
28 22 07 02 04 23.604 7.312938844D+02
28 23 06 02 05 24.316 7.992860844D+02
28 24 05 02 06 25.037 8.703001600D+02
28 25 04 02 07 25.983 9.443361111D+02
28 26 03 02 08 26.559 1.021393938D+03
28 27 02 01 01 27.495 2.478315690D+03
28 28 01 01 02 28.169 2.665294240D+03
Free-Bound Karzas and Latter data v5.2.0
6  41
0.00000  0.23026  0.46052  0.69078  0.92103  1.15129  1.38155  1.61181  1.84207  2.07233  2.30259  2.53284  2.76310  2.99336  3.22362  3.45388  3.68414  3.91439  4.14465  4.37491  4.60517  4.83543  5.06569  5.29595  5.52620  5.75646  5.98672  6.21698  6.44724  6.67750  6.90776  8.05905  9.21034  10.36163  11.51293  12.66422  13.81551  14.96680  16.11810  17.26939  18.42068
1  0 -0.22652 -0.15695 -0.10145 -0.05979 -0.03029 -0.01218 -0.00431 -0.00618 -0.01693 -0.03605 -0.06309 -0.09742 -0.13871 -0.18639 -0.23995 -0.29910 -0.36334 -0.43239 -0.50588 -0.58321 -0.66410 -0.74849 -0.83593 -0.92605 -1.01870 -1.11361 -1.21060 -1.30961 -1.41030 -1.51241 -1.61580 -2.14921 -2.70083 -3.26281 -3.83125 -4.40257 -4.97536 -5.55000 -6.12519 -6.70006 -7.27506
2  0 -0.06763  0.13499  0.31778  0.48450  0.63349  0.76541  0.88104  0.98078  1.06519  1.13487  1.19032  1.23224  1.26134  1.27846  1.28433  1.27937  1.26456  1.24060  1.20806  1.16772  1.12029  1.06623  1.00624  0.94073  0.87018  0.79528  0.71630  0.63333  0.54698  0.45779  0.36603 -0.12514 -0.65258 -1.20099 -1.76115 -2.32831 -2.89907 -3.47178 -4.04592 -4.62080 -5.19604
2  1 -0.15466 -0.17766 -0.21772 -0.27546 -0.35018 -0.44153 -0.54945 -0.67352 -0.81324 -0.96857 -1.13809 -1.32212 -1.51965 -1.72968 -1.95140 -2.18440 -2.42757 -2.68014 -2.94156 -3.21118 -3.48812 -3.77175 -4.06143 -4.35690 -4.65765 -4.96282 -5.27196 -5.58483 -5.90097 -6.22007 -6.54200 -8.18479 -9.86311 -11.56269 -13.27399 -14.99264 -16.71479 -18.43880 -20.16418 -21.89025 -23.61664
3  0  0.06015  0.27699  0.48406  0.67912  0.86325  1.03624  1.19706  1.34526  1.48019  1.60162  1.70910  1.80234  1.88172  1.94694  1.99862  2.03727  2.06338  2.07754  2.08044  2.07282  2.05558  2.02911  1.99415  1.95148  1.90177  1.84563  1.78364  1.71611  1.64379  1.56725  1.48670  1.03677  0.53298 -0.00228 -0.55472 -1.11739 -1.68578 -2.25738 -2.83050 -3.40487 -3.97977
3  1  0.09348  0.21080  0.30365  0.37372  0.41985  0.44284  0.44285  0.42036  0.37542  0.30917  0.22234  0.11533 -0.01082 -0.15516 -0.31665 -0.49428 -0.68700 -0.89385 -1.11376 -1.34569 -1.58838 -1.84121 -2.10322 -2.37350 -2.65132 -2.93605 -3.22703 -3.52391 -3.82582 -4.13208 -4.44235 -6.04198 -7.69719 -9.38282 -11.08698 -12.80079 -14.52033 -16.24310 -17.96756 -19.69335 -21.41962
3  2 -0.27102 -0.38295 -0.51936 -0.67964 -0.86427 -1.07260 -1.30476 -1.55985 -1.83749 -2.13722 -2.45772 -2.79776 -3.15821 -3.53496 -3.92975 -4.34041 -4.76554 -5.20443 -5.65638 -6.12034 -6.59458 -7.07819 -7.57086 -8.07211 -8.58081 -9.09619 -9.61773 -10.14520 -10.67770 -11.21451 -11.75525 -14.50646 -17.31311 -20.14968 -23.00521 -25.87019 -28.74150 -31.61569 -34.49134 -37.36841 -40.24596
4  0  0.16467  0.38226  0.59282  0.79533  0.99138  1.17975  1.35972  1.53081  1.69208  1.84277  1.98174  2.10849  2.22229  2.32228  2.40859  2.48156  2.54131  2.58755  2.62059  2.64154  2.65098  2.64907  2.63693  2.61540  2.58516  2.54696  2.50133  2.44855  2.38948  2.32475  2.25495  1.84540  1.36464  0.84352  0.29792 -0.25991 -0.82595 -1.39622 -1.96866 -2.54251 -3.11728
4  1  0.21994  0.38456  0.53038  0.65757  0.76569  0.85290  0.91849  0.96237  0.98349  0.98219  0.95816  0.91167  0.84320  0.75438  0.64467  0.51497  0.36725  0.20225  0.02067 -0.17603 -0.38668 -0.61057 -0.84620 -1.09246 -1.34859 -1.61384 -1.88719 -2.16787 -2.45509 -2.74842 -3.04732 -4.60526 -6.23682 -7.90892 -9.60556 -11.31491 -13.03188 -14.75370 -16.47739 -18.20247 -19.92853
4  2  0.12310  0.15597  0.15857  0.12935  0.07003 -0.02062 -0.14224 -0.29354 -0.47460 -0.68391 -0.92086 -1.18442 -1.47343 -1.78531 -2.11958 -2.47584 -2.85147 -3.24525 -3.65599 -4.08142 -4.52200 -4.97836 -5.44471 -5.91471 -6.40295 -6.93485 -7.47252 -7.97118 -8.45027 -8.94513 -9.46828 -12.19418 -14.97741 -17.80083 -20.64820 -23.50866 -26.37733 -29.25056 -32.12549 -35.00187 -37.87926
4  3 -0.50517 -0.70153 -0.92907 -1.18775 -1.47725 -1.79814 -2.14990 -2.53144 -2.94300 -3.38291 -3.85038 -4.34454 -4.86420 -5.40622 -5.97106 -6.55803 -7.16385 -7.78757 -8.42861 -9.08514 -9.75593 -10.44032 -11.13653 -11.84318 -12.55954 -13.28520 -14.01915 -14.76046 -15.50822 -16.26196 -17.02109 -20.88133 -24.81606 -28.79106 -32.79011 -36.80079 -40.82180 -44.84577 -48.87212 -52.89992 -56.92862
5  0  0.25464  0.46907  0.67874  0.88330  1.08256  1.27639  1.46443  1.64619  1.82112  1.98842  2.14699  2.29537  2.43227  2.55739  2.67016  2.76968  2.85565  2.92789  2.98672  3.03224  3.06492  3.08564  3.09480  3.09267  3.08032  3.05867  3.02829  2.98954  2.94331  2.89039  2.83131  2.46009  2.00306  1.49523  0.95784  0.40373 -0.15978 -0.72856 -1.30011 -1.87306 -2.44728
5  1  0.31189  0.47509  0.67010  0.83859  0.97762  1.09315  1.19021  1.27168  1.33699  1.38456  1.41211  1.41651  1.39571  1.35141  1.28510  1.19750  1.08949  0.96174  0.81536  0.65108  0.47008  0.27397  0.06376 -0.15975 -0.39515 -0.64122 -0.89718 -1.16248 -1.43604 -1.71690 -2.00441 -3.52192 -5.12894 -6.78787 -8.47598 -10.18101 -11.89601 -13.61655 -15.33969 -17.06411 -18.78974
5  2  0.30232  0.40382  0.47678  0.52256  0.54100  0.53045  0.48808  0.41227  0.30523  0.16856  0.00263 -0.19338 -0.41986 -0.67447 -0.95544 -1.26175 -1.59148 -1.94279 -2.31421 -2.70486 -3.11336 -3.53780 -3.97690 -4.42965 -4.89455 -5.37031 -5.85612 -6.35136 -6.85496 -7.36592 -7.88358 -10.55210 -13.31010 -16.12018 -18.95991 -21.81575 -24.68183 -27.55403 -30.42875 -33.30469 -36.18182
5  3  0.03633 -0.01398 -0.10024 -0.22580 -0.38959 -0.59118 -0.83168 -1.11130 -1.42685 -1.77598 -2.15767 -2.57228 -3.01977 -3.49738 -4.00297 -4.53520 -5.09171 -5.67030 -6.26948 -6.88847 -7.52585 -8.17956 -8.84816 -9.53053 -10.22514 -10.93070 -11.64641 -12.37166 -13.10533 -13.84643 -14.59426 -18.41381 -22.32283 -26.28400 -30.27507 -34.28228 -38.29955 -42.32288 -46.34898 -50.37644 -54.40520
5  4 -0.81441 -1.09359 -1.41009 -1.76576 -2.15946 -2.59090 -3.06128 -3.57091 -4.11658 -4.69590 -5.30785 -5.95275 -6.63056 -7.33849 -8.07439 -8.83690 -9.62368 -10.43250 -11.26190 -12.11109 -12.97868 -13.86260 -14.76142 -15.67403 -16.59889 -17.53474 -18.48075 -19.43631 -20.40031 -21.37174 -22.34988 -27.32069 -32.38088 -37.49331 -42.63570 -47.79433 -52.96275 -58.13713 -63.31464 -68.49373 -73.67426
6  0  0.33289  0.52211  0.75929  0.94875  1.15431  1.35299  1.54379  1.72929  1.91105  2.08813  2.25863  2.42064  2.57356  2.71659  2.84865  2.96834  3.07505  3.16895  3.24974  3.31643  3.36974  3.41038  3.43851  3.45442  3.45883  3.45257  3.43658  3.41128  3.37731  3.33542  3.28641  2.95434  2.51982  2.02481  1.49507  0.94522  0.38444 -0.18314 -0.75452 -1.32736 -1.90149
6  1  0.38730  0.55762  0.76776  0.92538  1.09039  1.23913  1.36995  1.48406  1.58138  1.66122  1.72152  1.75967  1.77581  1.76954  1.74087  1.68972  1.61684  1.52250  1.40760  1.27345  1.12056  0.95026  0.76371  0.56207  0.34675  0.11892 -0.12034 -0.37051 -0.63039 -0.89890 -1.17538 -2.65198 -4.23545 -5.88055 -7.56129 -9.26221 -10.97455 -12.69341 -14.41577 -16.13989 -17.86553
6  2  0.41277  0.53415  0.67023  0.75390  0.82612  0.86889  0.88149  0.86424  0.81604  0.73773  0.62861  0.48685  0.31399  0.11071 -0.12175 -0.38223 -0.66860 -0.98081 -1.31692 -1.67364 -2.05141 -2.44780 -2.86119 -3.29043 -3.73446 -4.19169 -4.65982 -5.13823 -5.63100 -6.13684 -6.64560 -9.26012 -11.99485 -14.79194 -17.62365 -20.47584 -23.33935 -26.20890 -29.09240 -31.97940 -34.84985
6  3  0.28968  0.31768  0.32034  0.28500  0.20255  0.04530 -0.13064 -0.25528 -0.29427 -0.36198 -0.61304 -1.14306 -1.77044 -2.27225 -2.67979 -3.14688 -3.66352 -4.19829 -4.76018 -5.34261 -5.94760 -6.57180 -7.21347 -7.87141 -8.54417 -9.23032 -9.92838 -10.63756 -11.35680 -12.08507 -12.82144 -16.59955 -20.48403 -24.43224 -28.41530 -32.41886 -36.43346 -40.45520 -44.48016 -48.50674 -52.53495
6  4 -0.13674 -0.25554 -0.44823 -0.66146 -0.93181 -1.24713 -1.60422 -2.00462 -2.45108 -2.94013 -3.46958 -4.03923 -4.64607 -5.28848 -5.96430 -6.67146 -7.40637 -8.17107 -8.95959 -9.77598 -10.60793 -11.38766 -12.22891 -13.18149 -14.13786 -15.05382 -15.96503 -16.90156 -17.85415 -18.81234 -19.77797 -24.70780 -29.74328 -34.84288 -39.97710 -45.13230 -50.29779 -55.47095 -60.64736 -65.82495 -71.00174
6  5 -1.17344 -1.61566 -2.08765 -2.31105 -2.90018 -3.48781 -4.05627 -4.65053 -5.30722 -6.02723 -6.80701 -7.63665 -8.46397 -9.24795 -10.18568 -11.40699 -11.69600 -12.42735 -14.30619 -15.13553 -16.24197 -17.34406 -18.42565 -19.54495 -20.68338 -21.82974 -22.98619 -24.15519 -25.33492 -26.52345 -27.72018 -33.80093 -39.98789 -46.23911 -52.52429 -58.83052 -65.14736 -71.47150 -77.80683 -84.14626 -90.47630
Hydro. eff. recomb. to 2S level: 2 photon calcs
R2S1A
10
5.00D+02 1.741D-13 1.832D-13 1.993D-13 2.285D-13 2.840D-13 3.982D-13 6.663D-13 1.414D-12 4.117D-12
1.00D+03 1.175D-13 1.208D-13 1.266D-13 1.370D-13 1.556D-13 1.907D-13 2.622D-13 4.222D-13 8.489D-13
3.00D+03 6.371D-14 6.434D-14 6.549D-14 6.751D-14 7.109D-14 7.747D-14 8.921D-14 1.103D-13 1.520D-13
5.00D+03 4.774D-14 4.803D-14 4.855D-14 4.948D-14 5.114D-14 5.409D-14 5.947D-14 6.855D-14 8.486D-14
7.50D+03 3.779D-14 3.794D-14 3.822D-14 3.871D-14 3.960D-14 4.119D-14 4.411D-14 4.886D-14 5.691D-14
1.00D+04 3.190D-14 3.200D-14 3.217D-14 3.248D-14 3.305D-14 3.407D-14 3.597D-14 3.897D-14 4.390D-14
1.25D+04 2.790D-14 2.797D-14 2.809D-14 2.830D-14 2.870D-14 2.942D-14 3.078D-14 3.290D-14 3.631D-14
1.50D+04 2.496D-14 2.501D-14 2.510D-14 2.526D-14 2.555D-14 2.610D-14 2.713D-14 2.872D-14 3.123D-14
2.00D+04 2.086D-14 2.088D-14 2.094D-14 2.104D-14 2.122D-14 2.157D-14 2.223D-14 2.323D-14 2.476D-14
3.00D+04 1.603D-14 1.605D-14 1.607D-14 1.612D-14 1.621D-14 1.639D-14 1.676D-14 1.731D-14 1.811D-14
R2S1B
10
5.00D+02 5.463D-13 5.775D-13 6.329D-13 7.319D-13 9.170D-13 1.292D-12 2.147D-12 4.550D-12 1.341D-11
1.00D+03 3.597D-13 3.707D-13 3.899D-13 4.235D-13 4.825D-13 5.904D-13 8.014D-13 1.279D-12 2.574D-12
3.00D+03 1.846D-13 1.865D-13 1.898D-13 1.955D-13 2.052D-13 2.217D-13 2.505D-13 3.037D-13 4.118D-13
5.00D+03 1.334D-13 1.342D-13 1.355D-13 1.378D-13 1.418D-13 1.484D-13 1.598D-13 1.799D-13 2.177D-13
7.50D+03 1.020D-13 1.024D-13 1.030D-13 1.040D-13 1.058D-13 1.088D-13 1.141D-13 1.232D-13 1.397D-13
1.00D+04 8.375D-14 8.394D-14 8.426D-14 8.483D-14 8.578D-14 8.740D-14 9.032D-14 9.537D-14 1.044D-13
1.25D+04 7.154D-14 7.165D-14 7.184D-14 7.217D-14 7.272D-14 7.366D-14 7.544D-14 7.864D-14 8.430D-14
1.50D+04 6.270D-14 6.277D-14 6.288D-14 6.308D-14 6.341D-14 6.398D-14 6.513D-14 6.720D-14 7.089D-14
2.00D+04 5.061D-14 5.063D-14 5.068D-14 5.075D-14 5.087D-14 5.107D-14 5.158D-14 5.256D-14 5.433D-14
3.00D+04 3.692D-14 3.692D-14 3.692D-14 3.691D-14 3.689D-14 3.686D-14 3.694D-14 3.714D-14 3.763D-14
R2S2A
12
5.00D+02 7.149D-13 7.574D-13 8.350D-13 9.810D-13 1.271D-12 1.907D-12 3.551D-12 8.938D-12 3.366D-11
1.00D+03 4.844D-13 4.999D-13 5.278D-13 5.785D-13 6.726D-13 8.558D-13 1.250D-12 2.226D-12 5.267D-12
3.00D+03 2.676D-13 2.707D-13 2.763D-13 2.864D-13 3.044D-13 3.367D-13 3.967D-13 5.109D-13 7.545D-13
5.00D+03 2.034D-13 2.049D-13 2.075D-13 2.123D-13 2.208D-13 2.358D-13 2.629D-13 3.108D-13 4.027D-13
7.50D+03 1.634D-13 1.642D-13 1.656D-13 1.682D-13 1.729D-13 1.811D-13 1.958D-13 2.208D-13 2.656D-13
1.00D+04 1.397D-13 1.402D-13 1.411D-13 1.428D-13 1.458D-13 1.512D-13 1.607D-13 1.763D-13 2.036D-13
1.25D+04 1.236D-13 1.239D-13 1.246D-13 1.258D-13 1.279D-13 1.318D-13 1.386D-13 1.496D-13 1.682D-13
1.50D+04 1.117D-13 1.119D-13 1.124D-13 1.133D-13 1.150D-13 1.179D-13 1.231D-13 1.315D-13 1.454D-13
2.00D+04 9.502D-14 9.519D-14 9.551D-14 9.609D-14 9.714D-14 9.902D-14 1.024D-13 1.078D-13 1.165D-13
3.00D+04 7.535D-14 7.543D-14 7.560D-14 7.590D-14 7.646D-14 7.746D-14 7.925D-14 8.205D-14 8.646D-14
5.00D+04 5.570D-14 5.574D-14 5.581D-14 5.594D-14 5.619D-14 5.663D-14 5.743D-14 5.865D-14 6.054D-14
1.00D+05 3.612D-14 3.613D-14 3.615D-14 3.619D-14 3.627D-14 3.640D-14 3.666D-14 3.705D-14 3.765D-14
R2S2B
12
5.00D+02 2.298D-12 2.451D-12 2.729D-12 3.253D-12 4.294D-12 6.590D-12 1.260D-11 3.288D-11 1.296D-10
1.00D+03 1.536D-12 1.592D-12 1.691D-12 1.871D-12 2.202D-12 2.846D-12 4.227D-12 7.702D-12 1.886D-11
3.00D+03 8.254D-13 8.362D-13 8.555D-13 8.899D-13 9.507D-13 1.058D-12 1.254D-12 1.630D-12 2.445D-12
5.00D+03 6.161D-13 6.210D-13 6.297D-13 6.454D-13 6.730D-13 7.211D-13 8.054D-13 9.562D-13 1.249D-12
7.50D+03 4.860D-13 4.885D-13 4.931D-13 5.013D-13 5.158D-13 5.410D-13 5.844D-13 6.584D-13 7.938D-13
1.00D+04 4.091D-13 4.107D-13 4.136D-13 4.187D-13 4.278D-13 4.434D-13 4.704D-13 5.153D-13 5.950D-13
1.25D+04 3.571D-13 3.581D-13 3.601D-13 3.636D-13 3.698D-13 3.806D-13 3.990D-13 4.293D-13 4.817D-13
1.50D+04 3.189D-13 3.196D-13 3.211D-13 3.236D-13 3.282D-13 3.360D-13 3.494D-13 3.713D-13 4.088D-13
2.00D+04 2.657D-13 2.661D-13 2.670D-13 2.685D-13 2.712D-13 2.759D-13 2.839D-13 2.968D-13 3.186D-13
3.00D+04 2.035D-13 2.037D-13 2.041D-13 2.048D-13 2.061D-13 2.082D-13 2.118D-13 2.177D-13 2.276D-13
5.00D+04 1.429D-13 1.430D-13 1.431D-13 1.433D-13 1.437D-13 1.444D-13 1.455D-13 1.474D-13 1.506D-13
1.00D+05 8.527D-14 8.527D-14 8.528D-14 8.530D-14 8.533D-14 8.537D-14 8.542D-14 8.560D-14 8.610D-14
Free-Free continuum data v5.2.0
-4.00D0 0.20D0
-4.00D0 0.10D0
41 81
5.524282D+00 5.524129D+00 5.523814D+00 5.523318D+00 5.522537D+00 5.521299D+00 5.519478D+00 5.516716D+00 5.512663D+00 5.506781D+00 5.498330D+00 5.486451D+00 5.469926D+00 5.447401D+00 5.417311D+00 5.378000D+00 5.328000D+00 5.266143D+00 5.191967D+00 5.105847D+00 5.009024D+00 4.903454D+00 4.791375D+00 4.674923D+00 4.555837D+00 4.435350D+00 4.314238D+00 4.193047D+00 4.072073D+00 3.951565D+00 3.831733D+00 3.712637D+00 3.594539D+00 3.477489D+00 3.361649D+00 3.247232D+00 3.134206D+00 3.022918D+00 2.913434D+00 2.806177D+00 2.700822D+00
5.397506D+00 5.397344D+00 5.397047D+00 5.396593D+00 5.395817D+00 5.394651D+00 5.392845D+00 5.390127D+00 5.386141D+00 5.380299D+00 5.371949D+00 5.360132D+00 5.343697D+00 5.321291D+00 5.291309D+00 5.252156D+00 5.202304D+00 5.140627D+00 5.066664D+00 4.980773D+00 4.884222D+00 4.778956D+00 4.667220D+00 4.551161D+00 4.432525D+00 4.312524D+00 4.191994D+00 4.071437D+00 3.951170D+00 3.831492D+00 3.712508D+00 3.594454D+00 3.477467D+00 3.361629D+00 3.247212D+00 3.134207D+00 3.022906D+00 2.913433D+00 2.805878D+00 2.700684D+00 2.597903D+00
5.270733D+00 5.270566D+00 5.270337D+00 5.269883D+00 5.269162D+00 5.268028D+00 5.266246D+00 5.263617D+00 5.259668D+00 5.253913D+00 5.245640D+00 5.233898D+00 5.217598D+00 5.195298D+00 5.165465D+00 5.126470D+00 5.076791D+00 5.015334D+00 4.941600D+00 4.855978D+00 4.759734D+00 4.654813D+00 4.543465D+00 4.427858D+00 4.309711D+00 4.190283D+00 4.070407D+00 3.950535D+00 3.831099D+00 3.712289D+00 3.594322D+00 3.477420D+00 3.361597D+00 3.247186D+00 3.134225D+00 3.022896D+00 2.913473D+00 2.805866D+00 2.700543D+00 2.597538D+00 2.497302D+00
5.143968D+00 5.143871D+00 5.143640D+00 5.143218D+00 5.142553D+00 5.141438D+00 5.139749D+00 5.137154D+00 5.133275D+00 5.127616D+00 5.119415D+00 5.107809D+00 5.091614D+00 5.069453D+00 5.039790D+00 5.000968D+00 4.951509D+00 4.890282D+00 4.816814D+00 4.731500D+00 4.635602D+00 4.531066D+00 4.420171D+00 4.305062D+00 4.187477D+00 4.068704D+00 3.949506D+00 3.830467D+00 3.711926D+00 3.594095D+00 3.477292D+00 3.361547D+00 3.247148D+00 3.134243D+00 3.022901D+00 2.913458D+00 2.805894D+00 2.700520D+00 2.597524D+00 2.496966D+00 2.399330D+00
5.017267D+00 5.017190D+00 5.016963D+00 5.016625D+00 5.015975D+00 5.014935D+00 5.013299D+00 5.010751D+00 5.006990D+00 5.001399D+00 4.993322D+00 4.981837D+00 4.965768D+00 4.943791D+00 4.914299D+00 4.875691D+00 4.826470D+00 4.765507D+00 4.692349D+00 4.607382D+00 4.511870D+00 4.407783D+00 4.297398D+00 4.182835D+00 4.065906D+00 3.947826D+00 3.829442D+00 3.711330D+00 3.593734D+00 3.477064D+00 3.361453D+00 3.247096D+00 3.134256D+00 3.022908D+00 2.913456D+00 2.805929D+00 2.700534D+00 2.597563D+00 2.496944D+00 2.399155D+00 2.304251D+00
4.890607D+00 4.890528D+00 4.890390D+00 4.890062D+00 4.889462D+00 4.888501D+00 4.886907D+00 4.884482D+00 4.880787D+00 4.875303D+00 4.867363D+00 4.856000D+00 4.840118D+00 4.818311D+00 4.789027D+00 4.750665D+00 4.701710D+00 4.641056D+00 4.568246D+00 4.483670D+00 4.388601D+00 4.285026D+00 4.175181D+00 4.061276D+00 3.945059D+00 3.827768D+00 3.710313D+00 3.593139D+00 3.476706D+00 3.361268D+00 3.246992D+00 3.134206D+00 3.022919D+00 2.913455D+00 2.805982D+00 2.700556D+00 2.597570D+00 2.496973D+00 2.399127D+00 2.304209D+00 2.212447D+00
4.763966D+00 4.763951D+00 4.763847D+00 4.763539D+00 4.763048D+00 4.762123D+00 4.760633D+00 4.758294D+00 4.754682D+00 4.749359D+00 4.741539D+00 4.730352D+00 4.714652D+00 4.693044D+00 4.664017D+00 4.625920D+00 4.577273D+00 4.516970D+00 4.444558D+00 4.360416D+00 4.265861D+00 4.162835D+00 4.053636D+00 3.940466D+00 3.825009D+00 3.708650D+00 3.592159D+00 3.476113D+00 3.360960D+00 3.246806D+00 3.134099D+00 3.022914D+00 2.913464D+00 2.806043D+00 2.700596D+00 2.597585D+00 2.497037D+00 2.399145D+00 2.304242D+00 2.212242D+00 2.123598D+00
4.637384D+00 4.637434D+00 4.637342D+00 4.637148D+00 4.636688D+00 4.635842D+00 4.634463D+00 4.632202D+00 4.628756D+00 4.623549D+00 4.615890D+00 4.604902D+00 4.589399D+00 4.568050D+00 4.539288D+00 4.501499D+00 4.453206D+00 4.393301D+00 4.321322D+00 4.237697D+00 4.143704D+00 4.041307D+00 3.932846D+00 3.820428D+00 3.705905D+00 3.590542D+00 3.475139D+00 3.360378D+00 3.246499D+00 3.133918D+00 3.022859D+00 2.913446D+00 2.806057D+00 2.700660D+00 2.597616D+00 2.497114D+00 2.399197D+00 2.304267D+00 2.212273D+00 2.123560D+00 2.038298D+00
4.510902D+00 4.510954D+00 4.510948D+00 4.510812D+00 4.510397D+00 4.509694D+00 4.508388D+00 4.506274D+00 4.502964D+00 4.497896D+00 4.490458D+00 4.479663D+00 4.464413D+00 4.443338D+00 4.414882D+00 4.377450D+00 4.329557D+00 4.270094D+00 4.198626D+00 4.115580D+00 4.022196D+00 3.920540D+00 3.812851D+00 3.701341D+00 3.587852D+00 3.473533D+00 3.359418D+00 3.245970D+00 3.133614D+00 3.022750D+00 2.913392D+00 2.806034D+00 2.700727D+00 2.597681D+00 2.497215D+00 2.399265D+00 2.304303D+00 2.212356D+00 2.123587D+00 2.038314D+00 1.956477D+00
4.384461D+00 4.384563D+00 4.384645D+00 4.384543D+00 4.384278D+00 4.383641D+00 4.382455D+00 4.380503D+00 4.377325D+00 4.372485D+00 4.365235D+00 4.354683D+00 4.339719D+00 4.318950D+00 4.290853D+00 4.253824D+00 4.206380D+00 4.147421D+00 4.076537D+00 3.994097D+00 3.901457D+00 3.800597D+00 3.693785D+00 3.583315D+00 3.470859D+00 3.357829D+00 3.245074D+00 3.133093D+00 3.022457D+00 2.913286D+00 2.805985D+00 2.700766D+00 2.597735D+00 2.497287D+00 2.399376D+00 2.304365D+00 2.212449D+00 2.123657D+00 2.038343D+00 1.956504D+00 1.878368D+00
4.258079D+00 4.258303D+00 4.258410D+00 4.258426D+00 4.258253D+00 4.257701D+00 4.256710D+00 4.254883D+00 4.251915D+00 4.247282D+00 4.240257D+00 4.230010D+00 4.215349D+00 4.194941D+00 4.167250D+00 4.130678D+00 4.083734D+00 4.025363D+00 3.955100D+00 3.873388D+00 3.781576D+00 3.681559D+00 3.575790D+00 3.466385D+00 3.355177D+00 3.243560D+00 3.132212D+00 3.021954D+00 2.913063D+00 2.805884D+00 2.700804D+00 2.597779D+00 2.497334D+00 2.399507D+00 2.304487D+00 2.212583D+00 2.123754D+00 2.038412D+00 1.956585D+00 1.878403D+00 1.804076D+00
4.131878D+00 4.132117D+00 4.132301D+00 4.132440D+00 4.132340D+00 4.131987D+00 4.131114D+00 4.129471D+00 4.126736D+00 4.122320D+00 4.115608D+00 4.105660D+00 4.091357D+00 4.071361D+00 4.044129D+00 4.008061D+00 3.961707D+00 3.903979D+00 3.834426D+00 3.753548D+00 3.662573D+00 3.563600D+00 3.458936D+00 3.350730D+00 3.240943D+00 3.130721D+00 3.021095D+00 2.912643D+00 2.805674D+00 2.700720D+00 2.597825D+00 2.497390D+00 2.399628D+00 2.304603D+00 2.212719D+00 2.123917D+00 2.038517D+00 1.956703D+00 1.878492D+00 1.804122D+00 1.733628D+00
4.005763D+00 4.006029D+00 4.006369D+00 4.006568D+00 4.006632D+00 4.006424D+00 4.005698D+00 4.004320D+00 4.001794D+00 3.997678D+00 3.991279D+00 3.981678D+00 3.967801D+00 3.948263D+00 3.921546D+00 3.886065D+00 3.840377D+00 3.783341D+00 3.714630D+00 3.634616D+00 3.544656D+00 3.446836D+00 3.343319D+00 3.236537D+00 3.128190D+00 3.019634D+00 2.911880D+00 2.805276D+00 2.700534D+00 2.597826D+00 2.497446D+00 2.399774D+00 2.304728D+00 2.212829D+00 2.124106D+00 2.038701D+00 1.956865D+00 1.878633D+00 1.804221D+00 1.733710D+00 1.667140D+00
3.879756D+00 3.880173D+00 3.880559D+00 3.880876D+00 3.881115D+00 3.881038D+00 3.880581D+00 3.879404D+00 3.877154D+00 3.873373D+00 3.867314D+00 3.858148D+00 3.844726D+00 3.825711D+00 3.799581D+00 3.764771D+00 3.719780D+00 3.663590D+00 3.595780D+00 3.516748D+00 3.427949D+00 3.331267D+00 3.229175D+00 3.123888D+00 3.017142D+00 2.910464D+00 2.804546D+00 2.700166D+00 2.597740D+00 2.497467D+00 2.399850D+00 2.304898D+00 2.212978D+00 2.124286D+00 2.038877D+00 1.957076D+00 1.878828D+00 1.804357D+00 1.733838D+00 1.667246D+00 1.604652D+00
3.753968D+00 3.754457D+00 3.754903D+00 3.755425D+00 3.755777D+00 3.755932D+00 3.755699D+00 3.754761D+00 3.752878D+00 3.749428D+00 3.743798D+00 3.735097D+00 3.722198D+00 3.703776D+00 3.678319D+00 3.644231D+00 3.600073D+00 3.544828D+00 3.477967D+00 3.400104D+00 3.312485D+00 3.217183D+00 3.116648D+00 3.012892D+00 2.908028D+00 2.803242D+00 2.699477D+00 2.597486D+00 2.497414D+00 2.399905D+00 2.305075D+00 2.213164D+00 2.124520D+00 2.039082D+00 1.957246D+00 1.879077D+00 1.804623D+00 1.734016D+00 1.667390D+00 1.604781D+00 1.546208D+00
3.628384D+00 3.628911D+00 3.629551D+00 3.630166D+00 3.630697D+00 3.631101D+00 3.631088D+00 3.630520D+00 3.628956D+00 3.625917D+00 3.620771D+00 3.612586D+00 3.600292D+00 3.582543D+00 3.557833D+00 3.524568D+00 3.481364D+00 3.427073D+00 3.361388D+00 3.284761D+00 3.198471D+00 3.104734D+00 3.005720D+00 2.903845D+00 2.800939D+00 2.698228D+00 2.596857D+00 2.497208D+00 2.399895D+00 2.305239D+00 2.213375D+00 2.124741D+00 2.039350D+00 1.957484D+00 1.879280D+00 1.804858D+00 1.734327D+00 1.667660D+00 1.604951D+00 1.546341D+00 1.491764D+00
3.502996D+00 3.503660D+00 3.504414D+00 3.505143D+00 3.505945D+00 3.506545D+00 3.506860D+00 3.506631D+00 3.505443D+00 3.502916D+00 3.498276D+00 3.490702D+00 3.479084D+00 3.462098D+00 3.438209D+00 3.405905D+00 3.363700D+00 3.310560D+00 3.246174D+00 3.170825D+00 3.086111D+00 2.993952D+00 2.896754D+00 2.796911D+00 2.695997D+00 2.595680D+00 2.496715D+00 2.399745D+00 2.305354D+00 2.213589D+00 2.124997D+00 2.039669D+00 1.957788D+00 1.879613D+00 1.805126D+00 1.734552D+00 1.667866D+00 1.605309D+00 1.546540D+00 1.491920D+00 1.441250D+00
3.377896D+00 3.378700D+00 3.379536D+00 3.380514D+00 3.381485D+00 3.382351D+00 3.383025D+00 3.383145D+00 3.382471D+00 3.380437D+00 3.376398D+00 3.369513D+00 3.358655D+00 3.342509D+00 3.319584D+00 3.288326D+00 3.247250D+00 3.195426D+00 3.132325D+00 3.058561D+00 2.975494D+00 2.885083D+00 2.789927D+00 2.692063D+00 2.593539D+00 2.495700D+00 2.399327D+00 2.305282D+00 2.213772D+00 2.125271D+00 2.040038D+00 1.958164D+00 1.879965D+00 1.805487D+00 1.734872D+00 1.668226D+00 1.605597D+00 1.546964D+00 1.492256D+00 1.441445D+00 1.394637D+00
3.253173D+00 3.254035D+00 3.255054D+00 3.256209D+00 3.257371D+00 3.258605D+00 3.259595D+00 3.260184D+00 3.260015D+00 3.258550D+00 3.255225D+00 3.249092D+00 3.239096D+00 3.223909D+00 3.202069D+00 3.171931D+00 3.132186D+00 3.081714D+00 3.020159D+00 2.948125D+00 2.866740D+00 2.778379D+00 2.685268D+00 2.589717D+00 2.493745D+00 2.398410D+00 2.304960D+00 2.213855D+00 2.125531D+00 2.040438D+00 1.958597D+00 1.880403D+00 1.805945D+00 1.735287D+00 1.668602D+00 1.605917D+00 1.547234D+00 1.492634D+00 1.441914D+00 1.394858D+00 1.351861D+00
3.128797D+00 3.129772D+00 3.130981D+00 3.132286D+00 3.133775D+00 3.135285D+00 3.136671D+00 3.137772D+00 3.138140D+00 3.137390D+00 3.134803D+00 3.129535D+00 3.120508D+00 3.106409D+00 3.085718D+00 3.056919D+00 3.018601D+00 2.969642D+00 2.909841D+00 2.839499D+00 2.760172D+00 2.673938D+00 2.583057D+00 2.490064D+00 2.396583D+00 2.304161D+00 2.213714D+00 2.125716D+00 2.040796D+00 1.959090D+00 1.880917D+00 1.806472D+00 1.735804D+00 1.669079D+00 1.606359D+00 1.547626D+00 1.492905D+00 1.442245D+00 1.395423D+00 1.352280D+00 1.312730D+00
3.004844D+00 3.006019D+00 3.007342D+00 3.008893D+00 3.010649D+00 3.012465D+00 3.014351D+00 3.015943D+00 3.016976D+00 3.016966D+00 3.015218D+00 3.010944D+00 3.002999D+00 2.990096D+00 2.970734D+00 2.943429D+00 2.906610D+00 2.859430D+00 2.801411D+00 2.733074D+00 2.655969D+00 2.571887D+00 2.483568D+00 2.393135D+00 2.302482D+00 2.213126D+00 2.125707D+00 2.041103D+00 1.959613D+00 1.881512D+00 1.807104D+00 1.736433D+00 1.669676D+00 1.606912D+00 1.548140D+00 1.493339D+00 1.442598D+00 1.395711D+00 1.352741D+00 1.313340D+00 1.277123D+00
2.881506D+00 2.882770D+00 2.884259D+00 2.886067D+00 2.888071D+00 2.890322D+00 2.892639D+00 2.894809D+00 2.896570D+00 2.897360D+00 2.896606D+00 2.893400D+00 2.886676D+00 2.875112D+00 2.857257D+00 2.831497D+00 2.796476D+00 2.751180D+00 2.695128D+00 2.629042D+00 2.554100D+00 2.472586D+00 2.386908D+00 2.299214D+00 2.211626D+00 2.125286D+00 2.041246D+00 1.960111D+00 1.882167D+00 1.807820D+00 1.737188D+00 1.670409D+00 1.607597D+00 1.548786D+00 1.493928D+00 1.443110D+00 1.396159D+00 1.353004D+00 1.313702D+00 1.277864D+00 1.245162D+00
2.758762D+00 2.760125D+00 2.761858D+00 2.763862D+00 2.766198D+00 2.768841D+00 2.771627D+00 2.774480D+00 2.776978D+00 2.778706D+00 2.779013D+00 2.777009D+00 2.771653D+00 2.761599D+00 2.745373D+00 2.721401D+00 2.688360D+00 2.645021D+00 2.591252D+00 2.527439D+00 2.455004D+00 2.376221D+00 2.293204D+00 2.208572D+00 2.124057D+00 2.041015D+00 1.960478D+00 1.882834D+00 1.808626D+00 1.738067D+00 1.671295D+00 1.608433D+00 1.549585D+00 1.494673D+00 1.443758D+00 1.396753D+00 1.353488D+00 1.314056D+00 1.278131D+00 1.245733D+00 1.216351D+00
2.636720D+00 2.638280D+00 2.640171D+00 2.642413D+00 2.645099D+00 2.648125D+00 2.651493D+00 2.654993D+00 2.658320D+00 2.661073D+00 2.662535D+00 2.661907D+00 2.658051D+00 2.649677D+00 2.635257D+00 2.613298D+00 2.582289D+00 2.541266D+00 2.489897D+00 2.428550D+00 2.358878D+00 2.282769D+00 2.202811D+00 2.121316D+00 2.040019D+00 1.960469D+00 1.883411D+00 1.809481D+00 1.739064D+00 1.672335D+00 1.609458D+00 1.550560D+00 1.495595D+00 1.444575D+00 1.397509D+00 1.354169D+00 1.314626D+00 1.278602D+00 1.245963D+00 1.216731D+00 1.190457D+00
2.515553D+00 2.517269D+00 2.519325D+00 2.521866D+00 2.524859D+00 2.528335D+00 2.532267D+00 2.536457D+00 2.540721D+00 2.544540D+00 2.547312D+00 2.548169D+00 2.545987D+00 2.539469D+00 2.527082D+00 2.507281D+00 2.478590D+00 2.440091D+00 2.391195D+00 2.332650D+00 2.265766D+00 2.192654D+00 2.115902D+00 2.037559D+00 1.959740D+00 1.883699D+00 1.810292D+00 1.740144D+00 1.673534D+00 1.610680D+00 1.551737D+00 1.496722D+00 1.445587D+00 1.398453D+00 1.355037D+00 1.315355D+00 1.279257D+00 1.246472D+00 1.217057D+00 1.190652D+00 1.167259D+00
2.395379D+00 2.397229D+00 2.399513D+00 2.402304D+00 2.405631D+00 2.409578D+00 2.414074D+00 2.419047D+00 2.424247D+00 2.429235D+00 2.433430D+00 2.435905D+00 2.435601D+00 2.431120D+00 2.420979D+00 2.403545D+00 2.377437D+00 2.341523D+00 2.295479D+00 2.239861D+00 2.175941D+00 2.106060D+00 2.032474D+00 1.957593D+00 1.883313D+00 1.810866D+00 1.741219D+00 1.674866D+00 1.612103D+00 1.553142D+00 1.498088D+00 1.446875D+00 1.399618D+00 1.356117D+00 1.316285D+00 1.280099D+00 1.247216D+00 1.217657D+00 1.191111D+00 1.167384D+00 1.146552D+00
2.276334D+00 2.278337D+00 2.280839D+00 2.283882D+00 2.287579D+00 2.291980D+00 2.297079D+00 2.302842D+00 2.309023D+00 2.315287D+00 2.320980D+00 2.325254D+00 2.326978D+00 2.324753D+00 2.317074D+00 2.302273D+00 2.278930D+00 2.245900D+00 2.202924D+00 2.150309D+00 2.089662D+00 2.023046D+00 1.952867D+00 1.881555D+00 1.810827D+00 1.742111D+00 1.676248D+00 1.613709D+00 1.554787D+00 1.499722D+00 1.448442D+00 1.401046D+00 1.357448D+00 1.317451D+00 1.281162D+00 1.248176D+00 1.218447D+00 1.191795D+00 1.167921D+00 1.146795D+00 1.128154D+00
2.158589D+00 2.160766D+00 2.163474D+00 2.166783D+00 2.170843D+00 2.175700D+00 2.181427D+00 2.187987D+00 2.195217D+00 2.202788D+00 2.210091D+00 2.216306D+00 2.220225D+00 2.220516D+00 2.215507D+00 2.203604D+00 2.183252D+00 2.153388D+00 2.113575D+00 2.064296D+00 2.007044D+00 1.943825D+00 1.877225D+00 1.809473D+00 1.742450D+00 1.677502D+00 1.615427D+00 1.556691D+00 1.501648D+00 1.450326D+00 1.402787D+00 1.359080D+00 1.318956D+00 1.282485D+00 1.249380D+00 1.219473D+00 1.192698D+00 1.168691D+00 1.147405D+00 1.128557D+00 1.111949D+00
2.042346D+00 2.044702D+00 2.047593D+00 2.051192D+00 2.055608D+00 2.060923D+00 2.067279D+00 2.074647D+00 2.082948D+00 2.091872D+00 2.100894D+00 2.109145D+00 2.115486D+00 2.118465D+00 2.116388D+00 2.107658D+00 2.090572D+00 2.064106D+00 2.027713D+00 1.981973D+00 1.928197D+00 1.868591D+00 1.805617D+00 1.741534D+00 1.678253D+00 1.617082D+00 1.558770D+00 1.503862D+00 1.452556D+00 1.404888D+00 1.361067D+00 1.320802D+00 1.284122D+00 1.250873D+00 1.220769D+00 1.193853D+00 1.169711D+00 1.148232D+00 1.129241D+00 1.112470D+00 1.097803D+00
1.927832D+00 1.930331D+00 1.933426D+00 1.937313D+00 1.942040D+00 1.947850D+00 1.954809D+00 1.962992D+00 1.972378D+00 1.982692D+00 1.993482D+00 2.003897D+00 2.012820D+00 2.018683D+00 2.019890D+00 2.014523D+00 2.001027D+00 1.978185D+00 1.945473D+00 1.903418D+00 1.853330D+00 1.797447D+00 1.738157D+00 1.677808D+00 1.618304D+00 1.560858D+00 1.506308D+00 1.455140D+00 1.407441D+00 1.363465D+00 1.323052D+00 1.286138D+00 1.252716D+00 1.222438D+00 1.195301D+00 1.171003D+00 1.149331D+00 1.130175D+00 1.113229D+00 1.098389D+00 1.085434D+00
1.815275D+00 1.817871D+00 1.821211D+00 1.825313D+00 1.830407D+00 1.836689D+00 1.844211D+00 1.853227D+00 1.863673D+00 1.875395D+00 1.887984D+00 1.900674D+00 1.912282D+00 1.921315D+00 1.925972D+00 1.924271D+00 1.914715D+00 1.895728D+00 1.866993D+00 1.828781D+00 1.782541D+00 1.730466D+00 1.674932D+00 1.618372D+00 1.562583D+00 1.508822D+00 1.458026D+00 1.410417D+00 1.366323D+00 1.325771D+00 1.288607D+00 1.254981D+00 1.224497D+00 1.197104D+00 1.172616D+00 1.150728D+00 1.131395D+00 1.114278D+00 1.099223D+00 1.086079D+00 1.074657D+00
1.704813D+00 1.707625D+00 1.711142D+00 1.715475D+00 1.720940D+00 1.727583D+00 1.735738D+00 1.745522D+00 1.756997D+00 1.770140D+00 1.784539D+00 1.799541D+00 1.813971D+00 1.826353D+00 1.834664D+00 1.837110D+00 1.831610D+00 1.816865D+00 1.792306D+00 1.758134D+00 1.715951D+00 1.667708D+00 1.616009D+00 1.563209D+00 1.511076D+00 1.461056D+00 1.413772D+00 1.369665D+00 1.329015D+00 1.291661D+00 1.257749D+00 1.227027D+00 1.199338D+00 1.174618D+00 1.152513D+00 1.132936D+00 1.115627D+00 1.100367D+00 1.087017D+00 1.075367D+00 1.065289D+00
1.596844D+00 1.599846D+00 1.603447D+00 1.608083D+00 1.613794D+00 1.620873D+00 1.629612D+00 1.640075D+00 1.652598D+00 1.667067D+00 1.683282D+00 1.700599D+00 1.717967D+00 1.733773D+00 1.746107D+00 1.752825D+00 1.751716D+00 1.741654D+00 1.721408D+00 1.691632D+00 1.653514D+00 1.609199D+00 1.561416D+00 1.512275D+00 1.463843D+00 1.417347D+00 1.373455D+00 1.332815D+00 1.295310D+00 1.261104D+00 1.230115D+00 1.202095D+00 1.177094D+00 1.154725D+00 1.134864D+00 1.117323D+00 1.101836D+00 1.088276D+00 1.076416D+00 1.066092D+00 1.057194D+00
1.491637D+00 1.494638D+00 1.498491D+00 1.503329D+00 1.509288D+00 1.516804D+00 1.525952D+00 1.537172D+00 1.550630D+00 1.566380D+00 1.584358D+00 1.603969D+00 1.624264D+00 1.643635D+00 1.660179D+00 1.671361D+00 1.675284D+00 1.669890D+00 1.654398D+00 1.629173D+00 1.595218D+00 1.555087D+00 1.511037D+00 1.465588D+00 1.420742D+00 1.377594D+00 1.337139D+00 1.299594D+00 1.265122D+00 1.233856D+00 1.205518D+00 1.180141D+00 1.157457D+00 1.137263D+00 1.119439D+00 1.103696D+00 1.089881D+00 1.077797D+00 1.067254D+00 1.058103D+00 1.050234D+00
1.389326D+00 1.392469D+00 1.396535D+00 1.401440D+00 1.407734D+00 1.415514D+00 1.425144D+00 1.437036D+00 1.451283D+00 1.468284D+00 1.487883D+00 1.509735D+00 1.532910D+00 1.555965D+00 1.576735D+00 1.592839D+00 1.601854D+00 1.601485D+00 1.591280D+00 1.570608D+00 1.541213D+00 1.505113D+00 1.464809D+00 1.423116D+00 1.381607D+00 1.341817D+00 1.304479D+00 1.269848D+00 1.238330D+00 1.209662D+00 1.183868D+00 1.160814D+00 1.140233D+00 1.122067D+00 1.106011D+00 1.091896D+00 1.079547D+00 1.068765D+00 1.059376D+00 1.051258D+00 1.044265D+00
1.290281D+00 1.293610D+00 1.297652D+00 1.302814D+00 1.309313D+00 1.317334D+00 1.327430D+00 1.339760D+00 1.354848D+00 1.372927D+00 1.394037D+00 1.418008D+00 1.443994D+00 1.470637D+00 1.495764D+00 1.516980D+00 1.531250D+00 1.536717D+00 1.531632D+00 1.515988D+00 1.491252D+00 1.459168D+00 1.422885D+00 1.384592D+00 1.346393D+00 1.309783D+00 1.275308D+00 1.243587D+00 1.214615D+00 1.188385D+00 1.164913D+00 1.143915D+00 1.125314D+00 1.108882D+00 1.094410D+00 1.081740D+00 1.070670D+00 1.061018D+00 1.052648D+00 1.045413D+00 1.039180D+00
1.194848D+00 1.198168D+00 1.202331D+00 1.207697D+00 1.214233D+00 1.222576D+00 1.232925D+00 1.245735D+00 1.261532D+00 1.280476D+00 1.302999D+00 1.328867D+00 1.357524D+00 1.387628D+00 1.417217D+00 1.443487D+00 1.463547D+00 1.474846D+00 1.475250D+00 1.465249D+00 1.445041D+00 1.417375D+00 1.384827D+00 1.349872D+00 1.315011D+00 1.281243D+00 1.249586D+00 1.220427D+00 1.193788D+00 1.169872D+00 1.148406D+00 1.129307D+00 1.112426D+00 1.097529D+00 1.084471D+00 1.073053D+00 1.063089D+00 1.054429D+00 1.046940D+00 1.040442D+00 1.034886D+00
1.103188D+00 1.106497D+00 1.110820D+00 1.116132D+00 1.122883D+00 1.131397D+00 1.141940D+00 1.155181D+00 1.171398D+00 1.191202D+00 1.214888D+00 1.242453D+00 1.273556D+00 1.306977D+00 1.340832D+00 1.372252D+00 1.398299D+00 1.415562D+00 1.422410D+00 1.417757D+00 1.402561D+00 1.379364D+00 1.350443D+00 1.319069D+00 1.287102D+00 1.256092D+00 1.227044D+00 1.200166D+00 1.175790D+00 1.153827D+00 1.134179D+00 1.116774D+00 1.101384D+00 1.087856D+00 1.076015D+00 1.065677D+00 1.056671D+00 1.048872D+00 1.042100D+00 1.036267D+00 1.031273D+00
1.015475D+00 1.018907D+00 1.023196D+00 1.028574D+00 1.035474D+00 1.043968D+00 1.054756D+00 1.068185D+00 1.084810D+00 1.105278D+00 1.129836D+00 1.158906D+00 1.192122D+00 1.228612D+00 1.266503D+00 1.303130D+00 1.335044D+00 1.358853D+00 1.372118D+00 1.373192D+00 1.363677D+00 1.344725D+00 1.319796D+00 1.291654D+00 1.262468D+00 1.234194D+00 1.207404D+00 1.182706D+00 1.160280D+00 1.140056D+00 1.122069D+00 1.106107D+00 1.092029D+00 1.079682D+00 1.068893D+00 1.059468D+00 1.051296D+00 1.044202D+00 1.038062D+00 1.032794D+00 1.028241D+00
9.320743D-01 9.355173D-01 9.397503D-01 9.452200D-01 9.520160D-01 9.606269D-01 9.714938D-01 9.850094D-01 1.001946D+00 1.022739D+00 1.048078D+00 1.078306D+00 1.113325D+00 1.152533D+00 1.194184D+00 1.235744D+00 1.273552D+00 1.304126D+00 1.323929D+00 1.331782D+00 1.327597D+00 1.313362D+00 1.292449D+00 1.267380D+00 1.241145D+00 1.215175D+00 1.190518D+00 1.167791D+00 1.147057D+00 1.128440D+00 1.111845D+00 1.097139D+00 1.084197D+00 1.072860D+00 1.062942D+00 1.054317D+00 1.046834D+00 1.040332D+00 1.034737D+00 1.029895D+00 1.025751D+00
8.531353D-01 8.564411D-01 8.607203D-01 8.661080D-01 8.728769D-01 8.815240D-01 8.922721D-01 9.058774D-01 9.228593D-01 9.438939D-01 9.697483D-01 1.000750D+00 1.037268D+00 1.078714D+00 1.123766D+00 1.169906D+00 1.213581D+00 1.250777D+00 1.277710D+00 1.292358D+00 1.293904D+00 1.285076D+00 1.267928D+00 1.246237D+00 1.222616D+00 1.198816D+00 1.176221D+00 1.155165D+00 1.135978D+00 1.118728D+00 1.103335D+00 1.089714D+00 1.077735D+00 1.067232D+00 1.058064D+00 1.050108D+00 1.043170D+00 1.037186D+00 1.032010D+00 1.027544D+00 1.023738D+00
7.786228D-01 7.819354D-01 7.861682D-01 7.914333D-01 7.981789D-01 8.066386D-01 8.173410D-01 8.308629D-01 8.477465D-01 8.688730D-01 8.948515D-01 9.264400D-01 9.639973D-01 1.007240D+00 1.055213D+00 1.105457D+00 1.154692D+00 1.198449D+00 1.232769D+00 1.254368D+00 1.262736D+00 1.259003D+00 1.246075D+00 1.227781D+00 1.206616D+00 1.185073D+00 1.164189D+00 1.144660D+00 1.126835D+00 1.110744D+00 1.096386D+00 1.083679D+00 1.072495D+00 1.062686D+00 1.054147D+00 1.046698D+00 1.040244D+00 1.034666D+00 1.029826D+00 1.025680D+00 1.022105D+00
7.087741D-01 7.120642D-01 7.161312D-01 7.213327D-01 7.279154D-01 7.362129D-01 7.467798D-01 7.600242D-01 7.767595D-01 7.976943D-01 8.236403D-01 8.554791D-01 8.935824D-01 9.382097D-01 9.884353D-01 1.042331D+00 1.096645D+00 1.146807D+00 1.188419D+00 1.217534D+00 1.232859D+00 1.234663D+00 1.226641D+00 1.211534D+00 1.193070D+00 1.173509D+00 1.154211D+00 1.136107D+00 1.119423D+00 1.104333D+00 1.090844D+00 1.078894D+00 1.068345D+00 1.059120D+00 1.051060D+00 1.044041D+00 1.037975D+00 1.032687D+00 1.028141D+00 1.024220D+00 1.020847D+00
6.436094D-01 6.467549D-01 6.507312D-01 6.558002D-01 6.621677D-01 6.702846D-01 6.805341D-01 6.935090D-01 7.099215D-01 7.304858D-01 7.562004D-01 7.878428D-01 8.262188D-01 8.716475D-01 9.235451D-01 9.804865D-01 1.039148D+00 1.095437D+00 1.144182D+00 1.181133D+00 1.203652D+00 1.212082D+00 1.208773D+00 1.197298D+00 1.181568D+00 1.163871D+00 1.146184D+00 1.129260D+00 1.113581D+00 1.099338D+00 1.086568D+00 1.075209D+00 1.065195D+00 1.056418D+00 1.048729D+00 1.042059D+00 1.036248D+00 1.031221D+00 1.026886D+00 1.023130D+00 1.019922D+00
5.830562D-01 5.860790D-01 5.899400D-01 5.947933D-01 6.009621D-01 6.087973D-01 6.187103D-01 6.313236D-01 6.472325D-01 6.673313D-01 6.925198D-01 7.237475D-01 7.619938D-01 8.076154D-01 8.606762D-01 9.197900D-01 9.822700D-01 1.044083D+00 1.099654D+00 1.144455D+00 1.174702D+00 1.190064D+00 1.191967D+00 1.184802D+00 1.171677D+00 1.156049D+00 1.139778D+00 1.123937D+00 1.109152D+00 1.095614D+00 1.083416D+00 1.072539D+00 1.062944D+00 1.054477D+00 1.047093D+00 1.040653D+00 1.035049D+00 1.030213D+00 1.026002D+00 1.022386D+00 1.019275D+00
5.270560D-01 5.299615D-01 5.336447D-01 5.382987D-01 5.442238D-01 5.517232D-01 5.612656D-01 5.733799D-01 5.887437D-01 6.082093D-01 6.326704D-01 6.640690D-01 7.008675D-01 7.463379D-01 7.998599D-01 8.604223D-01 9.260043D-01 9.923353D-01 1.054527D+00 1.106936D+00 1.145305D+00 1.167958D+00 1.176153D+00 1.173254D+00 1.163187D+00 1.149690D+00 1.134773D+00 1.120011D+00 1.105971D+00 1.093024D+00 1.081281D+00 1.070785D+00 1.061460D+00 1.053251D+00 1.046068D+00 1.039778D+00 1.034326D+00 1.029581D+00 1.025478D+00 1.021943D+00 1.018887D+00
4.755045D-01 4.782743D-01 4.817682D-01 4.862049D-01 4.918384D-01 4.989888D-01 5.080960D-01 5.196661D-01 5.343990D-01 5.530713D-01 5.766841D-01 6.063167D-01 6.430462D-01 6.879105D-01 7.411760D-01 8.025952D-01 8.702071D-01 9.404600D-01 1.008567D+00 1.068129D+00 1.114785D+00 1.145245D+00 1.160224D+00 1.162159D+00 1.155829D+00 1.144420D+00 1.131052D+00 1.117247D+00 1.103889D+00 1.091439D+00 1.080064D+00 1.069830D+00 1.060708D+00 1.052671D+00 1.045581D+00 1.039399D+00 1.034011D+00 1.029323D+00 1.025279D+00 1.021761D+00 1.018743D+00
4.282439D-01 4.308581D-01 4.341568D-01 4.383598D-01 4.436821D-01 4.504599D-01 4.590861D-01 4.700741D-01 4.840815D-01 5.018943D-01 5.245066D-01 5.529870D-01 5.885749D-01 6.322985D-01 6.849073D-01 7.463794D-01 8.151606D-01 8.885233D-01 9.612841D-01 1.027883D+00 1.082532D+00 1.121273D+00 1.143529D+00 1.151388D+00 1.148889D+00 1.140046D+00 1.128321D+00 1.115463D+00 1.102789D+00 1.090750D+00 1.079662D+00 1.069604D+00 1.060618D+00 1.052637D+00 1.045609D+00 1.039461D+00 1.034077D+00 1.029409D+00 1.025348D+00 1.021838D+00 1.018815D+00
3.850806D-01 3.875243D-01 3.906351D-01 3.945788D-01 3.995804D-01 4.059678D-01 4.140882D-01 4.244614D-01 4.376934D-01 4.545773D-01 4.760578D-01 5.032596D-01 5.374213D-01 5.797182D-01 6.311795D-01 6.918977D-01 7.611812D-01 8.364135D-01 9.131659D-01 9.860184D-01 1.048084D+00 1.095431D+00 1.125490D+00 1.139927D+00 1.141898D+00 1.136318D+00 1.126264D+00 1.114565D+00 1.102502D+00 1.090846D+00 1.079977D+00 1.070044D+00 1.061107D+00 1.053136D+00 1.046110D+00 1.039913D+00 1.034506D+00 1.029793D+00 1.025693D+00 1.022153D+00 1.019080D+00
3.457829D-01 3.480677D-01 3.509795D-01 3.546550D-01 3.593498D-01 3.653155D-01 3.729257D-01 3.826556D-01 3.950831D-01 4.109835D-01 4.312659D-01 4.570635D-01 4.896044D-01 5.302207D-01 5.799873D-01 6.395029D-01 7.084068D-01 7.845250D-01 8.643730D-01 9.420149D-01 1.011457D+00 1.067095D+00 1.105514D+00 1.127149D+00 1.134712D+00 1.132590D+00 1.124717D+00 1.114301D+00 1.102883D+00 1.091635D+00 1.080936D+00 1.071078D+00 1.062128D+00 1.054124D+00 1.047014D+00 1.040749D+00 1.035263D+00 1.030461D+00 1.026294D+00 1.022670D+00 1.019538D+00
3.101166D-01 3.122595D-01 3.149526D-01 3.183819D-01 3.227459D-01 3.282915D-01 3.353975D-01 3.444644D-01 3.560835D-01 3.709640D-01 3.900048D-01 4.143028D-01 4.451089D-01 4.837877D-01 5.315628D-01 5.893650D-01 6.570217D-01 7.332852D-01 8.148636D-01 8.965613D-01 9.725416D-01 1.035819D+00 1.083057D+00 1.112453D+00 1.126388D+00 1.128424D+00 1.123461D+00 1.114402D+00 1.103867D+00 1.092987D+00 1.082458D+00 1.072635D+00 1.063642D+00 1.055546D+00 1.048319D+00 1.041941D+00 1.036317D+00 1.031405D+00 1.027122D+00 1.023397D+00 1.020178D+00
2.778644D-01 2.798334D-01 2.823249D-01 2.855072D-01 2.895367D-01 2.946931D-01 3.012712D-01 3.096890D-01 3.204938D-01 3.343452D-01 3.521281D-01 3.748792D-01 4.038608D-01 4.404330D-01 4.859742D-01 5.415275D-01 6.074421D-01 6.829147D-01 7.651362D-01 8.499186D-01 9.308374D-01 1.001759D+00 1.057512D+00 1.095296D+00 1.116326D+00 1.123691D+00 1.121896D+00 1.114739D+00 1.105237D+00 1.094787D+00 1.084485D+00 1.074664D+00 1.065602D+00 1.057370D+00 1.049997D+00 1.043446D+00 1.037668D+00 1.032605D+00 1.028173D+00 1.024324D+00 1.020979D+00
2.487402D-01 2.505427D-01 2.528565D-01 2.557777D-01 2.595021D-01 2.642575D-01 2.703218D-01 2.781158D-01 2.881039D-01 3.009491D-01 3.174638D-01 3.386569D-01 3.657608D-01 4.001371D-01 4.432267D-01 4.962332D-01 5.598867D-01 6.336674D-01 7.157173D-01 8.021366D-01 8.871866D-01 9.648808D-01 1.028458D+00 1.075195D+00 1.103930D+00 1.117494D+00 1.119614D+00 1.115122D+00 1.106754D+00 1.097001D+00 1.086902D+00 1.077105D+00 1.067961D+00 1.059573D+00 1.052015D+00 1.045265D+00 1.039299D+00 1.034042D+00 1.029444D+00 1.025434D+00 1.021948D+00
2.224957D-01 2.241660D-01 2.262800D-01 2.289609D-01 2.323896D-01 2.367500D-01 2.423417D-01 2.495062D-01 2.587096D-01 2.705686D-01 2.858324D-01 3.054896D-01 3.306989D-01 3.628310D-01 4.033350D-01 4.535708D-01 5.144571D-01 5.860059D-01 6.669127D-01 7.537998D-01 8.419427D-01 9.247328D-01 9.961583D-01 1.051567D+00 1.088697D+00 1.109254D+00 1.116514D+00 1.114978D+00 1.108319D+00 1.099433D+00 1.089617D+00 1.079930D+00 1.070676D+00 1.062125D+00 1.054353D+00 1.047382D+00 1.041187D+00 1.035719D+00 1.030923D+00 1.026728D+00 1.023081D+00
1.989048D-01 2.004321D-01 2.023573D-01 2.048242D-01 2.079541D-01 2.119536D-01 2.170768D-01 2.236395D-01 2.321006D-01 2.429942D-01 2.570565D-01 2.751996D-01 2.985391D-01 3.284198D-01 3.662798D-01 4.135723D-01 4.713978D-01 5.401942D-01 6.190434D-01 7.055123D-01 7.952515D-01 8.822605D-01 9.606431D-01 1.024025D+00 1.070185D+00 1.098396D+00 1.111721D+00 1.113924D+00 1.109769D+00 1.101865D+00 1.092623D+00 1.083031D+00 1.073704D+00 1.064996D+00 1.056995D+00 1.049780D+00 1.043333D+00 1.037628D+00 1.032603D+00 1.028205D+00 1.024370D+00
1.777244D-01 1.791095D-01 1.808765D-01 1.831205D-01 1.859754D-01 1.896326D-01 1.943052D-01 2.003150D-01 2.080498D-01 2.180283D-01 2.309356D-01 2.476116D-01 2.691417D-01 2.967893D-01 3.320005D-01 3.762547D-01 4.308164D-01 4.963911D-01 5.726006D-01 6.576566D-01 7.477622D-01 8.378948D-01 9.215231D-01 9.929018D-01 1.047839D+00 1.084443D+00 1.104678D+00 1.111891D+00 1.110545D+00 1.104219D+00 1.095738D+00 1.086332D+00 1.077039D+00 1.068148D+00 1.059923D+00 1.052444D+00 1.045728D+00 1.039759D+00 1.034487D+00 1.029862D+00 1.025816D+00
1.587261D-01 1.599894D-01 1.615967D-01 1.636324D-01 1.662399D-01 1.695638D-01 1.738238D-01 1.793014D-01 1.863513D-01 1.954731D-01 2.072712D-01 2.225558D-01 2.423321D-01 2.678085D-01 3.004095D-01 3.415995D-01 3.927696D-01 4.548354D-01 5.278857D-01 6.106123D-01 7.001342D-01 7.918677D-01 8.798062D-01 9.582809D-01 1.021302D+00 1.066978D+00 1.094827D+00 1.108011D+00 1.110281D+00 1.106356D+00 1.098755D+00 1.089843D+00 1.080577D+00 1.071550D+00 1.063119D+00 1.055363D+00 1.048366D+00 1.042111D+00 1.036573D+00 1.031695D+00 1.027424D+00
1.417082D-01 1.428584D-01 1.443122D-01 1.461669D-01 1.485302D-01 1.515478D-01 1.554225D-01 1.603973D-01 1.668188D-01 1.751213D-01 1.858789D-01 1.998445D-01 2.179440D-01 2.413464D-01 2.713916D-01 3.095549D-01 3.572761D-01 4.156504D-01 4.851072D-01 5.648852D-01 6.528131D-01 7.448740D-01 8.359820D-01 9.198307D-01 9.909527D-01 1.045473D+00 1.081709D+00 1.101741D+00 1.108936D+00 1.107721D+00 1.101614D+00 1.093394D+00 1.084249D+00 1.075209D+00 1.066549D+00 1.058530D+00 1.051237D+00 1.044683D+00 1.038857D+00 1.033710D+00 1.029192D+00
1.264816D-01 1.275195D-01 1.288381D-01 1.305182D-01 1.326554D-01 1.353959D-01 1.389050D-01 1.434197D-01 1.492483D-01 1.567864D-01 1.665775D-01 1.792943D-01 1.958184D-01 2.172353D-01 2.448225D-01 2.800401D-01 3.243182D-01 3.789123D-01 4.444952D-01 5.208057D-01 6.062249D-01 6.976107D-01 7.903524D-01 8.785943D-01 9.569112D-01 1.019594D+00 1.064925D+00 1.092540D+00 1.105642D+00 1.107962D+00 1.104188D+00 1.096784D+00 1.088082D+00 1.079023D+00 1.070186D+00 1.061932D+00 1.054332D+00 1.047473D+00 1.041340D+00 1.035907D+00 1.031123D+00
1.128614D-01 1.137987D-01 1.149930D-01 1.165090D-01 1.184457D-01 1.209220D-01 1.240962D-01 1.281857D-01 1.334617D-01 1.403000D-01 1.491814D-01 1.607360D-01 1.757818D-01 1.953193D-01 2.205799D-01 2.529407D-01 2.938508D-01 3.446411D-01 4.061843D-01 4.786212D-01 5.608820D-01 6.505708D-01 7.436432D-01 8.351037D-01 9.188942D-01 9.897467D-01 1.043963D+00 1.079960D+00 1.099867D+00 1.107057D+00 1.105929D+00 1.099962D+00 1.091910D+00 1.082932D+00 1.074052D+00 1.065538D+00 1.057649D+00 1.050475D+00 1.044023D+00 1.038288D+00 1.033220D+00
1.006861D-01 1.015351D-01 1.026108D-01 1.039803D-01 1.057288D-01 1.079624D-01 1.108331D-01 1.145260D-01 1.192975D-01 1.254844D-01 1.335241D-01 1.440057D-01 1.576660D-01 1.754501D-01 1.985035D-01 2.281385D-01 2.657989D-01 3.128188D-01 3.702652D-01 4.385533D-01 5.171359D-01 6.042154D-01 6.965754D-01 7.897131D-01 8.779635D-01 9.560777D-01 1.018510D+00 1.063613D+00 1.091082D+00 1.104136D+00 1.106490D+00 1.102815D+00 1.095536D+00 1.086969D+00 1.078041D+00 1.069325D+00 1.061183D+00 1.053681D+00 1.046909D+00 1.040854D+00 1.035487D+00
8.981234D-02 9.057597D-02 9.154487D-02 9.278049D-02 9.435490D-02 9.637121D-02 9.895866D-02 1.022898D-01 1.065983D-01 1.121840D-01 1.194551D-01 1.289380D-01 1.413169D-01 1.574674D-01 1.784468D-01 2.055183D-01 2.400491D-01 2.834058D-01 3.367586D-01 4.007445D-01 4.752629D-01 5.590591D-01 6.496764D-01 7.431685D-01 8.346805D-01 9.183395D-01 9.889848D-01 1.043000D+00 1.078846D+00 1.098676D+00 1.105865D+00 1.104794D+00 1.098917D+00 1.090972D+00 1.082099D+00 1.073320D+00 1.064900D+00 1.057094D+00 1.049993D+00 1.043607D+00 1.037929D+00
8.010115D-02 8.078711D-02 8.166092D-02 8.277196D-02 8.418994D-02 8.600554D-02 8.833442D-02 9.133779D-02 9.521963D-02 1.002579D-01 1.068201D-01 1.153844D-01 1.265859D-01 1.412167D-01 1.602710D-01 1.849263D-01 2.164880D-01 2.563308D-01 3.056465D-01 3.652960D-01 4.354774D-01 5.154685D-01 6.034322D-01 6.962064D-01 7.894362D-01 8.776038D-01 9.555541D-01 1.017819D+00 1.062778D+00 1.090156D+00 1.103182D+00 1.105558D+00 1.101947D+00 1.094747D+00 1.086265D+00 1.077421D+00 1.068781D+00 1.060709D+00 1.053270D+00 1.046553D+00 1.040547D+00
7.143128D-02 7.204910D-02 7.283393D-02 7.383253D-02 7.510840D-02 7.674024D-02 7.883670D-02 8.153828D-02 8.503220D-02 8.957096D-02 9.548331D-02 1.032111D-01 1.133249D-01 1.265568D-01 1.438270D-01 1.662240D-01 1.950057D-01 2.314816D-01 2.768923D-01 3.322289D-01 3.979278D-01 4.737399D-01 5.583578D-01 6.493776D-01 7.429897D-01 8.344514D-01 9.179945D-01 9.885004D-01 1.042387D+00 1.078140D+00 1.097922D+00 1.105110D+00 1.104076D+00 1.098257D+00 1.090379D+00 1.081573D+00 1.072859D+00 1.064497D+00 1.056743D+00 1.049690D+00 1.043344D+00
6.369444D-02 6.424932D-02 6.495348D-02 6.585142D-02 6.699686D-02 6.846332D-02 7.034727D-02 7.277464D-02 7.591763D-02 7.999950D-02 8.532185D-02 9.228313D-02 1.014011D-01 1.133522D-01 1.289714D-01 1.492800D-01 1.754538D-01 2.087478D-01 2.504277D-01 3.015246D-01 3.627222D-01 4.340831D-01 5.148302D-01 6.031853D-01 6.960873D-01 7.892984D-01 8.773831D-01 9.552215D-01 1.017380D+00 1.062249D+00 1.089570D+00 1.102578D+00 1.104969D+00 1.101398D+00 1.094249D+00 1.085821D+00 1.077030D+00 1.068437D+00 1.060411D+00 1.053011D+00 1.046329D+00
5.679136D-02 5.728875D-02 5.792127D-02 5.872668D-02 5.975450D-02 6.107129D-02 6.276202D-02 6.494268D-02 6.776530D-02 7.143307D-02 7.621917D-02 8.248122D-02 9.069455D-02 1.014688D-01 1.155734D-01 1.339539D-01 1.576993D-01 1.880234D-01 2.261407D-01 2.731487D-01 3.298818D-01 3.966500D-01 4.731595D-01 5.581443D-01 6.492954D-01 7.429125D-01 8.343134D-01 9.177758D-01 9.881927D-01 1.041999D+00 1.077692D+00 1.097444D+00 1.104633D+00 1.103623D+00 1.097840D+00 1.090005D+00 1.081241D+00 1.072567D+00 1.064242D+00 1.056522D+00 1.049499D+00
5.063291D-02 5.107902D-02 5.164618D-02 5.236799D-02 5.329029D-02 5.447091D-02 5.598777D-02 5.794433D-02 6.047692D-02 6.377075D-02 6.806897D-02 7.369764D-02 8.108569D-02 9.078613D-02 1.035079D-01 1.201110D-01 1.416167D-01 1.691638D-01 2.039233D-01 2.470347D-01 2.993879D-01 3.615535D-01 4.335521D-01 5.146385D-01 6.031285D-01 6.960457D-01 7.892182D-01 8.772434D-01 9.550101D-01 1.017102D+00 1.061914D+00 1.089199D+00 1.102196D+00 1.104597D+00 1.101052D+00 1.093934D+00 1.085540D+00 1.076782D+00 1.068221D+00 1.060222D+00 1.052848D+00
4.513989D-02 4.553980D-02 4.604772D-02 4.669489D-02 4.752118D-02 4.857920D-02 4.993916D-02 5.169290D-02 5.396464D-02 5.691898D-02 6.077614D-02 6.583089D-02 7.246879D-02 8.119561D-02 9.265157D-02 1.076282D-01 1.270717D-01 1.520398D-01 1.836720D-01 2.230708D-01 2.712074D-01 3.288151D-01 3.961625D-01 4.729874D-01 5.581013D-01 6.492749D-01 7.428704D-01 8.342262D-01 9.176368D-01 9.879978D-01 1.041753D+00 1.077409D+00 1.097143D+00 1.104332D+00 1.103337D+00 1.097576D+00 1.089769D+00 1.081031D+00 1.072383D+00 1.064082D+00 1.056382D+00
4.024121D-02 4.059914D-02 4.105406D-02 4.163363D-02 4.237342D-02 4.332141D-02 4.453942D-02 4.611082D-02 4.814664D-02 5.079449D-02 5.425404D-02 5.878856D-02 6.474828D-02 7.258975D-02 8.289368D-02 9.638820D-02 1.139358D-01 1.365300D-01 1.652442D-01 2.011502D-01 2.452746D-01 2.984158D-01 3.611067D-01 4.333949D-01 5.146021D-01 6.031220D-01 6.960258D-01 7.891676D-01 8.771545D-01 9.548761D-01 1.016926D+00 1.061702D+00 1.088965D+00 1.101955D+00 1.104362D+00 1.100833D+00 1.093735D+00 1.085363D+00 1.076626D+00 1.068084D+00 1.060104D+00
3.587272D-02 3.619301D-02 3.660027D-02 3.711886D-02 3.778128D-02 3.862976D-02 3.972016D-02 4.112741D-02 4.295041D-02 4.532284D-02 4.842275D-02 5.248791D-02 5.783452D-02 6.487332D-02 7.413424D-02 8.627578D-02 1.020918D-01 1.225042D-01 1.485135D-01 1.811706D-01 2.214778D-01 2.703232D-01 3.284064D-01 3.960174D-01 4.729566D-01 5.581014D-01 6.492679D-01 7.428440D-01 8.341707D-01 9.175487D-01 9.878745D-01 1.041598D+00 1.077231D+00 1.096952D+00 1.104142D+00 1.103156D+00 1.097410D+00 1.089620D+00 1.080899D+00 1.072267D+00 1.063981D+00
3.197740D-02 3.226405D-02 3.262829D-02 3.309228D-02 3.368493D-02 3.444397D-02 3.541991D-02 3.667917D-02 3.831105D-02 4.043513D-02 4.321105D-02 4.685368D-02 5.164600D-02 5.796024D-02 6.627492D-02 7.718736D-02 9.142772D-02 1.098380D-01 1.333607D-01 1.629909D-01 1.997106D-01 2.444723D-01 2.980423D-01 3.609730D-01 4.333670D-01 5.146042D-01 6.031234D-01 6.960134D-01 7.891353D-01 8.770982D-01 9.547914D-01 1.016815D+00 1.061568D+00 1.088817D+00 1.101803D+00 1.104213D+00 1.100695D+00 1.093610D+00 1.085251D+00 1.076528D+00 1.067998D+00
2.850444D-02 2.876070D-02 2.908638D-02 2.950136D-02 3.003127D-02 3.071026D-02 3.158308D-02 3.270949D-02 3.416962D-02 3.607019D-02 3.855523D-02 4.181670D-02 4.610970D-02 5.177003D-02 5.922843D-02 6.902941D-02 8.183410D-02 9.841814D-02 1.196585D-01 1.464863D-01 1.798718D-01 2.207510D-01 2.699827D-01 3.282833D-01 3.959910D-01 4.729602D-01 5.581066D-01 6.492637D-01 7.428270D-01 8.341354D-01 9.174930D-01 9.877966D-01 1.041499D+00 1.077118D+00 1.096832D+00 1.104022D+00 1.103042D+00 1.097305D+00 1.089525D+00 1.080816D+00 1.072194D+00
2.540808D-02 2.563708D-02 2.592827D-02 2.629917D-02 2.677292D-02 2.737994D-02 2.816022D-02 2.916757D-02 3.047325D-02 3.217330D-02 3.439661D-02 3.731524D-02 4.115928D-02 4.622954D-02 5.291590D-02 6.171020D-02 7.321241D-02 8.813652D-02 1.072852D-01 1.315387D-01 1.618208D-01 1.990535D-01 2.441626D-01 2.979290D-01 3.609479D-01 4.333705D-01 5.146103D-01 6.031245D-01 6.960053D-01 7.891147D-01 8.770626D-01 9.547379D-01 1.016745D+00 1.061483D+00 1.088723D+00 1.101707D+00 1.104120D+00 1.100608D+00 1.093531D+00 1.085181D+00 1.076466D+00
2.264761D-02 2.285228D-02 2.311246D-02 2.344388D-02 2.386729D-02 2.440972D-02 2.510720D-02 2.600755D-02 2.717475D-02 2.869486D-02 3.068301D-02 3.329411D-02 3.673388D-02 4.127324D-02 4.726373D-02 5.514828D-02 6.547370D-02 7.888730D-02 9.612963D-02 1.180226D-01 1.454333D-01 1.792786D-01 2.204700D-01 2.698787D-01 3.282596D-01 3.959936D-01 4.729668D-01 5.581100D-01 6.492607D-01 7.428161D-01 8.341131D-01 9.174578D-01 9.877474D-01 1.041437D+00 1.077047D+00 1.096756D+00 1.103946D+00 1.102970D+00 1.097239D+00 1.089466D+00 1.080763D+00
2.018675D-02 2.036959D-02 2.060198D-02 2.089811D-02 2.127633D-02 2.176098D-02 2.238417D-02 2.318863D-02 2.423180D-02 2.559038D-02 2.736776D-02 2.970256D-02 3.277916D-02 3.684161D-02 4.220501D-02 4.927006D-02 5.853088D-02 7.057539D-02 8.608630D-02 1.058175D-01 1.305923D-01 1.612861D-01 1.987990D-01 2.440675D-01 2.979065D-01 3.609497D-01 4.333768D-01 5.146143D-01 6.031250D-01 6.960000D-01 7.891017D-01 8.770402D-01 9.547041D-01 1.016700D+00 1.061430D+00 1.088664D+00 1.101646D+00 1.104061D+00 1.100553D+00 1.093481D+00 1.085136D+00
1.799306D-02 1.815633D-02 1.836390D-02 1.862835D-02 1.896616D-02 1.939906D-02 1.995567D-02 2.067436D-02 2.160629D-02 2.282016D-02 2.440860D-02 2.649547D-02 2.924653D-02 3.288011D-02 3.767982D-02 4.400690D-02 5.230660D-02 6.311491D-02 7.705167D-02 9.481395D-02 1.171726D-01 1.449519D-01 1.790485D-01 2.203832D-01 2.698574D-01 3.282607D-01 3.959989D-01 4.729712D-01 5.581120D-01 6.492588D-01 7.428092D-01 8.340990D-01 9.174356D-01 9.877164D-01 1.041398D+00 1.077002D+00 1.096708D+00 1.103898D+00 1.102924D+00 1.097197D+00 1.089429D+00
1.603755D-02 1.618334D-02 1.636868D-02 1.660479D-02 1.690646D-02 1.729301D-02 1.779009D-02 1.843193D-02 1.926424D-02 2.034862D-02 2.176766D-02 2.363248D-02 2.609139D-02 2.934006D-02 3.363377D-02 3.929649D-02 4.673095D-02 5.642186D-02 6.893277D-02 8.490762D-02 1.050549D-01 1.301594D-01 1.610784D-01 1.987200D-01 2.440476D-01 2.979069D-01 3.609542D-01 4.333809D-01 5.146167D-01 6.031252D-01 6.959967D-01 7.890935D-01 8.770260D-01 9.546827D-01 1.016672D+00 1.061396D+00 1.088627D+00 1.101608D+00 1.104023D+00 1.100518D+00 1.093450D+00
1.429443D-02 1.442458D-02 1.459003D-02 1.480083D-02 1.507013D-02 1.541523D-02 1.585905D-02 1.643211D-02 1.717536D-02 1.814372D-02 1.941113D-02 2.107705D-02 2.327407D-02 2.617789D-02 3.001702D-02 3.508295D-02 4.173880D-02 5.042160D-02 6.164563D-02 7.599635D-02 9.413030D-02 1.167838D-01 1.447648D-01 1.789768D-01 2.203647D-01 2.698572D-01 3.282644D-01 3.960024D-01 4.729737D-01 5.581131D-01 6.492575D-01 7.428049D-01 8.340901D-01 9.174216D-01 9.876968D-01 1.041374D+00 1.076973D+00 1.096678D+00 1.103868D+00 1.102896D+00 1.097171D+00
1.274067D-02 1.285683D-02 1.300450D-02 1.319266D-02 1.343302D-02 1.374107D-02 1.413723D-02 1.464882D-02 1.531236D-02 1.617692D-02 1.730871D-02 1.879648D-02 2.075905D-02 2.335367D-02 2.678509D-02 3.131560D-02 3.727100D-02 4.504669D-02 5.510818D-02 6.798841D-02 8.429511D-02 1.047060D-01 1.299910D-01 1.610135D-01 1.987028D-01 2.440470D-01 2.979098D-01 3.609572D-01 4.333833D-01 5.146180D-01 6.031253D-01 6.959946D-01 7.890883D-01 8.770170D-01 9.546692D-01 1.016655D+00 1.061375D+00 1.088603D+00 1.101584D+00 1.104000D+00 1.100496D+00
1.135572D-02 1.145937D-02 1.159116D-02 1.175906D-02 1.197358D-02 1.224850D-02 1.260207D-02 1.305869D-02 1.365094D-02 1.442274D-02 1.543313D-02 1.676153D-02 1.851426D-02 2.083188D-02 2.389819D-02 2.794802D-02 3.327452D-02 4.023433D-02 4.924747D-02 6.080092D-02 7.544792D-02 9.381740D-02 1.166324D-01 1.447062D-01 1.789610D-01 2.203638D-01 2.698595D-01 3.282669D-01 3.960045D-01 4.729753D-01 5.581138D-01 6.492567D-01 7.428021D-01 8.340845D-01 9.174128D-01 9.876844D-01 1.041358D+00 1.076955D+00 1.096658D+00 1.103849D+00 1.102878D+00
1.012124D-02 1.021373D-02 1.033132D-02 1.048114D-02 1.067256D-02 1.091787D-02 1.123339D-02 1.164087D-02 1.216943D-02 1.285827D-02 1.376011D-02 1.494603D-02 1.651093D-02 1.858071D-02 2.131986D-02 2.493880D-02 2.970128D-02 3.592748D-02 4.399762D-02 5.435291D-02 6.749762D-02 8.401472D-02 1.045701D-01 1.299381D-01 1.609991D-01 1.987017D-01 2.440488D-01 2.979118D-01 3.609589D-01 4.333847D-01 5.146189D-01 6.031253D-01 6.959933D-01 7.890850D-01 8.770114D-01 9.546607D-01 1.016643D+00 1.061362D+00 1.088589D+00 1.101569D+00 1.103985D+00
 Integrated Free Free g-factor
 41
 -4.000D+0  1.113883D+0
 -3.800D+0  1.116983D+0
 -3.600D+0  1.120891D+0
 -3.400D+0  1.125810D+0
 -3.200D+0  1.131995D+0
 -3.000D+0  1.139752D+0
 -2.800D+0  1.149445D+0
 -2.600D+0  1.161493D+0
 -2.400D+0  1.176350D+0
 -2.200D+0  1.194467D+0
 -2.000D+0  1.216220D+0
 -1.800D+0  1.241822D+0
 -1.600D+0  1.271043D+0
 -1.400D+0  1.303277D+0
 -1.200D+0  1.337114D+0
 -1.000D+0  1.370395D+0
 -8.000D-1  1.400285D+0
 -6.000D-1  1.423650D+0
 -4.000D-1  1.437677D+0
 -2.000D-1  1.440596D+0
  0.000D+0  1.432199D+0
  2.000D-1  1.413909D+0
  4.000D-1  1.388301D+0
  6.000D-1  1.358324D+0
  8.000D-1  1.326582D+0
  1.000D+0  1.294961D+0
  1.200D+0  1.264621D+0
  1.400D+0  1.236182D+0
  1.600D+0  1.209926D+0
  1.800D+0  1.185944D+0
  2.000D+0  1.164211D+0
  2.200D+0  1.144640D+0
  2.400D+0  1.127106D+0
  2.600D+0  1.111466D+0
  2.800D+0  1.097566D+0
  3.000D+0  1.085255D+0
  3.200D+0  1.074382D+0
  3.400D+0  1.064807D+0
  3.600D+0  1.056399D+0
  3.800D+0  1.049042D+0
  4.000D+0  1.042637D+0

