%
%
%       FORMAT:
%       Title
%       EPOT (ionisation potenials)
%       #entries
%       atom    ion     potenial (eV)
%       .
%     Kramida, A., Ralchenko, Yu., Reader, J., and NIST ASD Team (2013).
%     NIST Atomic Spectra Database (ver. 5.1), [Online].
%     Available: http://physics.nist.gov/asd [2014, February 10].
%     National Institute of Standards and Technology, Gaithersburg, MD.
%
Primary Ionisation Potentials z=1-30 v5.2.0
465
01 01 1.3598434599702E+01
02 01 2.4587388800000D+01
02 02 5.4417765000000D+01
03 01 5.3917147610000D+00
03 02 7.5640093700000D+01
03 03 1.2245435380000D+02
04 01 9.3226990000000D+00
04 02 1.8211153000000D+01
04 03 1.5389619800000D+02
04 04 2.1771857660000D+02
05 01 8.2980190000000D+00
05 02 2.5154830000000D+01
05 03 3.7930580000000D+01
05 04 2.5937150000000D+02
05 05 3.4022600800000D+02
06 01 1.1260296000000D+01
06 02 2.4384500000000D+01
06 03 4.7887780000000D+01
06 04 6.4493580000000D+01
06 05 3.9209050000000D+02
06 06 4.8999317700000D+02
07 01 1.4534130000000D+01
07 02 2.9601250000000D+01
07 03 4.7445300000000D+01
07 04 7.7473500000000D+01
07 05 9.7890130000000D+01
07 06 5.5206731000000D+02
07 07 6.6704609000000D+02
08 01 1.3618054000000D+01
08 02 3.5121110000000D+01
08 03 5.4935540000000D+01
08 04 7.7413500000000D+01
08 05 1.1389890000000D+02
08 06 1.3811890000000D+02
08 07 7.3932679000000D+02
08 08 8.7140985000000D+02
09 01 1.7422820000000D+01
09 02 3.4970810000000D+01
09 03 6.2708000000000D+01
09 04 8.7175000000000D+01
09 05 1.1424900000000D+02
09 06 1.5716310000000D+02
09 07 1.8518680000000D+02
09 08 9.5389800000000D+02
09 09 1.1031174300000D+03
10 01 2.1564540000000D+01
10 02 4.0962960000000D+01
10 03 6.3423310000000D+01
10 04 9.7190000000000D+01
10 05 1.2624700000000D+02
10 06 1.5793400000000D+02
10 07 2.0727100000000D+02
10 08 2.3909690000000D+02
10 09 1.1958077900000D+03
10 10 1.3621991000000D+03
11 01 5.1390767000000D+00
11 02 4.7286360000000D+01
11 03 7.1620000000000D+01
11 04 9.8936000000000D+01
11 05 1.3840000000000D+02
11 06 1.7222800000000D+02
11 07 2.0850000000000D+02
11 08 2.6419200000000D+02
11 09 2.9986000000000D+02
11 10 1.4651344400000D+03
11 11 1.6487020000000D+03
12 01 7.6462350000000D+00
12 02 1.5035267000000D+01
12 03 8.0143600000000D+01
12 04 1.0926540000000D+02
12 05 1.4133500000000D+02
12 06 1.8676000000000D+02
12 07 2.2501500000000D+02
12 08 2.6592400000000D+02
12 09 3.2798500000000D+02
12 10 3.6750000000000D+02
12 11 1.7618048100000D+03
12 12 1.9626640000000D+03
13 01 5.9857684000000D+00
13 02 1.8828550000000D+01
13 03 2.8447640000000D+01
13 04 1.1999240000000D+02
13 05 1.5382520000000D+02
13 06 1.9049000000000D+02
13 07 2.4176000000000D+02
13 08 2.8463800000000D+02
13 09 3.3021200000000D+02
13 10 3.9865000000000D+02
13 11 4.4200500000000D+02
13 12 2.0859769300000D+03
13 13 2.3041400000000D+03
14 01 8.1516830000000D+00
14 02 1.6345845000000D+01
14 03 3.3493000000000D+01
14 04 4.5141790000000D+01
14 05 1.6676700000000D+02
14 06 2.0526700000000D+02
14 07 2.4632000000000D+02
14 08 3.0366000000000D+02
14 09 3.5110000000000D+02
14 10 4.0138000000000D+02
14 11 4.7618000000000D+02
14 12 5.2341500000000D+02
14 13 2.4376580400000D+03
14 14 2.6731774000000D+03
15 01 1.0486686000000D+01
15 02 1.9769490000000D+01
15 03 3.0202640000000D+01
15 04 5.1443870000000D+01
15 05 6.5025110000000D+01
15 06 2.2043040000000D+02
15 07 2.6357000000000D+02
15 08 3.0960000000000D+02
15 09 3.7231000000000D+02
15 10 4.2440000000000D+02
15 11 4.7944100000000D+02
15 12 5.6062000000000D+02
15 13 6.1174000000000D+02
15 14 2.8169086700000D+03
15 15 3.0698414000000D+03
16 01 1.0360010000000D+01
16 02 2.3337880000000D+01
16 03 3.4856000000000D+01
16 04 4.7222000000000D+01
16 05 7.2594490000000D+01
16 06 8.8052920000000D+01
16 07 2.8095400000000D+02
16 08 3.2879000000000D+02
16 09 3.7984000000000D+02
16 10 4.4774000000000D+02
16 11 5.0455000000000D+02
16 12 5.6440700000000D+02
16 13 6.5196000000000D+02
16 14 7.0699400000000D+02
16 15 3.2237805900000D+03
16 16 3.4941877000000D+03
17 01 1.2967630000000D+01
17 02 2.3813640000000D+01
17 03 3.9800000000000D+01
17 04 5.3240000000000D+01
17 05 6.7680000000000D+01
17 06 9.6940000000000D+01
17 07 1.1420130000000D+02
17 08 3.4830600000000D+02
17 09 4.0085100000000D+02
17 10 4.5668000000000D+02
17 11 5.2997000000000D+02
17 12 5.9158000000000D+02
17 13 6.5630000000000D+02
17 14 7.5020000000000D+02
17 15 8.0919800000000D+02
17 16 3.6583436200000D+03
17 17 3.9462908000000D+03
18 01 1.5759611200000D+01
18 02 2.7629670000000D+01
18 03 4.0735000000000D+01
18 04 5.9580000000000D+01
18 05 7.4840000000000D+01
18 06 9.1290000000000D+01
18 07 1.2441200000000D+02
18 08 1.4345670000000D+02
18 09 4.2259800000000D+02
18 10 4.7976000000000D+02
18 11 5.4043000000000D+02
18 12 6.1895000000000D+02
18 13 6.8547000000000D+02
18 14 7.5513000000000D+02
18 15 8.5547000000000D+02
18 16 9.1837400000000D+02
18 17 4.1206655000000D+03
18 18 4.4262227000000D+03
19 01 4.3406635400000D+00
19 02 3.1625000000000D+01
19 03 4.5803100000000D+01
19 04 6.0917000000000D+01
19 05 8.2660000000000D+01
19 06 9.9400000000000D+01
19 07 1.1756000000000D+02
19 08 1.5487000000000D+02
19 09 1.7581740000000D+02
19 10 5.0367000000000D+02
19 11 5.6560000000000D+02
19 12 6.3100000000000D+02
19 13 7.1471000000000D+02
19 14 7.8626000000000D+02
19 15 8.6092000000000D+02
19 16 9.6766000000000D+02
19 17 1.0345410000000D+03
19 18 4.6108699800000D+03
19 19 4.9340482000000D+03
20 01 6.1131552000000D+00
20 02 1.1871718000000D+01
20 03 5.0913150000000D+01
20 04 6.7273200000000D+01
20 05 8.4338000000000D+01
20 06 1.0878000000000D+02
20 07 1.2720000000000D+02
20 08 1.4724000000000D+02
20 09 1.8853500000000D+02
20 10 2.1127510000000D+02
20 11 5.9160000000000D+02
20 12 6.5824000000000D+02
20 13 7.2860000000000D+02
20 14 8.1722000000000D+02
20 15 8.9398000000000D+02
20 16 9.7370000000000D+02
20 17 1.0868000000000D+03
20 18 1.1577260000000D+03
20 19 5.1288576000000D+03
20 20 5.4698614000000D+03
21 01 6.5614900000000D+00
21 02 1.2799770000000D+01
21 03 2.4756838000000D+01
21 04 7.3489400000000D+01
21 05 9.1949000000000D+01
21 06 1.1068000000000D+02
21 07 1.3800000000000D+02
21 08 1.5810000000000D+02
21 09 1.8000000000000D+02
21 10 2.2518000000000D+02
21 11 2.4979800000000D+02
21 12 6.8736000000000D+02
21 13 7.5770000000000D+02
21 14 8.3300000000000D+02
21 15 9.2648000000000D+02
21 16 1.0086200000000D+03
21 17 1.0934800000000D+03
21 18 1.2131000000000D+03
21 19 1.2879560000000D+03
21 20 5.6749034000000D+03
21 21 6.0337540000000D+03
22 01 6.8281200000000D+00
22 02 1.3575500000000D+01
22 03 2.7491710000000D+01
22 04 4.3267170000000D+01
22 05 9.9300000000000D+01
22 06 1.1953000000000D+02
22 07 1.4068000000000D+02
22 08 1.7047000000000D+02
22 09 1.9210000000000D+02
22 10 2.1592000000000D+02
22 11 2.6507000000000D+02
22 12 2.9150040000000D+02
22 13 7.8770000000000D+02
22 14 8.6400000000000D+02
22 15 9.4450000000000D+02
22 16 1.0424800000000D+03
22 17 1.1302000000000D+03
22 18 1.2203000000000D+03
22 19 1.3463300000000D+03
22 20 1.4252570000000D+03
22 21 6.2490223000000D+03
22 22 6.6258070000000D+03
23 01 6.7461870000000D+00
23 02 1.4620000000000D+01
23 03 2.9311000000000D+01
23 04 4.6709000000000D+01
23 05 6.5281650000000D+01
23 06 1.2813000000000D+02
23 07 1.5072000000000D+02
23 08 1.7355000000000D+02
23 09 2.0596000000000D+02
23 10 2.3050000000000D+02
23 11 2.5480000000000D+02
23 12 3.0850000000000D+02
23 13 3.3627400000000D+02
23 14 8.9600000000000D+02
23 15 9.7720000000000D+02
23 16 1.0629000000000D+03
23 17 1.1652000000000D+03
23 18 1.2588600000000D+03
23 19 1.3541700000000D+03
23 20 1.4866700000000D+03
23 21 1.5696560000000D+03
23 22 6.8513106000000D+03
23 23 7.2461220000000D+03
24 01 6.7665100000000D+00
24 02 1.6485700000000D+01
24 03 3.0960000000000D+01
24 04 4.9160000000000D+01
24 05 6.9460000000000D+01
24 06 9.0635000000000D+01
24 07 1.6029000000000D+02
24 08 1.8476000000000D+02
24 09 2.0954000000000D+02
24 10 2.4452000000000D+02
24 11 2.7080000000000D+02
24 12 2.9674000000000D+02
24 13 3.5466000000000D+02
24 14 3.8416300000000D+02
24 15 1.0116200000000D+03
24 16 1.0972000000000D+03
24 17 1.1880000000000D+03
24 18 1.2948000000000D+03
24 19 1.3945000000000D+03
24 20 1.4951000000000D+03
24 21 1.6340000000000D+03
24 22 1.7211830000000D+03
24 23 7.4818625000000D+03
24 24 7.8947990000000D+03
25 01 7.4340180000000D+00
25 02 1.5639990000000D+01
25 03 3.3668000000000D+01
25 04 5.1200000000000D+01
25 05 7.2400000000000D+01
25 06 9.5600000000000D+01
25 07 1.1920300000000D+02
25 08 1.9547000000000D+02
25 09 2.2189000000000D+02
25 10 2.4864000000000D+02
25 11 2.8614000000000D+02
25 12 3.1440000000000D+02
25 13 3.4360000000000D+02
25 14 4.0300000000000D+02
25 15 4.3517000000000D+02
25 16 1.1337200000000D+03
25 17 1.2241000000000D+03
25 18 1.3203000000000D+03
25 19 1.4309000000000D+03
25 20 1.5372200000000D+03
25 21 1.6432100000000D+03
25 22 1.7887000000000D+03
25 23 1.8798700000000D+03
25 24 8.1407869000000D+03
25 25 8.5719480000000D+03
26 01 7.9024678000000D+00
26 02 1.6199200000000D+01
26 03 3.0651000000000D+01
26 04 5.4910000000000D+01
26 05 7.5000000000000D+01
26 06 9.8985000000000D+01
26 07 1.2500000000000D+02
26 08 1.5106000000000D+02
26 09 2.3360000000000D+02
26 10 2.6210000000000D+02
26 11 2.9090000000000D+02
26 12 3.3081000000000D+02
26 13 3.6100000000000D+02
26 14 3.9220000000000D+02
26 15 4.5620000000000D+02
26 16 4.8931200000000D+02
26 17 1.2627000000000D+03
26 18 1.3578000000000D+03
26 19 1.4600000000000D+03
26 20 1.5756000000000D+03
26 21 1.6870000000000D+03
26 22 1.7984300000000D+03
26 23 1.9504000000000D+03
26 24 2.0457590000000D+03
26 25 8.8281875000000D+03
26 26 9.2776810000000D+03
27 01 7.8810100000000D+00
27 02 1.7084400000000D+01
27 03 3.3500000000000D+01
27 04 5.1270000000000D+01
27 05 7.9500000000000D+01
27 06 1.0200000000000D+02
27 07 1.2900000000000D+02
27 08 1.5780000000000D+02
27 09 1.8614000000000D+02
27 10 2.7540000000000D+02
27 11 3.0532000000000D+02
27 12 3.3615000000000D+02
27 13 3.7855000000000D+02
27 14 4.1000000000000D+02
27 15 4.4110000000000D+02
27 16 5.1196000000000D+02
27 17 5.4658800000000D+02
27 18 1.3972000000000D+03
27 19 1.5045000000000D+03
27 20 1.6060000000000D+03
27 21 1.7240000000000D+03
27 22 1.8440000000000D+03
27 23 1.9608300000000D+03
27 24 2.1194000000000D+03
27 25 2.2188760000000D+03
27 26 9.5441830000000D+03
27 27 1.0012122000000D+04
28 01 7.6398770000000D+00
28 02 1.8168837000000D+01
28 03 3.5190000000000D+01
28 04 5.4900000000000D+01
28 05 7.6060000000000D+01
28 06 1.0800000000000D+02
28 07 1.3200000000000D+02
28 08 1.6200000000000D+02
28 09 1.9320000000000D+02
28 10 2.2470000000000D+02
28 11 3.1953000000000D+02
28 12 3.5163000000000D+02
28 13 3.8455000000000D+02
28 14 4.2932000000000D+02
28 15 4.6280000000000D+02
28 16 4.9540000000000D+02
28 17 5.7110000000000D+02
28 18 6.0702000000000D+02
28 19 1.5410500000000D+03
28 20 1.6460000000000D+03
28 21 1.7580000000000D+03
28 22 1.8800000000000D+03
28 23 2.0081000000000D+03
28 24 2.1304600000000D+03
28 25 2.2956000000000D+03
28 26 2.3992590000000D+03
28 27 1.0288885800000D+04
28 28 1.0775386000000D+04
29 01 7.7263800000000D+00
29 02 2.0292390000000D+01
29 03 3.6841000000000D+01
29 04 5.7380000000000D+01
29 05 7.9800000000000D+01
29 06 1.0300000000000D+02
29 07 1.3900000000000D+02
29 08 1.6600000000000D+02
29 09 1.9800000000000D+02
29 10 2.3220000000000D+02
29 11 2.6500000000000D+02
29 12 3.6703000000000D+02
29 13 4.0098000000000D+02
29 14 4.3604000000000D+02
29 15 4.8313000000000D+02
29 16 5.1870000000000D+02
29 17 5.5280000000000D+02
29 18 6.3248000000000D+02
29 19 6.7060800000000D+02
29 20 1.6905000000000D+03
29 21 1.8000000000000D+03
29 22 1.9180000000000D+03
29 23 2.0440000000000D+03
29 24 2.1794000000000D+03
29 25 2.3070000000000D+03
29 26 2.4791000000000D+03
29 27 2.5869540000000D+03
29 28 1.1062430900000D+04
29 29 1.1567612000000D+04
30 01 9.3941990000000D+00
30 02 1.7964390000000D+01
30 03 3.9723000000000D+01
30 04 5.9573000000000D+01
30 05 8.2600000000000D+01
30 06 1.0800000000000D+02
30 07 1.3400000000000D+02
30 08 1.7390000000000D+02
30 09 2.0300000000000D+02
30 10 2.3800000000000D+02
30 11 2.7440000000000D+02
30 12 3.1080000000000D+02
30 13 4.1760000000000D+02
30 14 4.5337000000000D+02
30 15 4.9063000000000D+02
30 16 5.4000000000000D+02
30 17 5.7780000000000D+02
30 18 6.1330000000000D+02
30 19 6.9751000000000D+02
30 20 7.3736600000000D+02
30 21 1.8468000000000D+03
30 22 1.9610000000000D+03
30 23 2.0850000000000D+03
30 24 2.2140000000000D+03
30 25 2.3580000000000D+03
30 26 2.4915000000000D+03
30 27 2.6699000000000D+03
30 28 2.7819960000000D+03
30 29 1.1864939400000D+04
30 30 1.2388928000000D+04
