 WMBASIC, Moont, Westmoquette 2004 (Pauldrach 2003) after SNC 2002
 Z/Z0 1.00 Teff 45.70 logg 4.00 R/R0 10.36 R 7.2055E+11
   Wavelength   Eddington Hnu
 (Angstroms) (erg/s/cm2/Hz/sr)
 5.00000000E+01 6.33436570E-32
 5.53001880E+01 1.92971330E-29
 6.18572940E+01 5.97775930E-27
 7.01785730E+01 2.04700230E-24
 7.14852590E+01 4.78724710E-24
 7.28415280E+01 1.17082480E-23
 7.35391460E+01 1.87879550E-23
 7.42502560E+01 3.08784590E-23
 7.42530130E+01 6.02166930E-23
 7.72377550E+01 2.68948410E-22
 8.04757400E+01 1.22331800E-21
 8.39970920E+01 5.78774400E-21
 8.58759150E+01 1.29062740E-20
 8.78407110E+01 2.94691680E-20
 8.78445690E+01 2.93856060E-20
 8.93431530E+01 5.47961130E-20
 9.08978860E+01 1.04290290E-19
 9.09020170E+01 1.04422640E-19
 9.25243130E+01 2.04201200E-19
 9.42100040E+01 4.10586630E-19
 9.42144420E+01 4.11338520E-19
 9.60831740E+01 8.96652810E-19
 9.80323440E+01 2.03924120E-18
 9.80371490E+01 1.75530220E-18
 9.86216300E+01 2.24500170E-18
 9.92180430E+01 2.89014070E-18
 9.92229650E+01 2.70746010E-18
 1.00018170E+02 3.78277490E-18
 1.00831310E+02 5.34216010E-18
 1.00831820E+02 5.31171490E-18
 1.00955720E+02 5.59979350E-18
 1.00956230E+02 5.51107830E-18
 1.01176410E+02 6.05389760E-18
 1.01176920E+02 5.98847500E-18
 1.02009210E+02 8.55550630E-18
 1.02009730E+02 8.49519610E-18
 1.03240150E+02 1.44905370E-17
 1.04501150E+02 2.52784880E-17
 1.04501690E+02 2.52646170E-17
 1.05314160E+02 3.63348420E-17
 1.06139920E+02 5.27594040E-17
 1.06140480E+02 5.27681730E-17
 1.06715730E+02 6.85630400E-17
 1.07297830E+02 8.95027680E-17
 1.07298410E+02 8.94570560E-17
 1.08067960E+02 1.27525580E-16
 1.08849220E+02 1.83173590E-16
 1.08849820E+02 4.23906380E-16
 1.11066990E+02 1.04224220E-15
 1.13377010E+02 2.72874600E-15
 1.13377660E+02 4.13524870E-15
 1.14496000E+02 6.14345810E-15
 1.15637300E+02 9.29933690E-15
 1.15637960E+02 9.30162860E-15
 1.16979650E+02 1.53394750E-14
 1.18353530E+02 2.59305420E-14
 1.18354230E+02 2.59377270E-14
 1.18360690E+02 2.60025120E-14
 1.18361390E+02 2.60095480E-14
 1.18952510E+02 3.27122430E-14
 1.19550290E+02 4.13207680E-14
 1.19551000E+02 4.30057640E-14
 1.21713390E+02 9.96711970E-14
 1.23956210E+02 2.42075960E-13
 1.23956980E+02 1.49348800E-13
 1.25291800E+02 2.41935180E-13
 1.26656480E+02 3.98622620E-13
 1.26657280E+02 4.16702510E-13
 1.26797720E+02 4.38405440E-13
 1.26798530E+02 3.88554850E-13
 1.27081660E+02 4.29410180E-13
 1.27082470E+02 3.89836090E-13
 1.27447660E+02 4.42062720E-13
 1.27448480E+02 2.64337670E-12
 1.27944040E+02 2.88585030E-12
 1.27944860E+02 2.86695350E-12
 1.28310670E+02 3.04937790E-12
 1.28311500E+02 2.99151670E-12
 1.29932340E+02 3.83103110E-12
 1.31595520E+02 4.92063300E-12
 1.31596380E+02 5.14407650E-12
 1.32580630E+02 5.95339490E-12
 1.33580600E+02 6.90379010E-12
 1.33581490E+02 7.68902480E-12
 1.34475920E+02 8.73218910E-12
 1.35383330E+02 9.93549620E-12
 1.35384240E+02 1.63197570E-11
 1.37035540E+02 1.97497730E-11
 1.38728580E+02 2.38341740E-11
 1.38729540E+02 2.38366740E-11
 1.39886210E+02 2.69956360E-11
 1.41063320E+02 3.05517170E-11
 1.41064320E+02 2.59448590E-11
 1.41853670E+02 2.81651250E-11
 1.41854680E+02 2.78971250E-11
 1.43685140E+02 3.36404880E-11
 1.45564520E+02 4.06912490E-11
 1.45565580E+02 4.07651480E-11
 1.48089090E+02 5.27938810E-11
 1.50702770E+02 7.00550930E-11
 1.50703910E+02 6.99595000E-11
 1.52594350E+02 8.74193310E-11
 1.54534020E+02 1.12416240E-10
 1.54535210E+02 1.22634030E-10
 1.55996320E+02 1.48128630E-10
 1.57486560E+02 1.82727770E-10
 1.57487800E+02 1.96735350E-10
 1.58750220E+02 2.35871940E-10
 1.60034310E+02 2.87796170E-10
 1.60035590E+02 3.51708330E-10
 1.60176710E+02 3.59252630E-10
 1.60224390E+02 3.61853180E-10
 1.60225670E+02 9.06812010E-09
 1.60470520E+02 1.73352460E-10
 1.60764870E+02 9.17684060E-10
 1.61059770E+02 9.59257710E-10
 1.61355200E+02 7.65002670E-10
 1.61651180E+02 2.04027100E-10
 1.61947700E+02 7.22420730E-10
 1.62147230E+02 4.07934780E-09
 1.62244760E+02 5.77594260E-09
 1.62542370E+02 2.87245040E-08
 1.62840520E+02 3.15979340E-08
 1.63139220E+02 2.39846480E-08
 1.63438470E+02 1.58554480E-09
 1.63738270E+02 4.29214820E-09
 1.64038610E+02 5.56773320E-09
 1.64116780E+02 5.73584730E-09
 1.64118130E+02 5.46090080E-09
 1.64339510E+02 5.92692830E-09
 1.64640960E+02 7.41987590E-09
 1.64942970E+02 1.05457330E-08
 1.65245520E+02 2.30409770E-09
 1.65548640E+02 2.36426860E-09
 1.65852300E+02 3.02609630E-09
 1.66156530E+02 4.33824470E-09
 1.66461310E+02 8.76090170E-09
 1.66766660E+02 1.23049080E-09
 1.67072560E+02 7.53198340E-09
 1.67379020E+02 1.21970380E-08
 1.67480830E+02 1.34695520E-08
 1.67686050E+02 1.61139520E-08
 1.67993640E+02 6.26153610E-09
 1.68301790E+02 1.30945920E-08
 1.68610510E+02 1.40527700E-08
 1.68919790E+02 1.75340770E-08
 1.69229640E+02 2.33549690E-08
 1.69540060E+02 6.38011800E-10
 1.69851050E+02 2.78564720E-09
 1.70162610E+02 2.09981020E-09
 1.70474750E+02 8.12131210E-09
 1.70787450E+02 8.02800110E-10
 1.70985680E+02 5.36881440E-10
 1.70987140E+02 5.34210540E-10
 1.71100730E+02 3.76980860E-10
 1.71113420E+02 3.74994280E-10
 1.71114880E+02 3.73805690E-10
 1.71414580E+02 3.25292740E-10
 1.71458910E+02 3.90170080E-10
 1.71460380E+02 3.90142150E-10
 1.71729010E+02 7.93467410E-10
 1.72044010E+02 4.36908400E-09
 1.72359600E+02 1.57251680E-10
 1.72433830E+02 1.53137130E-10
 1.72435320E+02 1.52173490E-10
 1.72510760E+02 1.47942920E-10
 1.72512240E+02 1.38201840E-10
 1.72675760E+02 1.29403300E-10
 1.72992500E+02 4.22146290E-10
 1.73309820E+02 1.24774750E-09
 1.73627730E+02 8.77986710E-10
 1.73946220E+02 2.46770590E-09
 1.74265290E+02 6.98553350E-09
 1.74584940E+02 1.45545430E-08
 1.74905190E+02 8.32084250E-09
 1.75226020E+02 4.50809480E-09
 1.75547440E+02 1.29326180E-09
 1.75869450E+02 3.11374280E-09
 1.75871380E+02 3.10457310E-09
 1.76192050E+02 1.53272210E-09
 1.76515240E+02 6.78342560E-09
 1.76839020E+02 1.12131640E-08
 1.77163400E+02 9.28829440E-10
 1.77488380E+02 5.49702980E-09
 1.77813940E+02 1.69969310E-08
 1.78140110E+02 2.90326270E-08
 1.78466880E+02 2.47968130E-08
 1.78794240E+02 1.01780640E-09
 1.79122210E+02 6.91287260E-10
 1.79365540E+02 2.50184460E-10
 1.79367150E+02 2.41287250E-10
 1.79450770E+02 8.87661440E-11
 1.79779940E+02 1.28122910E-10
 1.80109710E+02 5.57655990E-11
 1.80440090E+02 4.04709610E-11
 1.80771080E+02 1.50295340E-10
 1.81102670E+02 7.77183890E-11
 1.81434870E+02 3.44635240E-10
 1.81767670E+02 4.56975410E-10
 1.81856170E+02 9.73944590E-10
 1.82101090E+02 2.44695620E-09
 1.82435120E+02 6.53435440E-09
 1.82769770E+02 8.47758620E-09
 1.83105020E+02 5.99154920E-09
 1.83440900E+02 3.13139260E-09
 1.83777390E+02 1.20978150E-09
 1.84114490E+02 4.50212600E-09
 1.84416950E+02 8.36221650E-09
 1.84418650E+02 8.37068020E-09
 1.84452210E+02 8.81049310E-09
 1.84790560E+02 4.04663890E-10
 1.85129520E+02 5.71695860E-09
 1.85469110E+02 5.80917750E-10
 1.85778830E+02 1.40964580E-09
 1.85809320E+02 1.49350920E-09
 1.86150150E+02 5.89334060E-09
 1.86491610E+02 2.52182680E-08
 1.86833690E+02 2.96914640E-08
 1.87160980E+02 4.45396800E-08
 1.87162730E+02 4.44845150E-08
 1.87176400E+02 4.51198130E-08
 1.87519740E+02 6.96881020E-08
 1.87863710E+02 5.83683320E-08
 1.88208310E+02 4.93499440E-08
 1.88553550E+02 5.14514470E-08
 1.88738970E+02 4.49644500E-08
 1.88740750E+02 4.47731440E-08
 1.88899410E+02 3.90707040E-08
 1.89245910E+02 4.75680750E-08
 1.89593050E+02 7.02997910E-08
 1.89940820E+02 2.19700140E-08
 1.90123900E+02 2.47543530E-08
 1.90125710E+02 2.48105910E-08
 1.90289240E+02 2.73657080E-08
 1.90638290E+02 2.14305650E-08
 1.90853060E+02 1.69250870E-08
 1.90854880E+02 1.68862240E-08
 1.90987980E+02 1.40128830E-08
 1.91338310E+02 9.85998870E-09
 1.91689280E+02 1.30693630E-08
 1.92040900E+02 1.74999970E-08
 1.92241740E+02 2.19861830E-08
 1.92243590E+02 2.20721470E-08
 1.92393160E+02 2.55097140E-08
 1.92746070E+02 3.48021990E-08
 1.93099630E+02 5.43856900E-08
 1.93453840E+02 8.35266990E-08
 1.93566170E+02 9.22967370E-08
 1.93568040E+02 9.23561640E-08
 1.93808690E+02 1.11617250E-07
 1.94164200E+02 2.24354680E-10
 1.94520360E+02 1.07013140E-09
 1.94617540E+02 1.85150630E-09
 1.94619430E+02 1.85348760E-09
 1.94836520E+02 3.62807040E-09
 1.94838420E+02 3.64275340E-09
 1.94877170E+02 3.96554940E-09
 1.95234630E+02 9.98215780E-09
 1.95592750E+02 6.01142750E-10
 1.95951530E+02 1.26844500E-08
 1.95961030E+02 1.32105650E-08
 1.96310970E+02 3.31203600E-08
 1.96671070E+02 2.58092360E-08
 1.97031820E+02 4.49464050E-08
 1.97098590E+02 5.04207000E-08
 1.97100530E+02 5.05807410E-08
 1.97393240E+02 7.52096410E-08
 1.97755320E+02 1.20390930E-07
 1.98118070E+02 1.63185700E-07
 1.98481480E+02 2.07989730E-07
 1.98845560E+02 2.21590230E-07
 1.98877180E+02 2.12691780E-07
 1.99210300E+02 1.16395620E-07
 1.99575720E+02 1.08413800E-07
 1.99941800E+02 6.81057680E-08
 2.00308560E+02 1.07714930E-07
 2.00675980E+02 1.32691030E-07
 2.00688160E+02 1.28614700E-07
 2.00690170E+02 1.27939780E-07
 2.01044090E+02 6.28078330E-09
 2.01412870E+02 3.82798700E-09
 2.01590960E+02 9.34154890E-09
 2.01592990E+02 9.40524550E-09
 2.01782320E+02 1.54183720E-08
 2.02152450E+02 3.75356910E-08
 2.02358650E+02 5.92975050E-08
 2.02360700E+02 5.94582420E-08
 2.02518850E+02 7.65518560E-08
 2.02520900E+02 7.67765670E-08
 2.02523260E+02 7.70349340E-08
 2.02894750E+02 2.02341440E-07
 2.03266930E+02 2.29437330E-07
 2.03639780E+02 1.97931740E-07
 2.04013320E+02 9.45695340E-08
 2.04387550E+02 2.79654580E-08
 2.04762460E+02 3.99844460E-08
 2.05138060E+02 1.33549670E-07
 2.05514340E+02 1.84113080E-09
 2.05891320E+02 7.21447710E-09
 2.06268990E+02 2.88916190E-08
 2.06508510E+02 1.30101360E-08
 2.06647350E+02 3.56971600E-09
 2.07026410E+02 2.95750400E-09
 2.07406160E+02 8.83485360E-09
 2.07786610E+02 5.15348040E-08
 2.08167760E+02 2.27263600E-07
 2.08549600E+02 4.84346500E-07
 2.08932150E+02 8.91666210E-07
 2.09315390E+02 3.87448900E-06
 2.09699340E+02 9.20914360E-07
 2.10084000E+02 8.25225390E-07
 2.10469360E+02 6.57490310E-07
 2.10658520E+02 1.13598540E-06
 2.10855420E+02 1.64612750E-06
 2.11242200E+02 7.26156730E-07
 2.11629680E+02 1.86348950E-08
 2.12017880E+02 2.82524340E-09
 2.12406790E+02 1.54901580E-09
 2.12796410E+02 4.71538660E-09
 2.13186740E+02 2.70807260E-08
 2.13577790E+02 1.58673230E-07
 2.13969560E+02 3.99079570E-07
 2.14362050E+02 4.64738590E-07
 2.14755260E+02 7.91452130E-08
 2.14978750E+02 1.95074980E-07
 2.15149190E+02 2.85583830E-07
 2.15543840E+02 7.51048910E-07
 2.15939210E+02 1.14559620E-06
 2.16335310E+02 1.53043820E-06
 2.16732140E+02 2.68384510E-06
 2.17129700E+02 1.83331670E-06
 2.17206010E+02 1.81363040E-06
 2.17527980E+02 1.72811520E-06
 2.17926990E+02 1.40686170E-06
 2.18326740E+02 1.35569240E-06
 2.18727220E+02 1.22594700E-06
 2.19128440E+02 6.84192640E-07
 2.19479890E+02 5.46515630E-07
 2.19482300E+02 5.42837400E-07
 2.19530390E+02 5.23628830E-07
 2.19933070E+02 7.68937270E-07
 2.20336500E+02 1.47085950E-06
 2.20740670E+02 6.18455880E-07
 2.21145570E+02 1.16630330E-06
 2.21551220E+02 1.23452350E-06
 2.21957620E+02 1.31320600E-06
 2.22364760E+02 1.21021830E-06
 2.22502670E+02 1.31727210E-06
 2.22772650E+02 1.53145200E-06
 2.23181280E+02 1.27328470E-06
 2.23590670E+02 1.14934830E-06
 2.24000800E+02 1.14090890E-06
 2.24411690E+02 1.28440680E-06
 2.24823330E+02 1.09304980E-06
 2.25235730E+02 7.77875210E-07
 2.25609880E+02 1.11464370E-06
 2.25612420E+02 1.11602770E-06
 2.25648880E+02 1.14954610E-06
 2.26062790E+02 1.30098080E-06
 2.26477460E+02 7.42496330E-07
 2.26892890E+02 6.49495640E-07
 2.26991880E+02 7.41993060E-07
 2.26994450E+02 7.44413620E-07
 2.27309090E+02 1.04507330E-06
 2.27726040E+02 1.71919760E-06
 2.27837820E+02 1.61544780E-06
 2.27840410E+02 3.82985990E-06
 2.28143760E+02 3.12398360E-06
 2.28562250E+02 4.53069230E-06
 2.28981500E+02 5.20211210E-06
 2.29401530E+02 1.40671760E-06
 2.29822320E+02 1.49140520E-07
 2.30243890E+02 6.96536480E-07
 2.30666230E+02 1.38316920E-06
 2.30721440E+02 1.53079910E-06
 2.31089340E+02 2.52867320E-06
 2.31513230E+02 1.47570400E-06
 2.31937900E+02 1.18643330E-06
 2.32363350E+02 2.11330340E-06
 2.32789580E+02 4.22211070E-06
 2.33216590E+02 5.30235230E-06
 2.33644380E+02 7.50819490E-06
 2.33678980E+02 7.32769090E-06
 2.33681710E+02 7.31352760E-06
 2.34072960E+02 5.24128770E-06
 2.34502320E+02 5.01194900E-06
 2.34932470E+02 4.09452570E-06
 2.34985870E+02 4.00415980E-06
 2.35363410E+02 3.35519700E-06
 2.35795140E+02 4.00560710E-06
 2.36227660E+02 1.27466820E-08
 2.36307460E+02 1.10755560E-08
 2.36310250E+02 2.12110100E-08
 2.36660980E+02 2.12571950E-08
 2.37095090E+02 2.56054140E-07
 2.37530000E+02 5.65529450E-07
 2.37965700E+02 8.81400880E-07
 2.38402200E+02 2.06178160E-06
 2.38839510E+02 4.25542580E-06
 2.39277620E+02 6.15546190E-06
 2.39549990E+02 5.28012650E-06
 2.39716530E+02 4.74432010E-06
 2.40156240E+02 3.00524990E-06
 2.40596760E+02 2.36359900E-05
 2.41038090E+02 2.45590180E-06
 2.41480230E+02 1.17322370E-05
 2.41923180E+02 1.83131890E-06
 2.42366950E+02 3.12909990E-06
 2.42811520E+02 1.49785970E-06
 2.42882750E+02 3.13188820E-06
 2.43256920E+02 1.17314770E-05
 2.43703130E+02 5.34738540E-06
 2.44150150E+02 3.97055400E-06
 2.44598000E+02 1.33608760E-05
 2.45046670E+02 4.08663830E-08
 2.45496160E+02 1.43707800E-07
 2.45946480E+02 3.28628420E-07
 2.46309540E+02 8.66385980E-07
 2.46397630E+02 9.97145610E-07
 2.46849600E+02 4.64068600E-07
 2.47302400E+02 8.00405040E-07
 2.47756030E+02 3.37991510E-06
 2.48059460E+02 2.48610370E-06
 2.48210490E+02 2.04013830E-06
 2.48665780E+02 2.53030040E-06
 2.49121920E+02 9.61007450E-06
 2.49578880E+02 1.04486190E-05
 2.49834420E+02 5.97190190E-06
 2.49837540E+02 8.39182170E-06
 2.50036690E+02 3.42814560E-06
 2.50495340E+02 5.55506910E-06
 2.50954820E+02 6.74955630E-06
 2.51415150E+02 4.24208070E-05
 2.51553820E+02 3.45180950E-05
 2.51876330E+02 1.61045960E-05
 2.52338350E+02 2.08314400E-05
 2.52801220E+02 5.92028460E-06
 2.53264930E+02 4.13443960E-05
 2.53297040E+02 3.89627710E-05
 2.53300250E+02 5.13421470E-05
 2.53729500E+02 9.03830790E-06
 2.54194920E+02 6.50451250E-06
 2.54600830E+02 5.66593410E-06
 2.54604070E+02 6.10587780E-06
 2.54661190E+02 5.97817560E-06
 2.55128320E+02 1.16081340E-05
 2.55596310E+02 9.81080120E-06
 2.56065150E+02 1.97524720E-05
 2.56534850E+02 1.65285680E-05
 2.56735220E+02 4.83228390E-05
 2.57005420E+02 9.12625040E-05
 2.57476850E+02 5.20358360E-05
 2.57949140E+02 2.46054570E-05
 2.58422300E+02 3.97185230E-05
 2.58896330E+02 1.26401270E-05
 2.58905710E+02 1.27604960E-05
 2.58909060E+02 1.31669750E-05
 2.59371230E+02 1.92764050E-05
 2.59847000E+02 1.88720870E-05
 2.60323640E+02 3.36738690E-05
 2.60801150E+02 3.45494080E-05
 2.61010740E+02 5.28010270E-05
 2.61014140E+02 3.98590290E-04
 2.61279540E+02 3.99584230E-04
 2.61378120E+02 3.28169160E-04
 2.61381530E+02 4.15241230E-04
 2.61758810E+02 6.58441180E-05
 2.62238960E+02 1.98812620E-05
 2.62719990E+02 1.62956700E-05
 2.63201900E+02 3.49970890E-04
 2.63684690E+02 5.40876600E-05
 2.64168370E+02 3.97487810E-05
 2.64575530E+02 3.13345300E-05
 2.64652940E+02 2.97297800E-05
 2.65138400E+02 2.21664780E-05
 2.65624750E+02 2.90959790E-05
 2.66111990E+02 9.92508620E-05
 2.66600120E+02 2.41063900E-04
 2.67089150E+02 9.94271380E-05
 2.67579070E+02 5.71018950E-05
 2.67852140E+02 4.10329090E-05
 2.68069900E+02 2.81804010E-05
 2.68561620E+02 6.89616890E-05
 2.69054250E+02 7.59110140E-05
 2.69547780E+02 1.46396050E-05
 2.70042210E+02 9.63632970E-06
 2.70537560E+02 1.42116130E-05
 2.71033810E+02 2.24585760E-05
 2.71210930E+02 2.10219200E-05
 2.71530970E+02 1.84183430E-05
 2.72029040E+02 2.68017830E-05
 2.72528030E+02 2.40702240E-04
 2.72922110E+02 1.16574730E-04
 2.73027930E+02 8.31483550E-05
 2.73528750E+02 2.03046620E-05
 2.74030490E+02 6.35661130E-04
 2.74533140E+02 4.52826060E-04
 2.74655030E+02 3.59429820E-04
 2.74658800E+02 3.62930640E-04
 2.75036720E+02 6.72829540E-05
 2.75541230E+02 2.64494650E-05
 2.76046660E+02 2.81093950E-04
 2.76553010E+02 1.44095470E-04
 2.77060300E+02 1.53776250E-06
 2.77568510E+02 2.66359450E-06
 2.78077660E+02 4.27562110E-05
 2.78587740E+02 1.54844300E-04
 2.79098760E+02 2.31686370E-04
 2.79610720E+02 2.72075090E-04
 2.80123610E+02 3.13666170E-04
 2.80459440E+02 3.37441060E-04
 2.80637440E+02 3.50076380E-04
 2.81152220E+02 1.14482590E-04
 2.81667940E+02 7.50259820E-05
 2.82184610E+02 7.44183720E-05
 2.82702230E+02 1.82249540E-04
 2.83220790E+02 2.18065050E-04
 2.83740310E+02 2.97182660E-04
 2.84260780E+02 2.02214040E-04
 2.84782200E+02 1.81845390E-04
 2.85304580E+02 1.53636090E-04
 2.85827920E+02 1.05690000E-04
 2.86352220E+02 7.98830140E-05
 2.86514480E+02 1.34782590E-04
 2.86518580E+02 1.39609830E-04
 2.86877480E+02 2.64431610E-04
 2.87403700E+02 8.77612310E-05
 2.87930890E+02 5.78053220E-05
 2.88459040E+02 3.19697210E-05
 2.88988170E+02 4.81221560E-05
 2.89518260E+02 6.53772040E-05
 2.90049330E+02 7.63802520E-05
 2.90581370E+02 9.26665600E-05
 2.90909890E+02 6.18850510E-05
 2.91114390E+02 4.26751130E-05
 2.91648390E+02 3.17212410E-05
 2.92183360E+02 4.83802240E-05
 2.92719320E+02 6.22903490E-05
 2.93256260E+02 1.01459080E-04
 2.93794180E+02 1.19791470E-04
 2.94333090E+02 1.32745450E-04
 2.94872990E+02 4.81196810E-05
 2.95413880E+02 1.08668860E-04
 2.95442270E+02 1.11321280E-04
 2.95446640E+02 1.11737600E-04
 2.95691420E+02 1.34637170E-04
 2.95695790E+02 1.35067560E-04
 2.95955760E+02 1.59447640E-04
 2.96498640E+02 2.01660480E-04
 2.97042510E+02 2.58608200E-04
 2.97587380E+02 2.75279220E-04
 2.97613730E+02 2.84325040E-04
 2.98133250E+02 4.63071810E-04
 2.98680120E+02 4.15545350E-04
 2.99227990E+02 1.98438160E-04
 2.99561200E+02 1.75284650E-04
 2.99565690E+02 1.92333040E-04
 2.99776870E+02 1.76160520E-04
 2.99930480E+02 1.75661270E-04
 2.99934970E+02 1.75963210E-04
 3.00326750E+02 1.74681790E-04
 3.00877650E+02 7.71112170E-06
 3.01429550E+02 3.46142790E-05
 3.01982470E+02 8.84672990E-05
 3.02141460E+02 1.09679170E-04
 3.02536400E+02 1.62491390E-04
 3.03091350E+02 2.25599060E-04
 3.03647310E+02 3.55502590E-04
 3.04204290E+02 3.89046720E-04
 3.04385280E+02 3.81326260E-04
 3.04389910E+02 3.81153170E-04
 3.04762300E+02 3.65227710E-04
 3.05321330E+02 2.38331560E-04
 3.05881390E+02 8.95109830E-05
 3.06442470E+02 9.52833910E-05
 3.07004580E+02 1.15336450E-04
 3.07567720E+02 1.62744130E-04
 3.08131900E+02 2.21573540E-04
 3.08697110E+02 2.54135980E-04
 3.08844150E+02 2.26534070E-04
 3.09263360E+02 1.47671930E-04
 3.09830640E+02 1.86563030E-05
 3.10398970E+02 1.43040020E-04
 3.10968340E+02 3.73809890E-04
 3.11538750E+02 3.38286450E-04
 3.12110210E+02 3.09806600E-04
 3.12682720E+02 2.86154640E-04
 3.13256280E+02 2.18273050E-04
 3.13435610E+02 2.38860790E-04
 3.13440520E+02 2.39904460E-04
 3.13830890E+02 2.84904220E-04
 3.14406550E+02 2.32455000E-04
 3.14983280E+02 2.55921580E-04
 3.15561050E+02 2.02270360E-04
 3.16139890E+02 1.96601650E-04
 3.16273590E+02 1.89255050E-04
 3.16719790E+02 1.64685270E-04
 3.17300760E+02 2.30639300E-04
 3.17882780E+02 1.93922810E-04
 3.18465880E+02 2.43183480E-05
 3.19050050E+02 5.86008090E-05
 3.19163430E+02 6.19452730E-05
 3.19168530E+02 6.29461490E-05
 3.19635290E+02 7.69293490E-05
 3.20221600E+02 3.22094900E-05
 3.20800100E+02 5.96026590E-05
 3.20805250E+02 6.00488010E-05
 3.20808980E+02 6.02267300E-05
 3.21397450E+02 1.42222540E-05
 3.21986990E+02 4.87682580E-05
 3.22577620E+02 8.35839850E-05
 3.23169330E+02 2.07689680E-04
 3.23762120E+02 1.86645850E-04
 3.24233030E+02 1.74417310E-04
 3.24356000E+02 1.71217710E-04
 3.24950970E+02 1.82776930E-04
 3.25547040E+02 4.91317530E-04
 3.26144190E+02 9.99350950E-04
 3.26742440E+02 5.99919540E-04
 3.27341790E+02 3.43006280E-04
 3.27740230E+02 6.85150740E-04
 3.27745600E+02 6.91835560E-04
 3.27942240E+02 8.61501640E-04
 3.27954120E+02 8.47701680E-04
 3.27959500E+02 8.44515300E-04
 3.28543790E+02 1.62230780E-04
 3.28839200E+02 1.73343980E-04
 3.28844600E+02 1.74006810E-04
 3.29146440E+02 1.85410880E-04
 3.29750200E+02 7.14776400E-04
 3.30355060E+02 1.21098620E-04
 3.30961040E+02 1.42408010E-04
 3.31568120E+02 6.51724950E-05
 3.32176330E+02 1.76855030E-05
 3.32785640E+02 5.29452280E-05
 3.33396070E+02 1.97571170E-05
 3.34007630E+02 2.29684720E-05
 3.34620300E+02 9.97229570E-06
 3.35234000E+02 3.67181690E-05
 3.35234100E+02 3.67181900E-05
 3.35849030E+02 1.09279660E-04
 3.36465080E+02 1.90408620E-04
 3.37082260E+02 3.11451370E-04
 3.37700580E+02 3.25984590E-04
 3.38320030E+02 7.80251950E-04
 3.38940610E+02 1.35178690E-04
 3.39562330E+02 3.75779100E-04
 3.40185200E+02 6.43835250E-05
 3.40809200E+02 1.23054090E-03
 3.41434360E+02 1.07888610E-03
 3.41882450E+02 3.51830490E-04
 3.41888290E+02 3.44916730E-04
 3.42060650E+02 6.26989190E-05
 3.42688100E+02 5.52889660E-04
 3.43316700E+02 3.32445410E-04
 3.43946450E+02 7.37729070E-05
 3.44577350E+02 4.30280720E-05
 3.45209420E+02 1.16216650E-04
 3.45842640E+02 6.97899550E-05
 3.46477020E+02 1.04833860E-03
 3.46988970E+02 8.14184980E-04
 3.47112570E+02 7.57568870E-04
 3.47749290E+02 1.08205360E-03
 3.48387170E+02 1.37547040E-04
 3.49026220E+02 3.55651420E-05
 3.49666440E+02 2.42272430E-05
 3.50307840E+02 1.97631380E-05
 3.50950420E+02 2.12544570E-04
 3.51594170E+02 3.32837340E-04
 3.52239100E+02 4.14802850E-05
 3.52250350E+02 4.28539350E-05
 3.52256560E+02 4.38416740E-05
 3.52885220E+02 1.21122180E-04
 3.53532520E+02 1.24530570E-03
 3.54181010E+02 1.22927550E-04
 3.54830690E+02 9.98725280E-05
 3.55481560E+02 3.26755380E-04
 3.56133630E+02 6.75341640E-05
 3.56567800E+02 5.06368260E-05
 3.56786890E+02 4.20989640E-05
 3.57441350E+02 6.44760960E-05
 3.58097010E+02 7.05045980E-05
 3.58753870E+02 8.51111040E-05
 3.59411940E+02 8.84224160E-05
 3.60071210E+02 1.44704550E-04
 3.60731700E+02 2.68549360E-04
 3.60992390E+02 7.50314170E-04
 3.61393390E+02 1.49225960E-03
 3.62056300E+02 1.67364890E-04
 3.62720420E+02 1.05983940E-04
 3.63385770E+02 8.26737040E-05
 3.64052330E+02 3.44006910E-05
 3.64720120E+02 7.87740120E-05
 3.65389130E+02 2.94509220E-04
 3.65528170E+02 2.56147260E-04
 3.66059370E+02 1.09420880E-04
 3.66730840E+02 1.19005430E-03
 3.67403540E+02 9.86501050E-05
 3.67839080E+02 1.02905070E-03
 3.68077470E+02 1.53886850E-03
 3.68752640E+02 1.30184440E-03
 3.69429050E+02 3.81965840E-04
 3.70106700E+02 9.34206640E-05
 3.70179390E+02 2.23583620E-04
 3.70186240E+02 2.35854570E-04
 3.70785590E+02 1.31025290E-03
 3.71465730E+02 6.95546810E-05
 3.72147110E+02 2.14129040E-04
 3.72829740E+02 1.57790270E-03
 3.73513630E+02 1.02223550E-04
 3.74198770E+02 1.86153260E-04
 3.74885170E+02 1.22133310E-04
 3.75000000E+02 4.11829510E-04
 3.75572830E+02 1.85843240E-03
 3.76261750E+02 1.31920620E-03
 3.76951930E+02 1.85919120E-04
 3.77643380E+02 1.41679270E-04
 3.78336090E+02 1.57084300E-04
 3.79030080E+02 2.17783640E-04
 3.79725340E+02 5.84312960E-04
 3.80421880E+02 1.35871730E-04
 3.81119690E+02 8.52636890E-05
 3.81818780E+02 6.64991730E-05
 3.82519160E+02 8.06527820E-05
 3.83220820E+02 1.33561420E-03
 3.83923770E+02 3.46230240E-04
 3.84628000E+02 3.11591130E-04
 3.85333530E+02 8.51906700E-04
 3.86040360E+02 1.32442720E-03
 3.86748470E+02 2.28498080E-04
 3.87457890E+02 1.31868830E-04
 3.87886570E+02 1.92924680E-04
 3.88168610E+02 2.33127440E-04
 3.88880640E+02 4.42903650E-04
 3.89593970E+02 1.04071970E-04
 3.90308600E+02 2.09896150E-04
 3.91024550E+02 1.44609250E-03
 3.91741810E+02 1.20322650E-03
 3.92460390E+02 1.47681530E-04
 3.93180290E+02 1.08846000E-03
 3.93901500E+02 1.77189930E-04
 3.94624040E+02 1.24267620E-04
 3.95000000E+02 1.07750400E-04
 3.95347910E+02 9.24541050E-05
 3.96073100E+02 6.07473670E-05
 3.96799620E+02 3.02004330E-04
 3.97527480E+02 9.69038820E-04
 3.98256670E+02 9.15826170E-04
 3.98987190E+02 2.10923670E-03
 3.99719060E+02 1.70136950E-03
 4.00452270E+02 5.85750060E-04
 4.01186830E+02 1.30822490E-04
 4.01922730E+02 3.94832510E-04
 4.02659980E+02 2.06926170E-04
 4.03398590E+02 2.03183680E-03
 4.04138550E+02 1.99359870E-03
 4.04879870E+02 6.77676230E-05
 4.05622540E+02 2.85595610E-04
 4.06366580E+02 1.18586350E-03
 4.07111990E+02 3.48984710E-04
 4.07372880E+02 3.00403240E-04
 4.07858760E+02 2.09873520E-04
 4.08606900E+02 2.94553790E-04
 4.09356410E+02 4.00931280E-04
 4.10107300E+02 4.95396500E-04
 4.10859570E+02 7.76716940E-04
 4.11613210E+02 9.60647110E-04
 4.12368240E+02 2.25804540E-03
 4.13124650E+02 1.64695220E-03
 4.13882450E+02 5.88296070E-04
 4.14000000E+02 5.99737340E-04
 4.14641640E+02 6.62219110E-04
 4.15402230E+02 1.11639290E-03
 4.16164200E+02 1.17246070E-03
 4.16927580E+02 9.57156070E-04
 4.17692360E+02 2.69537840E-03
 4.18458540E+02 2.99548030E-04
 4.19226120E+02 2.02257870E-03
 4.19995110E+02 2.75273530E-04
 4.20765520E+02 3.55831240E-04
 4.21537330E+02 2.14536570E-04
 4.22000000E+02 2.88578910E-04
 4.22310560E+02 3.38299400E-04
 4.23085210E+02 2.18509390E-03
 4.23861280E+02 1.88627950E-03
 4.24638780E+02 8.31931580E-04
 4.25417700E+02 1.33211100E-03
 4.26198050E+02 1.14216800E-03
 4.26979830E+02 4.67272540E-04
 4.27763050E+02 9.00054780E-04
 4.28547700E+02 2.45882550E-04
 4.28920620E+02 5.45460100E-04
 4.29333790E+02 8.77488570E-04
 4.30121320E+02 4.08971250E-04
 4.30910300E+02 4.27960290E-04
 4.31700730E+02 2.30019470E-03
 4.32492600E+02 3.48219450E-04
 4.33285930E+02 4.47056950E-04
 4.34080710E+02 1.00968140E-03
 4.34876950E+02 1.23645730E-03
 4.35674650E+02 1.33953210E-03
 4.36473820E+02 5.37086910E-04
 4.37274450E+02 1.56035700E-03
 4.38076540E+02 1.29791180E-03
 4.38880110E+02 1.52944430E-04
 4.39685160E+02 1.85763380E-06
 4.40491680E+02 4.66035660E-05
 4.40572520E+02 1.03159340E-04
 4.41299680E+02 6.11976980E-04
 4.42109160E+02 1.68757710E-03
 4.42920130E+02 2.41061190E-03
 4.43732580E+02 3.07876410E-03
 4.44546530E+02 2.40545680E-03
 4.45361970E+02 1.56973060E-03
 4.46178900E+02 1.03785770E-03
 4.46997330E+02 1.84285740E-03
 4.47817270E+02 2.31875120E-03
 4.48638700E+02 7.77092890E-04
 4.49461650E+02 3.77401380E-04
 4.50286100E+02 3.55611980E-04
 4.51112070E+02 2.47156240E-03
 4.51939550E+02 2.25397660E-03
 4.52768550E+02 7.23017700E-04
 4.52875170E+02 6.46278760E-04
 4.52885420E+02 6.38947370E-04
 4.53599070E+02 1.25206710E-04
 4.54431110E+02 5.85614880E-04
 4.55264680E+02 9.04003350E-04
 4.56099780E+02 8.79182820E-04
 4.56474270E+02 1.07507700E-03
 4.56936410E+02 1.31684210E-03
 4.57774580E+02 8.75432760E-05
 4.58614280E+02 4.05446680E-04
 4.59455520E+02 7.93070980E-04
 4.60131030E+02 1.00718820E-03
 4.60141610E+02 1.01295820E-03
 4.60298310E+02 1.06274480E-03
 4.60500780E+02 1.13191030E-03
 4.60511380E+02 1.13553300E-03
 4.61142640E+02 1.35118090E-03
 4.61988520E+02 1.96403750E-03
 4.62835950E+02 3.11203900E-03
 4.63684940E+02 1.81179760E-03
 4.63872020E+02 1.79689260E-03
 4.63882780E+02 1.79606860E-03
 4.64535480E+02 1.74406180E-03
 4.65387590E+02 2.16588690E-03
 4.66241250E+02 2.63705590E-03
 4.67096490E+02 1.75230250E-03
 4.67953290E+02 2.12879590E-03
 4.68011200E+02 2.16112850E-03
 4.68811660E+02 2.60800040E-03
 4.69671610E+02 1.36274910E-03
 4.70533130E+02 2.02402210E-03
 4.71396240E+02 1.98901830E-03
 4.72224910E+02 9.76772820E-04
 4.72236060E+02 9.63153450E-04
 4.72260930E+02 9.32779660E-04
 4.73127200E+02 2.07727110E-03
 4.73995070E+02 2.12083990E-03
 4.74864520E+02 2.26265440E-03
 4.75735570E+02 1.84926180E-03
 4.76608220E+02 2.43761280E-03
 4.77482470E+02 8.13528140E-04
 4.78358320E+02 6.40259910E-04
 4.78684420E+02 6.68823040E-04
 4.79235780E+02 7.17110650E-04
 4.80114850E+02 1.18835500E-03
 4.80995530E+02 1.39138890E-03
 4.81877830E+02 2.35730660E-03
 4.82761750E+02 1.70077000E-03
 4.83647280E+02 8.85563810E-04
 4.84534440E+02 1.69644100E-03
 4.85323100E+02 1.75845200E-03
 4.85334880E+02 1.75937940E-03
 4.85423230E+02 1.76632500E-03
 4.86313650E+02 3.10937620E-03
 4.87205700E+02 1.72519340E-03
 4.88083090E+02 1.21248330E-03
 4.88099390E+02 1.20295570E-03
 4.88994720E+02 2.98169880E-03
 4.89891690E+02 1.10445950E-03
 4.90790310E+02 2.59758550E-03
 4.90874640E+02 2.46142960E-03
 4.90886690E+02 2.44398120E-03
 4.91690570E+02 1.14533430E-03
 4.92592480E+02 1.01864890E-03
 4.93496050E+02 1.84661440E-03
 4.94401280E+02 2.52171050E-03
 4.95263790E+02 1.69418970E-03
 4.95308170E+02 1.65162410E-03
 4.96216720E+02 2.78872180E-03
 4.97126940E+02 2.77405620E-03
 4.98038820E+02 2.77862380E-03
 4.98952380E+02 2.74090000E-03
 4.99732140E+02 2.70754370E-03
 4.99744630E+02 2.72202400E-03
 4.99867620E+02 2.71672860E-03
 5.00784530E+02 2.80983870E-03
 5.01703130E+02 2.65005780E-03
 5.02623410E+02 1.34689900E-03
 5.03545380E+02 1.14240890E-03
 5.04273720E+02 1.23809430E-03
 5.04286430E+02 1.24702580E-03
 5.04469040E+02 1.27113850E-03
 5.05394390E+02 1.38470200E-03
 5.06321450E+02 1.81770430E-03
 5.07250200E+02 3.71169740E-03
 5.08180660E+02 6.61642140E-04
 5.08589050E+02 9.16221080E-04
 5.08601990E+02 9.24282890E-04
 5.09112820E+02 1.24259790E-03
 5.10046690E+02 1.72006040E-03
 5.10982280E+02 2.27407830E-03
 5.11919580E+02 2.73949220E-03
 5.12052960E+02 2.97686010E-03
 5.12066070E+02 3.01440730E-03
 5.12858600E+02 4.43093160E-03
 5.13799340E+02 4.32086690E-03
 5.14741810E+02 3.78556420E-03
 5.15686010E+02 2.06133650E-03
 5.16631940E+02 2.45354830E-03
 5.17579610E+02 9.15568310E-04
 5.18529010E+02 2.78466470E-04
 5.19480160E+02 2.62510560E-03
 5.20433050E+02 2.93242870E-03
 5.21387680E+02 2.75194340E-03
 5.22344070E+02 2.88377990E-03
 5.22811300E+02 2.90898520E-03
 5.23302220E+02 2.93545240E-03
 5.24262120E+02 2.93851800E-03
 5.25223780E+02 2.28436640E-03
 5.26187200E+02 1.05576960E-03
 5.27152400E+02 2.96898600E-03
 5.28119360E+02 2.92099730E-03
 5.29088100E+02 2.97449310E-03
 5.30000000E+02 2.50803870E-03
 5.30058610E+02 2.47807300E-03
 5.31030900E+02 2.54823240E-03
 5.32004980E+02 2.42578150E-03
 5.32980850E+02 2.14035800E-03
 5.33958500E+02 2.10185760E-03
 5.34031420E+02 2.07034710E-03
 5.34045680E+02 2.06418520E-03
 5.34937950E+02 1.67880570E-03
 5.35919190E+02 1.03335800E-03
 5.36902240E+02 1.68207590E-05
 5.37887080E+02 8.38704460E-05
 5.38873740E+02 1.62181720E-05
 5.39862200E+02 8.65527350E-05
 5.40852480E+02 3.48671990E-04
 5.41844570E+02 7.43334660E-04
 5.42838490E+02 1.41803680E-03
 5.43834220E+02 4.82653340E-04
 5.44831780E+02 1.54684910E-03
 5.44984220E+02 1.61564970E-03
 5.45831180E+02 1.99768310E-03
 5.46832400E+02 2.14663590E-04
 5.47835470E+02 6.52657650E-04
 5.48840370E+02 2.86836780E-06
 5.49847110E+02 2.96058650E-06
 5.50000000E+02 5.93521260E-06
 5.50855710E+02 2.25742610E-05
 5.51866150E+02 1.63802750E-04
 5.52878440E+02 3.89812280E-04
 5.53892600E+02 9.76644120E-04
 5.54908610E+02 1.80133080E-03
 5.55926490E+02 3.28407480E-03
 5.56395710E+02 3.25725950E-03
 5.56411190E+02 3.25639250E-03
 5.56946230E+02 3.22583190E-03
 5.57967850E+02 2.45775470E-03
 5.58991330E+02 2.15508860E-03
 5.60016700E+02 2.41963290E-03
 5.61043950E+02 1.93554870E-03
 5.62073080E+02 1.87916560E-03
 5.63104100E+02 2.81270620E-03
 5.64137010E+02 4.17995970E-03
 5.65161420E+02 2.66647850E-03
 5.65171810E+02 2.65113150E-03
 5.66208510E+02 1.16284020E-03
 5.67247120E+02 8.98848390E-04
 5.68287630E+02 1.31043360E-03
 5.69330040E+02 1.38551480E-03
 5.70374380E+02 2.07801980E-03
 5.71420620E+02 3.19975980E-03
 5.72468790E+02 5.21992450E-03
 5.73518870E+02 4.37900910E-03
 5.74207740E+02 3.46473120E-03
 5.74224220E+02 3.44286090E-03
 5.74570890E+02 2.98308360E-03
 5.75624830E+02 3.22189420E-03
 5.76680710E+02 3.02600160E-03
 5.77738520E+02 2.93331550E-03
 5.78798280E+02 3.14435210E-03
 5.79498500E+02 3.02866910E-03
 5.79515290E+02 3.02595240E-03
 5.79859970E+02 2.96904750E-03
 5.80923620E+02 2.61905420E-04
 5.81989220E+02 5.66995830E-04
 5.83056770E+02 1.19215890E-03
 5.83639650E+02 1.42718190E-03
 5.84126280E+02 1.62325010E-03
 5.85197750E+02 3.26386710E-03
 5.86271180E+02 3.94694800E-03
 5.87346590E+02 3.29625720E-03
 5.87840400E+02 3.26673970E-03
 5.87857680E+02 3.26573650E-03
 5.88423970E+02 3.23191000E-03
 5.89503320E+02 3.66292930E-03
 5.90584660E+02 3.83581500E-03
 5.91667970E+02 1.46561140E-03
 5.92753280E+02 2.29191670E-03
 5.93840570E+02 2.15005520E-03
 5.94929860E+02 1.96204250E-03
 5.96021150E+02 7.87632620E-04
 5.97114440E+02 7.22142700E-04
 5.98209740E+02 9.35597450E-04
 5.99307040E+02 1.16127280E-03
 6.00406360E+02 1.53898580E-03
 6.01507700E+02 1.95679670E-03
 6.02611050E+02 3.52229520E-05
 6.03379230E+02 2.50587440E-05
 6.03716430E+02 2.06005820E-05
 6.04823830E+02 1.06282710E-05
 6.05933270E+02 8.39502560E-05
 6.07044740E+02 3.34722550E-04
 6.08158250E+02 1.04212290E-03
 6.09273810E+02 2.07959720E-03
 6.10391410E+02 4.06744310E-03
 6.11511060E+02 3.75287470E-03
 6.12632760E+02 3.13203290E-03
 6.13756520E+02 2.75270990E-03
 6.14882340E+02 2.11847090E-03
 6.16010230E+02 1.77600240E-03
 6.17140190E+02 3.72861520E-03
 6.18272210E+02 3.32248870E-03
 6.19406320E+02 2.51109970E-03
 6.19761850E+02 1.91224920E-03
 6.20542510E+02 5.98435190E-04
 6.21680780E+02 6.08440610E-04
 6.22821130E+02 1.15938480E-03
 6.23963580E+02 1.63606960E-05
 6.25000000E+02 2.56159910E-04
 6.25108130E+02 2.81156570E-04
 6.26254770E+02 9.80076270E-04
 6.27403520E+02 1.97143240E-03
 6.28554380E+02 9.88377830E-04
 6.29707340E+02 1.30075310E-03
 6.30862420E+02 1.51543480E-03
 6.32019620E+02 2.42040750E-03
 6.33178950E+02 4.14716250E-03
 6.34340400E+02 6.03379080E-03
 6.35503980E+02 4.30255630E-03
 6.36669690E+02 3.10892600E-04
 6.37058930E+02 4.03260740E-04
 6.37837540E+02 5.87864550E-04
 6.39007540E+02 1.52368310E-03
 6.40179680E+02 3.48856120E-03
 6.41353970E+02 3.91835990E-03
 6.42530410E+02 5.32100200E-03
 6.43709020E+02 4.71902340E-03
 6.44889780E+02 3.70230190E-03
 6.46072710E+02 2.52465430E-03
 6.46074650E+02 2.52592300E-03
 6.47257810E+02 3.29824930E-03
 6.48445090E+02 3.23501130E-03
 6.49634540E+02 3.32573740E-03
 6.50826170E+02 2.82660160E-03
 6.52019990E+02 2.65511680E-03
 6.53216000E+02 3.35831500E-03
 6.54414200E+02 1.38520000E-03
 6.55349220E+02 2.45555890E-03
 6.55370700E+02 2.48012390E-03
 6.55614610E+02 2.75907130E-03
 6.56817210E+02 3.64434130E-03
 6.58022020E+02 2.56546030E-03
 6.59229040E+02 2.28929300E-03
 6.60438270E+02 3.48704570E-03
 6.61649720E+02 3.10532630E-03
 6.62863390E+02 1.98533430E-03
 6.64079290E+02 3.44511490E-03
 6.65297420E+02 1.70309860E-04
 6.65523740E+02 2.60275880E-04
 6.66517790E+02 6.55057370E-04
 6.67740390E+02 8.89183190E-04
 6.68965240E+02 1.55656560E-03
 6.70192330E+02 2.36246940E-03
 6.71421670E+02 2.81298820E-03
 6.72653270E+02 2.55608930E-03
 6.73887130E+02 2.49192710E-03
 6.75123250E+02 3.56855860E-03
 6.76019170E+02 3.74297910E-03
 6.76042020E+02 3.74742470E-03
 6.76361640E+02 3.80958770E-03
 6.77602300E+02 2.84238010E-03
 6.78845230E+02 3.21980360E-03
 6.80090450E+02 3.36944110E-03
 6.81098690E+02 2.76305080E-03
 6.81337950E+02 2.61929580E-03
 6.82587740E+02 3.10113360E-03
 6.83839820E+02 2.77254200E-03
 6.85094190E+02 3.44625490E-03
 6.86255130E+02 1.74504500E-03
 6.86278680E+02 1.71058240E-03
 6.86350870E+02 1.60490090E-03
 6.87609860E+02 3.45202050E-03
 6.88871150E+02 1.79312380E-03
 6.90134750E+02 3.46337060E-03
 6.91400680E+02 3.62078480E-03
 6.92668920E+02 3.46098970E-03
 6.93939500E+02 2.97198780E-03
 6.94942120E+02 2.84557730E-03
 6.95212400E+02 2.81153500E-03
 6.96487640E+02 2.31474130E-03
 6.97765220E+02 3.26511540E-03
 6.99045140E+02 3.10380100E-03
 7.00000000E+02 3.38768380E-03
 7.00327400E+02 3.48492260E-03
 7.01612030E+02 3.43687860E-03
 7.02899000E+02 1.26303570E-03
 7.03851860E+02 2.30720770E-03
 7.04188340E+02 2.67555010E-03
 7.05480040E+02 1.89541590E-03
 7.06774110E+02 4.29756680E-03
 7.08070560E+02 3.33148480E-03
 7.09369380E+02 2.77200040E-03
 7.10670590E+02 2.07582590E-03
 7.11974180E+02 2.35170440E-03
 7.12993030E+02 3.63129720E-03
 7.13280170E+02 3.99154390E-03
 7.14588550E+02 3.55432050E-03
 7.15899330E+02 4.18090430E-03
 7.17212510E+02 3.77949140E-03
 7.17653240E+02 3.21841150E-03
 7.18528110E+02 2.10579100E-03
 7.19846110E+02 2.99366820E-03
 7.21166540E+02 2.85994480E-03
 7.22374760E+02 2.76645290E-03
 7.22400860E+02 2.76443590E-03
 7.22489380E+02 2.75759310E-03
 7.23814650E+02 2.77509150E-03
 7.25142360E+02 4.48497850E-03
 7.26472500E+02 3.90895240E-03
 7.27805080E+02 3.32210160E-03
 7.29140100E+02 3.25446150E-03
 7.30000000E+02 2.70164850E-03
 7.30477570E+02 2.39495190E-03
 7.31817500E+02 1.02880390E-03
 7.33159880E+02 2.99774900E-03
 7.34504730E+02 3.29782150E-03
 7.35852040E+02 3.23548460E-03
 7.37201820E+02 3.63187370E-03
 7.38554080E+02 3.43195780E-03
 7.39908820E+02 3.56703720E-03
 7.41266050E+02 3.55279940E-03
 7.42625760E+02 3.41762920E-03
 7.43987970E+02 3.25083350E-03
 7.45352680E+02 3.19662940E-03
 7.46719890E+02 3.57791920E-03
 7.48089610E+02 2.33040440E-03
 7.49461840E+02 2.95523430E-03
 7.50000000E+02 2.98354310E-03
 7.50836590E+02 3.02750120E-03
 7.52213860E+02 1.97544540E-03
 7.53593660E+02 5.76732900E-04
 7.54975980E+02 1.29380160E-04
 7.56360850E+02 1.53137340E-04
 7.57748250E+02 2.16924170E-04
 7.59138200E+02 3.14968120E-05
 7.60530700E+02 8.84791980E-05
 7.61848460E+02 4.10284300E-04
 7.61925750E+02 4.29138370E-04
 7.63323360E+02 1.52841830E-03
 7.64723530E+02 1.71782320E-03
 7.66126280E+02 2.24489480E-03
 7.67531590E+02 3.89497970E-03
 7.68939490E+02 3.81699900E-03
 7.70000000E+02 1.99624140E-03
 7.70349970E+02 1.39606720E-03
 7.71763030E+02 1.49763280E-03
 7.73178690E+02 2.20164800E-03
 7.74596940E+02 4.30526700E-03
 7.76017790E+02 3.71435300E-03
 7.77441250E+02 2.22595870E-03
 7.78867320E+02 2.63089550E-03
 7.80296010E+02 4.78474660E-06
 7.81727320E+02 2.14428570E-05
 7.83161250E+02 2.45819980E-06
 7.84597820E+02 4.47066450E-05
 7.86037020E+02 2.10176910E-04
 7.87478850E+02 8.72913480E-04
 7.88923340E+02 2.20134450E-03
 7.90000000E+02 4.51904940E-03
 7.90370470E+02 5.31564300E-03
 7.91820260E+02 4.57046380E-03
 7.93272710E+02 3.99273030E-03
 7.94727820E+02 3.53673000E-03
 7.96185600E+02 3.50530870E-03
 7.97646050E+02 3.53264100E-03
 7.99109190E+02 3.67250350E-03
 8.00575000E+02 3.44570730E-03
 8.02043510E+02 1.98943410E-03
 8.03514710E+02 3.77551510E-03
 8.04988610E+02 3.68676270E-03
 8.05885540E+02 3.68415180E-03
 8.06465210E+02 3.68246530E-03
 8.07944520E+02 3.68462710E-03
 8.09426550E+02 3.64117150E-03
 8.10000000E+02 3.60443330E-03
 8.10911290E+02 3.54611890E-03
 8.12398750E+02 3.64627280E-03
 8.13888950E+02 3.49362900E-03
 8.15381880E+02 3.73338700E-03
 8.16877540E+02 3.52434200E-03
 8.18375950E+02 3.70176500E-03
 8.19877110E+02 3.71172220E-03
 8.21381020E+02 3.70135490E-03
 8.22887700E+02 3.45049210E-03
 8.24397130E+02 3.62406900E-03
 8.25909330E+02 3.52975610E-03
 8.27424310E+02 3.33940480E-03
 8.28942070E+02 3.47604790E-03
 8.30000000E+02 3.33126630E-03
 8.30462610E+02 3.26803230E-03
 8.31985940E+02 3.73645930E-03
 8.33512060E+02 3.34819870E-03
 8.35040980E+02 1.35852690E-03
 8.36572710E+02 3.69952690E-03
 8.38107250E+02 3.75218690E-03
 8.39644600E+02 3.67174140E-03
 8.41184770E+02 3.76419940E-03
 8.42727770E+02 3.57524300E-03
 8.44273600E+02 3.74225380E-03
 8.45822260E+02 3.56795060E-03
 8.47373760E+02 3.68619600E-03
 8.48928110E+02 3.12224890E-03
 8.50000000E+02 3.51190980E-03
 8.50485320E+02 3.68811690E-03
 8.52045370E+02 2.80731460E-03
 8.53608290E+02 3.07301740E-03
 8.55174080E+02 4.13938780E-03
 8.55325900E+02 4.08271300E-03
 8.56742740E+02 3.55447150E-03
 8.58314270E+02 3.66987410E-03
 8.59888690E+02 3.20987260E-03
 8.61465990E+02 3.46699410E-03
 8.63046190E+02 3.63566520E-03
 8.64629290E+02 3.76844730E-03
 8.66215290E+02 3.73681320E-03
 8.67804200E+02 3.75825120E-03
 8.69396030E+02 3.75667840E-03
 8.70000000E+02 3.75888230E-03
 8.70990780E+02 3.76249100E-03
 8.72588450E+02 3.59760390E-03
 8.74189050E+02 3.77897660E-03
 8.75792590E+02 2.42427950E-03
 8.77399060E+02 3.76544570E-03
 8.79008490E+02 3.75046320E-03
 8.80620870E+02 3.53152400E-03
 8.82236200E+02 3.72949530E-03
 8.82392910E+02 3.72386990E-03
 8.83854500E+02 3.67146530E-03
 8.85475770E+02 3.78273750E-03
 8.87100010E+02 3.77351460E-03
 8.88727230E+02 3.81023400E-03
 8.90000000E+02 3.79001000E-03
 8.90357430E+02 3.78433690E-03
 8.91990630E+02 3.81208260E-03
 8.93626820E+02 3.78334950E-03
 8.95266010E+02 3.81639230E-03
 8.96908210E+02 3.76224800E-03
 8.98553420E+02 3.81987240E-03
 9.00000000E+02 3.81362600E-03
 9.00440900E+02 3.82113180E-03
 9.00882220E+02 3.73855430E-03
 9.01323990E+02 3.30628350E-03
 9.01766180E+02 3.82105350E-03
 9.02208810E+02 3.82414480E-03
 9.02650790E+02 3.74235760E-03
 9.03093200E+02 3.53122410E-03
 9.03536040E+02 3.82026570E-03
 9.03979320E+02 3.80804840E-03
 9.04423040E+02 3.79713570E-03
 9.04866100E+02 3.32187210E-03
 9.05309600E+02 3.77754840E-03
 9.05753530E+02 3.75709310E-03
 9.06197900E+02 2.38531000E-03
 9.06642700E+02 3.82405530E-03
 9.07086850E+02 3.80964220E-03
 9.07531440E+02 3.82651280E-03
 9.07976460E+02 3.80766450E-03
 9.08421920E+02 3.81702500E-03
 9.08867810E+02 3.69957000E-03
 9.09313050E+02 3.82657770E-03
 9.09758730E+02 3.10571460E-03
 9.10204840E+02 3.83338780E-03
 9.10651390E+02 3.82982580E-03
 9.11098380E+02 3.58740240E-03
 9.11544720E+02 4.01336850E-03
 9.11991490E+02 6.20938860E-03
 9.12438700E+02 5.94793480E-03
 9.12886340E+02 5.42118380E-03
 9.13334430E+02 5.79406170E-03
 9.13781860E+02 5.15370330E-03
 9.14229720E+02 2.09460650E-03
 9.14678030E+02 2.91405280E-03
 9.15126780E+02 1.89108010E-03
 9.15575960E+02 1.19700180E-03
 9.16024490E+02 8.32949740E-04
 9.16473460E+02 7.03102880E-04
 9.16922860E+02 6.08263560E-04
 9.17372710E+02 6.91377610E-04
 9.17823000E+02 8.23641760E-04
 9.18272630E+02 1.00897340E-03
 9.18722690E+02 1.25759050E-03
 9.19173200E+02 1.54533990E-03
 9.19624150E+02 1.82805700E-03
 9.20075550E+02 2.28864540E-03
 9.20526280E+02 2.57484140E-03
 9.20977450E+02 2.66946860E-03
 9.21429070E+02 2.87217650E-03
 9.21881120E+02 3.03913090E-03
 9.22333630E+02 3.15175310E-03
 9.22785460E+02 2.81390070E-03
 9.23237740E+02 9.56658020E-04
 9.23690470E+02 3.36763560E-05
 9.24143630E+02 7.00968980E-06
 9.24597250E+02 5.38326920E-06
 9.25050190E+02 6.86487700E-06
 9.25503580E+02 1.25226370E-05
 9.25957420E+02 3.12438140E-05
 9.26411700E+02 1.11943240E-04
 9.26866420E+02 3.57506260E-04
 9.27320480E+02 7.91505200E-04
 9.27774980E+02 1.35239020E-03
 9.28229930E+02 1.98549760E-03
 9.28685330E+02 2.65262010E-03
 9.29141170E+02 3.38095570E-03
 9.29596340E+02 4.08709090E-03
 9.30051960E+02 4.70899370E-03
 9.30508020E+02 5.26084700E-03
 9.30964530E+02 5.82128350E-03
 9.31421490E+02 6.56859850E-03
 9.31877780E+02 7.59135810E-03
 9.32334520E+02 8.84280690E-03
 9.32791700E+02 1.02807630E-02
 9.33249340E+02 1.20690940E-02
 9.33707420E+02 1.42953260E-02
 9.34164830E+02 9.43743440E-03
 9.34622680E+02 1.85672450E-03
 9.35080990E+02 2.11390010E-04
 9.35539750E+02 7.87764690E-05
 9.35998950E+02 5.08357650E-05
 9.36457480E+02 4.81433040E-05
 9.36916460E+02 7.18514110E-05
 9.37375890E+02 1.89647160E-04
 9.37835780E+02 4.88173520E-04
 9.38296110E+02 9.69470850E-04
 9.38755770E+02 1.56986150E-03
 9.39215870E+02 2.22173220E-03
 9.39676430E+02 2.90833450E-03
 9.40137440E+02 3.64742870E-03
 9.40598910E+02 4.35540010E-03
 9.41059690E+02 4.97632830E-03
 9.41520930E+02 5.52999080E-03
 9.41982620E+02 6.07752630E-03
 9.42444760E+02 6.79918690E-03
 9.42907350E+02 7.81122940E-03
 9.43369270E+02 9.06121590E-03
 9.43831640E+02 1.04991620E-02
 9.44294460E+02 1.23628770E-02
 9.44757730E+02 1.37952800E-02
 9.45221470E+02 1.53442320E-02
 9.45684510E+02 1.36520500E-02
 9.46148020E+02 1.39400830E-02
 9.46611980E+02 1.30934760E-02
 9.47076390E+02 1.24280610E-02
 9.47541260E+02 1.16839840E-02
 9.48005440E+02 1.06974060E-02
 9.48470080E+02 1.00478910E-02
 9.48935180E+02 1.05527710E-02
 9.49400730E+02 6.75128160E-03
 9.49866740E+02 6.35564950E-03
 9.50332070E+02 8.96455370E-03
 9.50797850E+02 7.70742240E-03
 9.51264090E+02 6.03022360E-03
 9.51730780E+02 7.40471980E-03
 9.52197940E+02 6.76298310E-03
 9.52664400E+02 5.94139220E-03
 9.53131330E+02 6.25270000E-03
 9.53598710E+02 5.99521180E-03
 9.54066550E+02 5.30524890E-03
 9.54534850E+02 5.24264900E-03
 9.55002460E+02 5.19394980E-03
 9.55470530E+02 6.32525840E-03
 9.55939060E+02 5.89713300E-03
 9.56408050E+02 6.21195990E-03
 9.56877500E+02 6.00252000E-03
 9.57346260E+02 6.13094500E-03
 9.57815480E+02 6.10858000E-03
 9.58285160E+02 5.95587870E-03
 9.58755300E+02 3.03053880E-03
 9.59225900E+02 6.12293060E-03
 9.59695810E+02 4.32463500E-03
 9.60166180E+02 6.12465580E-03
 9.60637010E+02 5.29824770E-03
 9.61108300E+02 6.08999170E-03
 9.61580060E+02 5.94954340E-03
 9.62051120E+02 6.09069610E-03
 9.62522650E+02 5.35873020E-03
 9.62994630E+02 6.01472990E-03
 9.63467090E+02 6.15795410E-03
 9.63940000E+02 4.64208170E-03
 9.64412220E+02 6.05669310E-03
 9.64884900E+02 6.01509980E-03
 9.65358050E+02 5.51906200E-03
 9.65831660E+02 6.03223020E-03
 9.66305730E+02 5.69856980E-03
 9.66779110E+02 5.05803010E-03
 9.67252950E+02 5.51395330E-03
 9.67727260E+02 5.78984440E-03
 9.68202030E+02 4.34109700E-03
 9.68677270E+02 6.06900980E-03
 9.69151810E+02 5.94092020E-03
 9.69626810E+02 5.32022090E-03
 9.70102280E+02 5.74399110E-03
 9.70578220E+02 6.06193360E-03
 9.71054630E+02 6.08717220E-03
 9.71530330E+02 4.97124640E-03
 9.72006500E+02 3.19131860E-03
 9.72483140E+02 2.76755850E-03
 9.72960250E+02 6.12734060E-03
 9.73437820E+02 4.80739820E-03
 9.73914690E+02 6.05118460E-03
 9.74392030E+02 6.04398010E-03
 9.74869840E+02 6.04171580E-03
 9.75348120E+02 6.02984620E-03
 9.75826860E+02 6.04291490E-03
 9.76304900E+02 6.02991550E-03
 9.76783410E+02 4.80256090E-03
 9.77262390E+02 6.06101300E-03
 9.77741850E+02 5.98403370E-03
 9.78221770E+02 2.84721110E-03
 9.78700980E+02 6.04431780E-03
 9.79180670E+02 4.51388310E-03
 9.79660820E+02 4.97983380E-03
 9.80141450E+02 5.93079960E-03
 9.80622550E+02 5.95890270E-03
 9.81102940E+02 5.72884480E-03
 9.81583800E+02 5.55457790E-03
 9.82065140E+02 5.97669550E-03
 9.82546940E+02 6.01328720E-03
 9.83029220E+02 6.04092560E-03
 9.83510790E+02 6.00926770E-03
 9.83992840E+02 4.22218010E-03
 9.84475350E+02 6.00913180E-03
 9.84958340E+02 5.99027770E-03
 9.85441800E+02 5.73671300E-03
 9.85924560E+02 5.89339940E-03
 9.86407780E+02 4.12475140E-03
 9.86891480E+02 2.75906820E-03
 9.87375660E+02 4.24208510E-03
 9.87860310E+02 5.91693300E-03
 9.88344240E+02 5.88427630E-03
 9.88828660E+02 5.89146760E-03
 9.89313540E+02 5.04490780E-03
 9.89798900E+02 3.09194260E-03
 9.90284740E+02 5.96484130E-03
 9.90769870E+02 5.96116640E-03
 9.91255470E+02 3.84865000E-03
 9.91741550E+02 5.97044090E-03
 9.92228100E+02 5.94645230E-03
 9.92715130E+02 5.03383340E-03
 9.93201450E+02 5.61615020E-03
 9.93688240E+02 5.89897710E-03
 9.94175510E+02 5.90177200E-03
 9.94663260E+02 3.44417510E-03
 9.95151480E+02 4.47616520E-03
 9.95638990E+02 5.97653280E-03
 9.96126980E+02 3.40252080E-03
 9.96615450E+02 5.96236710E-03
 9.97104390E+02 5.33888900E-03
 9.97593820E+02 5.36517090E-03
 9.98082520E+02 5.96876960E-03
 9.98571710E+02 5.85385980E-03
 9.99061370E+02 5.91843150E-03
 9.99551520E+02 5.23977280E-03
 1.00004210E+03 5.91699740E-03
 1.00053200E+03 5.94054420E-03
 1.00102240E+03 5.98797330E-03
 1.00151330E+03 5.98098760E-03
 1.00200460E+03 5.97167880E-03
 1.00249650E+03 5.96607250E-03
 1.00298760E+03 5.95268050E-03
 1.00347920E+03 5.95109770E-03
 1.00397120E+03 5.95271800E-03
 1.00446380E+03 5.70993230E-03
 1.00495680E+03 5.95029020E-03
 1.00544910E+03 5.95029880E-03
 1.00594190E+03 4.57790860E-03
 1.00643520E+03 5.82605120E-03
 1.00692900E+03 5.90827440E-03
 1.00742320E+03 5.94381100E-03
 1.00791680E+03 3.13284110E-03
 1.00841080E+03 4.45803440E-03
 1.00890520E+03 5.93271500E-03
 1.00940020E+03 5.86821260E-03
 1.00989570E+03 5.89976350E-03
 1.01039040E+03 3.05893950E-03
 1.01088560E+03 5.52619870E-03
 1.01138130E+03 3.48811860E-03
 1.01187750E+03 5.90194810E-03
 1.01237420E+03 5.90480880E-03
 1.01287010E+03 2.92501880E-03
 1.01336660E+03 5.91129800E-03
 1.01386350E+03 5.36288670E-03
 1.01436090E+03 5.91400810E-03
 1.01485880E+03 3.79712810E-03
 1.01535600E+03 5.05812780E-03
 1.01585360E+03 5.91097380E-03
 1.01635180E+03 5.85813040E-03
 1.01685040E+03 4.98754630E-03
 1.01734950E+03 3.66534800E-03
 1.01784790E+03 3.06920630E-03
 1.01834680E+03 5.89330740E-03
 1.01884610E+03 4.46609500E-03
 1.01934600E+03 5.87845150E-03
 1.01984630E+03 5.88460970E-03
 1.02034590E+03 4.19765160E-03
 1.02084600E+03 5.87118870E-03
 1.02134660E+03 4.73463770E-03
 1.02184770E+03 5.37767560E-03
 1.02234920E+03 5.89371070E-03
 1.02285010E+03 5.88839320E-03
 1.02335140E+03 5.87845630E-03
 1.02385320E+03 4.14213920E-03
 1.02435550E+03 5.86650780E-03
 1.02485830E+03 4.66230130E-03
 1.02536040E+03 3.14073950E-03
 1.02586290E+03 3.40065670E-03
 1.02636600E+03 5.88014090E-03
 1.02686950E+03 5.89114760E-03
 1.02737360E+03 4.86131140E-03
 1.02787690E+03 5.64398680E-03
 1.02838070E+03 5.87993230E-03
 1.02888490E+03 5.86504640E-03
 1.02938970E+03 5.87372780E-03
 1.02989500E+03 5.87098180E-03
 1.03039950E+03 4.63973660E-03
 1.03090450E+03 5.87605390E-03
 1.03141010E+03 5.86913360E-03
 1.03191610E+03 5.87009260E-03
 1.03242260E+03 5.82342200E-03
 1.03292830E+03 5.86485310E-03
 1.03343460E+03 5.80804130E-03
 1.03394140E+03 5.36238440E-03
 1.03444860E+03 5.37749230E-03
 1.03495640E+03 5.22155650E-03
 1.03546340E+03 5.58640270E-03
 1.03597090E+03 5.69223510E-03
 1.03647890E+03 4.10944240E-03
 1.03698740E+03 5.83407890E-03
 1.03749640E+03 5.83638460E-03
 1.03800470E+03 5.84717970E-03
 1.03851340E+03 5.83855850E-03
 1.03902270E+03 5.67591550E-03
 1.03953240E+03 5.75694320E-03
 1.04004270E+03 4.48826470E-03
 1.04055220E+03 5.81584900E-03
 1.04106220E+03 5.83196510E-03
 1.04157270E+03 5.82843330E-03
 1.04208370E+03 5.81619680E-03
 1.04259520E+03 5.83703320E-03
 1.04310590E+03 5.74707450E-03
 1.04361720E+03 4.75264710E-03
 1.04412890E+03 5.80832310E-03
 1.04464120E+03 5.82790160E-03
 1.04515390E+03 5.81831070E-03
 1.04566590E+03 5.64995490E-03
 1.04617840E+03 5.78194580E-03
 1.04669150E+03 5.75534430E-03
 1.04720500E+03 5.74981520E-03
 1.04771900E+03 5.49539340E-03
 1.04823220E+03 5.55876410E-03
 1.04874600E+03 5.69860770E-03
 1.04926030E+03 5.80961890E-03
 1.04977510E+03 5.77771520E-03
 1.05029030E+03 5.80269880E-03
 1.05080490E+03 5.73856400E-03
 1.05131990E+03 5.70547200E-03
 1.05183540E+03 5.80074660E-03
 1.05235140E+03 5.71920450E-03
 1.05286800E+03 5.80150280E-03
 1.05338380E+03 5.79555620E-03
 1.05390010E+03 5.79412040E-03
 1.05441690E+03 5.79084000E-03
 1.05493420E+03 5.75310410E-03
 1.05545200E+03 5.22739240E-03
 1.05596900E+03 3.95655300E-03
 1.05648660E+03 5.77352420E-03
 1.05700460E+03 5.74052410E-03
 1.05752320E+03 5.54001330E-03
 1.05804230E+03 5.46706630E-03
 1.05856060E+03 5.75693680E-03
 1.05907940E+03 5.71166290E-03
 1.05959880E+03 5.74951480E-03
 1.06011860E+03 4.42199320E-03
 1.06063900E+03 4.62544540E-03
 1.06115860E+03 5.41960680E-03
 1.06167870E+03 5.73121660E-03
 1.06219930E+03 4.68944160E-03
 1.06272040E+03 2.90035940E-03
 1.06324200E+03 5.75070760E-03
 1.06376290E+03 5.79634120E-03
 1.06428430E+03 5.73645730E-03
 1.06480620E+03 5.77543310E-03
 1.06532860E+03 5.77100220E-03
 1.06585150E+03 5.67092380E-03
 1.06637360E+03 5.74903640E-03
 1.06689630E+03 5.74681740E-03
 1.06741940E+03 5.73666180E-03
 1.06794310E+03 4.50312550E-03
 1.06846730E+03 5.64811600E-03
 1.06899070E+03 5.73587080E-03
 1.06951470E+03 5.68362920E-03
 1.07003910E+03 4.00954310E-03
 1.07056410E+03 5.74100660E-03
 1.07108960E+03 5.74062720E-03
 1.07161430E+03 5.73788860E-03
 1.07213950E+03 5.22158180E-03
 1.07266530E+03 5.73282970E-03
 1.07319150E+03 5.73074910E-03
 1.07371830E+03 5.72506210E-03
 1.07424430E+03 5.72371070E-03
 1.07477080E+03 5.72576550E-03
 1.07529780E+03 5.72232940E-03
 1.07582540E+03 5.45702060E-03
 1.07635340E+03 5.59989950E-03
 1.07688070E+03 5.63487020E-03
 1.07740850E+03 5.64561150E-03
 1.07793690E+03 5.68116050E-03
 1.07846570E+03 5.58723330E-03
 1.07899510E+03 4.72084910E-03
 1.07952360E+03 5.69309200E-03
 1.08005270E+03 5.70599110E-03
 1.08058240E+03 5.52148910E-03
 1.08111250E+03 4.73326940E-03
 1.08164320E+03 4.56432800E-03
 1.08217300E+03 5.61096320E-03
 1.08270340E+03 5.24388290E-03
 1.08323440E+03 5.46210990E-03
 1.08376580E+03 5.62065630E-03
 1.08429780E+03 5.12012580E-03
 1.08482890E+03 4.41008770E-03
 1.08536060E+03 5.65783060E-03
 1.08589290E+03 5.68867790E-03
 1.08642560E+03 5.66105220E-03
 1.08695890E+03 5.62726330E-03
 1.08749140E+03 5.67400650E-03
 1.08802440E+03 5.68704160E-03
 1.08855790E+03 5.39942710E-03
 1.08909200E+03 5.68130720E-03
 1.08962650E+03 5.66136590E-03
 1.09016030E+03 5.68219260E-03
 1.09069460E+03 5.67769320E-03
 1.09122950E+03 3.98782780E-03
 1.09176480E+03 5.66787660E-03
 1.09230070E+03 5.43313270E-03
 1.09283580E+03 5.57202150E-03
 1.09337140E+03 5.33889320E-03
 1.09390760E+03 5.64965390E-03
 1.09444430E+03 5.65175250E-03
 1.09498150E+03 5.65325320E-03
 1.09551790E+03 5.65792250E-03
 1.09605480E+03 5.30745940E-03
 1.09659230E+03 5.61672410E-03
 1.09713030E+03 5.64726770E-03
 1.09766880E+03 5.65324420E-03
 1.09820650E+03 5.65081350E-03
 1.09874480E+03 5.64778880E-03
 1.09928360E+03 5.64408940E-03
 1.09982290E+03 5.40533930E-03
 1.10036280E+03 5.62447870E-03
 1.10090180E+03 5.63563150E-03
 1.10144140E+03 5.62405170E-03
 1.10198150E+03 5.09695540E-03
 1.10252210E+03 5.63345730E-03
 1.10306330E+03 5.62886270E-03
 1.10360370E+03 5.62758130E-03
 1.10414460E+03 5.52570700E-03
 1.10468600E+03 5.62248310E-03
 1.10522800E+03 5.47229490E-03
 1.10577050E+03 5.56258640E-03
 1.10631220E+03 5.57783350E-03
 1.10685440E+03 5.41875480E-03
 1.10739720E+03 5.53239170E-03
 1.10794050E+03 3.55800160E-03
 1.10848430E+03 4.46265250E-03
 1.10902730E+03 5.59027480E-03
 1.10957090E+03 5.59218860E-03
 1.11011500E+03 5.59453690E-03
 1.11065960E+03 4.70261510E-03
 1.11120480E+03 5.59295420E-03
 1.11174910E+03 5.34481780E-03
 1.11229400E+03 5.28115610E-03
 1.11283940E+03 5.58516890E-03
 1.11338540E+03 5.57963560E-03
 1.11393190E+03 5.56164610E-03
 1.11447760E+03 5.24978190E-03
 1.11502380E+03 4.08426590E-03
 1.11557060E+03 5.46260980E-03
 1.11611790E+03 3.59793730E-03
 1.11666580E+03 5.49754180E-03
 1.11721280E+03 5.43565200E-03
 1.11776040E+03 4.70831700E-03
 1.11830850E+03 5.34548570E-03
 1.11885710E+03 5.59207960E-03
 1.11940630E+03 5.44100010E-03
 1.11995470E+03 5.55374300E-03
 1.12050360E+03 5.56312950E-03
 1.12105310E+03 5.52241990E-03
 1.12160310E+03 5.56700410E-03
 1.12215360E+03 5.48592490E-03
 1.12270330E+03 5.52721820E-03
 1.12325360E+03 5.56617320E-03
 1.12380440E+03 3.16498450E-03
 1.12435570E+03 5.31362900E-03
 1.12490760E+03 5.31594550E-03
 1.12545870E+03 5.28201580E-03
 1.12601030E+03 5.53442680E-03
 1.12656250E+03 5.51776090E-03
 1.12711520E+03 5.49219440E-03
 1.12766840E+03 5.34373580E-03
 1.12822080E+03 3.28820350E-03
 1.12877380E+03 3.07504610E-03
 1.12932730E+03 5.27977120E-03
 1.12988140E+03 5.55012230E-03
 1.13043600E+03 5.40970390E-03
 1.13098980E+03 4.88291110E-03
 1.13154410E+03 5.42543010E-03
 1.13209890E+03 5.53913650E-03
 1.13265440E+03 5.43529070E-03
 1.13321030E+03 5.17034690E-03
 1.13376550E+03 5.41879490E-03
 1.13432110E+03 5.44874790E-03
 1.13487740E+03 5.52307780E-03
 1.13543420E+03 5.52570470E-03
 1.13599150E+03 5.52049560E-03
 1.13654800E+03 5.51927550E-03
 1.13710500E+03 5.51543430E-03
 1.13766260E+03 5.49292740E-03
 1.13822080E+03 4.97502290E-03
 1.13877950E+03 5.51070750E-03
 1.13933730E+03 5.50990370E-03
 1.13989580E+03 5.26485160E-03
 1.14045470E+03 5.49116450E-03
 1.14101420E+03 5.50154240E-03
 1.14157430E+03 5.39808030E-03
 1.14213350E+03 5.41574000E-03
 1.14269330E+03 5.48496820E-03
 1.14325370E+03 5.48483820E-03
 1.14381450E+03 5.47388340E-03
 1.14437600E+03 5.44881610E-03
 1.14493660E+03 5.43864530E-03
 1.14549780E+03 5.48296540E-03
 1.14605950E+03 5.47782810E-03
 1.14662170E+03 5.47209930E-03
 1.14718450E+03 5.43332630E-03
 1.14774650E+03 5.46654980E-03
 1.14830910E+03 5.44673460E-03
 1.14887220E+03 5.13732060E-03
 1.14943580E+03 5.15136950E-03
 1.15000000E+03 5.10204210E-03
 1.15000000E+03 5.10204210E-03
 1.15072300E+03 5.43962420E-03
 1.15144690E+03 5.43551350E-03
 1.15217170E+03 5.39980840E-03
 1.15289740E+03 5.57760860E-03
 1.15362400E+03 5.38808300E-03
 1.15434930E+03 5.46131610E-03
 1.15507540E+03 5.46462660E-03
 1.15580250E+03 3.68125350E-03
 1.15653050E+03 5.44335930E-03
 1.15725940E+03 5.43026090E-03
 1.15798700E+03 5.42176820E-03
 1.15871540E+03 5.36658830E-03
 1.15944480E+03 5.40978160E-03
 1.16017510E+03 5.26522000E-03
 1.16090630E+03 5.42424890E-03
 1.16163620E+03 5.39918210E-03
 1.16236690E+03 4.90087960E-03
 1.16309860E+03 5.36092090E-03
 1.16383120E+03 4.77154980E-03
 1.16456470E+03 3.71337390E-03
 1.16529680E+03 5.34738140E-03
 1.16602990E+03 5.43642240E-03
 1.16676390E+03 5.37702690E-03
 1.16749880E+03 4.84239770E-03
 1.16823460E+03 5.48331790E-03
 1.16896900E+03 3.32944110E-03
 1.16970440E+03 5.42321820E-03
 1.17044070E+03 5.43459290E-03
 1.17117790E+03 5.17906160E-03
 1.17191610E+03 5.06375630E-03
 1.17265280E+03 5.35664810E-03
 1.17339050E+03 5.39900840E-03
 1.17412910E+03 5.29231920E-03
 1.17486870E+03 4.65367450E-03
 1.17560910E+03 4.38200600E-03
 1.17634820E+03 4.16599410E-03
 1.17708820E+03 5.38289780E-03
 1.17782920E+03 4.34458590E-03
 1.17857100E+03 5.37313470E-03
 1.17931380E+03 5.37165900E-03
 1.18005520E+03 4.93823530E-03
 1.18079760E+03 5.36380590E-03
 1.18154090E+03 5.18473250E-03
 1.18228510E+03 5.32958170E-03
 1.18303020E+03 4.25264350E-03
 1.18377400E+03 5.35327860E-03
 1.18451860E+03 4.00463840E-03
 1.18526430E+03 5.35275490E-03
 1.18601080E+03 5.05274310E-03
 1.18675830E+03 5.34730490E-03
 1.18750440E+03 5.25092310E-03
 1.18825140E+03 5.32382960E-03
 1.18899940E+03 5.20521140E-03
 1.18974830E+03 5.33724460E-03
 1.19049820E+03 5.00367620E-03
 1.19124660E+03 5.32216140E-03
 1.19199600E+03 5.31872850E-03
 1.19274630E+03 5.28701200E-03
 1.19349760E+03 5.31281350E-03
 1.19424980E+03 5.23531930E-03
 1.19500060E+03 5.27289150E-03
 1.19575230E+03 4.88948900E-03
 1.19650500E+03 5.23090580E-03
 1.19725870E+03 4.97897350E-03
 1.19801320E+03 5.25069750E-03
 1.19876640E+03 5.30331480E-03
 1.19952050E+03 5.13511080E-03
 1.20027560E+03 5.24258700E-03
 1.20103160E+03 5.27782920E-03
 1.20178860E+03 5.25302060E-03
 1.20254410E+03 5.26401790E-03
 1.20330060E+03 4.27084950E-03
 1.20405800E+03 4.79661180E-03
 1.20481640E+03 5.21561970E-03
 1.20557580E+03 4.54464700E-03
 1.20633370E+03 4.93507650E-03
 1.20709250E+03 5.15873610E-03
 1.20785240E+03 5.17203380E-03
 1.20861320E+03 5.16666610E-03
 1.20937490E+03 5.10077270E-03
 1.21013520E+03 4.70165230E-03
 1.21089650E+03 5.07178770E-03
 1.21165870E+03 5.28907630E-03
 1.21242190E+03 5.17994050E-03
 1.21318600E+03 4.14556290E-03
 1.21394870E+03 4.17224650E-03
 1.21471240E+03 4.29176300E-03
 1.21547700E+03 3.74521930E-03
 1.21624260E+03 5.19720470E-03
 1.21700910E+03 4.72542960E-03
 1.21777420E+03 3.99031910E-03
 1.21854030E+03 5.34773260E-03
 1.21930730E+03 5.12282520E-03
 1.22007530E+03 5.05758900E-03
 1.22084430E+03 3.90949190E-03
 1.22161180E+03 5.18250810E-03
 1.22238030E+03 5.11877600E-03
 1.22314980E+03 5.04812350E-03
 1.22392020E+03 3.68384420E-03
 1.22469160E+03 4.98523620E-03
 1.22546150E+03 3.70090630E-03
 1.22623240E+03 6.01787700E-04
 1.22700430E+03 3.52976830E-05
 1.22777710E+03 5.52621760E-05
 1.22855100E+03 1.01442730E-04
 1.22932330E+03 1.72666120E-04
 1.23009670E+03 2.14401620E-04
 1.23087100E+03 1.78198160E-04
 1.23164620E+03 1.65834660E-04
 1.23242250E+03 2.11924090E-04
 1.23319730E+03 3.03511760E-04
 1.23397310E+03 4.32311640E-04
 1.23474980E+03 6.09689520E-04
 1.23552750E+03 8.64100030E-04
 1.23630620E+03 1.19676030E-03
 1.23708350E+03 1.61103630E-03
 1.23786170E+03 2.10747070E-03
 1.23864090E+03 2.67474600E-03
 1.23942110E+03 3.32037970E-03
 1.24020220E+03 4.04053850E-03
 1.24098190E+03 4.83947070E-03
 1.24176260E+03 5.77544400E-03
 1.24254420E+03 6.84475890E-03
 1.24332690E+03 9.73478240E-03
 1.24411050E+03 7.67100880E-03
 1.24489260E+03 8.85600890E-03
 1.24567580E+03 8.49717610E-03
 1.24645990E+03 8.09511600E-03
 1.24724500E+03 7.59338420E-03
 1.24803110E+03 7.04479000E-03
 1.24881570E+03 6.29843520E-03
 1.24960130E+03 6.14341780E-03
 1.25038790E+03 3.99290490E-03
 1.25117540E+03 5.82503410E-03
 1.25196400E+03 5.48427790E-03
 1.25275110E+03 3.45377260E-03
 1.25353920E+03 4.18062750E-03
 1.25432820E+03 5.18359480E-03
 1.25511830E+03 4.64437560E-03
 1.25590930E+03 4.95604730E-03
 1.25669890E+03 4.92228480E-03
 1.25748940E+03 4.77020870E-03
 1.25828100E+03 4.94506350E-03
 1.25907350E+03 4.42607710E-03
 1.25986710E+03 4.68833240E-03
 1.26065910E+03 4.04709010E-03
 1.26145220E+03 5.00458540E-03
 1.26224620E+03 5.08459260E-03
 1.26304130E+03 4.98795960E-03
 1.26383730E+03 4.92839820E-03
 1.26463190E+03 4.89110730E-03
 1.26542740E+03 4.82959400E-03
 1.26622400E+03 5.13399350E-03
 1.26702150E+03 5.02006520E-03
 1.26782010E+03 3.49229230E-03
 1.26861710E+03 4.88647860E-03
 1.26941520E+03 3.89557030E-03
 1.27021420E+03 3.60062310E-03
 1.27101430E+03 4.14897440E-03
 1.27181540E+03 4.42161480E-03
 1.27261490E+03 4.32283110E-03
 1.27341550E+03 4.15817380E-03
 1.27421710E+03 4.42541960E-03
 1.27501960E+03 4.83954450E-03
 1.27582320E+03 4.80634400E-03
 1.27662530E+03 4.02999500E-03
 1.27742840E+03 5.04727220E-03
 1.27823250E+03 3.51489580E-03
 1.27903760E+03 4.44611690E-03
 1.27984380E+03 4.98830710E-03
 1.28064840E+03 3.80232450E-03
 1.28145400E+03 4.75405050E-03
 1.28226060E+03 3.58641310E-03
 1.28306830E+03 4.88908060E-03
 1.28387690E+03 3.90207930E-03
 1.28468410E+03 4.78883630E-03
 1.28549220E+03 5.11180000E-03
 1.28630140E+03 4.69718500E-03
 1.28711160E+03 3.47833090E-03
 1.28792280E+03 5.00476150E-03
 1.28873250E+03 4.93118550E-03
 1.28954320E+03 4.76268630E-03
 1.29035490E+03 4.38781910E-03
 1.29116770E+03 3.48135530E-03
 1.29198150E+03 4.26164200E-03
 1.29279370E+03 4.86421110E-03
 1.29360700E+03 4.68775810E-03
 1.29442130E+03 4.69894880E-03
 1.29523660E+03 3.71080500E-03
 1.29605290E+03 4.81021160E-03
 1.29686770E+03 3.17426770E-03
 1.29768350E+03 4.85546740E-03
 1.29850040E+03 4.96915790E-03
 1.29931830E+03 4.92917800E-03
 1.30013720E+03 4.90152760E-03
 1.30095450E+03 3.24800070E-03
 1.30177290E+03 3.33148800E-03
 1.30259240E+03 4.96588380E-03
 1.30341280E+03 3.94504670E-03
 1.30423430E+03 4.91868070E-03
 1.30505420E+03 4.66436130E-03
 1.30587520E+03 4.75937690E-03
 1.30669720E+03 3.63786310E-03
 1.30752030E+03 4.09192460E-03
 1.30834440E+03 4.68809630E-03
 1.30916690E+03 4.73364820E-03
 1.30999040E+03 4.57848540E-03
 1.31081500E+03 4.89958040E-03
 1.31164070E+03 4.45891470E-03
 1.31246730E+03 4.91696300E-03
 1.31329250E+03 3.16756820E-03
 1.31411860E+03 4.88648140E-03
 1.31494580E+03 3.97021270E-03
 1.31577410E+03 4.66612160E-03
 1.31660330E+03 4.86216480E-03
 1.31743110E+03 3.22279770E-03
 1.31825980E+03 4.08060660E-03
 1.31908960E+03 4.76976010E-03
 1.31992050E+03 4.56964930E-03
 1.32075240E+03 3.98513640E-03
 1.32158270E+03 4.18159740E-03
 1.32241410E+03 4.80166980E-03
 1.32324650E+03 2.33734570E-03
 1.32407990E+03 4.59849540E-03
 1.32491450E+03 4.86071350E-03
 1.32574740E+03 3.01205700E-03
 1.32658140E+03 4.57961110E-03
 1.32741640E+03 4.70415130E-03
 1.32825250E+03 4.74806830E-03
 1.32908970E+03 3.97898840E-03
 1.32992520E+03 4.82188910E-03
 1.33076190E+03 4.70084120E-03
 1.33159950E+03 2.52444410E-03
 1.33243830E+03 4.65714130E-03
 1.33327810E+03 4.11399990E-03
 1.33411630E+03 3.98771270E-03
 1.33495550E+03 3.43975510E-03
 1.33579580E+03 3.07738630E-03
 1.33663720E+03 3.76525030E-03
 1.33747960E+03 3.68816150E-03
 1.33832050E+03 2.65955680E-03
 1.33916240E+03 4.67723440E-03
 1.34000530E+03 4.39463320E-03
 1.34084940E+03 4.19280060E-03
 1.34169440E+03 3.80223920E-03
 1.34253790E+03 3.18794830E-03
 1.34338250E+03 2.96797080E-03
 1.34422810E+03 5.29627220E-03
 1.34507480E+03 5.03413730E-03
 1.34592250E+03 4.94298590E-03
 1.34676870E+03 4.81933650E-03
 1.34761590E+03 4.75981160E-03
 1.34846420E+03 4.82423500E-03
 1.34931350E+03 4.79174840E-03
 1.35016400E+03 4.77359550E-03
 1.35101280E+03 4.55385330E-03
 1.35186270E+03 4.74347210E-03
 1.35271360E+03 4.77779860E-03
 1.35356560E+03 4.75103570E-03
 1.35441870E+03 4.76198310E-03
 1.35527020E+03 3.43161980E-03
 1.35612280E+03 4.72685190E-03
 1.35697640E+03 4.30622840E-03
 1.35783110E+03 3.09010850E-03
 1.35868690E+03 4.18131060E-03
 1.35954110E+03 4.64517970E-03
 1.36039640E+03 4.53106930E-03
 1.36125270E+03 2.78401210E-03
 1.36211010E+03 4.10162630E-03
 1.36296860E+03 1.98604590E-03
 1.36382540E+03 9.64679110E-04
 1.36468340E+03 8.86682750E-04
 1.36554240E+03 1.06896530E-03
 1.36640250E+03 1.47265730E-03
 1.36726370E+03 1.90977320E-03
 1.36812330E+03 2.39422060E-03
 1.36898390E+03 2.98559550E-03
 1.36984570E+03 3.71639000E-03
 1.37070850E+03 4.65565670E-03
 1.37157240E+03 6.80574030E-03
 1.37243470E+03 7.07019950E-03
 1.37329800E+03 6.13192140E-03
 1.37416250E+03 4.11282370E-03
 1.37502800E+03 6.02171040E-03
 1.37589460E+03 5.66820280E-03
 1.37675960E+03 5.45308370E-03
 1.37762570E+03 4.83453420E-03
 1.37849290E+03 3.22863580E-03
 1.37936110E+03 4.76268730E-03
 1.38023050E+03 4.27834050E-03
 1.38109820E+03 4.70946780E-03
 1.38196700E+03 4.63502680E-03
 1.38283690E+03 4.49112140E-03
 1.38370790E+03 4.64632860E-03
 1.38458000E+03 4.64466890E-03
 1.38545050E+03 4.64080290E-03
 1.38632200E+03 4.64678170E-03
 1.38719470E+03 3.81378310E-03
 1.38806840E+03 3.43605530E-03
 1.38894330E+03 3.05404940E-03
 1.38981650E+03 4.38620190E-03
 1.39069080E+03 2.33333620E-03
 1.39156620E+03 4.58687360E-03
 1.39244270E+03 4.06659330E-03
 1.39332030E+03 4.02595890E-03
 1.39419620E+03 3.10984880E-03
 1.39507330E+03 4.58248360E-03
 1.39595140E+03 4.63580180E-03
 1.39683070E+03 4.62034490E-03
 1.39771100E+03 3.08847410E-03
 1.39858980E+03 4.63696010E-03
 1.39946960E+03 4.63017370E-03
 1.40035050E+03 4.32697710E-03
 1.40123250E+03 3.22911820E-03
 1.40211570E+03 4.50590600E-03
 1.40299710E+03 4.65146900E-03
 1.40387970E+03 4.42339380E-03
 1.40476340E+03 3.38647220E-03
 1.40564820E+03 4.61280910E-03
 1.40653420E+03 3.60277690E-03
 1.40741840E+03 2.96113680E-03
 1.40830380E+03 4.60414290E-03
 1.40919030E+03 2.50197290E-03
 1.41007790E+03 4.39024580E-03
 1.41096660E+03 4.60889810E-03
 1.41185360E+03 4.51631150E-03
 1.41274180E+03 4.59899890E-03
 1.41363110E+03 4.59376190E-03
 1.41452150E+03 4.54509040E-03
 1.41541300E+03 4.51479120E-03
 1.41630280E+03 3.29807080E-03
 1.41719380E+03 4.55347050E-03
 1.41808590E+03 2.38898030E-03
 1.41897910E+03 4.54745330E-03
 1.41987340E+03 4.54834880E-03
 1.42076600E+03 3.51270000E-03
 1.42165980E+03 4.43481500E-03
 1.42255470E+03 3.57912440E-03
 1.42345070E+03 4.55818740E-03
 1.42434790E+03 3.44277390E-03
 1.42524330E+03 4.54016270E-03
 1.42613990E+03 4.25993830E-03
 1.42703760E+03 4.53134910E-03
 1.42793640E+03 4.33041050E-03
 1.42883640E+03 4.47880860E-03
 1.42973470E+03 4.41457510E-03
 1.43063410E+03 2.76239860E-03
 1.43153460E+03 4.50222780E-03
 1.43243630E+03 4.54276430E-03
 1.43333910E+03 4.49935980E-03
 1.43424020E+03 4.52932600E-03
 1.43514250E+03 4.06444860E-03
 1.43604580E+03 4.51904930E-03
 1.43695040E+03 4.03444500E-03
 1.43785600E+03 4.51017960E-03
 1.43876000E+03 4.50027960E-03
 1.43966500E+03 4.49140360E-03
 1.44057130E+03 2.70641480E-03
 1.44147860E+03 4.45195550E-03
 1.44238710E+03 4.49807510E-03
 1.44329390E+03 4.46412960E-03
 1.44420190E+03 4.48595910E-03
 1.44511100E+03 4.47925000E-03
 1.44602120E+03 4.40929310E-03
 1.44693260E+03 4.44916450E-03
 1.44784220E+03 4.25936480E-03
 1.44875300E+03 2.83741260E-03
 1.44966490E+03 4.19077200E-03
 1.45057800E+03 4.05076490E-03
 1.45149230E+03 4.33976560E-03
 1.45240480E+03 4.42611080E-03
 1.45331850E+03 4.37146990E-03
 1.45423330E+03 2.99231760E-03
 1.45514930E+03 4.39565150E-03
 1.45606640E+03 2.94922980E-03
 1.45698180E+03 4.45389950E-03
 1.45789830E+03 4.44670760E-03
 1.45881600E+03 4.28370740E-03
 1.45973490E+03 2.48354540E-03
 1.46065490E+03 2.87475450E-03
 1.46157320E+03 4.43733960E-03
 1.46249260E+03 4.27227220E-03
 1.46341320E+03 4.42922420E-03
 1.46433500E+03 4.31027580E-03
 1.46525790E+03 4.04831670E-03
 1.46617910E+03 4.41964120E-03
 1.46710140E+03 4.32831300E-03
 1.46802490E+03 4.41032010E-03
 1.46894950E+03 2.19974310E-03
 1.46987540E+03 4.41575730E-03
 1.47079940E+03 4.28797740E-03
 1.47172470E+03 4.36773770E-03
 1.47265110E+03 4.35854830E-03
 1.47357860E+03 4.40048020E-03
 1.47450740E+03 4.31300080E-03
 1.47543440E+03 4.37061700E-03
 1.47636250E+03 4.34593900E-03
 1.47729190E+03 4.37532020E-03
 1.47822240E+03 3.83599290E-03
 1.47915400E+03 4.36625380E-03
 1.48008390E+03 4.35968010E-03
 1.48101500E+03 4.38592200E-03
 1.48194730E+03 4.38066360E-03
 1.48288070E+03 4.34593760E-03
 1.48381530E+03 4.37328590E-03
 1.48474810E+03 4.13946770E-03
 1.48568210E+03 4.36632860E-03
 1.48661730E+03 4.27629470E-03
 1.48755370E+03 4.36289750E-03
 1.48849130E+03 3.61184740E-03
 1.48942700E+03 4.34097090E-03
 1.49036400E+03 4.11938460E-03
 1.49130210E+03 4.35202270E-03
 1.49224140E+03 4.23304510E-03
 1.49318200E+03 4.31425750E-03
 1.49412070E+03 4.33996610E-03
 1.49506060E+03 4.31152900E-03
 1.49600170E+03 4.33196130E-03
 1.49694400E+03 3.83637910E-03
 1.49788740E+03 3.52147430E-03
 1.49882910E+03 4.32186240E-03
 1.49977200E+03 4.30031190E-03
 1.50071600E+03 4.23970260E-03
 1.50166130E+03 2.52004260E-03
 1.50260770E+03 4.31981710E-03
 1.50355240E+03 2.87179270E-03
 1.50449820E+03 4.31277700E-03
 1.50544530E+03 4.30784820E-03
 1.50639350E+03 4.30463200E-03
 1.50734290E+03 4.30097590E-03
 1.50829060E+03 4.29831820E-03
 1.50923940E+03 4.29567450E-03
 1.51018940E+03 4.29305030E-03
 1.51114060E+03 4.12502100E-03
 1.51209300E+03 4.28785340E-03
 1.51304360E+03 4.27827300E-03
 1.51399550E+03 4.02648530E-03
 1.51494850E+03 4.19102920E-03
 1.51590270E+03 3.92002570E-03
 1.51685810E+03 3.48467780E-03
 1.51781170E+03 2.61007540E-03
 1.51876650E+03 4.02556390E-03
 1.51972250E+03 3.60946990E-03
 1.52067980E+03 4.26267240E-03
 1.52163820E+03 4.25956600E-03
 1.52259480E+03 4.25255340E-03
 1.52355260E+03 4.25145290E-03
 1.52451170E+03 4.24894060E-03
 1.52547190E+03 4.24825030E-03
 1.52643330E+03 4.24441140E-03
 1.52739300E+03 4.24169200E-03
 1.52835380E+03 4.21536880E-03
 1.52931590E+03 4.23060890E-03
 1.53027910E+03 4.06303110E-03
 1.53124360E+03 2.48015250E-03
 1.53220630E+03 1.30569260E-04
 1.53317010E+03 1.28205360E-05
 1.53413520E+03 1.88356350E-05
 1.53510150E+03 3.05224920E-05
 1.53606900E+03 4.17379020E-05
 1.53703470E+03 5.64006010E-05
 1.53800160E+03 9.66493890E-05
 1.53896970E+03 1.95262350E-04
 1.53993910E+03 3.88034790E-04
 1.54090970E+03 7.07624580E-04
 1.54187840E+03 1.12530280E-03
 1.54284830E+03 1.62280260E-03
 1.54381950E+03 2.18915210E-03
 1.54479190E+03 2.69336130E-03
 1.54576550E+03 3.23517790E-03
 1.54673730E+03 3.81234830E-03
 1.54771030E+03 4.42985460E-03
 1.54868460E+03 5.33675800E-03
 1.54966000E+03 5.60002360E-03
 1.55063670E+03 6.18306630E-03
 1.55161160E+03 7.84922050E-03
 1.55258760E+03 7.36151750E-03
 1.55356500E+03 6.90552910E-03
 1.55454350E+03 6.50443710E-03
 1.55552330E+03 5.70338880E-03
 1.55650120E+03 5.85843010E-03
 1.55748030E+03 5.48769690E-03
 1.55846070E+03 5.34337300E-03
 1.55944230E+03 5.12962520E-03
 1.56042520E+03 4.93327730E-03
 1.56140620E+03 3.97124550E-03
 1.56238840E+03 4.52793780E-03
 1.56337190E+03 4.42218390E-03
 1.56435660E+03 4.30257420E-03
 1.56534260E+03 4.05915520E-03
 1.56632670E+03 4.16446670E-03
 1.56731200E+03 4.13183970E-03
 1.56829860E+03 4.11140510E-03
 1.56928640E+03 4.11491590E-03
 1.57027550E+03 3.28900750E-03
 1.57126270E+03 4.11124430E-03
 1.57225110E+03 2.82649030E-03
 1.57324080E+03 4.10571380E-03
 1.57423170E+03 3.76820810E-03
 1.57522390E+03 4.07560850E-03
 1.57621420E+03 2.70878210E-03
 1.57720570E+03 4.04538440E-03
 1.57819850E+03 4.04596820E-03
 1.57919260E+03 3.77505700E-03
 1.58018790E+03 4.07720010E-03
 1.58118130E+03 4.06781240E-03
 1.58217600E+03 4.06494960E-03
 1.58317190E+03 3.92699150E-03
 1.58416910E+03 4.07008750E-03
 1.58516760E+03 4.07066590E-03
 1.58616410E+03 3.38934210E-03
 1.58716190E+03 4.06773230E-03
 1.58816100E+03 4.06617070E-03
 1.58916130E+03 4.06106410E-03
 1.59016290E+03 3.72978710E-03
 1.59116260E+03 4.03108560E-03
 1.59216360E+03 4.05497370E-03
 1.59316580E+03 4.03982700E-03
 1.59416930E+03 4.04074040E-03
 1.59517400E+03 3.99666370E-03
 1.59617690E+03 4.03977140E-03
 1.59718100E+03 4.03512690E-03
 1.59818630E+03 4.03423700E-03
 1.59919300E+03 4.03305980E-03
 1.60020090E+03 4.03077640E-03
 1.60120690E+03 3.96898200E-03
 1.60221420E+03 4.02197630E-03
 1.60322270E+03 2.53017010E-03
 1.60423250E+03 4.01794580E-03
 1.60524360E+03 4.01577210E-03
 1.60625280E+03 3.84031320E-03
 1.60726330E+03 4.01050670E-03
 1.60827500E+03 3.88019550E-03
 1.60928800E+03 3.96998190E-03
 1.61030220E+03 4.00187340E-03
 1.61131460E+03 3.53317560E-03
 1.61232820E+03 3.99436080E-03
 1.61334320E+03 3.19036860E-03
 1.61435930E+03 3.98605830E-03
 1.61537680E+03 2.86310410E-03
 1.61639240E+03 3.84364980E-03
 1.61740920E+03 3.91483250E-03
 1.61842730E+03 3.74839070E-03
 1.61944670E+03 3.38437660E-03
 1.62046740E+03 3.95848310E-03
 1.62148610E+03 3.95214110E-03
 1.62250610E+03 3.96415470E-03
 1.62352750E+03 2.60908050E-03
 1.62455010E+03 3.96267720E-03
 1.62557400E+03 3.96052040E-03
 1.62659590E+03 3.95795740E-03
 1.62761920E+03 3.95450120E-03
 1.62864370E+03 3.95099080E-03
 1.62966950E+03 3.85513500E-03
 1.63069660E+03 3.82268800E-03
 1.63172180E+03 3.10320440E-03
 1.63274830E+03 3.93696010E-03
 1.63377610E+03 3.92277620E-03
 1.63480510E+03 3.92984680E-03
 1.63583550E+03 3.92285310E-03
 1.63686390E+03 3.91208050E-03
 1.63789360E+03 3.87181770E-03
 1.63892460E+03 3.86404390E-03
 1.63995690E+03 3.54402810E-03
 1.64099050E+03 3.92780530E-03
 1.64202210E+03 3.92948370E-03
 1.64305510E+03 3.91738900E-03
 1.64408940E+03 2.80056110E-03
 1.64512490E+03 3.86267470E-03
 1.64616180E+03 3.90514570E-03
 1.64719670E+03 3.90037950E-03
 1.64823290E+03 3.89127170E-03
 1.64927040E+03 3.89591720E-03
 1.65030920E+03 3.89279160E-03
 1.65134930E+03 3.88814040E-03
 1.65238750E+03 3.87092370E-03
 1.65342700E+03 3.88513810E-03
 1.65446770E+03 3.82804180E-03
 1.65550980E+03 3.76652570E-03
 1.65655320E+03 3.87600670E-03
 1.65759470E+03 2.97608580E-03
 1.65863740E+03 3.86703460E-03
 1.65968150E+03 3.86669500E-03
 1.66072690E+03 3.84209170E-03
 1.66177360E+03 3.86066340E-03
 1.66281830E+03 3.79833330E-03
 1.66386430E+03 3.85579170E-03
 1.66491170E+03 3.85338880E-03
 1.66596030E+03 3.84891210E-03
 1.66701030E+03 3.84766340E-03
 1.66805830E+03 3.84482670E-03
 1.66910770E+03 3.84196100E-03
 1.67015830E+03 3.83919950E-03
 1.67121030E+03 3.82994910E-03
 1.67226360E+03 3.83337670E-03
 1.67331490E+03 3.83024470E-03
 1.67436750E+03 3.82568750E-03
 1.67542150E+03 3.25605610E-03
 1.67647680E+03 2.80091720E-03
 1.67753340E+03 3.62839340E-03
 1.67858800E+03 3.81143340E-03
 1.67964400E+03 3.81390390E-03
 1.68070130E+03 3.79673570E-03
 1.68175990E+03 3.80774790E-03
 1.68281980E+03 3.80535210E-03
 1.68387780E+03 3.80269050E-03
 1.68493710E+03 3.79926980E-03
 1.68599770E+03 3.79697410E-03
 1.68705960E+03 3.62034100E-03
 1.68812290E+03 3.70399730E-03
 1.68918420E+03 3.78840490E-03
 1.69024680E+03 3.78558320E-03
 1.69131080E+03 3.78226330E-03
 1.69237610E+03 3.78001100E-03
 1.69344270E+03 3.77698420E-03
 1.69450730E+03 3.77445770E-03
 1.69557330E+03 3.74100810E-03
 1.69664060E+03 3.74538360E-03
 1.69770930E+03 3.76481080E-03
 1.69877930E+03 3.70179570E-03
 1.69984730E+03 3.30152250E-03
 1.70091660E+03 3.75668490E-03
 1.70198730E+03 3.74310070E-03
 1.70305930E+03 3.54706390E-03
 1.70413270E+03 3.67616450E-03
 1.70520400E+03 3.71613410E-03
 1.70627670E+03 3.62261950E-03
 1.70735080E+03 3.65278170E-03
 1.70842620E+03 3.64652500E-03
 1.70950290E+03 3.58061000E-03
 1.71057760E+03 3.49306370E-03
 1.71165370E+03 3.44923950E-03
 1.71273110E+03 3.46299710E-03
 1.71380990E+03 3.50886700E-03
 1.71489010E+03 3.49129760E-03
 1.71596820E+03 3.48093860E-03
 1.71704770E+03 3.38397810E-03
 1.71812850E+03 2.69352170E-03
 1.71921070E+03 4.02786400E-03
 1.72029420E+03 3.62987750E-03
 1.72137570E+03 3.80570370E-03
 1.72245860E+03 3.76596270E-03
 1.72354280E+03 3.78058770E-03
 1.72462840E+03 3.75273280E-03
 1.72571540E+03 3.72520020E-03
 1.72680030E+03 3.70819590E-03
 1.72788660E+03 3.68977880E-03
 1.72897430E+03 3.68625600E-03
 1.73006330E+03 3.48794480E-03
 1.73115370E+03 3.32908330E-03
 1.73224200E+03 3.67173810E-03
 1.73333170E+03 3.67768560E-03
 1.73442280E+03 3.64936610E-03
 1.73551520E+03 3.66839400E-03
 1.73660910E+03 3.66516630E-03
 1.73770080E+03 3.65916290E-03
 1.73879400E+03 2.95610530E-03
 1.73988850E+03 3.65562620E-03
 1.74098440E+03 3.65161620E-03
 1.74208170E+03 3.64644600E-03
 1.74317690E+03 3.64087930E-03
 1.74427350E+03 3.63686960E-03
 1.74537140E+03 3.59006660E-03
 1.74647080E+03 3.65023130E-03
 1.74757150E+03 3.17200480E-03
 1.74867020E+03 3.63689140E-03
 1.74977020E+03 3.63351120E-03
 1.75087160E+03 3.63029210E-03
 1.75197440E+03 3.62720110E-03
 1.75307860E+03 3.62311330E-03
 1.75418080E+03 3.53251650E-03
 1.75528430E+03 3.61840600E-03
 1.75638920E+03 3.61524190E-03
 1.75749550E+03 3.61118780E-03
 1.75860310E+03 3.46992510E-03
 1.75970870E+03 3.52983410E-03
 1.76081570E+03 3.32308650E-03
 1.76192410E+03 3.59531860E-03
 1.76303390E+03 3.55855390E-03
 1.76414500E+03 3.59662880E-03
 1.76525410E+03 3.46928810E-03
 1.76636460E+03 3.59429800E-03
 1.76747650E+03 3.59003340E-03
 1.76858970E+03 3.58674200E-03
 1.76970440E+03 3.55480440E-03
 1.77081700E+03 3.57448890E-03
 1.77193100E+03 3.57774840E-03
 1.77304630E+03 3.35489210E-03
 1.77416310E+03 3.26107560E-03
 1.77528130E+03 3.56746750E-03
 1.77639740E+03 3.36521980E-03
 1.77751490E+03 3.53389820E-03
 1.77863370E+03 3.56099190E-03
 1.77975400E+03 3.55791660E-03
 1.78087580E+03 3.55017240E-03
 1.78199540E+03 3.55242080E-03
 1.78311640E+03 3.54963530E-03
 1.78423880E+03 3.54702900E-03
 1.78536260E+03 3.40480240E-03
 1.78648780E+03 3.42064610E-03
 1.78761100E+03 3.52856080E-03
 1.78873550E+03 3.53677710E-03
 1.78986150E+03 3.53373050E-03
 1.79098880E+03 3.53107560E-03
 1.79211760E+03 3.52843740E-03
 1.79324430E+03 3.52445680E-03
 1.79437240E+03 3.52252190E-03
 1.79550190E+03 3.52005130E-03
 1.79663280E+03 3.51507840E-03
 1.79776510E+03 3.51456400E-03
 1.79889540E+03 2.44359120E-03
 1.80002700E+03 3.50831160E-03
 1.80116010E+03 3.50653170E-03
 1.80229450E+03 3.47035660E-03
 1.80343050E+03 3.50078790E-03
 1.80456420E+03 3.47303030E-03
 1.80569940E+03 3.41835300E-03
 1.80683610E+03 3.48285020E-03
 1.80797410E+03 3.48774250E-03
 1.80911360E+03 3.48582160E-03
 1.81025100E+03 3.40525270E-03
 1.81138980E+03 3.38082440E-03
 1.81253000E+03 3.42394590E-03
 1.81367160E+03 3.46550120E-03
 1.81481470E+03 3.46207860E-03
 1.81595560E+03 3.47196920E-03
 1.81709800E+03 3.46915350E-03
 1.81824180E+03 3.46572560E-03
 1.81938710E+03 3.46205220E-03
 1.82053370E+03 3.44604230E-03
 1.82167830E+03 3.45711710E-03
 1.82282420E+03 3.45434980E-03
 1.82397170E+03 3.45137770E-03
 1.82512050E+03 3.40598610E-03
 1.82627080E+03 3.30992800E-03
 1.82741890E+03 3.29038850E-03
 1.82856850E+03 3.44036180E-03
 1.82971950E+03 3.43872370E-03
 1.83087200E+03 3.43567220E-03
 1.83202600E+03 3.43286300E-03
 1.83317770E+03 3.42679180E-03
 1.83433090E+03 3.42757490E-03
 1.83548560E+03 3.40794290E-03
 1.83664170E+03 3.41981280E-03
 1.83779920E+03 3.42073240E-03
 1.83895460E+03 3.41709970E-03
 1.84011150E+03 3.13184290E-03
 1.84126970E+03 3.40653160E-03
 1.84242950E+03 3.38430870E-03
 1.84359070E+03 3.40602870E-03
 1.84474970E+03 3.40326040E-03
 1.84591020E+03 3.15190630E-03
 1.84707220E+03 3.29220240E-03
 1.84823560E+03 2.99212880E-03
 1.84940040E+03 3.38534800E-03
 1.85056310E+03 3.30672030E-03
 1.85172720E+03 3.38439900E-03
 1.85289290E+03 3.38380870E-03
 1.85405990E+03 3.36180740E-03
 1.85522850E+03 3.27663080E-03
 1.85639480E+03 3.37660570E-03
 1.85756260E+03 3.37337340E-03
 1.85873190E+03 3.37125240E-03
 1.85990260E+03 3.36837370E-03
 1.86107490E+03 3.36567810E-03
 1.86224490E+03 3.36218880E-03
 1.86341640E+03 3.33565310E-03
 1.86458930E+03 3.34089900E-03
 1.86576380E+03 3.35456770E-03
 1.86693970E+03 3.35240910E-03
 1.86811340E+03 3.31859440E-03
 1.86928860E+03 3.34677430E-03
 1.87046520E+03 3.34036270E-03
 1.87164340E+03 3.34295800E-03
 1.87282300E+03 2.75306240E-03
 1.87400040E+03 3.32712640E-03
 1.87517930E+03 3.28903610E-03
 1.87635960E+03 3.33115100E-03
 1.87754150E+03 2.94586820E-03
 1.87872480E+03 3.32572040E-03
 1.87990600E+03 3.32295000E-03
 1.88108860E+03 3.31939790E-03
 1.88227260E+03 3.31639670E-03
 1.88345820E+03 3.31293020E-03
 1.88464530E+03 3.30908410E-03
 1.88583010E+03 3.15412690E-03
 1.88701640E+03 3.30753330E-03
 1.88820430E+03 3.29731750E-03
 1.88939360E+03 3.30176090E-03
 1.89058440E+03 3.29817380E-03
 1.89177300E+03 3.29593620E-03
 1.89296300E+03 3.19624470E-03
 1.89415460E+03 3.27969670E-03
 1.89534760E+03 3.26557690E-03
 1.89654220E+03 3.27711580E-03
 1.89773450E+03 3.28233660E-03
 1.89892830E+03 3.27915300E-03
 1.90012360E+03 3.27736710E-03
 1.90132050E+03 3.25185480E-03
 1.90251880E+03 3.27182810E-03
 1.90371490E+03 3.26971850E-03
 1.90491240E+03 3.26718860E-03
 1.90611150E+03 3.26408550E-03
 1.90731210E+03 3.26231280E-03
 1.90851420E+03 2.88879810E-03
 1.90971410E+03 3.25661710E-03
 1.91091540E+03 3.25227930E-03
 1.91211830E+03 3.22504470E-03
 1.91332260E+03 3.24871460E-03
 1.91452850E+03 3.17891150E-03
 1.91573220E+03 3.24351890E-03
 1.91693730E+03 3.24032930E-03
 1.91814390E+03 3.23777730E-03
 1.91935210E+03 3.19214250E-03
 1.92056180E+03 3.12073650E-03
 1.92176920E+03 3.06524130E-03
 1.92297820E+03 2.93251570E-03
 1.92418860E+03 3.22493970E-03
 1.92540060E+03 3.22281800E-03
 1.92661410E+03 3.21999500E-03
 1.92782530E+03 3.21624360E-03
 1.92903810E+03 2.95728650E-03
 1.93025230E+03 3.21198420E-03
 1.93146810E+03 3.20938470E-03
 1.93268550E+03 3.20671250E-03
 1.93390050E+03 3.20324120E-03
 1.93511710E+03 3.20149500E-03
 1.93633510E+03 3.19886860E-03
 1.93755480E+03 3.16648250E-03
 1.93877590E+03 3.19170390E-03
 1.93999480E+03 3.19103060E-03
 1.94121520E+03 3.18835060E-03
 1.94243710E+03 3.10503450E-03
 1.94366060E+03 3.18309890E-03
 1.94488560E+03 3.17839120E-03
 1.94610830E+03 3.16747980E-03
 1.94733260E+03 3.17044210E-03
 1.94855840E+03 3.17222110E-03
 1.94978570E+03 3.16242250E-03
 1.95101460E+03 3.16652230E-03
 1.95224110E+03 3.16481800E-03
 1.95346920E+03 3.16221600E-03
 1.95469890E+03 3.15743000E-03
 1.95593010E+03 3.15685860E-03
 1.95716280E+03 3.15450730E-03
 1.95839320E+03 3.02752080E-03
 1.95962520E+03 3.14938330E-03
 1.96085870E+03 3.14550640E-03
 1.96209380E+03 3.11529910E-03
 1.96333040E+03 3.13480360E-03
 1.96456470E+03 3.13905990E-03
 1.96580060E+03 3.11363570E-03
 1.96703800E+03 3.13016720E-03
 1.96827700E+03 3.13157400E-03
 1.96951750E+03 3.12913130E-03
 1.97075570E+03 3.12695830E-03
 1.97199540E+03 3.08649430E-03
 1.97323680E+03 3.10377180E-03
 1.97447960E+03 3.09300210E-03
 1.97572410E+03 3.12914370E-03
 1.97696620E+03 3.11578760E-03
 1.97820980E+03 3.11133690E-03
 1.97945500E+03 3.07638020E-03
 1.98070180E+03 3.10569710E-03
 1.98195020E+03 3.10290360E-03
 1.98319620E+03 3.10043460E-03
 1.98444380E+03 3.09791290E-03
 1.98569290E+03 3.08549050E-03
 1.98694360E+03 3.00816180E-03
 1.98819590E+03 3.09182080E-03
 1.98944590E+03 3.09216740E-03
 1.99069740E+03 3.09695940E-03
 1.99195040E+03 3.11030290E-03
 1.99320510E+03 3.09586570E-03
 1.99446130E+03 3.08102580E-03
 1.99571520E+03 3.07548350E-03
 1.99697070E+03 3.03291850E-03
 1.99822770E+03 3.02674770E-03
 1.99948630E+03 3.03789190E-03
 2.00074650E+03 3.06388360E-03
 2.00200430E+03 3.06019690E-03
 2.00326370E+03 2.90947330E-03
 2.00452470E+03 3.05635610E-03
 2.00578730E+03 3.05341210E-03
 2.00705150E+03 3.05137570E-03
 2.00831330E+03 3.04883160E-03
 2.00957660E+03 3.04426080E-03
 2.01084160E+03 2.98723960E-03
 2.01210820E+03 3.04123260E-03
 2.01337630E+03 3.03867890E-03
 2.01464210E+03 3.03615690E-03
 2.01590940E+03 3.03366300E-03
 2.01717840E+03 3.03110980E-03
 2.01844890E+03 3.02860090E-03
 2.01972110E+03 3.02604560E-03
 2.02099080E+03 3.02278640E-03
 2.02226220E+03 3.02085380E-03
 2.02353510E+03 3.01841510E-03
 2.02480970E+03 3.01396770E-03
 2.02608590E+03 3.01330870E-03
 2.02735960E+03 2.88177070E-03
 2.02863500E+03 3.00824910E-03
 2.02991190E+03 3.00550560E-03
 2.03119050E+03 3.00315370E-03
 2.03247070E+03 3.00046050E-03
 2.03374850E+03 2.99804600E-03
 2.03502780E+03 2.99561450E-03
 2.03630880E+03 2.97118100E-03
 2.03759140E+03 2.99034460E-03
 2.03887560E+03 2.98781840E-03
 2.04015740E+03 2.61205490E-03
 2.04144080E+03 2.98263600E-03
 2.04272590E+03 2.98012800E-03
 2.04401250E+03 2.97756390E-03
 2.04530080E+03 2.97491080E-03
 2.04658660E+03 2.97246920E-03
 2.04787400E+03 2.94855430E-03
 2.04916310E+03 2.96744930E-03
 2.05045380E+03 3.05529950E-03
 2.05174610E+03 3.05278620E-03
 2.05303600E+03 3.05025350E-03
 2.05432750E+03 3.04771550E-03
 2.05562070E+03 3.04515100E-03
 2.05691540E+03 3.04268350E-03
 2.05821180E+03 3.04014610E-03
 2.05950580E+03 3.03760670E-03
 2.06080130E+03 3.03505090E-03
 2.06209860E+03 3.03222590E-03
 2.06339740E+03 3.03000690E-03
 2.06469790E+03 2.76828790E-03
 2.06599590E+03 3.01078040E-03
 2.06729560E+03 3.02241610E-03
 2.06859690E+03 3.01986960E-03
 2.06989980E+03 3.01735240E-03
 2.07120440E+03 3.00122970E-03
 2.07250650E+03 3.01228180E-03
 2.07381030E+03 3.00971230E-03
 2.07511570E+03 3.00557920E-03
 2.07642270E+03 3.00456420E-03
 2.07773140E+03 3.00189330E-03
 2.07903760E+03 2.99926400E-03
 2.08034550E+03 2.61442850E-03
 2.08165500E+03 2.99435120E-03
 2.08296620E+03 2.99168860E-03
 2.08427900E+03 2.73837350E-03
 2.08558930E+03 2.98665800E-03
 2.08690130E+03 2.97080800E-03
 2.08821490E+03 2.98169550E-03
 2.08953020E+03 2.97917730E-03
 2.09084720E+03 2.97668140E-03
 2.09216160E+03 2.96807040E-03
 2.09347780E+03 2.97170450E-03
 2.09479550E+03 2.96934480E-03
 2.09611500E+03 2.96677870E-03
 2.09743610E+03 2.96423310E-03
 2.09875470E+03 2.94783220E-03
 2.10007500E+03 2.95928180E-03
 2.10139690E+03 2.95668640E-03
 2.10272050E+03 2.95423030E-03
 2.10404580E+03 2.95149480E-03
 2.10536850E+03 2.94923820E-03
 2.10669290E+03 2.94578100E-03
 2.10801900E+03 2.94399550E-03
 2.10934680E+03 2.94179220E-03
 2.11067630E+03 2.93922000E-03
 2.11200320E+03 2.93668220E-03
 2.11333180E+03 2.80381970E-03
 2.11466210E+03 2.93124820E-03
 2.11599400E+03 2.92815020E-03
 2.11732760E+03 2.91620320E-03
 2.11865880E+03 2.92410410E-03
 2.11999160E+03 2.92159170E-03
 2.12132600E+03 2.82620640E-03
 2.12266220E+03 2.91655050E-03
 2.12400000E+03 2.85082660E-03
 2.12500000E+03 2.91216410E-03
 2.16578550E+03 2.83747820E-03
 2.17500000E+03 2.82095100E-03
 2.22500000E+03 2.73343600E-03
 2.27500000E+03 2.64946610E-03
 2.29567620E+03 2.61574330E-03
 2.32500000E+03 2.56889190E-03
 2.37500000E+03 2.49156890E-03
 2.42500000E+03 2.41735670E-03
 2.44214110E+03 2.39260660E-03
 2.48000000E+03 2.33915480E-03
 2.52261290E+03 2.28093030E-03
 2.53000000E+03 2.27104020E-03
 2.57500000E+03 2.21205430E-03
 2.60856860E+03 2.16942750E-03
 2.60860260E+03 2.16944630E-03
 2.62500000E+03 2.14903870E-03
 2.67500000E+03 2.08844040E-03
 2.72258120E+03 2.03297420E-03
 2.77500000E+03 1.97424030E-03
 2.82500000E+03 1.92042710E-03
 2.84701560E+03 1.89739070E-03
 2.87500000E+03 1.86867130E-03
 2.95000000E+03 1.79468810E-03
 2.98336920E+03 1.76311040E-03
 3.05000000E+03 1.70239080E-03
 3.05656400E+03 1.69657180E-03
 3.13344070E+03 1.63049110E-03
 3.13348980E+03 1.63045000E-03
 3.15000000E+03 1.61674100E-03
 3.20394980E+03 1.57307910E-03
 3.25000000E+03 1.53713510E-03
 3.27770520E+03 1.51607460E-03
 3.35000000E+03 1.46302670E-03
 3.35493630E+03 1.45950190E-03
 3.39493300E+03 1.43138490E-03
 3.43589480E+03 1.40338460E-03
 3.43595380E+03 1.40351850E-03
 3.45000000E+03 1.39409730E-03
 3.48542270E+03 1.37073510E-03
 3.53639930E+03 1.33808230E-03
 3.55000000E+03 1.32955760E-03
 3.58888920E+03 1.30560420E-03
 3.61572280E+03 1.28943220E-03
 3.62000000E+03 1.28688070E-03
 3.64296070E+03 1.27330560E-03
 3.64302710E+03 1.28120350E-03
 3.64701290E+03 1.27885430E-03
 3.64707940E+03 1.37541750E-03
 3.67132800E+03 1.36074110E-03
 3.69596950E+03 1.34606330E-03
 3.69603780E+03 1.34600280E-03
 3.75000000E+03 1.31467080E-03
 3.85000000E+03 1.25940760E-03
 3.95000000E+03 1.20753920E-03
 4.05085030E+03 1.15839920E-03
 4.15000000E+03 1.11294930E-03
 4.25000000E+03 1.06976150E-03
 4.35000000E+03 1.02903350E-03
 4.48111990E+03 9.79047740E-04
 4.55000000E+03 9.54225770E-04
 4.65000000E+03 9.19819920E-04
 4.75000000E+03 8.87218950E-04
 4.85000000E+03 8.56293520E-04
 4.95000000E+03 8.26925810E-04
 5.01365590E+03 8.08993350E-04
 5.05000000E+03 7.99008470E-04
 5.15000000E+03 7.72443680E-04
 5.25000000E+03 7.47142260E-04
 5.33038740E+03 7.27663680E-04
 5.35000000E+03 7.23022780E-04
 5.45000000E+03 7.00010860E-04
 5.55000000E+03 6.78038430E-04
 5.65000000E+03 6.57043080E-04
 5.68983570E+03 6.48938660E-04
 5.68999760E+03 6.51882390E-04
 5.75000000E+03 6.39943920E-04
 5.85000000E+03 6.20735020E-04
 5.95000000E+03 6.02343440E-04
 6.05000000E+03 5.84723720E-04
 6.15000000E+03 5.67833790E-04
 6.16217930E+03 5.65824660E-04
 6.25000000E+03 5.51634720E-04
 6.35000000E+03 5.36090320E-04
 6.45000000E+03 5.21166880E-04
 6.55000000E+03 5.06833040E-04
 6.65000000E+03 4.93059400E-04
 6.72004620E+03 4.83730310E-04
 6.75000000E+03 4.79818480E-04
 6.85000000E+03 4.67084490E-04
 6.95000000E+03 4.54833190E-04
 7.05000000E+03 4.43041780E-04
 7.15000000E+03 4.31688740E-04
 7.25000000E+03 4.20753760E-04
 7.35000000E+03 4.10217680E-04
 7.38897600E+03 4.06215230E-04
 7.45000000E+03 4.00062360E-04
 7.55000000E+03 3.90270620E-04
 7.65000000E+03 3.80826160E-04
 7.75000000E+03 3.71713570E-04
 7.77599690E+03 3.69397120E-04
 7.85000000E+03 3.62918220E-04
 7.95000000E+03 3.54426170E-04
 8.05000000E+03 3.46224270E-04
 8.15000000E+03 3.38299940E-04
 8.20580150E+03 3.33994270E-04
 8.20613820E+03 3.39676330E-04
 8.25000000E+03 3.36314380E-04
 8.35000000E+03 3.28830880E-04
 8.45000000E+03 3.21591070E-04
 8.55000000E+03 3.14584970E-04
 8.65000000E+03 3.07803070E-04
 8.75000000E+03 3.01236290E-04
 8.85000000E+03 2.94876020E-04
 8.95000000E+03 2.88713990E-04
 9.05000000E+03 2.82742320E-04
 9.15000000E+03 2.76953510E-04
 9.21353280E+03 2.73367430E-04
 9.25000000E+03 2.71340390E-04
 9.35000000E+03 2.65896120E-04
 9.45000000E+03 2.60614150E-04
 9.55000000E+03 2.55488230E-04
 9.65000000E+03 2.50512410E-04
 9.75000000E+03 2.45681010E-04
 9.85000000E+03 2.40988550E-04
 9.95000000E+03 2.36429850E-04
 1.01250000E+04 2.28759150E-04
 1.03750000E+04 2.18436130E-04
 1.05034290E+04 2.13404380E-04
 1.06250000E+04 2.08800990E-04
 1.08750000E+04 1.99794240E-04
 1.11250000E+04 1.91362520E-04
 1.13750000E+04 1.83457930E-04
 1.16250000E+04 1.76037420E-04
 1.18750000E+04 1.69062160E-04
 1.21250000E+04 1.62497110E-04
 1.22132930E+04 1.60270520E-04
 1.23750000E+04 1.56310600E-04
 1.26250000E+04 1.50473930E-04
 1.28750000E+04 1.44961030E-04
 1.31250000E+04 1.39748250E-04
 1.32954860E+04 1.36354400E-04
 1.33750000E+04 1.34813990E-04
 1.36250000E+04 1.30138600E-04
 1.38750000E+04 1.25704100E-04
 1.41250000E+04 1.21494050E-04
 1.44200000E+04 1.16794450E-04
 1.45881050E+04 1.14238110E-04
 1.45882110E+04 1.14737270E-04
 1.46700000E+04 1.13520520E-04
 1.48750000E+04 1.10555310E-04
 1.51250000E+04 1.07095210E-04
 1.53750000E+04 1.03796430E-04
 1.56250000E+04 1.00648970E-04
 1.58750000E+04 9.76436360E-05
 1.60308430E+04 9.58383090E-05
 1.62000000E+04 9.39352570E-05
 1.66000000E+04 8.96560110E-05
 1.70000000E+04 8.56645350E-05
 1.74000000E+04 8.19354950E-05
 1.77902710E+04 7.85285360E-05
 1.78000000E+04 7.84463520E-05
 1.82000000E+04 7.51769960E-05
 1.86000000E+04 7.21094300E-05
 1.90000000E+04 6.92275010E-05
 1.94000000E+04 6.65166610E-05
 1.98000000E+04 6.39637820E-05
 1.99835140E+04 6.28421160E-05
 2.02500000E+04 6.12658400E-05
 2.07500000E+04 5.84664390E-05
 2.12500000E+04 5.58576980E-05
 2.12962490E+04 5.56254200E-05
 2.17500000E+04 5.34228570E-05
 2.22500000E+04 5.11469110E-05
 2.26500000E+04 4.94314540E-05
 2.27935810E+04 4.88371590E-05
 2.27938410E+04 4.89070820E-05
 2.29000000E+04 4.84742020E-05
 2.32500000E+04 4.70879720E-05
 2.37500000E+04 4.52109360E-05
 2.42500000E+04 4.34466030E-05
 2.47500000E+04 4.17860250E-05
 2.52500000E+04 4.02210970E-05
 2.57500000E+04 3.87444550E-05
 2.62500000E+04 3.73494110E-05
 2.67500000E+04 3.60298830E-05
 2.72500000E+04 3.47803360E-05
 2.77500000E+04 3.35957280E-05
 2.82500000E+04 3.24714670E-05
 2.87500000E+04 3.14033620E-05
 2.92500000E+04 3.03875890E-05
 2.97500000E+04 2.94206540E-05
 3.02500000E+04 2.84993650E-05
 3.07500000E+04 2.76207950E-05
 3.12500000E+04 2.67822680E-05
 3.17500000E+04 2.59813230E-05
 3.24000000E+04 2.49925870E-05
 3.34000000E+04 2.35778010E-05
 3.45000000E+04 2.21554310E-05
 3.50017500E+04 2.15488720E-05
 3.55000000E+04 2.09707940E-05
 3.65000000E+04 1.98785390E-05
 3.75000000E+04 1.88695460E-05
 3.85000000E+04 1.79358340E-05
 3.95000000E+04 1.70703710E-05
 4.05000000E+04 1.62669220E-05
 4.15000000E+04 1.55199300E-05
 4.25000000E+04 1.48244210E-05
 4.35000000E+04 1.41759280E-05
 4.45000000E+04 1.35704240E-05
 4.55000000E+04 1.30042710E-05
 4.65000000E+04 1.24741810E-05
 4.75000000E+04 1.19771720E-05
 4.85000000E+04 1.15105450E-05
 5.00000000E+04 1.08622670E-05
 1.20000000E+05 2.12037360E-06
 2.50000000E+05 5.68449000E-07
 5.99999990E+05 1.43112200E-07
 1.00000000E+06 7.31583650E-08
 1.20000000E+07 8.13835360E-09
 2.00000000E+08 8.85094720E-10
 6.00000000E+08 2.09423080E-10
