 WMBASIC, Moont, Westmoquette 2004 (Pauldrach 2003) after SNC 2002
 Z/Z0 1.00 Teff 32.30 logg 4.00 R/R0 10.15 R 7.0594E+11
   Wavelength   Eddington Hnu
 (Angstroms) (erg/s/cm2/Hz/sr)
 5.00000000E+01 2.51493470E-50
 5.43370910E+01 2.37467680E-48
 5.94980600E+01 1.16203920E-46
 6.57423040E+01 3.42538740E-45
 6.83530450E+01 1.05991410E-44
 7.11797140E+01 3.12296380E-44
 7.26825700E+01 5.32142780E-44
 7.42502560E+01 9.39008870E-44
 7.42530130E+01 1.21426950E-43
 8.12611220E+01 8.21347150E-43
 8.60000000E+01 3.00411950E-42
 8.97339960E+01 8.47377630E-42
 9.61000000E+01 9.37809770E-41
 1.00179430E+02 4.99059610E-39
 1.06370420E+02 3.15560680E-36
 1.13377010E+02 2.02782160E-33
 1.13377660E+02 2.02894800E-33
 1.16428800E+02 2.63584450E-32
 1.19649410E+02 3.40747660E-31
 1.23053270E+02 4.37836850E-30
 1.24828880E+02 1.56558850E-29
 1.26656480E+02 5.58826110E-29
 1.26657280E+02 5.59133540E-29
 1.27447660E+02 9.57957880E-29
 1.27448480E+02 9.58484540E-29
 1.29343070E+02 3.38734240E-28
 1.31295690E+02 1.19540200E-27
 1.33308180E+02 4.20984390E-27
 1.34337740E+02 7.89384500E-27
 1.35383330E+02 1.47933780E-26
 1.35384240E+02 1.48014580E-26
 1.37200850E+02 4.30289740E-26
 1.39067840E+02 1.24938580E-25
 1.39068810E+02 1.25006600E-25
 1.40058470E+02 2.17274820E-25
 1.41063320E+02 3.77661710E-25
 1.41064320E+02 3.77866930E-25
 1.44205920E+02 2.01830610E-24
 1.47491730E+02 1.07310900E-23
 1.50930770E+02 5.67418360E-23
 1.52711150E+02 1.30189660E-22
 1.54534020E+02 2.98248910E-22
 1.54535210E+02 2.99949130E-22
 1.57236080E+02 9.85811190E-22
 1.60034310E+02 3.23029100E-21
 1.60035590E+02 3.23671760E-21
 1.60224390E+02 3.50086960E-21
 1.60225670E+02 3.50283730E-21
 1.62147230E+02 7.69606820E-21
 1.64116780E+02 1.68888350E-20
 1.64118130E+02 5.40036750E-22
 1.65325350E+02 8.66033390E-22
 1.66551860E+02 1.38866040E-21
 1.66553240E+02 1.38939610E-21
 1.68739650E+02 3.16433350E-21
 1.70985680E+02 7.19538830E-21
 1.70987140E+02 6.31424050E-21
 1.71113420E+02 6.60807190E-21
 1.71114880E+02 5.26796800E-21
 1.71458910E+02 5.96074990E-21
 1.71460380E+02 2.81566910E-21
 1.72433830E+02 3.98281630E-21
 1.72435320E+02 1.15653980E-22
 1.73738350E+02 1.84454370E-22
 1.75062760E+02 2.94177690E-22
 1.75064300E+02 2.94335310E-22
 1.77188030E+02 6.12465760E-22
 1.79365540E+02 1.27329300E-21
 1.79367150E+02 1.27387660E-21
 1.80916590E+02 2.11960050E-21
 1.80918230E+02 2.12072630E-21
 1.83985820E+02 5.65416200E-21
 1.87160980E+02 1.50399570E-20
 1.87162730E+02 1.50470610E-20
 1.88738970E+02 2.41324320E-20
 1.88740750E+02 2.41452000E-20
 1.89790130E+02 3.29117580E-20
 1.90853060E+02 4.48711460E-20
 1.90854880E+02 4.48948660E-20
 1.92241740E+02 6.68950770E-20
 1.92243590E+02 6.70308020E-20
 1.93566170E+02 9.74812740E-20
 1.93568040E+02 9.75326130E-20
 1.94617540E+02 1.30765960E-19
 1.94619430E+02 1.30869620E-19
 1.94836520E+02 1.38993060E-19
 1.94838420E+02 1.39066180E-19
 1.95961030E+02 1.89434730E-19
 1.97098590E+02 2.58096380E-19
 1.97100530E+02 2.58231860E-19
 1.98877180E+02 4.15366010E-19
 2.00688160E+02 6.67926700E-19
 2.00690170E+02 6.68276130E-19
 2.01029230E+02 7.29670170E-19
 2.01031250E+02 7.30051760E-19
 2.01590960E+02 8.43443330E-19
 2.01592990E+02 8.43884200E-19
 2.02358650E+02 1.02669390E-18
 2.02360700E+02 1.02723020E-18
 2.02518850E+02 1.06947100E-18
 2.02520900E+02 1.07002950E-18
 2.06041210E+02 2.57834530E-18
 2.09688270E+02 6.19766270E-18
 2.13466760E+02 1.48524880E-17
 2.15407540E+02 2.29658660E-17
 2.17383930E+02 3.54835960E-17
 2.17386300E+02 3.55018720E-17
 2.19479890E+02 5.57600100E-17
 2.19482300E+02 5.57886450E-17
 2.22379990E+02 1.02620110E-16
 2.25357750E+02 1.88562250E-16
 2.25360290E+02 1.88658680E-16
 2.25609880E+02 1.98369640E-16
 2.25612420E+02 8.08651400E-17
 2.25845330E+02 8.47947960E-17
 2.25847880E+02 7.99348810E-17
 2.26991880E+02 1.00824200E-16
 2.26994450E+02 1.00876650E-16
 2.27837820E+02 1.19516600E-16
 2.27840410E+02 2.73184050E-11
 2.28062080E+02 2.78421840E-11
 2.28506890E+02 1.72351090E-11
 2.28952570E+02 3.70661890E-13
 2.29399110E+02 9.60205540E-13
 2.29846530E+02 5.18849590E-14
 2.30294820E+02 3.47864490E-15
 2.30721440E+02 1.24369470E-13
 2.30743990E+02 1.30988540E-13
 2.31194030E+02 1.41006280E-12
 2.31644950E+02 9.26956320E-14
 2.32096740E+02 2.33050950E-12
 2.32549420E+02 1.35330200E-12
 2.33002980E+02 4.25140230E-12
 2.33457430E+02 1.29739640E-12
 2.33678980E+02 2.38754030E-12
 2.33681710E+02 2.40120750E-12
 2.33912760E+02 3.57863080E-12
 2.34368990E+02 1.62584890E-11
 2.34826100E+02 2.43695200E-11
 2.34985870E+02 2.33909750E-11
 2.35284100E+02 2.14880150E-11
 2.35742990E+02 1.50947800E-11
 2.36202790E+02 6.52108740E-14
 2.36307460E+02 1.68506000E-13
 2.36310250E+02 4.07850890E-13
 2.36663470E+02 1.26724120E-12
 2.37125060E+02 2.30434820E-11
 2.37587540E+02 1.73219810E-11
 2.37749710E+02 1.22505140E-11
 2.37752530E+02 1.21753230E-11
 2.38050930E+02 2.49523500E-12
 2.38515230E+02 2.36108230E-11
 2.38980420E+02 1.30793680E-11
 2.39446530E+02 4.46120410E-11
 2.39913540E+02 3.27821940E-11
 2.40381470E+02 1.04862570E-10
 2.40641950E+02 7.28601390E-11
 2.40850300E+02 4.63496190E-11
 2.41320060E+02 4.22258680E-11
 2.41790720E+02 2.38610630E-12
 2.42262310E+02 1.09079150E-12
 2.42734820E+02 2.05103190E-12
 2.43208240E+02 1.38125160E-11
 2.43605420E+02 2.87801690E-12
 2.43608390E+02 2.80890480E-12
 2.43682590E+02 6.83793260E-13
 2.44157870E+02 7.36444080E-12
 2.44634070E+02 2.52888440E-11
 2.45111210E+02 2.48232570E-11
 2.45413770E+02 5.80808520E-11
 2.45416780E+02 5.84178070E-11
 2.45589270E+02 7.80113580E-11
 2.46068260E+02 1.30547280E-11
 2.46548190E+02 5.81736440E-11
 2.47029060E+02 2.41140020E-11
 2.47510860E+02 5.42915630E-11
 2.47579110E+02 7.30181930E-11
 2.47582170E+02 7.38850480E-11
 2.47993600E+02 1.90580450E-10
 2.48477290E+02 4.04807310E-10
 2.48961910E+02 4.22390020E-10
 2.49447490E+02 3.48585760E-10
 2.49834420E+02 7.89142700E-11
 2.49837540E+02 8.04047890E-11
 2.49934010E+02 7.54126920E-12
 2.50421470E+02 4.66254800E-12
 2.50909890E+02 6.41059900E-11
 2.51399270E+02 5.82454850E-11
 2.51553820E+02 1.33538110E-10
 2.51889590E+02 3.02495330E-10
 2.52380880E+02 4.44845390E-10
 2.52873120E+02 4.54158960E-10
 2.53297040E+02 3.39484730E-10
 2.53300250E+02 3.37257190E-10
 2.53366320E+02 3.18838270E-10
 2.53860480E+02 4.51761730E-11
 2.54355610E+02 2.76202030E-10
 2.54600830E+02 4.41765250E-10
 2.54604070E+02 4.48391190E-10
 2.54851700E+02 6.22717170E-10
 2.55348760E+02 5.24121130E-12
 2.55846790E+02 5.46857550E-11
 2.56345790E+02 5.42203420E-10
 2.56735220E+02 5.27521310E-10
 2.56845760E+02 5.23149300E-10
 2.57346710E+02 5.23834350E-10
 2.57848640E+02 6.04598900E-10
 2.58351550E+02 5.51969230E-10
 2.58855430E+02 4.33402110E-10
 2.58905710E+02 4.13799770E-10
 2.58909060E+02 5.63438330E-10
 2.59360300E+02 3.15281760E-10
 2.59866150E+02 2.35431450E-10
 2.60372990E+02 6.66929470E-10
 2.60880820E+02 2.99847560E-10
 2.61010740E+02 2.30936780E-10
 2.61014140E+02 2.17489210E-10
 2.61378120E+02 2.81645150E-11
 2.61381530E+02 2.87796330E-11
 2.61389640E+02 2.40556960E-11
 2.61899450E+02 1.18529600E-10
 2.62410260E+02 1.65138830E-11
 2.62922060E+02 1.53051100E-11
 2.63434860E+02 2.27382630E-11
 2.63948660E+02 8.16749230E-11
 2.64463470E+02 1.86379250E-09
 2.64575530E+02 2.19987670E-09
 2.64979270E+02 3.45171850E-09
 2.65496090E+02 1.74026140E-09
 2.66013910E+02 1.88764640E-10
 2.66532740E+02 3.54226470E-10
 2.67052580E+02 1.27328000E-09
 2.67573440E+02 2.39589200E-09
 2.67852140E+02 1.48062980E-09
 2.68095310E+02 6.54206450E-10
 2.68618200E+02 9.70123910E-10
 2.69142110E+02 1.36781010E-09
 2.69667040E+02 2.59115050E-09
 2.70193000E+02 2.90927370E-09
 2.70719980E+02 2.41910780E-09
 2.71210930E+02 2.11575570E-09
 2.71247990E+02 2.09198960E-09
 2.71777030E+02 2.39543140E-09
 2.72307100E+02 4.32254750E-09
 2.72838200E+02 2.17270970E-09
 2.72922110E+02 2.10551130E-09
 2.73370350E+02 1.73339220E-09
 2.73903520E+02 1.01124580E-11
 2.74437740E+02 1.48054560E-10
 2.74655030E+02 3.32721730E-10
 2.74658800E+02 3.28400600E-10
 2.74973000E+02 5.98063140E-10
 2.75509310E+02 4.77062430E-09
 2.76046660E+02 6.62034280E-10
 2.76585060E+02 3.01384800E-09
 2.77124500E+02 7.16961500E-09
 2.77383510E+02 7.94530050E-09
 2.77665010E+02 8.81362200E-09
 2.78206560E+02 5.46667030E-09
 2.78749170E+02 1.54333950E-10
 2.79292840E+02 1.21296810E-10
 2.79837570E+02 3.27048830E-10
 2.80166740E+02 2.34848180E-09
 2.80170670E+02 2.41246820E-09
 2.80383360E+02 3.78353610E-09
 2.80930220E+02 1.15160260E-09
 2.81478140E+02 2.62705110E-09
 2.82027140E+02 2.37289110E-09
 2.82577200E+02 1.66190230E-09
 2.83128330E+02 8.22870490E-09
 2.83305060E+02 9.99246050E-09
 2.83680540E+02 1.38568170E-08
 2.84233830E+02 1.10911430E-08
 2.84788200E+02 1.66463400E-09
 2.85343650E+02 3.98509480E-10
 2.85900180E+02 8.92633580E-10
 2.86457800E+02 6.95767160E-09
 2.86514480E+02 6.51861560E-09
 2.86518580E+02 6.50686940E-09
 2.87016500E+02 2.51103460E-09
 2.87576290E+02 4.46274290E-09
 2.88137180E+02 5.85718810E-09
 2.88699160E+02 7.58307330E-09
 2.89262230E+02 1.29448890E-08
 2.89826410E+02 3.42943400E-11
 2.90391680E+02 1.15013540E-09
 2.90958060E+02 2.74828620E-09
 2.91030630E+02 2.64760700E-09
 2.91525540E+02 1.93821420E-09
 2.92094130E+02 8.89354880E-09
 2.92663830E+02 1.79308220E-08
 2.93234640E+02 1.04950720E-08
 2.93806560E+02 6.95072910E-09
 2.94379600E+02 1.88501250E-09
 2.94953750E+02 4.85103970E-09
 2.95529020E+02 2.82457050E-08
 2.95691420E+02 2.80315010E-08
 2.95695790E+02 2.80256520E-08
 2.96105420E+02 2.74580080E-08
 2.96682940E+02 1.10455200E-08
 2.97261590E+02 1.17614760E-08
 2.97613730E+02 9.98443410E-09
 2.97841370E+02 8.79868310E-09
 2.98422270E+02 9.67818100E-09
 2.99004310E+02 7.96094350E-09
 2.99561200E+02 8.00837480E-09
 2.99565690E+02 7.24531230E-09
 2.99587490E+02 7.24682120E-09
 2.99930480E+02 5.71241020E-09
 2.99934970E+02 5.69192080E-09
 3.00171800E+02 4.59938470E-09
 3.00757250E+02 1.03130000E-08
 3.01343850E+02 1.29208290E-08
 3.01931580E+02 1.18663640E-10
 3.02141460E+02 1.02221970E-10
 3.02520470E+02 7.16185710E-11
 3.03110500E+02 1.15964320E-09
 3.03701680E+02 9.80940260E-09
 3.04294020E+02 3.69932230E-11
 3.04385280E+02 1.53385130E-10
 3.04389910E+02 1.59321200E-10
 3.04887510E+02 8.12669960E-10
 3.05482160E+02 4.89438670E-09
 3.06077970E+02 1.73242900E-08
 3.06674940E+02 9.91129690E-09
 3.07273080E+02 1.04774610E-08
 3.07872380E+02 8.11355690E-09
 3.08472850E+02 4.56159440E-10
 3.08844150E+02 3.22406020E-09
 3.09074490E+02 4.99014160E-09
 3.09677310E+02 1.81280080E-08
 3.10281300E+02 2.40768670E-09
 3.10886470E+02 1.96912790E-10
 3.11492820E+02 6.46645090E-10
 3.12100350E+02 8.93399780E-10
 3.12709070E+02 2.17969950E-09
 3.13318970E+02 2.17893800E-10
 3.13435610E+02 8.20907890E-10
 3.13440520E+02 8.46279610E-10
 3.13588740E+02 1.62213790E-09
 3.13593660E+02 1.64805450E-09
 3.13930070E+02 3.44888120E-09
 3.14542350E+02 3.03726150E-08
 3.15155830E+02 3.91239390E-08
 3.15770510E+02 1.73349310E-08
 3.16351530E+02 1.81271110E-08
 3.16386390E+02 1.81755110E-08
 3.17003460E+02 4.60043720E-08
 3.17621740E+02 2.77016930E-08
 3.18241230E+02 1.52891330E-08
 3.18861920E+02 1.72483810E-08
 3.19163430E+02 9.58705270E-09
 3.19168530E+02 9.45717410E-09
 3.19483830E+02 1.21796320E-09
 3.20106950E+02 1.19674390E-08
 3.20731280E+02 2.59566440E-08
 3.20800100E+02 2.33160670E-08
 3.20805250E+02 2.31179900E-08
 3.21356830E+02 1.35796180E-09
 3.21983600E+02 4.50874440E-10
 3.22611600E+02 1.23382670E-08
 3.23240810E+02 1.16050800E-07
 3.23871260E+02 6.12162930E-08
 3.24233030E+02 5.85723740E-08
 3.24502930E+02 5.65355860E-08
 3.25135840E+02 4.09563030E-09
 3.25769980E+02 1.82759040E-08
 3.26405360E+02 8.08436190E-09
 3.27041980E+02 4.82091540E-09
 3.27679840E+02 1.94610460E-08
 3.27740230E+02 2.09313900E-08
 3.27745600E+02 2.10625060E-08
 3.27954120E+02 2.61975030E-08
 3.27959500E+02 2.63302770E-08
 3.28318940E+02 3.53905860E-08
 3.28839200E+02 3.51673050E-08
 3.28844600E+02 3.51638910E-08
 3.28959290E+02 3.51107460E-08
 3.29600890E+02 4.43823190E-08
 3.30243740E+02 2.34626080E-08
 3.30887840E+02 3.16430050E-08
 3.30968620E+02 3.18947600E-08
 3.31533200E+02 3.36897830E-08
 3.32179820E+02 5.78840440E-08
 3.32827700E+02 5.44882000E-08
 3.33125800E+02 5.60553150E-08
 3.33131340E+02 5.60847530E-08
 3.33476850E+02 5.79373000E-08
 3.34127260E+02 4.30341720E-08
 3.34778940E+02 3.07501930E-08
 3.35431880E+02 5.12666560E-08
 3.36086110E+02 6.33111440E-09
 3.36741610E+02 2.03033440E-08
 3.37398380E+02 4.92402120E-08
 3.37447320E+02 4.81293550E-08
 3.38056440E+02 3.39280580E-08
 3.38715780E+02 4.72890850E-08
 3.39376410E+02 9.17349960E-08
 3.40038330E+02 3.58711410E-08
 3.40701540E+02 6.39375930E-08
 3.41366040E+02 7.92147910E-08
 3.41882450E+02 8.45098710E-08
 3.41888290E+02 8.40044440E-08
 3.42031830E+02 8.54970650E-08
 3.42698930E+02 5.69486310E-08
 3.43367320E+02 6.49291030E-08
 3.44037020E+02 1.89984030E-08
 3.44708030E+02 6.26717760E-08
 3.45380350E+02 1.46407020E-07
 3.46053970E+02 1.06620560E-07
 3.46728910E+02 7.36199000E-08
 3.46988970E+02 8.17144200E-08
 3.47405170E+02 9.49743780E-08
 3.48082740E+02 9.12308270E-08
 3.48761640E+02 1.07407240E-07
 3.49441860E+02 1.14209550E-07
 3.50123410E+02 8.51298590E-08
 3.50806290E+02 1.18401820E-07
 3.51490500E+02 8.31502620E-08
 3.52176040E+02 7.24273740E-08
 3.52250350E+02 7.60114850E-08
 3.52256560E+02 7.63552660E-08
 3.52412100E+02 8.39237040E-08
 3.52418310E+02 9.54532530E-08
 3.52862920E+02 1.20336680E-07
 3.53551140E+02 1.31815890E-07
 3.54240700E+02 9.99414220E-08
 3.54931610E+02 6.93568280E-08
 3.55623860E+02 7.66803350E-08
 3.56317470E+02 1.44357160E-07
 3.56692090E+02 1.28752240E-07
 3.57012430E+02 1.15093670E-07
 3.57708740E+02 7.82664200E-08
 3.58406410E+02 1.11517250E-07
 3.59105440E+02 1.45999980E-07
 3.59805840E+02 1.26251440E-07
 3.60507600E+02 1.23241540E-07
 3.61077310E+02 1.34662830E-07
 3.61210730E+02 1.37389430E-07
 3.61915230E+02 1.00578820E-07
 3.62621110E+02 1.67252660E-07
 3.63328360E+02 5.54401110E-08
 3.64036990E+02 8.19560930E-08
 3.64747010E+02 1.90365670E-07
 3.65458410E+02 2.40470480E-07
 3.65571700E+02 2.34348550E-07
 3.66171190E+02 2.01194320E-07
 3.66885370E+02 1.71027310E-07
 3.67600940E+02 2.56302720E-07
 3.67861110E+02 2.24499810E-07
 3.68317900E+02 1.67415770E-07
 3.69036270E+02 1.98804080E-07
 3.69756030E+02 2.23698530E-07
 3.70179390E+02 1.58697800E-07
 3.70186240E+02 1.57548850E-07
 3.70477200E+02 1.11911180E-07
 3.71199770E+02 2.07639140E-07
 3.71923760E+02 5.05060270E-10
 3.72649160E+02 1.86942200E-09
 3.73375970E+02 5.82765790E-08
 3.74104190E+02 2.65347950E-07
 3.74833840E+02 3.26501880E-07
 3.75564920E+02 3.38047330E-07
 3.76297410E+02 1.71962190E-07
 3.77031340E+02 1.39047010E-07
 3.77652630E+02 7.88638880E-08
 3.77766700E+02 6.75785570E-08
 3.78503490E+02 1.53527960E-07
 3.79241720E+02 2.82834100E-07
 3.79981390E+02 2.61082350E-07
 3.80722500E+02 2.77493410E-07
 3.81465060E+02 2.78508200E-07
 3.82209060E+02 3.59240930E-07
 3.82954520E+02 1.95767680E-08
 3.83701430E+02 6.00200990E-08
 3.84449800E+02 9.55381180E-10
 3.85199620E+02 1.64133630E-08
 3.85433840E+02 5.52418870E-08
 3.85441270E+02 5.64876810E-08
 3.85950910E+02 1.42732710E-07
 3.86703670E+02 3.25398240E-07
 3.87457890E+02 2.12154600E-07
 3.88213590E+02 2.72193610E-07
 3.88970750E+02 3.49031050E-07
 3.89193040E+02 3.53963030E-07
 3.89200620E+02 3.68442420E-07
 3.89729400E+02 3.80652760E-07
 3.90489520E+02 3.50604370E-07
 3.91251130E+02 3.58589230E-07
 3.92014220E+02 2.09629940E-07
 3.92778800E+02 3.51974630E-07
 3.93544870E+02 6.43170490E-08
 3.94312440E+02 2.93970370E-07
 3.95081500E+02 4.65799390E-07
 3.95852060E+02 7.52279780E-07
 3.96624130E+02 4.67664930E-07
 3.97046770E+02 5.61711530E-07
 3.97397700E+02 6.41248860E-07
 3.98172780E+02 3.21294580E-07
 3.98949370E+02 5.47457690E-07
 3.99727480E+02 5.15800760E-07
 4.00507110E+02 5.25227450E-07
 4.01288250E+02 6.71439580E-07
 4.02070920E+02 6.07142150E-07
 4.02855110E+02 4.52727830E-07
 4.03640840E+02 4.34674800E-07
 4.04428100E+02 5.76380240E-07
 4.05216890E+02 1.25038320E-06
 4.05223990E+02 1.24449390E-06
 4.05232200E+02 1.23908220E-06
 4.06007220E+02 5.82821300E-07
 4.06799090E+02 6.09948220E-07
 4.07592510E+02 8.10962680E-07
 4.08106300E+02 7.75664880E-07
 4.08387470E+02 7.55929850E-07
 4.09183990E+02 6.77418730E-07
 4.09982050E+02 7.45780340E-07
 4.10781680E+02 8.35310820E-07
 4.11029910E+02 8.50368720E-07
 4.11038350E+02 8.61085360E-07
 4.11582860E+02 8.94860730E-07
 4.12385610E+02 8.50868330E-07
 4.13189920E+02 8.51147470E-07
 4.13995800E+02 7.96969530E-07
 4.14803260E+02 5.90649420E-07
 4.15612290E+02 6.86227790E-07
 4.16422890E+02 6.26618330E-07
 4.17235080E+02 8.64138120E-07
 4.18048850E+02 9.28774180E-07
 4.18050540E+02 9.27707200E-07
 4.18864210E+02 4.06334510E-07
 4.19681160E+02 5.48791500E-07
 4.20499700E+02 8.57329290E-07
 4.21319840E+02 1.04057750E-06
 4.22000000E+02 9.93648350E-07
 4.22141570E+02 9.83674240E-07
 4.22964910E+02 1.13200350E-06
 4.23789860E+02 1.15900000E-06
 4.24616420E+02 8.04586830E-07
 4.25315190E+02 7.12056300E-07
 4.25444580E+02 6.94599530E-07
 4.26274370E+02 1.31422790E-06
 4.27105770E+02 1.07930030E-06
 4.27938790E+02 1.29747610E-06
 4.28773440E+02 6.82536260E-07
 4.29609710E+02 6.32625840E-07
 4.30447620E+02 1.02343670E-06
 4.31287160E+02 7.39997700E-07
 4.32128340E+02 7.98426540E-07
 4.32836770E+02 1.11507930E-06
 4.32971160E+02 1.17614620E-06
 4.33815620E+02 8.91877010E-07
 4.34661730E+02 2.27514010E-06
 4.35509490E+02 2.07502470E-06
 4.36358900E+02 1.48653320E-06
 4.36698220E+02 1.37249420E-06
 4.37209970E+02 1.19743080E-06
 4.38062700E+02 1.20764300E-06
 4.38917090E+02 1.63687090E-06
 4.39773150E+02 2.01469780E-06
 4.40629180E+02 1.22377050E-06
 4.40630880E+02 1.22217440E-06
 4.40638890E+02 1.22072270E-06
 4.41490280E+02 1.02056200E-06
 4.42351360E+02 1.17270160E-06
 4.43214120E+02 1.49282500E-06
 4.43332170E+02 1.51968960E-06
 4.43342000E+02 1.52208910E-06
 4.44078560E+02 1.69231350E-06
 4.44944690E+02 1.24504060E-06
 4.45812500E+02 1.72434940E-06
 4.46543000E+02 1.44478720E-06
 4.46552970E+02 1.44092920E-06
 4.46682010E+02 1.39068050E-06
 4.47553210E+02 1.09119530E-06
 4.48426120E+02 2.27502420E-06
 4.49300720E+02 9.53353000E-07
 4.49716120E+02 6.97337660E-07
 4.49726230E+02 6.91138330E-07
 4.50177030E+02 4.08599500E-07
 4.51055050E+02 2.87227510E-06
 4.51934790E+02 5.65892880E-06
 4.52816240E+02 5.43709670E-06
 4.52875170E+02 5.30755450E-06
 4.52885420E+02 5.28498320E-06
 4.53699400E+02 3.46555930E-06
 4.54584290E+02 2.02459170E-06
 4.55470910E+02 1.51899350E-06
 4.56359260E+02 1.32526850E-06
 4.56474270E+02 1.27211340E-06
 4.57249340E+02 9.07956160E-07
 4.58141150E+02 1.60194780E-06
 4.59034700E+02 4.45355300E-06
 4.59930000E+02 5.96787900E-06
 4.60131030E+02 5.59774640E-06
 4.60141610E+02 5.57817930E-06
 4.60500780E+02 4.90985380E-06
 4.60511380E+02 4.88907380E-06
 4.60827040E+02 4.29436250E-06
 4.61725830E+02 2.32657280E-06
 4.62626380E+02 2.64241270E-06
 4.63528680E+02 1.74828140E-06
 4.63872020E+02 1.79448600E-06
 4.63882780E+02 1.79594160E-06
 4.64432740E+02 1.87095530E-06
 4.65338570E+02 2.38212520E-06
 4.66246160E+02 2.89130480E-06
 4.67155520E+02 2.23467490E-06
 4.68011200E+02 2.87742830E-06
 4.68066660E+02 2.91970650E-06
 4.68979570E+02 2.17027740E-06
 4.69894260E+02 3.00838770E-06
 4.70810740E+02 3.23621970E-06
 4.71729000E+02 2.78808070E-06
 4.72224910E+02 2.85807270E-06
 4.72236060E+02 2.85964670E-06
 4.72649060E+02 2.91864600E-06
 4.73570910E+02 2.79859780E-06
 4.74494560E+02 3.60850460E-06
 4.75420010E+02 4.57177620E-06
 4.76347260E+02 3.52756440E-06
 4.77276320E+02 3.23981770E-06
 4.78207200E+02 3.68811940E-06
 4.78684420E+02 3.54097180E-06
 4.79139890E+02 3.39815890E-06
 4.80074400E+02 3.79370960E-06
 4.81010730E+02 4.14323940E-06
 4.81948890E+02 4.11856980E-06
 4.82888880E+02 3.27137270E-06
 4.83830700E+02 4.14571270E-06
 4.84774360E+02 4.32691660E-06
 4.85323100E+02 1.88130230E-06
 4.85334880E+02 1.82640860E-06
 4.85719850E+02 8.66849310E-08
 4.86667200E+02 3.56677660E-07
 4.87616390E+02 3.49343500E-07
 4.88083090E+02 2.35391240E-07
 4.88567430E+02 1.15376360E-07
 4.89520330E+02 2.37357970E-06
 4.90475080E+02 5.49496940E-06
 4.90874640E+02 6.24189890E-06
 4.90886690E+02 6.26293720E-06
 4.91431700E+02 7.29602880E-06
 4.92390180E+02 7.83486130E-06
 4.93350540E+02 3.39485450E-06
 4.94312760E+02 2.65083410E-06
 4.95263790E+02 6.07966170E-06
 4.95276860E+02 6.12745700E-06
 4.96242850E+02 6.50090710E-06
 4.97210710E+02 4.25700000E-06
 4.98180470E+02 4.93399190E-06
 4.99152110E+02 4.02572980E-06
 4.99732140E+02 4.13840460E-06
 4.99744630E+02 4.14084560E-06
 5.00125660E+02 4.21570890E-06
 5.01101100E+02 5.10776260E-06
 5.02078440E+02 4.75124230E-06
 5.03057690E+02 5.36771660E-06
 5.04038840E+02 4.43614010E-06
 5.04273720E+02 3.38756550E-06
 5.04286430E+02 2.40450040E-09
 5.05021920E+02 2.40773980E-09
 5.06006910E+02 3.63003730E-08
 5.06993820E+02 4.40937750E-07
 5.07982650E+02 1.19897120E-05
 5.08589050E+02 4.67325210E-05
 5.08601990E+02 5.49052560E-05
 5.08973420E+02 7.95047200E-05
 5.09966110E+02 9.40024150E-05
 5.10960750E+02 3.81511740E-05
 5.11957320E+02 1.21641230E-05
 5.12052960E+02 1.29017030E-05
 5.12066070E+02 1.30165080E-05
 5.12955830E+02 1.98831400E-05
 5.13956300E+02 4.02239940E-05
 5.14958710E+02 8.68879850E-05
 5.15963080E+02 1.46954540E-05
 5.16969410E+02 1.08336640E-05
 5.17977700E+02 1.94042450E-05
 5.18987960E+02 4.28588110E-06
 5.20000190E+02 2.22857680E-05
 5.21014390E+02 5.19376220E-06
 5.22030580E+02 7.93639050E-06
 5.22811300E+02 1.99786370E-06
 5.23048740E+02 1.92057420E-07
 5.24068890E+02 9.68997130E-06
 5.25091030E+02 4.49628680E-05
 5.26115160E+02 5.86577280E-05
 5.27141290E+02 3.44093700E-05
 5.28169420E+02 8.57829370E-05
 5.29199550E+02 4.06037010E-05
 5.30000000E+02 3.27461420E-05
 5.30231700E+02 3.04716490E-05
 5.31265860E+02 9.20404950E-05
 5.32302030E+02 1.04499340E-04
 5.33340230E+02 9.18774120E-05
 5.34031420E+02 4.11133850E-05
 5.34045680E+02 4.00698750E-05
 5.34380450E+02 1.54769130E-05
 5.35422700E+02 1.28401770E-05
 5.36466980E+02 2.86614600E-05
 5.37513300E+02 3.94266660E-05
 5.38561660E+02 4.83126910E-05
 5.39612070E+02 1.99681830E-05
 5.40664520E+02 9.91158460E-06
 5.41719030E+02 9.57606070E-06
 5.42775590E+02 1.26363520E-05
 5.43834220E+02 6.81052210E-06
 5.44894900E+02 8.63274990E-06
 5.44984220E+02 1.11803340E-05
 5.45957660E+02 3.89565110E-05
 5.47022490E+02 1.30287390E-05
 5.48089400E+02 1.37687140E-05
 5.49158390E+02 5.73060800E-05
 5.50000000E+02 4.99209780E-05
 5.50229460E+02 4.79065810E-05
 5.51302620E+02 1.67888550E-05
 5.52377880E+02 1.08848580E-05
 5.53455230E+02 9.91370280E-06
 5.54534680E+02 1.30330790E-05
 5.55616240E+02 9.96898580E-05
 5.56395710E+02 1.07179750E-04
 5.56411190E+02 1.07328620E-04
 5.56699910E+02 1.10105040E-04
 5.57785690E+02 9.17585880E-05
 5.58873590E+02 1.01764740E-04
 5.59963610E+02 2.58036070E-05
 5.61055760E+02 1.10803770E-04
 5.62150040E+02 9.08131160E-05
 5.63246450E+02 1.06591880E-04
 5.64345000E+02 1.02838520E-04
 5.65161420E+02 9.27472370E-05
 5.65445690E+02 8.92307720E-05
 5.66548530E+02 4.47630850E-05
 5.67653520E+02 4.19054160E-05
 5.68760670E+02 8.20756780E-05
 5.69869970E+02 8.63091820E-05
 5.70981440E+02 1.15900860E-04
 5.72095080E+02 9.71887350E-05
 5.73210880E+02 9.70109590E-05
 5.74207740E+02 4.29742330E-05
 5.74224220E+02 4.22861620E-05
 5.74328870E+02 3.65797630E-05
 5.75449030E+02 1.19505740E-04
 5.76571380E+02 3.77285150E-05
 5.77695920E+02 1.79004000E-05
 5.78822650E+02 9.76149780E-05
 5.79498500E+02 5.37531080E-05
 5.79515290E+02 5.26626850E-05
 5.79951580E+02 2.43160890E-05
 5.81082720E+02 2.53894050E-05
 5.82216050E+02 1.10984610E-04
 5.83351600E+02 2.90057500E-05
 5.83639650E+02 3.03054210E-05
 5.84489360E+02 3.41441900E-05
 5.85629350E+02 1.73881250E-05
 5.86771550E+02 3.55833870E-05
 5.87840400E+02 1.10778170E-04
 5.87857680E+02 1.12001660E-04
 5.87915980E+02 1.16108870E-04
 5.89062650E+02 1.24071210E-04
 5.90211550E+02 1.19816680E-04
 5.91362690E+02 1.17807160E-04
 5.92516080E+02 1.00170570E-04
 5.93671720E+02 1.28870450E-04
 5.94829610E+02 4.36681660E-06
 5.95989760E+02 2.47170810E-05
 5.97152170E+02 1.72732710E-05
 5.98316850E+02 5.78925840E-05
 5.99483800E+02 1.15422900E-04
 6.00653030E+02 1.45585460E-04
 6.01824540E+02 1.39073900E-04
 6.02998330E+02 2.49392180E-05
 6.03379230E+02 4.73046370E-05
 6.04174410E+02 9.40696290E-05
 6.05352790E+02 1.55507390E-05
 6.06533460E+02 7.63225220E-06
 6.07716440E+02 1.84166900E-05
 6.08901720E+02 2.32480770E-05
 6.10089320E+02 4.88324760E-05
 6.11279230E+02 1.24495690E-04
 6.12471460E+02 2.73687440E-05
 6.13666020E+02 1.34098670E-04
 6.14862910E+02 9.22205810E-05
 6.16062130E+02 2.65497220E-05
 6.17263690E+02 3.50905670E-05
 6.18467590E+02 1.30845440E-04
 6.19673850E+02 1.36604400E-04
 6.19761850E+02 1.36788050E-04
 6.20882450E+02 1.39131630E-04
 6.22093420E+02 4.81344950E-05
 6.23306740E+02 1.13319220E-04
 6.24522430E+02 1.43592040E-05
 6.25000000E+02 2.12855490E-05
 6.25740490E+02 3.20457670E-05
 6.26960930E+02 5.73371610E-05
 6.28183750E+02 1.14306970E-04
 6.29408950E+02 1.34422970E-04
 6.30636540E+02 1.17867590E-04
 6.31866530E+02 7.48842170E-05
 6.33098920E+02 7.09599280E-05
 6.34333710E+02 1.09575550E-04
 6.35570900E+02 1.53846580E-04
 6.36810520E+02 5.38401950E-05
 6.37058930E+02 6.98449850E-05
 6.38052540E+02 1.33995390E-04
 6.39297000E+02 1.88754340E-04
 6.40543870E+02 1.39262470E-04
 6.41793180E+02 4.15444700E-05
 6.43044930E+02 1.42642020E-04
 6.44299120E+02 8.34518140E-05
 6.45555750E+02 1.36010390E-04
 6.46074650E+02 1.04190900E-04
 6.46814840E+02 5.87027040E-05
 6.48076380E+02 5.97160570E-05
 6.49340380E+02 1.48142150E-04
 6.50606850E+02 5.12502360E-05
 6.51875780E+02 1.50120300E-04
 6.53147200E+02 1.24170650E-04
 6.54421090E+02 7.45206760E-05
 6.55349220E+02 1.05113330E-04
 6.55370700E+02 1.05850240E-04
 6.55697460E+02 1.16648810E-04
 6.56976330E+02 4.04137970E-05
 6.58257690E+02 6.60972810E-05
 6.59541550E+02 1.09063610E-04
 6.60827910E+02 3.02265340E-05
 6.62116780E+02 1.12094860E-04
 6.63408170E+02 1.76380790E-04
 6.64702070E+02 6.41624980E-05
 6.65523740E+02 6.76551270E-05
 6.65998500E+02 6.96780030E-05
 6.67297460E+02 6.75684550E-05
 6.68598950E+02 1.61997890E-04
 6.69902980E+02 1.50063750E-04
 6.71209550E+02 1.58630640E-04
 6.72518670E+02 1.58029000E-04
 6.73830340E+02 1.58435050E-04
 6.75144570E+02 1.34126770E-04
 6.76019170E+02 1.09314150E-04
 6.76042020E+02 1.08668950E-04
 6.76461370E+02 9.67413480E-05
 6.77780730E+02 1.89788630E-04
 6.79102670E+02 9.37186170E-05
 6.80427180E+02 1.54264690E-04
 6.81098690E+02 7.72788720E-05
 6.81754280E+02 1.92987350E-06
 6.83083970E+02 4.86696610E-06
 6.84416250E+02 1.75371360E-04
 6.85751130E+02 3.76225520E-04
 6.86255130E+02 3.68133070E-04
 6.86278680E+02 3.67764460E-04
 6.87088610E+02 3.54725670E-04
 6.88428700E+02 1.42438630E-04
 6.89771400E+02 1.88241560E-04
 6.91116730E+02 1.80750740E-04
 6.92464670E+02 1.74077160E-04
 6.93815250E+02 1.75842560E-04
 6.94942120E+02 1.01390620E-04
 6.95168460E+02 8.63980520E-05
 6.96524310E+02 6.40458300E-05
 6.97882800E+02 1.21747560E-04
 6.99243940E+02 1.15675880E-07
 7.00000000E+02 6.67041810E-07
 7.00607740E+02 1.11141090E-06
 7.01974200E+02 2.24438260E-05
 7.03343320E+02 1.15934170E-04
 7.03851860E+02 1.54851050E-04
 7.04715120E+02 2.21087280E-04
 7.06089590E+02 1.75991690E-04
 7.07466740E+02 1.64624460E-04
 7.08846570E+02 1.61710700E-04
 7.10229100E+02 1.88755990E-04
 7.11614320E+02 1.88499900E-04
 7.12993030E+02 1.81777000E-04
 7.13002250E+02 1.81731940E-04
 7.14392880E+02 1.84904300E-04
 7.15786220E+02 1.88020460E-04
 7.17182290E+02 1.90593320E-04
 7.17653240E+02 1.42676570E-04
 7.18581070E+02 4.80194970E-05
 7.19982580E+02 1.93944670E-04
 7.21386830E+02 1.84978090E-04
 7.22374760E+02 1.92125960E-04
 7.22400860E+02 1.92382960E-04
 7.22793820E+02 1.95234570E-04
 7.24203550E+02 1.60823870E-04
 7.25514610E+02 1.90748120E-04
 7.25540930E+02 1.91364900E-04
 7.25616020E+02 1.93083780E-04
 7.27031260E+02 1.97597050E-04
 7.28449250E+02 1.99039670E-04
 7.29870010E+02 1.87774550E-04
 7.30000000E+02 1.88983840E-04
 7.31293540E+02 2.01049800E-04
 7.32719850E+02 2.00881850E-04
 7.34148940E+02 1.92304760E-04
 7.35580820E+02 2.03453160E-04
 7.37015490E+02 1.76923440E-04
 7.38452950E+02 1.86186980E-04
 7.39893220E+02 2.01612620E-04
 7.41336300E+02 1.86566030E-04
 7.42782200E+02 2.04719210E-04
 7.44230910E+02 8.71954320E-05
 7.45682450E+02 2.10641580E-04
 7.47136830E+02 1.60899050E-04
 7.47989310E+02 1.85936670E-04
 7.48594030E+02 2.03745860E-04
 7.50054080E+02 1.02685130E-04
 7.51516980E+02 2.18185630E-04
 7.52982730E+02 1.15302610E-04
 7.54451340E+02 2.06793750E-04
 7.55922820E+02 2.18785530E-04
 7.57397160E+02 2.00575280E-04
 7.58874380E+02 2.14326990E-04
 7.60354480E+02 1.36753370E-06
 7.61837470E+02 4.37831300E-05
 7.63323350E+02 1.80929510E-04
 7.64812130E+02 3.84657150E-04
 7.66303810E+02 4.46427380E-04
 7.67798400E+02 3.32656440E-04
 7.69295900E+02 1.22851480E-04
 7.70796330E+02 1.57726420E-04
 7.71900950E+02 1.46517120E-04
 7.72299680E+02 1.42459540E-04
 7.73805970E+02 2.66857540E-04
 7.75315190E+02 2.35490420E-04
 7.76827360E+02 2.32886860E-04
 7.78342480E+02 2.25409460E-04
 7.79860550E+02 5.80198990E-05
 7.81381580E+02 2.36419340E-04
 7.82905580E+02 9.39725100E-06
 7.84432550E+02 6.96076500E-05
 7.85962500E+02 8.77090970E-05
 7.87495430E+02 1.50794840E-04
 7.89031350E+02 1.23472060E-04
 7.90000000E+02 2.47550810E-04
 7.90570270E+02 3.20798200E-04
 7.92112190E+02 2.77340280E-04
 7.93657120E+02 2.49747250E-04
 7.95205060E+02 2.23314050E-04
 7.96756020E+02 1.75514680E-04
 7.97391890E+02 2.04658540E-04
 7.98310000E+02 2.46851580E-04
 7.99867020E+02 2.59115840E-04
 8.01427070E+02 1.24599180E-04
 8.02990170E+02 2.51883840E-04
 8.04556310E+02 2.54348310E-04
 8.06125510E+02 2.52046850E-04
 8.07697770E+02 2.53191890E-04
 8.09273090E+02 1.24355070E-04
 8.10779310E+02 2.51452410E-04
 8.10851490E+02 2.57559310E-04
 8.12432970E+02 2.56012460E-04
 8.14017530E+02 2.48010130E-04
 8.15605180E+02 1.14913000E-04
 8.17195930E+02 2.14360900E-04
 8.18789780E+02 2.67393520E-04
 8.20386740E+02 1.57428140E-04
 8.21986810E+02 2.60511890E-04
 8.23590000E+02 2.68005510E-04
 8.24623930E+02 2.70488150E-04
 8.24657930E+02 2.70570390E-04
 8.25196330E+02 2.71865870E-04
 8.26805780E+02 2.69394930E-04
 8.28418370E+02 7.82715790E-09
 8.30000000E+02 9.36618570E-07
 8.30034110E+02 9.56703240E-07
 8.31653000E+02 1.28669930E-06
 8.33275050E+02 2.18074470E-05
 8.34900260E+02 1.47795650E-04
 8.36528640E+02 1.20393330E-04
 8.38160200E+02 2.51961300E-04
 8.39794940E+02 1.06233860E-04
 8.40282470E+02 1.49824910E-04
 8.41432860E+02 2.52949290E-04
 8.43073990E+02 2.26082030E-04
 8.44718310E+02 3.52385660E-04
 8.46365840E+02 6.15807260E-05
 8.48016580E+02 1.39304500E-04
 8.49670550E+02 2.20107050E-04
 8.50000000E+02 2.18376320E-04
 8.51327730E+02 2.11381950E-04
 8.52988150E+02 2.54581300E-04
 8.54651810E+02 1.51657420E-04
 8.56318720E+02 1.71384430E-04
 8.56547190E+02 1.87174770E-04
 8.57988870E+02 2.87064210E-04
 8.59662290E+02 1.53671770E-04
 8.61338960E+02 2.96005560E-04
 8.63018910E+02 1.15592080E-04
 8.64702130E+02 2.87851410E-04
 8.66388640E+02 2.98757710E-04
 8.68078430E+02 3.02000930E-04
 8.69771520E+02 2.98529830E-04
 8.70000000E+02 2.98319000E-04
 8.71467920E+02 2.96958770E-04
 8.73167620E+02 2.73315470E-04
 8.73453990E+02 2.79099970E-04
 8.74870640E+02 3.07784160E-04
 8.76576980E+02 2.85259200E-04
 8.78286640E+02 2.27312130E-04
 8.79999640E+02 2.06421050E-04
 8.81715990E+02 3.02949720E-04
 8.82160160E+02 3.05904030E-04
 8.83435670E+02 3.14406210E-04
 8.85158720E+02 3.16837110E-04
 8.86885120E+02 3.17403660E-04
 8.88614890E+02 3.18897350E-04
 8.90348040E+02 3.04241970E-04
 8.91041650E+02 3.05018500E-04
 8.91081350E+02 3.05063450E-04
 8.92084570E+02 3.06187710E-04
 8.93824480E+02 3.11484640E-04
 8.95567780E+02 3.10208620E-04
 8.97314490E+02 3.20719130E-04
 8.99064600E+02 3.06045790E-04
 9.00000000E+02 2.87643660E-04
 9.00440900E+02 3.05006610E-04
 9.00882220E+02 2.87659350E-04
 9.01323990E+02 3.54742970E-04
 9.01766180E+02 2.85147270E-04
 9.02208810E+02 3.37358300E-04
 9.02650790E+02 3.31593190E-04
 9.03093200E+02 3.32842700E-04
 9.03536040E+02 3.06847430E-04
 9.03979320E+02 3.10962790E-04
 9.04423040E+02 2.60233620E-04
 9.04866100E+02 3.30087810E-04
 9.05309600E+02 2.16121010E-04
 9.05753530E+02 3.23394230E-04
 9.06197900E+02 3.42580340E-04
 9.06642700E+02 3.40385370E-04
 9.07086850E+02 3.44210100E-04
 9.07531440E+02 3.33277440E-04
 9.07976460E+02 3.33614100E-04
 9.08421920E+02 3.33968090E-04
 9.08867810E+02 4.40326830E-04
 9.09313050E+02 4.01392810E-04
 9.09758730E+02 3.40626690E-04
 9.10204840E+02 3.35898040E-04
 9.10651390E+02 4.19508510E-04
 9.11098380E+02 3.36783980E-04
 9.11544720E+02 3.37020100E-04
 9.11991490E+02 2.95562050E-03
 9.12438700E+02 2.54389010E-03
 9.12886340E+02 2.87302660E-03
 9.13334430E+02 1.77106620E-03
 9.13781860E+02 3.00584990E-03
 9.14229720E+02 1.99684770E-03
 9.14678030E+02 2.50253320E-03
 9.15126780E+02 3.05700810E-03
 9.15575960E+02 3.05088690E-03
 9.16024490E+02 3.04451830E-03
 9.16473460E+02 2.72639540E-03
 9.16922860E+02 2.89583090E-03
 9.17372710E+02 2.83141530E-03
 9.17823000E+02 2.83174180E-03
 9.18272630E+02 2.76072070E-03
 9.18722690E+02 8.74331240E-04
 9.19173200E+02 1.21424320E-03
 9.19624150E+02 9.24347840E-04
 9.20075550E+02 5.03900610E-04
 9.20526280E+02 3.53261130E-04
 9.20977450E+02 3.99755870E-04
 9.21429070E+02 4.96988850E-04
 9.21881120E+02 6.42799790E-04
 9.22333630E+02 7.94906530E-04
 9.22785460E+02 9.99424210E-04
 9.23237740E+02 1.26418690E-03
 9.23690470E+02 1.42068750E-03
 9.24143630E+02 2.98857190E-03
 9.24597250E+02 4.23909070E-03
 9.25050190E+02 3.78997630E-03
 9.25503580E+02 3.20680240E-03
 9.25957420E+02 3.35205860E-03
 9.26411700E+02 1.47875570E-03
 9.26866420E+02 3.13503250E-03
 9.27320480E+02 2.92931300E-03
 9.27774980E+02 3.02145640E-03
 9.28229930E+02 2.74016260E-03
 9.28685330E+02 2.61089170E-03
 9.29141170E+02 1.30610620E-03
 9.29596340E+02 2.43288520E-03
 9.30051960E+02 9.79215560E-04
 9.30508020E+02 2.43095240E-03
 9.30964530E+02 1.92138860E-03
 9.31421490E+02 2.38378630E-03
 9.31877780E+02 2.38474050E-03
 9.32334520E+02 2.28285550E-03
 9.32791700E+02 2.17535580E-03
 9.33249340E+02 2.75692160E-03
 9.33707420E+02 3.14195530E-03
 9.34164830E+02 3.09045210E-03
 9.34622680E+02 2.96607750E-03
 9.35080990E+02 2.94969480E-03
 9.35539750E+02 3.00964890E-03
 9.35998950E+02 2.87798820E-03
 9.36457480E+02 2.99476880E-03
 9.36916460E+02 2.02652470E-03
 9.37375890E+02 1.35038870E-03
 9.37835780E+02 2.74384180E-04
 9.38296110E+02 2.88917910E-03
 9.38755770E+02 2.49569300E-03
 9.39215870E+02 2.73199730E-03
 9.39676430E+02 2.92469370E-03
 9.40137440E+02 2.87865650E-03
 9.40598910E+02 2.93177840E-03
 9.41059690E+02 2.92930100E-03
 9.41520930E+02 2.88181080E-03
 9.41982620E+02 2.72654940E-03
 9.42444760E+02 1.01259490E-03
 9.42907350E+02 2.14482480E-03
 9.43369270E+02 2.63242210E-03
 9.43831640E+02 2.22023390E-03
 9.44294460E+02 2.77438570E-03
 9.44757730E+02 2.52969920E-03
 9.45221470E+02 2.81990740E-03
 9.45684510E+02 2.32469820E-03
 9.46148020E+02 2.65811510E-03
 9.46611980E+02 2.46520930E-03
 9.47076390E+02 2.95055290E-03
 9.47541260E+02 2.98833720E-03
 9.48005440E+02 1.89565330E-03
 9.48470080E+02 2.80130980E-03
 9.48935180E+02 1.03766610E-03
 9.49400730E+02 9.52596500E-04
 9.49866740E+02 3.82443180E-04
 9.50332070E+02 1.51634360E-03
 9.50797850E+02 2.88081340E-03
 9.51264090E+02 2.69594510E-03
 9.51730780E+02 3.04803670E-03
 9.52197940E+02 3.01446790E-03
 9.52664400E+02 2.96245470E-03
 9.53131330E+02 2.89306010E-03
 9.53598710E+02 2.73420330E-03
 9.54066550E+02 2.45233880E-03
 9.54534850E+02 2.42766270E-03
 9.55002460E+02 1.61389100E-03
 9.55470530E+02 3.33911830E-03
 9.55939060E+02 2.92818060E-03
 9.56408050E+02 2.67148370E-03
 9.56877500E+02 2.86936160E-03
 9.57346260E+02 2.89541170E-03
 9.57815480E+02 2.79130150E-03
 9.58285160E+02 2.69129710E-03
 9.58755300E+02 7.24485080E-04
 9.59225900E+02 2.71866700E-03
 9.59695810E+02 2.58831520E-03
 9.60166180E+02 2.83926570E-03
 9.60637010E+02 2.73937480E-03
 9.61108300E+02 2.87312870E-03
 9.61580060E+02 2.88094670E-03
 9.62051120E+02 2.77170120E-03
 9.62522650E+02 2.65026710E-03
 9.62994630E+02 2.62010990E-03
 9.63467090E+02 2.89675620E-03
 9.63940000E+02 1.72054550E-03
 9.64412220E+02 2.96116960E-03
 9.64884900E+02 2.96142670E-03
 9.65358050E+02 2.91345340E-03
 9.65831660E+02 2.95208700E-03
 9.66305730E+02 2.98688750E-03
 9.66779110E+02 2.67038350E-03
 9.67252950E+02 1.99935870E-03
 9.67727260E+02 1.70206240E-03
 9.68202030E+02 2.59578760E-03
 9.68677270E+02 2.83819900E-03
 9.69151810E+02 2.80701740E-03
 9.69626810E+02 1.72319360E-03
 9.70102280E+02 2.73104440E-03
 9.70578220E+02 4.81831620E-04
 9.71054630E+02 1.32350250E-07
 9.71530330E+02 5.63360620E-08
 9.72006500E+02 5.60994600E-08
 9.72483140E+02 1.18751280E-07
 9.72960250E+02 1.95209480E-06
 9.73437820E+02 3.13388270E-05
 9.73914690E+02 1.08985100E-04
 9.74392030E+02 2.64318970E-04
 9.74869840E+02 5.05990240E-04
 9.75348120E+02 7.94985470E-04
 9.75826860E+02 1.27700200E-03
 9.76304900E+02 1.91209930E-03
 9.76783410E+02 2.71177740E-03
 9.77262390E+02 3.93115210E-03
 9.77741850E+02 3.94279770E-03
 9.78221770E+02 3.07727160E-03
 9.78700980E+02 3.50617630E-03
 9.79180670E+02 2.89128540E-03
 9.79660820E+02 1.81367800E-03
 9.80141450E+02 3.37934610E-03
 9.80622550E+02 3.27191430E-03
 9.81102940E+02 1.76590260E-03
 9.81583800E+02 3.03690100E-03
 9.82065140E+02 2.17137790E-03
 9.82546940E+02 2.79449190E-03
 9.83029220E+02 2.62321210E-03
 9.83510790E+02 9.59991690E-04
 9.83992840E+02 5.21058720E-04
 9.84475350E+02 4.32314460E-06
 9.84958340E+02 7.80551120E-06
 9.85441800E+02 2.16596000E-05
 9.85924560E+02 1.08046390E-05
 9.86407780E+02 6.16679400E-06
 9.86891480E+02 1.19884890E-05
 9.87375660E+02 3.86531470E-05
 9.87860310E+02 1.18760460E-04
 9.88344240E+02 2.19419290E-04
 9.88828660E+02 3.64897450E-04
 9.89313540E+02 5.48165420E-04
 9.89798900E+02 7.56801770E-04
 9.90284740E+02 9.84203380E-04
 9.90769870E+02 1.43092040E-03
 9.91255470E+02 2.17510850E-03
 9.91741550E+02 4.07845740E-03
 9.92228100E+02 4.08753240E-03
 9.92715130E+02 3.85889130E-03
 9.93201450E+02 3.78075840E-03
 9.93688240E+02 3.64300080E-03
 9.94175510E+02 3.14135390E-03
 9.94663260E+02 2.03406640E-03
 9.95151480E+02 1.11750560E-03
 9.95638990E+02 3.09530860E-03
 9.96126980E+02 2.40106630E-03
 9.96615450E+02 1.98605080E-03
 9.97104390E+02 7.95055440E-04
 9.97593820E+02 8.29861040E-04
 9.98082520E+02 2.73462880E-03
 9.98571710E+02 2.74083410E-03
 9.99061370E+02 2.32060540E-03
 9.99551520E+02 2.77864870E-03
 1.00004210E+03 2.85584980E-03
 1.00053200E+03 2.70776580E-03
 1.00102240E+03 2.36025480E-03
 1.00151330E+03 2.84996370E-03
 1.00200460E+03 1.44382270E-03
 1.00249650E+03 3.86290690E-04
 1.00298760E+03 2.63099640E-03
 1.00347920E+03 2.77781290E-03
 1.00397120E+03 2.72723840E-03
 1.00446380E+03 2.78357030E-03
 1.00495680E+03 2.77521360E-03
 1.00544910E+03 2.30248230E-03
 1.00594190E+03 7.64097390E-04
 1.00643520E+03 2.73733900E-03
 1.00692900E+03 2.05550920E-03
 1.00742320E+03 2.74863470E-03
 1.00791680E+03 1.68966370E-03
 1.00841080E+03 1.30809370E-03
 1.00890520E+03 2.22668190E-03
 1.00940020E+03 2.78901840E-03
 1.00989570E+03 7.07707830E-04
 1.01039040E+03 9.84042930E-04
 1.01088560E+03 2.59994270E-03
 1.01138130E+03 2.22101570E-03
 1.01187750E+03 2.77462290E-03
 1.01237420E+03 1.81487790E-03
 1.01287010E+03 1.51704650E-03
 1.01336660E+03 2.75534720E-03
 1.01386350E+03 2.83893540E-03
 1.01436090E+03 2.91101310E-03
 1.01485880E+03 2.51755390E-03
 1.01535600E+03 2.68235800E-03
 1.01585360E+03 2.74552240E-03
 1.01635180E+03 2.62428160E-03
 1.01685040E+03 2.68460800E-03
 1.01734950E+03 2.23265510E-03
 1.01784790E+03 2.05887500E-03
 1.01834680E+03 9.80962310E-04
 1.01884610E+03 2.52250630E-03
 1.01934600E+03 2.71571360E-03
 1.01984630E+03 1.41412330E-03
 1.02034590E+03 2.55224300E-03
 1.02084600E+03 2.40035340E-03
 1.02134660E+03 2.46209520E-03
 1.02184770E+03 2.80383720E-03
 1.02234920E+03 2.84302320E-03
 1.02285010E+03 2.15196650E-03
 1.02335140E+03 2.87844010E-03
 1.02385320E+03 2.55455220E-03
 1.02435550E+03 2.52434380E-03
 1.02485830E+03 2.41791940E-03
 1.02536040E+03 8.09165190E-04
 1.02586290E+03 3.97031950E-04
 1.02636600E+03 2.62529980E-03
 1.02686950E+03 2.52624240E-03
 1.02737360E+03 2.65213390E-03
 1.02787690E+03 2.62466740E-03
 1.02838070E+03 2.80810890E-03
 1.02888490E+03 2.78390520E-03
 1.02938970E+03 2.67776930E-03
 1.02989500E+03 2.20637160E-03
 1.03039950E+03 2.04240090E-03
 1.03090450E+03 8.46381020E-04
 1.03141010E+03 1.56484750E-03
 1.03191610E+03 2.76216570E-03
 1.03242260E+03 1.84297740E-03
 1.03292830E+03 2.78723870E-03
 1.03343460E+03 2.78756060E-03
 1.03394140E+03 1.43080980E-03
 1.03444860E+03 2.82077500E-03
 1.03495640E+03 1.76004320E-03
 1.03546340E+03 2.37375730E-04
 1.03597090E+03 2.77757090E-03
 1.03647890E+03 2.37556810E-03
 1.03698740E+03 8.96303060E-04
 1.03749640E+03 2.03311650E-03
 1.03800470E+03 9.03657550E-04
 1.03851340E+03 2.79539810E-03
 1.03902270E+03 1.85402660E-03
 1.03953240E+03 1.17460770E-03
 1.04004270E+03 2.80515650E-03
 1.04055220E+03 2.87612410E-03
 1.04106220E+03 2.87581290E-03
 1.04157270E+03 1.88787550E-03
 1.04208370E+03 2.87458400E-03
 1.04259520E+03 2.87395990E-03
 1.04310590E+03 2.87211990E-03
 1.04361720E+03 2.79240170E-03
 1.04412890E+03 2.86854820E-03
 1.04464120E+03 2.86186200E-03
 1.04515390E+03 2.81204620E-03
 1.04566590E+03 2.77606030E-03
 1.04617840E+03 2.74203360E-03
 1.04669150E+03 2.71961020E-03
 1.04720500E+03 2.72793370E-03
 1.04771900E+03 2.73947430E-03
 1.04823220E+03 2.62025110E-03
 1.04874600E+03 2.84370170E-03
 1.04926030E+03 2.74084180E-03
 1.04977510E+03 2.81650690E-03
 1.05029030E+03 2.75007840E-03
 1.05080490E+03 2.77775240E-03
 1.05131990E+03 2.63763650E-03
 1.05183540E+03 2.81554940E-03
 1.05235140E+03 2.82932530E-03
 1.05286800E+03 2.08457510E-03
 1.05338380E+03 2.53394090E-03
 1.05390010E+03 2.81821450E-03
 1.05441690E+03 2.81329450E-03
 1.05493420E+03 2.81872890E-03
 1.05545200E+03 1.85767630E-03
 1.05596900E+03 2.68935980E-03
 1.05648660E+03 2.19577170E-03
 1.05700460E+03 2.74624730E-03
 1.05752320E+03 2.81039700E-03
 1.05804230E+03 2.80380680E-03
 1.05856060E+03 2.39961390E-03
 1.05907940E+03 2.54553080E-03
 1.05959880E+03 2.75260420E-03
 1.06011860E+03 2.18001330E-03
 1.06063900E+03 2.35143810E-03
 1.06115860E+03 1.50060560E-03
 1.06167870E+03 9.70050920E-04
 1.06219930E+03 1.70635650E-03
 1.06272040E+03 1.29585830E-03
 1.06324200E+03 2.38310260E-03
 1.06376290E+03 2.89608030E-03
 1.06428430E+03 2.85415900E-03
 1.06480620E+03 2.81327990E-03
 1.06532860E+03 2.76950850E-03
 1.06585150E+03 1.90762020E-03
 1.06637360E+03 2.79750540E-03
 1.06689630E+03 2.81879670E-03
 1.06741940E+03 2.73572410E-03
 1.06794310E+03 2.33244980E-03
 1.06846730E+03 2.79399690E-03
 1.06899070E+03 9.30043580E-04
 1.06951470E+03 2.62254560E-03
 1.07003910E+03 2.45860940E-03
 1.07056410E+03 1.64160990E-03
 1.07108960E+03 2.42967460E-03
 1.07161430E+03 2.60910030E-03
 1.07213950E+03 2.00848910E-03
 1.07266530E+03 1.38976720E-03
 1.07319150E+03 2.56265670E-03
 1.07371830E+03 2.44886570E-03
 1.07424430E+03 2.16988180E-03
 1.07477080E+03 2.65030460E-03
 1.07529780E+03 2.01115580E-03
 1.07582540E+03 2.66571320E-03
 1.07635340E+03 2.68519370E-03
 1.07688070E+03 2.73584860E-03
 1.07740850E+03 2.78907940E-03
 1.07793690E+03 2.54083230E-03
 1.07846570E+03 2.74227450E-03
 1.07899510E+03 2.63412170E-03
 1.07952360E+03 2.65828280E-03
 1.08005270E+03 2.63183590E-03
 1.08058240E+03 2.66985960E-03
 1.08111250E+03 2.32575460E-03
 1.08164320E+03 2.68148660E-03
 1.08217300E+03 2.54524830E-03
 1.08270340E+03 2.23522870E-03
 1.08323440E+03 1.47228060E-03
 1.08376580E+03 2.11741030E-03
 1.08429780E+03 2.30465580E-03
 1.08482890E+03 2.19584020E-03
 1.08536060E+03 2.15042360E-03
 1.08589290E+03 2.04641300E-03
 1.08642560E+03 2.48305030E-03
 1.08695890E+03 2.38465740E-03
 1.08749140E+03 2.68234770E-03
 1.08802440E+03 2.23789420E-03
 1.08855790E+03 2.00932630E-03
 1.08909200E+03 1.62471450E-03
 1.08962650E+03 1.10847520E-03
 1.09016030E+03 2.56136780E-03
 1.09069460E+03 2.21449730E-03
 1.09122950E+03 2.50844440E-03
 1.09176480E+03 2.76583920E-03
 1.09230070E+03 1.92707480E-03
 1.09283580E+03 2.36872260E-03
 1.09337140E+03 2.34485880E-03
 1.09390760E+03 2.78477040E-03
 1.09444430E+03 2.73426270E-03
 1.09498150E+03 2.77348270E-03
 1.09551790E+03 1.57466890E-03
 1.09605480E+03 2.55563060E-03
 1.09659230E+03 9.28778950E-04
 1.09713030E+03 2.70862810E-03
 1.09766880E+03 1.19484170E-03
 1.09820650E+03 1.57370400E-03
 1.09874480E+03 2.64435370E-03
 1.09928360E+03 2.71103080E-03
 1.09982290E+03 2.51878590E-03
 1.10036280E+03 2.74140590E-03
 1.10090180E+03 2.75315270E-03
 1.10144140E+03 2.75561200E-03
 1.10198150E+03 2.61333720E-03
 1.10252210E+03 2.75668110E-03
 1.10306330E+03 1.60887030E-03
 1.10360370E+03 2.46158890E-03
 1.10414460E+03 1.72817740E-03
 1.10468600E+03 2.43179270E-03
 1.10522800E+03 2.51189400E-03
 1.10577050E+03 2.75951710E-03
 1.10631220E+03 2.53939460E-03
 1.10685440E+03 2.34902290E-03
 1.10739720E+03 2.52100680E-03
 1.10794050E+03 1.55331560E-03
 1.10848430E+03 5.55950110E-04
 1.10902730E+03 2.66200410E-03
 1.10957090E+03 2.20665910E-03
 1.11011500E+03 2.16060570E-03
 1.11065960E+03 2.53509110E-03
 1.11120480E+03 2.25832820E-03
 1.11174910E+03 1.78180590E-03
 1.11229400E+03 9.23689610E-04
 1.11283940E+03 1.09390080E-03
 1.11338540E+03 1.04726110E-03
 1.11393190E+03 8.75258390E-04
 1.11447760E+03 9.72641100E-04
 1.11502380E+03 1.09648260E-03
 1.11557060E+03 1.19550420E-03
 1.11611790E+03 1.24560180E-03
 1.11666580E+03 1.48556230E-03
 1.11721280E+03 1.86557720E-03
 1.11776040E+03 2.54090750E-03
 1.11830850E+03 3.45918050E-03
 1.11885710E+03 3.59079580E-03
 1.11940630E+03 2.87368480E-03
 1.11995470E+03 3.09731930E-03
 1.12050360E+03 2.96161990E-03
 1.12105310E+03 2.15106640E-03
 1.12160310E+03 2.40407340E-03
 1.12215360E+03 1.92318050E-03
 1.12270330E+03 1.86572580E-03
 1.12325360E+03 1.64166460E-03
 1.12380440E+03 6.59513650E-04
 1.12435570E+03 1.41002720E-03
 1.12490760E+03 6.04901370E-04
 1.12545870E+03 1.40013480E-03
 1.12601030E+03 1.48009510E-03
 1.12656250E+03 1.48484490E-03
 1.12711520E+03 1.64964910E-03
 1.12766840E+03 2.06662560E-03
 1.12822080E+03 1.90569490E-03
 1.12877380E+03 1.30812110E-03
 1.12932730E+03 2.94287690E-03
 1.12988140E+03 2.83663100E-03
 1.13043600E+03 8.71650060E-04
 1.13098980E+03 2.74728230E-03
 1.13154410E+03 2.70350230E-03
 1.13209890E+03 2.83242950E-03
 1.13265440E+03 2.57280330E-03
 1.13321030E+03 2.51948750E-03
 1.13376550E+03 2.56780360E-03
 1.13432110E+03 1.90944960E-03
 1.13487740E+03 1.95635450E-03
 1.13543420E+03 2.49499830E-03
 1.13599150E+03 2.60742550E-03
 1.13654800E+03 2.61788740E-03
 1.13710500E+03 2.68995830E-03
 1.13766260E+03 2.54514720E-03
 1.13822080E+03 2.60516110E-03
 1.13877950E+03 2.53478700E-03
 1.13933730E+03 9.44025130E-04
 1.13989580E+03 9.40352960E-04
 1.14045470E+03 2.64040200E-03
 1.14101420E+03 2.63488870E-03
 1.14157430E+03 8.32298220E-04
 1.14213350E+03 2.68298520E-03
 1.14269330E+03 2.68564770E-03
 1.14325370E+03 2.71563800E-03
 1.14381450E+03 2.55031380E-03
 1.14437600E+03 1.26682440E-03
 1.14493660E+03 9.04196710E-04
 1.14549780E+03 2.59219350E-03
 1.14605950E+03 2.70316550E-03
 1.14662170E+03 2.69554590E-03
 1.14718450E+03 2.55821290E-03
 1.14774650E+03 2.51498870E-03
 1.14830910E+03 2.63744600E-03
 1.14887220E+03 2.58471530E-03
 1.14943580E+03 2.65464500E-03
 1.15000000E+03 2.42315370E-03
 1.15000000E+03 2.42315370E-03
 1.15072300E+03 2.28562520E-03
 1.15144690E+03 2.70028100E-03
 1.15217170E+03 2.62557460E-03
 1.15289740E+03 2.57924660E-03
 1.15362400E+03 2.27633810E-03
 1.15434930E+03 2.54846030E-03
 1.15507540E+03 2.27753080E-03
 1.15580250E+03 2.51447700E-03
 1.15653050E+03 1.42445700E-03
 1.15725940E+03 2.57833880E-03
 1.15798700E+03 2.53327240E-03
 1.15871540E+03 2.07505320E-03
 1.15944480E+03 1.08923720E-03
 1.16017510E+03 1.75431470E-03
 1.16090630E+03 2.67389590E-03
 1.16163620E+03 1.56327780E-03
 1.16236690E+03 9.82052590E-04
 1.16309860E+03 2.51911610E-03
 1.16383120E+03 2.14735710E-03
 1.16456470E+03 2.46901770E-03
 1.16529680E+03 2.52636190E-03
 1.16602990E+03 2.54508840E-03
 1.16676390E+03 1.67446160E-03
 1.16749880E+03 1.89508360E-03
 1.16823460E+03 2.49019390E-03
 1.16896900E+03 1.04451630E-03
 1.16970440E+03 4.22797580E-04
 1.17044070E+03 8.42014380E-05
 1.17117790E+03 1.19007390E-04
 1.17191610E+03 1.98051360E-04
 1.17265280E+03 3.87464560E-04
 1.17339050E+03 7.21547810E-04
 1.17412910E+03 1.08168760E-03
 1.17486870E+03 1.46468680E-03
 1.17560910E+03 1.97850410E-03
 1.17634820E+03 2.42167280E-03
 1.17708820E+03 3.55961160E-03
 1.17782920E+03 3.14181470E-03
 1.17857100E+03 3.22396570E-03
 1.17931380E+03 3.02380170E-03
 1.18005520E+03 2.73565840E-03
 1.18079760E+03 2.73464920E-03
 1.18154090E+03 2.65913080E-03
 1.18228510E+03 2.62516910E-03
 1.18303020E+03 1.08022670E-03
 1.18377400E+03 2.11052950E-03
 1.18451860E+03 1.14184930E-03
 1.18526430E+03 2.32349560E-03
 1.18601080E+03 2.41386870E-03
 1.18675830E+03 2.51048530E-03
 1.18750440E+03 2.58281080E-03
 1.18825140E+03 2.57175220E-03
 1.18899940E+03 2.58403170E-03
 1.18974830E+03 2.59996950E-03
 1.19049820E+03 2.61508470E-03
 1.19124660E+03 9.44155340E-04
 1.19199600E+03 2.47523040E-03
 1.19274630E+03 1.96081990E-03
 1.19349760E+03 2.60446820E-03
 1.19424980E+03 2.58759590E-03
 1.19500060E+03 2.59348790E-03
 1.19575230E+03 2.50495260E-03
 1.19650500E+03 2.44296770E-03
 1.19725870E+03 6.53040160E-04
 1.19801320E+03 2.06835660E-03
 1.19876640E+03 2.41709720E-03
 1.19952050E+03 2.16374300E-03
 1.20027560E+03 1.54891380E-03
 1.20103160E+03 1.99249210E-03
 1.20178860E+03 2.48291350E-03
 1.20254410E+03 2.28782660E-03
 1.20330060E+03 2.23934320E-03
 1.20405800E+03 2.70080810E-03
 1.20481640E+03 2.69897080E-03
 1.20557580E+03 2.67464440E-03
 1.20633370E+03 2.69812060E-03
 1.20709250E+03 2.42977520E-03
 1.20785240E+03 2.68940590E-03
 1.20861320E+03 9.76710540E-04
 1.20937490E+03 2.26753540E-03
 1.21013520E+03 1.12423090E-03
 1.21089650E+03 2.57605670E-03
 1.21165870E+03 1.80791720E-03
 1.21242190E+03 2.54628420E-03
 1.21318600E+03 1.32291470E-03
 1.21394870E+03 1.29904880E-03
 1.21471240E+03 2.40533380E-03
 1.21547700E+03 8.59581150E-04
 1.21624260E+03 2.60089590E-03
 1.21700910E+03 1.17976730E-03
 1.21777420E+03 9.29914320E-04
 1.21854030E+03 2.56431240E-03
 1.21930730E+03 2.53725150E-03
 1.22007530E+03 1.03447890E-03
 1.22084430E+03 2.57934920E-03
 1.22161180E+03 2.54092890E-03
 1.22238030E+03 2.44992050E-03
 1.22314980E+03 7.93629570E-04
 1.22392020E+03 2.39028640E-03
 1.22469160E+03 2.50962910E-03
 1.22546150E+03 1.10622640E-03
 1.22623240E+03 2.58543060E-03
 1.22700430E+03 2.58686050E-03
 1.22777710E+03 1.07474870E-03
 1.22855100E+03 2.47837170E-03
 1.22932330E+03 2.50682320E-03
 1.23009670E+03 2.09814830E-03
 1.23087100E+03 2.07063930E-03
 1.23164620E+03 2.56112740E-03
 1.23242250E+03 2.24181070E-03
 1.23319730E+03 2.28861320E-03
 1.23397310E+03 2.47908030E-03
 1.23474980E+03 2.46239710E-03
 1.23552750E+03 2.54180120E-03
 1.23630620E+03 2.50530180E-03
 1.23708350E+03 2.51168690E-03
 1.23786170E+03 2.50500310E-03
 1.23864090E+03 2.22777220E-03
 1.23942110E+03 2.25025190E-03
 1.24020220E+03 2.53175920E-03
 1.24098190E+03 2.49094230E-03
 1.24176260E+03 2.44474720E-03
 1.24254420E+03 1.86496120E-03
 1.24332690E+03 1.88634850E-03
 1.24411050E+03 2.02418790E-03
 1.24489260E+03 2.25274330E-03
 1.24567580E+03 1.80076950E-03
 1.24645990E+03 1.97015340E-03
 1.24724500E+03 4.89592540E-04
 1.24803110E+03 2.71331520E-03
 1.24881570E+03 2.64291340E-03
 1.24960130E+03 2.64928110E-03
 1.25038790E+03 2.28831150E-03
 1.25117540E+03 2.54810190E-03
 1.25196400E+03 1.84294910E-03
 1.25275110E+03 2.34443040E-03
 1.25353920E+03 2.40762030E-03
 1.25432820E+03 2.45992880E-03
 1.25511830E+03 2.11823330E-03
 1.25590930E+03 2.33379200E-03
 1.25669890E+03 2.52179440E-03
 1.25748940E+03 2.51981760E-03
 1.25828100E+03 2.53648540E-03
 1.25907350E+03 2.50892800E-03
 1.25986710E+03 2.53245980E-03
 1.26065910E+03 2.53291240E-03
 1.26145220E+03 2.51606410E-03
 1.26224620E+03 2.53524980E-03
 1.26304130E+03 2.52631250E-03
 1.26383730E+03 1.81399170E-03
 1.26463190E+03 2.50579020E-03
 1.26542740E+03 2.47324300E-03
 1.26622400E+03 2.47134170E-03
 1.26702150E+03 2.20514380E-03
 1.26782010E+03 2.38215190E-03
 1.26861710E+03 1.78327360E-03
 1.26941520E+03 2.45346100E-03
 1.27021420E+03 2.40664370E-03
 1.27101430E+03 2.41815650E-03
 1.27181540E+03 2.52330140E-03
 1.27261490E+03 1.54704600E-03
 1.27341550E+03 2.43063850E-03
 1.27421710E+03 2.46026060E-03
 1.27501960E+03 2.49016510E-03
 1.27582320E+03 2.50080260E-03
 1.27662530E+03 2.43055630E-03
 1.27742840E+03 2.45989650E-03
 1.27823250E+03 2.51010370E-03
 1.27903760E+03 2.48316860E-03
 1.27984380E+03 2.50110370E-03
 1.28064840E+03 2.35535050E-03
 1.28145400E+03 2.48622990E-03
 1.28226060E+03 2.40724310E-03
 1.28306830E+03 2.46880930E-03
 1.28387690E+03 2.22171560E-03
 1.28468410E+03 2.44354230E-03
 1.28549220E+03 2.37819390E-03
 1.28630140E+03 1.51935730E-03
 1.28711160E+03 1.72412320E-03
 1.28792280E+03 2.45837980E-03
 1.28873250E+03 2.08227790E-03
 1.28954320E+03 2.41633120E-03
 1.29035490E+03 2.32944320E-03
 1.29116770E+03 2.27440330E-03
 1.29198150E+03 2.46473250E-03
 1.29279370E+03 2.48999500E-03
 1.29360700E+03 2.48457950E-03
 1.29442130E+03 2.22948060E-03
 1.29523660E+03 2.30170340E-03
 1.29605290E+03 2.46410190E-03
 1.29686770E+03 2.42830540E-03
 1.29768350E+03 2.45502360E-03
 1.29850040E+03 2.45639270E-03
 1.29931830E+03 1.90426720E-03
 1.30013720E+03 2.46499460E-03
 1.30095450E+03 2.01125710E-03
 1.30177290E+03 2.37978150E-03
 1.30259240E+03 2.48021670E-03
 1.30341280E+03 7.54036700E-04
 1.30423430E+03 2.47675540E-03
 1.30505420E+03 2.46757490E-03
 1.30587520E+03 2.42889730E-03
 1.30669720E+03 2.40192770E-03
 1.30752030E+03 2.40444000E-03
 1.30834440E+03 2.35434350E-03
 1.30916690E+03 2.05879890E-03
 1.30999040E+03 2.28446260E-03
 1.31081500E+03 2.37709420E-03
 1.31164070E+03 2.06393690E-03
 1.31246730E+03 2.34147180E-03
 1.31329250E+03 2.21839500E-03
 1.31411860E+03 2.38818150E-03
 1.31494580E+03 2.15798620E-03
 1.31577410E+03 2.09668640E-03
 1.31660330E+03 2.42929360E-03
 1.31743110E+03 2.31106420E-03
 1.31825980E+03 2.38428150E-03
 1.31908960E+03 2.23496910E-03
 1.31992050E+03 2.41364820E-03
 1.32075240E+03 1.88911790E-03
 1.32158270E+03 2.36108560E-03
 1.32241410E+03 2.44863380E-03
 1.32324650E+03 1.90582160E-03
 1.32407990E+03 2.26474470E-03
 1.32491450E+03 1.51262170E-03
 1.32574740E+03 2.09354490E-03
 1.32658140E+03 2.40395130E-03
 1.32741640E+03 2.42443310E-03
 1.32825250E+03 2.38308190E-03
 1.32908970E+03 2.40897870E-03
 1.32992520E+03 1.38391880E-03
 1.33076190E+03 2.43270790E-03
 1.33159950E+03 2.05884300E-03
 1.33243830E+03 1.43423690E-03
 1.33327810E+03 2.40904590E-03
 1.33411630E+03 2.41034600E-03
 1.33495550E+03 2.23007280E-03
 1.33579580E+03 4.80602590E-04
 1.33663720E+03 2.22052590E-03
 1.33747960E+03 2.42102490E-03
 1.33832050E+03 2.42015280E-03
 1.33916240E+03 1.52763550E-03
 1.34000530E+03 2.42122690E-03
 1.34084940E+03 2.40957990E-03
 1.34169440E+03 2.37732210E-03
 1.34253790E+03 2.21812460E-03
 1.34338250E+03 1.54258020E-03
 1.34422810E+03 2.04060490E-03
 1.34507480E+03 2.31481910E-03
 1.34592250E+03 2.36629080E-03
 1.34676870E+03 2.29992400E-03
 1.34761590E+03 2.37641310E-03
 1.34846420E+03 2.41226400E-03
 1.34931350E+03 2.24532780E-03
 1.35016400E+03 1.41856650E-03
 1.35101280E+03 2.36643820E-03
 1.35186270E+03 2.38924590E-03
 1.35271360E+03 2.39872380E-03
 1.35356560E+03 2.39198760E-03
 1.35441870E+03 2.40422720E-03
 1.35527020E+03 1.62946590E-03
 1.35612280E+03 1.22707730E-03
 1.35697640E+03 1.54542570E-03
 1.35783110E+03 2.16463470E-03
 1.35868690E+03 2.24603000E-03
 1.35954110E+03 2.35981140E-03
 1.36039640E+03 2.37916210E-03
 1.36125270E+03 1.98659880E-03
 1.36211010E+03 2.09850350E-03
 1.36296860E+03 2.04377260E-03
 1.36382540E+03 2.12183450E-03
 1.36468340E+03 2.36587380E-03
 1.36554240E+03 1.93026390E-03
 1.36640250E+03 2.29033420E-03
 1.36726370E+03 2.35221420E-03
 1.36812330E+03 2.21671900E-03
 1.36898390E+03 2.09844580E-03
 1.36984570E+03 2.37751420E-03
 1.37070850E+03 2.35924020E-03
 1.37157240E+03 1.62603510E-03
 1.37243470E+03 1.63658440E-03
 1.37329800E+03 2.24527290E-03
 1.37416250E+03 1.98957360E-03
 1.37502800E+03 2.27254930E-03
 1.37589460E+03 2.35179340E-03
 1.37675960E+03 2.35184630E-03
 1.37762570E+03 1.59466770E-03
 1.37849290E+03 1.97134160E-03
 1.37936110E+03 2.22046310E-03
 1.38023050E+03 2.33813770E-03
 1.38109820E+03 2.36208820E-03
 1.38196700E+03 2.34878700E-03
 1.38283690E+03 2.33854260E-03
 1.38370790E+03 2.31570970E-03
 1.38458000E+03 1.57251720E-03
 1.38545050E+03 1.05030980E-04
 1.38632200E+03 3.08560630E-06
 1.38719470E+03 1.15026170E-05
 1.38806840E+03 6.98807860E-05
 1.38894330E+03 2.65993360E-04
 1.38981650E+03 5.63262470E-04
 1.39069080E+03 9.63173930E-04
 1.39156620E+03 1.43253370E-03
 1.39244270E+03 1.92775170E-03
 1.39332030E+03 2.41221700E-03
 1.39419620E+03 2.05847550E-03
 1.39507330E+03 5.75933510E-05
 1.39595140E+03 3.25443220E-05
 1.39683070E+03 8.71573440E-05
 1.39771100E+03 2.78745600E-04
 1.39858980E+03 5.68019840E-04
 1.39946960E+03 9.73527010E-04
 1.40035050E+03 1.44754810E-03
 1.40123250E+03 1.99630900E-03
 1.40211570E+03 2.55181470E-03
 1.40299710E+03 4.21764950E-03
 1.40387970E+03 3.91380230E-03
 1.40476340E+03 3.28438750E-03
 1.40564820E+03 2.68453210E-03
 1.40653420E+03 2.78105950E-03
 1.40741840E+03 2.15826550E-03
 1.40830380E+03 2.51741330E-03
 1.40919030E+03 1.91593600E-03
 1.41007790E+03 2.06256140E-03
 1.41096660E+03 2.22566070E-03
 1.41185360E+03 2.24618790E-03
 1.41274180E+03 2.15124870E-03
 1.41363110E+03 2.24234650E-03
 1.41452150E+03 1.76363030E-03
 1.41541300E+03 2.31265050E-03
 1.41630280E+03 2.14589090E-03
 1.41719380E+03 7.56962250E-04
 1.41808590E+03 1.83094350E-03
 1.41897910E+03 2.06558670E-03
 1.41987340E+03 2.01840140E-03
 1.42076600E+03 2.15053670E-03
 1.42165980E+03 1.96328840E-03
 1.42255470E+03 1.81539360E-03
 1.42345070E+03 1.47066680E-03
 1.42434790E+03 6.60148630E-04
 1.42524330E+03 2.27211850E-03
 1.42613990E+03 1.60193990E-03
 1.42703760E+03 2.26202880E-03
 1.42793640E+03 1.11573770E-03
 1.42883640E+03 1.40670600E-03
 1.42973470E+03 2.23251500E-03
 1.43063410E+03 1.71701080E-03
 1.43153460E+03 1.92800330E-03
 1.43243630E+03 1.10893090E-03
 1.43333910E+03 2.13607760E-03
 1.43424020E+03 1.60051740E-03
 1.43514250E+03 2.07171840E-03
 1.43604580E+03 2.06077830E-03
 1.43695040E+03 1.72284990E-03
 1.43785600E+03 1.88071080E-03
 1.43876000E+03 1.18321820E-03
 1.43966500E+03 1.32582960E-03
 1.44057130E+03 1.75224790E-03
 1.44147860E+03 2.26170810E-03
 1.44238710E+03 1.88923910E-03
 1.44329390E+03 2.19503940E-03
 1.44420190E+03 1.97745440E-03
 1.44511100E+03 1.36809630E-03
 1.44602120E+03 1.72579000E-03
 1.44693260E+03 2.23110740E-03
 1.44784220E+03 1.74859360E-03
 1.44875300E+03 1.49382700E-03
 1.44966490E+03 1.94633990E-03
 1.45057800E+03 2.22674230E-03
 1.45149230E+03 1.55392400E-03
 1.45240480E+03 9.62344600E-04
 1.45331850E+03 2.26337510E-03
 1.45423330E+03 2.10043840E-03
 1.45514930E+03 2.24688140E-03
 1.45606640E+03 1.88962180E-03
 1.45698180E+03 2.23346780E-03
 1.45789830E+03 1.32777790E-03
 1.45881600E+03 1.65598970E-03
 1.45973490E+03 1.82965580E-03
 1.46065490E+03 1.49829610E-03
 1.46157320E+03 2.21337060E-03
 1.46249260E+03 1.61354230E-03
 1.46341320E+03 2.09192170E-03
 1.46433500E+03 2.07217480E-03
 1.46525790E+03 2.11247000E-03
 1.46617910E+03 2.25529010E-03
 1.46710140E+03 1.54967950E-03
 1.46802490E+03 1.40989870E-03
 1.46894950E+03 1.12614840E-03
 1.46987540E+03 9.73036770E-04
 1.47079940E+03 2.20917520E-03
 1.47172470E+03 1.60701750E-03
 1.47265110E+03 1.39005530E-03
 1.47357860E+03 1.45940820E-03
 1.47450740E+03 2.21797620E-03
 1.47543440E+03 2.23731440E-03
 1.47636250E+03 1.70705880E-03
 1.47729190E+03 2.24597370E-03
 1.47822240E+03 1.35197460E-03
 1.47915400E+03 1.89385950E-03
 1.48008390E+03 1.79478350E-03
 1.48101500E+03 2.21982860E-03
 1.48194730E+03 2.22308690E-03
 1.48288070E+03 2.22259830E-03
 1.48381530E+03 2.11710420E-03
 1.48474810E+03 1.79452860E-03
 1.48568210E+03 2.22571180E-03
 1.48661730E+03 2.22018110E-03
 1.48755370E+03 2.22717970E-03
 1.48849130E+03 2.12226560E-03
 1.48942700E+03 1.88631350E-03
 1.49036400E+03 2.19367130E-03
 1.49130210E+03 2.20719850E-03
 1.49224140E+03 2.19768890E-03
 1.49318200E+03 2.20190370E-03
 1.49412070E+03 2.20798210E-03
 1.49506060E+03 2.09273350E-03
 1.49600170E+03 2.19882230E-03
 1.49694400E+03 2.14586660E-03
 1.49788740E+03 1.19504450E-03
 1.49882910E+03 1.18567030E-03
 1.49977200E+03 1.31513960E-03
 1.50071600E+03 2.01044300E-03
 1.50166130E+03 1.19501770E-03
 1.50260770E+03 2.19141690E-03
 1.50355240E+03 1.78721630E-03
 1.50449820E+03 1.43194290E-03
 1.50544530E+03 1.37059970E-03
 1.50639350E+03 2.20082520E-03
 1.50734290E+03 2.20210510E-03
 1.50829060E+03 2.19934050E-03
 1.50923940E+03 2.19309960E-03
 1.51018940E+03 2.19025520E-03
 1.51114060E+03 9.83429960E-04
 1.51209300E+03 1.44693080E-03
 1.51304360E+03 1.96745880E-03
 1.51399550E+03 2.16780660E-03
 1.51494850E+03 1.12496030E-03
 1.51590270E+03 2.12835020E-03
 1.51685810E+03 2.13640940E-03
 1.51781170E+03 1.03567850E-03
 1.51876650E+03 1.89584260E-03
 1.51972250E+03 2.14782340E-03
 1.52067980E+03 1.13305490E-03
 1.52163820E+03 1.13524790E-03
 1.52259480E+03 2.16419870E-03
 1.52355260E+03 2.15151340E-03
 1.52451170E+03 1.36356390E-03
 1.52547190E+03 2.14959130E-03
 1.52643330E+03 1.76251920E-03
 1.52739300E+03 1.43036950E-03
 1.52835380E+03 2.15964480E-03
 1.52931590E+03 2.15788520E-03
 1.53027910E+03 7.71396700E-04
 1.53124360E+03 8.16658440E-04
 1.53220630E+03 2.14115410E-03
 1.53317010E+03 9.81662900E-04
 1.53413520E+03 1.55077150E-03
 1.53510150E+03 2.14286070E-03
 1.53606900E+03 2.13148880E-03
 1.53703470E+03 2.12019810E-03
 1.53800160E+03 1.20405880E-03
 1.53896970E+03 5.62298260E-07
 1.53993910E+03 3.31538880E-07
 1.54090970E+03 8.04294750E-07
 1.54187840E+03 1.65892580E-06
 1.54284830E+03 1.48578120E-06
 1.54381950E+03 4.32759110E-06
 1.54479190E+03 2.83816970E-05
 1.54576550E+03 1.14551470E-04
 1.54673730E+03 2.97942910E-04
 1.54771030E+03 5.19932240E-04
 1.54868460E+03 7.65100460E-04
 1.54966000E+03 1.05007970E-03
 1.55063670E+03 1.62273750E-03
 1.55161160E+03 2.90720830E-03
 1.55258760E+03 3.09336820E-03
 1.55356500E+03 2.34034030E-03
 1.55454350E+03 2.70333590E-03
 1.55552330E+03 1.97378760E-03
 1.55650120E+03 1.06609230E-03
 1.55748030E+03 9.49009560E-04
 1.55846070E+03 2.15221890E-03
 1.55944230E+03 1.88193190E-03
 1.56042520E+03 1.17805350E-03
 1.56140620E+03 1.00164360E-03
 1.56238840E+03 9.36713810E-04
 1.56337190E+03 2.06723270E-03
 1.56435660E+03 1.32012440E-03
 1.56534260E+03 1.43793170E-03
 1.56632670E+03 9.42451210E-04
 1.56731200E+03 2.10458660E-03
 1.56829860E+03 8.32062120E-04
 1.56928640E+03 8.36193590E-04
 1.57027550E+03 1.26612850E-03
 1.57126270E+03 7.07018180E-04
 1.57225110E+03 1.82882400E-03
 1.57324080E+03 2.10310700E-03
 1.57423170E+03 2.08899470E-03
 1.57522390E+03 8.20727040E-04
 1.57621420E+03 1.87539860E-03
 1.57720570E+03 7.84154830E-04
 1.57819850E+03 1.59726800E-03
 1.57919260E+03 1.47862170E-03
 1.58018790E+03 9.85516240E-04
 1.58118130E+03 2.10285040E-03
 1.58217600E+03 1.98530080E-03
 1.58317190E+03 1.53100580E-03
 1.58416910E+03 1.21128180E-03
 1.58516760E+03 9.95201770E-04
 1.58616410E+03 1.77123910E-03
 1.58716190E+03 2.08627560E-03
 1.58816100E+03 1.85111690E-03
 1.58916130E+03 1.87771920E-03
 1.59016290E+03 1.62136350E-03
 1.59116260E+03 1.47675870E-03
 1.59216360E+03 1.38990800E-03
 1.59316580E+03 1.81876410E-03
 1.59416930E+03 1.49273600E-03
 1.59517400E+03 1.90002410E-03
 1.59617690E+03 2.06868190E-03
 1.59718100E+03 1.99897730E-03
 1.59818630E+03 2.04739640E-03
 1.59919300E+03 2.06962320E-03
 1.60020090E+03 1.97063370E-03
 1.60120690E+03 8.26525440E-04
 1.60221420E+03 2.02792780E-03
 1.60322270E+03 8.00409440E-04
 1.60423250E+03 1.30046860E-03
 1.60524360E+03 2.07087410E-03
 1.60625280E+03 1.42448410E-03
 1.60726330E+03 2.05665010E-03
 1.60827500E+03 1.88167460E-03
 1.60928800E+03 1.69763680E-03
 1.61030220E+03 9.14419610E-04
 1.61131460E+03 1.72247440E-03
 1.61232820E+03 2.03994210E-03
 1.61334320E+03 1.33467890E-03
 1.61435930E+03 2.06090530E-03
 1.61537680E+03 1.94522800E-03
 1.61639240E+03 2.03793050E-03
 1.61740920E+03 2.05222670E-03
 1.61842730E+03 1.88656320E-03
 1.61944670E+03 1.66302370E-03
 1.62046740E+03 1.34668730E-03
 1.62148610E+03 9.42786410E-04
 1.62250610E+03 1.95449540E-03
 1.62352750E+03 8.88961220E-04
 1.62455010E+03 1.74466070E-03
 1.62557400E+03 2.02583710E-03
 1.62659590E+03 1.56799610E-03
 1.62761920E+03 2.04587320E-03
 1.62864370E+03 1.45260320E-03
 1.62966950E+03 1.82334420E-03
 1.63069660E+03 9.21827800E-04
 1.63172180E+03 9.11041980E-04
 1.63274830E+03 1.95833080E-03
 1.63377610E+03 1.90173970E-03
 1.63480510E+03 1.16419310E-03
 1.63583550E+03 1.00933620E-03
 1.63686390E+03 2.01345400E-03
 1.63789360E+03 1.62192200E-03
 1.63892460E+03 1.94120950E-03
 1.63995690E+03 9.80279990E-04
 1.64099050E+03 1.97457820E-03
 1.64202210E+03 1.92719450E-03
 1.64305510E+03 2.03546690E-03
 1.64408940E+03 1.95641960E-03
 1.64512490E+03 1.23145690E-03
 1.64616180E+03 1.84115290E-03
 1.64719670E+03 9.38097020E-04
 1.64823290E+03 2.02299280E-03
 1.64927040E+03 1.51313470E-03
 1.65030920E+03 1.73722150E-03
 1.65134930E+03 1.99705540E-03
 1.65238750E+03 2.00661230E-03
 1.65342700E+03 8.89180510E-04
 1.65446770E+03 2.00779050E-03
 1.65550980E+03 2.00144740E-03
 1.65655320E+03 9.79106430E-04
 1.65759470E+03 1.67958860E-03
 1.65863740E+03 2.01565330E-03
 1.65968150E+03 2.00366990E-03
 1.66072690E+03 1.50910470E-03
 1.66177360E+03 1.26659100E-03
 1.66281830E+03 2.01159260E-03
 1.66386430E+03 2.01253040E-03
 1.66491170E+03 1.05506040E-03
 1.66596030E+03 1.90694010E-03
 1.66701030E+03 1.30321920E-03
 1.66805830E+03 8.72628700E-04
 1.66910770E+03 1.77754910E-03
 1.67015830E+03 1.62399210E-03
 1.67121030E+03 1.84295750E-03
 1.67226360E+03 1.01916880E-03
 1.67331490E+03 1.15428030E-03
 1.67436750E+03 1.99774460E-03
 1.67542150E+03 1.45157780E-03
 1.67647680E+03 1.06554180E-03
 1.67753340E+03 1.97593920E-03
 1.67858800E+03 1.89783620E-03
 1.67964400E+03 1.98399360E-03
 1.68070130E+03 1.91941020E-03
 1.68175990E+03 1.16280430E-03
 1.68281980E+03 1.95836100E-03
 1.68387780E+03 1.86869950E-03
 1.68493710E+03 1.97551940E-03
 1.68599770E+03 1.71435740E-03
 1.68705960E+03 1.89384900E-03
 1.68812290E+03 1.98522490E-03
 1.68918420E+03 1.97603020E-03
 1.69024680E+03 9.55404940E-04
 1.69131080E+03 1.97379140E-03
 1.69237610E+03 1.90234180E-03
 1.69344270E+03 1.96456420E-03
 1.69450730E+03 1.41224670E-03
 1.69557330E+03 1.67049910E-03
 1.69664060E+03 1.95536940E-03
 1.69770930E+03 1.96124460E-03
 1.69877930E+03 1.06025270E-03
 1.69984730E+03 1.93435020E-03
 1.70091660E+03 1.19085970E-03
 1.70198730E+03 1.92823150E-03
 1.70305930E+03 1.95536740E-03
 1.70413270E+03 1.29978260E-03
 1.70520400E+03 1.94992080E-03
 1.70627670E+03 1.68531610E-03
 1.70735080E+03 8.92993130E-04
 1.70842620E+03 1.89612390E-03
 1.70950290E+03 1.92783170E-03
 1.71057760E+03 1.93192520E-03
 1.71165370E+03 1.88026950E-03
 1.71273110E+03 9.61471900E-04
 1.71380990E+03 1.74808420E-03
 1.71489010E+03 1.73862180E-03
 1.71596820E+03 1.19189210E-03
 1.71704770E+03 9.17172740E-04
 1.71812850E+03 1.27963430E-03
 1.71921070E+03 1.85804230E-03
 1.72029420E+03 2.00408360E-03
 1.72137570E+03 1.58420400E-03
 1.72245860E+03 9.16884040E-04
 1.72354280E+03 1.23293130E-03
 1.72462840E+03 1.02756320E-03
 1.72571540E+03 9.63129690E-04
 1.72680030E+03 1.94007290E-03
 1.72788660E+03 1.93584770E-03
 1.72897430E+03 1.93357990E-03
 1.73006330E+03 1.78199710E-03
 1.73115370E+03 1.23793280E-03
 1.73224200E+03 1.92647900E-03
 1.73333170E+03 1.92126560E-03
 1.73442280E+03 1.85389570E-03
 1.73551520E+03 1.91425060E-03
 1.73660910E+03 1.89081590E-03
 1.73770080E+03 1.85025440E-03
 1.73879400E+03 1.10626150E-03
 1.73988850E+03 1.82471130E-03
 1.74098440E+03 1.51960280E-03
 1.74208170E+03 1.77681220E-03
 1.74317690E+03 1.91435200E-03
 1.74427350E+03 1.48649350E-03
 1.74537140E+03 1.20790380E-03
 1.74647080E+03 1.91789350E-03
 1.74757150E+03 1.87768820E-03
 1.74867020E+03 1.76450940E-03
 1.74977020E+03 1.87607250E-03
 1.75087160E+03 1.89504130E-03
 1.75197440E+03 1.92861330E-03
 1.75307860E+03 9.74106390E-04
 1.75418080E+03 1.90636220E-03
 1.75528430E+03 1.90336370E-03
 1.75638920E+03 1.89946290E-03
 1.75749550E+03 1.89614280E-03
 1.75860310E+03 1.22812130E-03
 1.75970870E+03 1.26140400E-03
 1.76081570E+03 1.41788230E-03
 1.76192410E+03 1.89335740E-03
 1.76303390E+03 1.14093240E-03
 1.76414500E+03 1.87860830E-03
 1.76525410E+03 1.87964020E-03
 1.76636460E+03 1.80185620E-03
 1.76747650E+03 1.74114420E-03
 1.76858970E+03 1.78488950E-03
 1.76970440E+03 1.02485120E-03
 1.77081700E+03 1.88191930E-03
 1.77193100E+03 1.39835700E-03
 1.77304630E+03 1.57145490E-03
 1.77416310E+03 1.83826620E-03
 1.77528130E+03 1.43605410E-03
 1.77639740E+03 1.86791960E-03
 1.77751490E+03 1.86651020E-03
 1.77863370E+03 1.57284260E-03
 1.77975400E+03 1.87082950E-03
 1.78087580E+03 1.68693280E-03
 1.78199540E+03 1.15729390E-03
 1.78311640E+03 1.06163270E-03
 1.78423880E+03 1.86492560E-03
 1.78536260E+03 1.29924690E-03
 1.78648780E+03 1.86237410E-03
 1.78761100E+03 1.84197950E-03
 1.78873550E+03 1.24360620E-03
 1.78986150E+03 1.85378950E-03
 1.79098880E+03 1.44735630E-03
 1.79211760E+03 8.56133000E-04
 1.79324430E+03 1.70592780E-03
 1.79437240E+03 1.85463820E-03
 1.79550190E+03 1.84996610E-03
 1.79663280E+03 1.84023490E-03
 1.79776510E+03 1.79042190E-03
 1.79889540E+03 1.53981630E-03
 1.80002700E+03 1.55797340E-03
 1.80116010E+03 1.80297360E-03
 1.80229450E+03 1.82604710E-03
 1.80343050E+03 1.81130660E-03
 1.80456420E+03 1.30682110E-03
 1.80569940E+03 1.32196200E-03
 1.80683610E+03 1.81394660E-03
 1.80797410E+03 1.77897740E-03
 1.80911360E+03 1.82141580E-03
 1.81025100E+03 1.83589710E-03
 1.81138980E+03 1.63015400E-03
 1.81253000E+03 8.88886290E-04
 1.81367160E+03 1.81941880E-03
 1.81481470E+03 1.83101270E-03
 1.81595560E+03 1.41672840E-03
 1.81709800E+03 1.64811220E-03
 1.81824180E+03 1.82508420E-03
 1.81938710E+03 1.68496260E-03
 1.82053370E+03 1.40234100E-03
 1.82167830E+03 8.86211880E-04
 1.82282420E+03 1.81602150E-03
 1.82397170E+03 1.79156610E-03
 1.82512050E+03 1.59426920E-03
 1.82627080E+03 1.01212620E-03
 1.82741890E+03 1.01056370E-03
 1.82856850E+03 1.78407400E-03
 1.82971950E+03 1.81112330E-03
 1.83087200E+03 1.61923790E-03
 1.83202600E+03 1.81270780E-03
 1.83317770E+03 1.74283680E-03
 1.83433090E+03 1.65929700E-03
 1.83548560E+03 1.80785130E-03
 1.83664170E+03 1.78470160E-03
 1.83779920E+03 1.70367390E-03
 1.83895460E+03 1.64035250E-03
 1.84011150E+03 9.53218200E-04
 1.84126970E+03 1.52470980E-03
 1.84242950E+03 1.68844510E-03
 1.84359070E+03 1.59019640E-03
 1.84474970E+03 1.34186630E-03
 1.84591020E+03 1.65296570E-03
 1.84707220E+03 1.77188300E-03
 1.84823560E+03 1.46662890E-03
 1.84940040E+03 9.33103670E-04
 1.85056310E+03 8.99757510E-04
 1.85172720E+03 1.74957000E-03
 1.85289290E+03 1.64468360E-03
 1.85405990E+03 1.09328160E-03
 1.85522850E+03 1.68515400E-03
 1.85639480E+03 1.78409360E-03
 1.85756260E+03 1.78157140E-03
 1.85873190E+03 1.17139850E-03
 1.85990260E+03 1.19075270E-03
 1.86107490E+03 1.77231170E-03
 1.86224490E+03 1.76959520E-03
 1.86341640E+03 1.67408080E-03
 1.86458930E+03 1.57231650E-03
 1.86576380E+03 1.77056460E-03
 1.86693970E+03 1.67373730E-03
 1.86811340E+03 1.75486210E-03
 1.86928860E+03 1.76662430E-03
 1.87046520E+03 1.76285020E-03
 1.87164340E+03 1.59134410E-03
 1.87282300E+03 1.07391800E-03
 1.87400040E+03 1.07670210E-03
 1.87517930E+03 1.76171680E-03
 1.87635960E+03 1.39908480E-03
 1.87754150E+03 1.62315210E-03
 1.87872480E+03 1.74316420E-03
 1.87990600E+03 1.75044830E-03
 1.88108860E+03 1.53297670E-03
 1.88227260E+03 1.36743780E-03
 1.88345820E+03 1.70102170E-03
 1.88464530E+03 1.10313870E-03
 1.88583010E+03 1.66868820E-03
 1.88701640E+03 1.42178670E-03
 1.88820430E+03 1.47170960E-03
 1.88939360E+03 1.20299880E-03
 1.89058440E+03 9.18209670E-04
 1.89177300E+03 1.73282620E-03
 1.89296300E+03 1.35372960E-03
 1.89415460E+03 1.43401510E-03
 1.89534760E+03 8.32538420E-04
 1.89654220E+03 1.73963910E-03
 1.89773450E+03 1.73661550E-03
 1.89892830E+03 1.19352390E-03
 1.90012360E+03 1.73606990E-03
 1.90132050E+03 1.11962160E-03
 1.90251880E+03 1.63841350E-03
 1.90371490E+03 1.40934120E-03
 1.90491240E+03 1.73093380E-03
 1.90611150E+03 1.72969530E-03
 1.90731210E+03 1.72825000E-03
 1.90851420E+03 1.71762740E-03
 1.90971410E+03 1.60042980E-03
 1.91091540E+03 1.72477240E-03
 1.91211830E+03 1.71412670E-03
 1.91332260E+03 1.57089540E-03
 1.91452850E+03 1.55884180E-03
 1.91573220E+03 1.41068210E-03
 1.91693730E+03 1.70904950E-03
 1.91814390E+03 1.53410510E-03
 1.91935210E+03 1.60887540E-03
 1.92056180E+03 1.56464800E-03
 1.92176920E+03 1.71129420E-03
 1.92297820E+03 8.62812040E-04
 1.92418860E+03 1.45592290E-03
 1.92540060E+03 1.59568270E-03
 1.92661410E+03 1.70753780E-03
 1.92782530E+03 1.70626890E-03
 1.92903810E+03 1.44584670E-03
 1.93025230E+03 1.30156110E-03
 1.93146810E+03 7.85092000E-04
 1.93268550E+03 1.66298130E-03
 1.93390050E+03 1.69975170E-03
 1.93511710E+03 1.69798920E-03
 1.93633510E+03 1.42493630E-03
 1.93755480E+03 1.31752740E-03
 1.93877590E+03 9.28054450E-04
 1.93999480E+03 9.88167660E-04
 1.94121520E+03 1.69182710E-03
 1.94243710E+03 1.68615720E-03
 1.94366060E+03 1.67534580E-03
 1.94488560E+03 1.68762390E-03
 1.94610830E+03 1.64479560E-03
 1.94733260E+03 1.68487850E-03
 1.94855840E+03 1.63103900E-03
 1.94978570E+03 1.64113540E-03
 1.95101460E+03 7.76690320E-04
 1.95224110E+03 1.59911660E-03
 1.95346920E+03 8.28371770E-04
 1.95469890E+03 1.23698410E-03
 1.95593010E+03 1.13332330E-03
 1.95716280E+03 1.15322270E-03
 1.95839320E+03 1.66434390E-03
 1.95962520E+03 1.65300240E-03
 1.96085870E+03 1.11132200E-03
 1.96209380E+03 1.66579000E-03
 1.96333040E+03 1.64394360E-03
 1.96456470E+03 1.60541130E-03
 1.96580060E+03 1.66104930E-03
 1.96703800E+03 1.62207890E-03
 1.96827700E+03 1.54620440E-03
 1.96951750E+03 1.66181770E-03
 1.97075570E+03 1.66049840E-03
 1.97199540E+03 1.31885370E-03
 1.97323680E+03 1.65626100E-03
 1.97447960E+03 1.65481190E-03
 1.97572410E+03 1.50029620E-03
 1.97696620E+03 1.62247900E-03
 1.97820980E+03 1.65185030E-03
 1.97945500E+03 1.54999720E-03
 1.98070180E+03 1.65002190E-03
 1.98195020E+03 1.61935140E-03
 1.98319620E+03 1.64175900E-03
 1.98444380E+03 1.53468220E-03
 1.98569290E+03 1.61325100E-03
 1.98694360E+03 1.42633110E-03
 1.98819590E+03 1.63115620E-03
 1.98944590E+03 1.58415400E-03
 1.99069740E+03 1.56667820E-03
 1.99195040E+03 9.51292400E-04
 1.99320510E+03 1.02191450E-03
 1.99446130E+03 1.59645680E-03
 1.99571520E+03 1.58905270E-03
 1.99697070E+03 1.63157800E-03
 1.99822770E+03 1.60757180E-03
 1.99948630E+03 1.19732330E-03
 2.00074650E+03 1.23585990E-03
 2.00200430E+03 1.27022600E-03
 2.00326370E+03 1.29301210E-03
 2.00452470E+03 1.59010530E-03
 2.00578730E+03 1.20757070E-03
 2.00705150E+03 1.60077940E-03
 2.00831330E+03 1.61183450E-03
 2.00957660E+03 1.61871210E-03
 2.01084160E+03 1.12993520E-03
 2.01210820E+03 1.35354650E-03
 2.01337630E+03 1.08462660E-03
 2.01464210E+03 1.60278900E-03
 2.01590940E+03 1.58392750E-03
 2.01717840E+03 1.60697900E-03
 2.01844890E+03 1.60917790E-03
 2.01972110E+03 1.60976030E-03
 2.02099080E+03 1.55676170E-03
 2.02226220E+03 1.58358970E-03
 2.02353510E+03 1.59079410E-03
 2.02480970E+03 1.60438590E-03
 2.02608590E+03 1.44481960E-03
 2.02735960E+03 1.53170640E-03
 2.02863500E+03 1.59102710E-03
 2.02991190E+03 1.59950160E-03
 2.03119050E+03 1.59820410E-03
 2.03247070E+03 1.59654250E-03
 2.03374850E+03 1.43541770E-03
 2.03502780E+03 1.30942310E-03
 2.03630880E+03 1.59291150E-03
 2.03759140E+03 1.51700110E-03
 2.03887560E+03 1.54156350E-03
 2.04015740E+03 8.35326770E-04
 2.04144080E+03 1.17935160E-03
 2.04272590E+03 1.58341230E-03
 2.04401250E+03 1.52975460E-03
 2.04530080E+03 1.50073020E-03
 2.04658660E+03 1.29140610E-03
 2.04787400E+03 1.52083140E-03
 2.04916310E+03 1.57117370E-03
 2.05045380E+03 1.61005420E-03
 2.05174610E+03 1.38616010E-03
 2.05303600E+03 1.57197450E-03
 2.05432750E+03 1.60402380E-03
 2.05562070E+03 1.59056180E-03
 2.05691540E+03 1.25456170E-03
 2.05821180E+03 1.56448260E-03
 2.05950580E+03 1.60581290E-03
 2.06080130E+03 1.60549750E-03
 2.06209860E+03 1.06448300E-03
 2.06339740E+03 1.60298230E-03
 2.06469790E+03 1.45621300E-03
 2.06599590E+03 1.54941140E-03
 2.06729560E+03 1.42644560E-03
 2.06859690E+03 1.59694130E-03
 2.06989980E+03 1.59637680E-03
 2.07120440E+03 8.16059820E-04
 2.07250650E+03 1.59379600E-03
 2.07381030E+03 1.59250430E-03
 2.07511570E+03 1.58964690E-03
 2.07642270E+03 1.58979430E-03
 2.07773140E+03 1.18408830E-03
 2.07903760E+03 1.58323400E-03
 2.08034550E+03 1.55149580E-03
 2.08165500E+03 1.58464880E-03
 2.08296620E+03 1.53537170E-03
 2.08427900E+03 1.30668870E-03
 2.08558930E+03 1.21651560E-03
 2.08690130E+03 1.53114570E-03
 2.08821490E+03 1.57808490E-03
 2.08953020E+03 1.56552360E-03
 2.09084720E+03 7.66748950E-04
 2.09216160E+03 1.38487690E-03
 2.09347780E+03 1.53381000E-03
 2.09479550E+03 1.55125220E-03
 2.09611500E+03 1.55889830E-03
 2.09743610E+03 1.56899230E-03
 2.09875470E+03 1.56731060E-03
 2.10007500E+03 1.29278170E-03
 2.10139690E+03 1.56507910E-03
 2.10272050E+03 1.56263890E-03
 2.10404580E+03 1.55676570E-03
 2.10536850E+03 1.56133610E-03
 2.10669290E+03 1.55999920E-03
 2.10801900E+03 8.01845870E-04
 2.10934680E+03 1.27204390E-03
 2.11067630E+03 1.54898740E-03
 2.11200320E+03 1.55471200E-03
 2.11333180E+03 1.55128560E-03
 2.11466210E+03 1.33821080E-03
 2.11599400E+03 1.55086700E-03
 2.11732760E+03 1.30658290E-03
 2.11865880E+03 1.54809850E-03
 2.11999160E+03 1.54683820E-03
 2.12132600E+03 1.54470610E-03
 2.12266220E+03 1.54432140E-03
 2.12400000E+03 1.53528180E-03
 2.12500000E+03 1.54206760E-03
 2.13923310E+03 1.52838790E-03
 2.17500000E+03 1.49462720E-03
 2.22500000E+03 1.44891070E-03
 2.23681870E+03 1.43835640E-03
 2.27500000E+03 1.40491600E-03
 2.32500000E+03 1.36263220E-03
 2.34373310E+03 1.34722670E-03
 2.37500000E+03 1.32203840E-03
 2.40111680E+03 1.30149730E-03
 2.42500000E+03 1.28310540E-03
 2.46138090E+03 1.25579980E-03
 2.46141120E+03 1.25578000E-03
 2.48000000E+03 1.24215490E-03
 2.49659840E+03 1.23017280E-03
 2.53283820E+03 1.20460570E-03
 2.57014570E+03 1.17911930E-03
 2.57500000E+03 1.17586410E-03
 2.58921460E+03 1.16641190E-03
 2.60856860E+03 1.15373110E-03
 2.60860260E+03 1.15759510E-03
 2.62500000E+03 1.14690910E-03
 2.67500000E+03 1.11526990E-03
 2.72258120E+03 1.08643980E-03
 2.77500000E+03 1.05605610E-03
 2.82500000E+03 1.02835420E-03
 2.84701560E+03 1.01653620E-03
 2.87500000E+03 1.00183720E-03
 2.95000000E+03 9.64145580E-04
 2.98336920E+03 9.48132710E-04
 3.05000000E+03 9.17461560E-04
 3.05656400E+03 9.14530120E-04
 3.13344070E+03 8.81329960E-04
 3.13348980E+03 8.81927010E-04
 3.15000000E+03 8.75046100E-04
 3.20394980E+03 8.53171340E-04
 3.25000000E+03 8.35204360E-04
 3.27770520E+03 8.24691850E-04
 3.35000000E+03 7.98251190E-04
 3.35493630E+03 7.96495920E-04
 3.39493300E+03 7.82499390E-04
 3.43589480E+03 7.68567610E-04
 3.43595380E+03 7.73551120E-04
 3.45000000E+03 7.68818170E-04
 3.48542270E+03 7.57085290E-04
 3.53639930E+03 7.40691760E-04
 3.55000000E+03 7.36412270E-04
 3.58888920E+03 7.24386670E-04
 3.61572280E+03 7.16266070E-04
 3.62000000E+03 7.14984700E-04
 3.64296070E+03 7.08166140E-04
 3.64302710E+03 7.09845390E-04
 3.64701290E+03 7.08662650E-04
 3.64707940E+03 8.33129580E-04
 3.67132800E+03 8.23711610E-04
 3.69596950E+03 8.14304290E-04
 3.69603780E+03 8.17758900E-04
 3.75000000E+03 7.97583710E-04
 3.85000000E+03 7.62151470E-04
 3.95000000E+03 7.29110740E-04
 4.05085030E+03 6.98036080E-04
 4.15000000E+03 6.69519630E-04
 4.25000000E+03 6.42642260E-04
 4.35000000E+03 6.17505320E-04
 4.48111990E+03 5.86945670E-04
 4.55000000E+03 5.71891890E-04
 4.65000000E+03 5.51159150E-04
 4.75000000E+03 5.31654500E-04
 4.85000000E+03 5.13274020E-04
 4.95000000E+03 4.95922910E-04
 5.01365590E+03 4.85374350E-04
 5.05000000E+03 4.79515120E-04
 5.15000000E+03 4.63972720E-04
 5.25000000E+03 4.49225360E-04
 5.33038740E+03 4.37903670E-04
 5.35000000E+03 4.35209730E-04
 5.45000000E+03 4.21868860E-04
 5.55000000E+03 4.09151610E-04
 5.65000000E+03 3.97012110E-04
 5.68983570E+03 3.92327860E-04
 5.68999760E+03 3.92922080E-04
 5.75000000E+03 3.85987360E-04
 5.85000000E+03 3.74830260E-04
 5.95000000E+03 3.64144740E-04
 6.05000000E+03 3.53900550E-04
 6.15000000E+03 3.44070430E-04
 6.16217930E+03 3.42900270E-04
 6.25000000E+03 3.34629780E-04
 6.35000000E+03 3.25556280E-04
 6.45000000E+03 3.16829690E-04
 6.55000000E+03 3.08431580E-04
 6.65000000E+03 3.00345080E-04
 6.72004620E+03 2.94858030E-04
 6.75000000E+03 2.92554720E-04
 6.85000000E+03 2.85046250E-04
 6.95000000E+03 2.77806520E-04
 7.05000000E+03 2.70823280E-04
 7.15000000E+03 2.64085150E-04
 7.25000000E+03 2.57581480E-04
 7.35000000E+03 2.51302270E-04
 7.38897600E+03 2.48913620E-04
 7.45000000E+03 2.45238110E-04
 7.55000000E+03 2.39380110E-04
 7.65000000E+03 2.33719870E-04
 7.75000000E+03 2.28249370E-04
 7.77599690E+03 2.26857340E-04
 7.85000000E+03 2.22961030E-04
 7.95000000E+03 2.17847590E-04
 8.05000000E+03 2.12902160E-04
 8.15000000E+03 2.08118120E-04
 8.20580150E+03 2.05516340E-04
 8.20613820E+03 2.12299590E-04
 8.25000000E+03 2.10242220E-04
 8.35000000E+03 2.05655350E-04
 8.45000000E+03 2.01208290E-04
 8.55000000E+03 1.96895920E-04
 8.65000000E+03 1.92713340E-04
 8.75000000E+03 1.88655910E-04
 8.85000000E+03 1.84719200E-04
 8.95000000E+03 1.80898940E-04
 9.05000000E+03 1.77191070E-04
 9.15000000E+03 1.73591680E-04
 9.21353280E+03 1.71359530E-04
 9.25000000E+03 1.70097030E-04
 9.35000000E+03 1.66703500E-04
 9.45000000E+03 1.63407610E-04
 9.55000000E+03 1.60206030E-04
 9.65000000E+03 1.57095500E-04
 9.75000000E+03 1.54072960E-04
 9.85000000E+03 1.51135360E-04
 9.95000000E+03 1.48279840E-04
 1.01250000E+04 1.43471800E-04
 1.03750000E+04 1.36996280E-04
 1.05034290E+04 1.33838410E-04
 1.06250000E+04 1.30948770E-04
 1.08750000E+04 1.25293960E-04
 1.11250000E+04 1.19999620E-04
 1.13750000E+04 1.15036370E-04
 1.16250000E+04 1.10377420E-04
 1.18750000E+04 1.05998410E-04
 1.21250000E+04 1.01877210E-04
 1.22132930E+04 1.00479500E-04
 1.23750000E+04 9.79937180E-05
 1.26250000E+04 9.43296870E-05
 1.28750000E+04 9.08685680E-05
 1.31250000E+04 8.75953410E-05
 1.32954860E+04 8.54639010E-05
 1.33750000E+04 8.44963680E-05
 1.36250000E+04 8.15592570E-05
 1.38750000E+04 7.87727350E-05
 1.41250000E+04 7.61265310E-05
 1.44200000E+04 7.31717660E-05
 1.45881050E+04 7.15641650E-05
 1.45882110E+04 7.23066440E-05
 1.46700000E+04 7.15347920E-05
 1.48750000E+04 6.96536940E-05
 1.51250000E+04 6.74584620E-05
 1.53750000E+04 6.53653850E-05
 1.56250000E+04 6.33681730E-05
 1.58750000E+04 6.14610370E-05
 1.60308430E+04 6.03153790E-05
 1.62000000E+04 5.91077000E-05
 1.66000000E+04 5.63921840E-05
 1.70000000E+04 5.38596100E-05
 1.74000000E+04 5.14940900E-05
 1.77902710E+04 4.93335480E-05
 1.78000000E+04 4.92814410E-05
 1.82000000E+04 4.72089520E-05
 1.86000000E+04 4.52651960E-05
 1.90000000E+04 4.34398550E-05
 1.94000000E+04 4.17235950E-05
 1.98000000E+04 4.01079500E-05
 1.99835140E+04 3.93982520E-05
 2.02500000E+04 3.84010650E-05
 2.07500000E+04 3.66304560E-05
 2.12500000E+04 3.49806590E-05
 2.12962490E+04 3.48337660E-05
 2.17500000E+04 3.34408050E-05
 2.22500000E+04 3.20011890E-05
 2.26500000E+04 3.09158060E-05
 2.27935810E+04 3.05397120E-05
 2.27938410E+04 3.06517440E-05
 2.29000000E+04 3.03770200E-05
 2.32500000E+04 2.94971800E-05
 2.37500000E+04 2.83055600E-05
 2.42500000E+04 2.71851170E-05
 2.47500000E+04 2.61301650E-05
 2.52500000E+04 2.51355820E-05
 2.57500000E+04 2.41967560E-05
 2.62500000E+04 2.33095170E-05
 2.67500000E+04 2.24700990E-05
 2.72500000E+04 2.16750850E-05
 2.77500000E+04 2.09213780E-05
 2.82500000E+04 2.02061590E-05
 2.87500000E+04 1.95268580E-05
 2.92500000E+04 1.88811260E-05
 2.97500000E+04 1.82668150E-05
 3.02500000E+04 1.76819470E-05
 3.07500000E+04 1.71247080E-05
 3.12500000E+04 1.65934220E-05
 3.17500000E+04 1.60865410E-05
 3.24000000E+04 1.54617320E-05
 3.34000000E+04 1.45697210E-05
 3.45000000E+04 1.36756700E-05
 3.50017500E+04 1.32953130E-05
 3.55000000E+04 1.29333360E-05
 3.65000000E+04 1.22507850E-05
 3.75000000E+04 1.16218270E-05
 3.85000000E+04 1.10410110E-05
 3.95000000E+04 1.05035300E-05
 4.05000000E+04 1.00051280E-05
 4.15000000E+04 9.54204590E-06
 4.25000000E+04 9.11094890E-06
 4.35000000E+04 8.70888220E-06
 4.45000000E+04 8.33322340E-06
 4.55000000E+04 7.98164220E-06
 4.65000000E+04 7.65206570E-06
 4.75000000E+04 7.34264630E-06
 4.85000000E+04 7.05173510E-06
 5.00000000E+04 6.64688550E-06
 1.20000000E+05 1.22892520E-06
 2.50000000E+05 3.02172030E-07
 5.99999990E+05 6.10912800E-08
 1.00000000E+06 2.48071120E-08
 1.20000000E+07 1.30027440E-09
 2.00000000E+08 1.77977350E-10
 6.00000000E+08 6.43825360E-11
