 WMBASIC, Moont, Westmoquette 2004 (Pauldrach 2003) after SNC 2002
 Z/Z0 1.00 Teff 42.60 logg 4.00 R/R0 10.48 R 7.2889E+11
   Wavelength   Eddington Hnu
 (Angstroms) (erg/s/cm2/Hz/sr)
 5.00000000E+01 1.85435650E-32
 5.48514390E+01 5.22423610E-30
 6.07455020E+01 1.43138740E-27
 6.80587560E+01 4.31787800E-25
 7.00045780E+01 1.67388560E-24
 7.20649380E+01 6.72022610E-24
 7.31412780E+01 1.38072860E-23
 7.42502560E+01 2.92434490E-23
 7.42530130E+01 5.90192050E-23
 7.90441730E+01 7.93534900E-22
 8.44998470E+01 1.09204250E-20
 9.07644620E+01 1.56640190E-19
 9.42585110E+01 6.12704240E-19
 9.80323440E+01 2.50049220E-18
 9.80371490E+01 2.51702240E-18
 9.86216300E+01 3.11290550E-18
 9.92180430E+01 3.86330300E-18
 9.92229650E+01 3.87068920E-18
 1.00018170E+02 5.15538240E-18
 1.00831310E+02 6.90403170E-18
 1.00831820E+02 6.90592180E-18
 1.00955720E+02 7.21966720E-18
 1.00956230E+02 7.24135820E-18
 1.01176410E+02 7.83540670E-18
 1.01176920E+02 7.83806290E-18
 1.02009210E+02 1.05560550E-17
 1.02009730E+02 1.05590410E-17
 1.03240150E+02 1.63936260E-17
 1.04501150E+02 2.57573610E-17
 1.04501690E+02 2.57604690E-17
 1.05314160E+02 3.45042800E-17
 1.06139920E+02 4.64983570E-17
 1.06140480E+02 4.65078290E-17
 1.06715730E+02 5.73054510E-17
 1.07297830E+02 7.08494850E-17
 1.07298410E+02 7.08571600E-17
 1.08067960E+02 9.39434690E-17
 1.08849220E+02 1.25331410E-16
 1.08849820E+02 2.34949990E-16
 1.11066990E+02 4.93377940E-16
 1.13377010E+02 1.08799540E-15
 1.13377660E+02 1.37583500E-15
 1.15811840E+02 2.89525920E-15
 1.18353530E+02 6.59143410E-15
 1.18354230E+02 6.59309170E-15
 1.18948900E+02 8.05393510E-15
 1.19550290E+02 9.89029810E-15
 1.19551000E+02 1.04651620E-14
 1.21713390E+02 2.20070140E-14
 1.23956210E+02 4.94496860E-14
 1.23956980E+02 3.70679980E-14
 1.25291800E+02 5.56025620E-14
 1.26656480E+02 8.52719450E-14
 1.26657280E+02 8.89136250E-14
 1.26797720E+02 9.29095710E-14
 1.26798530E+02 8.62485890E-14
 1.27081660E+02 9.38519870E-14
 1.27082470E+02 8.91113380E-14
 1.27447660E+02 9.89029950E-14
 1.27448480E+02 2.78820740E-13
 1.27944040E+02 3.05875160E-13
 1.27944860E+02 2.99754250E-13
 1.28310670E+02 3.20213420E-13
 1.28311500E+02 3.00908790E-13
 1.29932340E+02 3.95504680E-13
 1.31595520E+02 5.21385680E-13
 1.31596380E+02 5.26529020E-13
 1.32580630E+02 6.19058850E-13
 1.33580600E+02 7.29275610E-13
 1.33581490E+02 7.99720330E-13
 1.34475920E+02 9.22255150E-13
 1.35383330E+02 1.06552740E-12
 1.35384240E+02 1.47010180E-12
 1.38164970E+02 2.12914970E-12
 1.41063320E+02 3.08394950E-12
 1.41064320E+02 3.02118030E-12
 1.41853670E+02 3.33495280E-12
 1.41854680E+02 3.33643590E-12
 1.43685140E+02 4.18841380E-12
 1.45564520E+02 5.28988840E-12
 1.45565580E+02 5.29277940E-12
 1.48089090E+02 7.28330570E-12
 1.50702770E+02 1.03044320E-11
 1.50703910E+02 1.03082110E-11
 1.52594350E+02 1.34715310E-11
 1.54534020E+02 1.80738940E-11
 1.54535210E+02 2.14311750E-11
 1.55996320E+02 2.63386560E-11
 1.57486560E+02 3.29157270E-11
 1.57487800E+02 3.43130790E-11
 1.58750220E+02 4.16072230E-11
 1.60034310E+02 5.11713750E-11
 1.60035590E+02 6.18667240E-11
 1.60224390E+02 6.37078490E-11
 1.60225670E+02 1.17484160E-09
 1.62147230E+02 1.50284470E-09
 1.64116780E+02 1.92290380E-09
 1.64118130E+02 1.93724510E-09
 1.67480830E+02 2.89494180E-09
 1.70985680E+02 4.32104340E-09
 1.70987140E+02 4.31795630E-09
 1.71113420E+02 4.37926230E-09
 1.71114880E+02 4.37380700E-09
 1.71458910E+02 4.54445530E-09
 1.71460380E+02 4.51945670E-09
 1.72433830E+02 5.03118530E-09
 1.72435320E+02 5.00680650E-09
 1.72510760E+02 5.04826020E-09
 1.72512240E+02 4.71651100E-09
 1.73777390E+02 5.40884680E-09
 1.75062760E+02 6.20255190E-09
 1.75064300E+02 6.20366650E-09
 1.77188030E+02 7.74154480E-09
 1.79365540E+02 9.65772960E-09
 1.79367150E+02 9.44839960E-09
 1.81856170E+02 1.20787950E-08
 1.84416950E+02 1.54347690E-08
 1.84418650E+02 1.53813690E-08
 1.85778830E+02 1.74688030E-08
 1.87160980E+02 1.98402050E-08
 1.87162730E+02 1.98577180E-08
 1.88738970E+02 2.29054410E-08
 1.88740750E+02 2.28303090E-08
 1.90123900E+02 2.58251900E-08
 1.90125710E+02 2.57095490E-08
 1.90853060E+02 2.74104750E-08
 1.90854880E+02 2.73997730E-08
 1.92241740E+02 3.09168630E-08
 1.92243590E+02 3.03726990E-08
 1.92420960E+02 3.08418190E-08
 1.92783400E+02 9.15156510E-09
 1.93146520E+02 3.08215120E-08
 1.93510330E+02 3.25703110E-08
 1.93566170E+02 3.24608370E-08
 1.93568040E+02 3.24209730E-08
 1.93874820E+02 3.17889360E-08
 1.94239990E+02 2.47114430E-10
 1.94605860E+02 3.93885810E-10
 1.94617540E+02 4.01961510E-10
 1.94619430E+02 4.01351690E-10
 1.94836520E+02 5.53369800E-10
 1.94838420E+02 5.54642460E-10
 1.94972410E+02 6.51030100E-10
 1.95339650E+02 2.28423760E-10
 1.95707590E+02 5.58552360E-10
 1.95961030E+02 2.67668300E-09
 1.96076220E+02 3.66707840E-09
 1.96445540E+02 7.63505050E-09
 1.96815560E+02 8.32070340E-09
 1.97098590E+02 1.47094890E-08
 1.97100530E+02 1.47542810E-08
 1.97186270E+02 1.67444760E-08
 1.97557690E+02 2.51878570E-08
 1.97929800E+02 2.97625430E-08
 1.98302610E+02 3.70414750E-08
 1.98676130E+02 4.43793640E-08
 1.98877180E+02 4.30589010E-08
 1.99050350E+02 4.18796940E-08
 1.99425280E+02 2.69853280E-08
 1.99800910E+02 1.67676800E-08
 2.00177240E+02 1.84534280E-08
 2.00554290E+02 2.04992850E-08
 2.00688160E+02 1.39136160E-08
 2.00690170E+02 1.38135300E-08
 2.00932050E+02 1.57046950E-09
 2.01310520E+02 9.47323130E-10
 2.01590960E+02 1.57008400E-09
 2.01592990E+02 1.57468840E-09
 2.01689700E+02 1.79538580E-09
 2.02069600E+02 5.17533160E-09
 2.02358650E+02 1.53812140E-08
 2.02360700E+02 1.54378780E-08
 2.02450210E+02 1.86825640E-08
 2.02518850E+02 2.46564480E-08
 2.02520900E+02 2.48364570E-08
 2.02831540E+02 5.26281650E-08
 2.03213580E+02 5.39318180E-08
 2.03596350E+02 4.06818580E-08
 2.03979840E+02 3.33171670E-08
 2.04364050E+02 1.01126620E-08
 2.04748980E+02 9.78545640E-09
 2.05134640E+02 1.92637970E-08
 2.05521020E+02 3.20634100E-10
 2.05908140E+02 1.33975270E-09
 2.06295980E+02 3.85483550E-09
 2.06508510E+02 2.10390250E-09
 2.06684550E+02 6.13089560E-10
 2.07073860E+02 6.52497780E-10
 2.07463890E+02 4.37912720E-09
 2.07854660E+02 1.97768830E-08
 2.08246170E+02 6.31806880E-08
 2.08638420E+02 1.91099240E-07
 2.09031400E+02 2.98084090E-07
 2.09425130E+02 2.58366690E-07
 2.09819590E+02 1.96240860E-07
 2.10214800E+02 1.35401220E-07
 2.10610760E+02 1.18348660E-07
 2.10658520E+02 1.24630540E-07
 2.11007460E+02 1.71724180E-07
 2.11404900E+02 1.13038990E-07
 2.11803100E+02 7.91686530E-09
 2.12202040E+02 2.17373430E-10
 2.12601740E+02 6.92580120E-10
 2.13002190E+02 2.62332200E-09
 2.13403400E+02 2.57543330E-08
 2.13805350E+02 1.11289340E-07
 2.14208070E+02 1.33714920E-07
 2.14611550E+02 6.63761610E-08
 2.14978750E+02 2.72412530E-08
 2.15015780E+02 2.31880340E-08
 2.15420780E+02 1.54540540E-07
 2.15826540E+02 1.69895620E-07
 2.16233060E+02 2.31566750E-07
 2.16640350E+02 3.94863810E-07
 2.17048410E+02 3.52943630E-07
 2.17206010E+02 3.37822010E-07
 2.17457230E+02 3.12994140E-07
 2.17866830E+02 2.61929670E-07
 2.18277200E+02 2.23897580E-07
 2.18688340E+02 2.12791860E-07
 2.19100250E+02 1.78855760E-07
 2.19479890E+02 1.73233970E-07
 2.19482300E+02 1.71691740E-07
 2.19512940E+02 1.71224960E-07
 2.19926410E+02 1.44353200E-07
 2.20340650E+02 2.35636090E-07
 2.20755680E+02 1.70911480E-07
 2.21171490E+02 1.83428930E-07
 2.21588080E+02 1.93598870E-07
 2.22005460E+02 2.03911990E-07
 2.22423620E+02 1.95644760E-07
 2.22502670E+02 2.02706910E-07
 2.22842570E+02 2.33808630E-07
 2.23262310E+02 2.88197460E-07
 2.23682840E+02 2.17779960E-07
 2.24104160E+02 2.05370630E-07
 2.24526270E+02 1.98632280E-07
 2.24949180E+02 2.30620580E-07
 2.25372890E+02 1.98194310E-07
 2.25609880E+02 2.29663870E-07
 2.25612420E+02 2.29208360E-07
 2.25797400E+02 2.54296110E-07
 2.26222700E+02 2.80467150E-07
 2.26648810E+02 1.64101450E-07
 2.26991880E+02 1.88037910E-07
 2.26994450E+02 1.88221160E-07
 2.27075710E+02 1.94027760E-07
 2.27503430E+02 2.28746490E-07
 2.27837820E+02 1.52111310E-07
 2.27840410E+02 3.84777610E-07
 2.27931940E+02 3.30086700E-07
 2.28361270E+02 5.29150980E-07
 2.28791400E+02 9.80946600E-07
 2.29222350E+02 5.85062850E-07
 2.29654100E+02 2.54384000E-08
 2.30086670E+02 1.61522520E-07
 2.30520060E+02 3.40056970E-07
 2.30721440E+02 4.91665600E-07
 2.30954260E+02 6.71464660E-07
 2.31389270E+02 7.59376160E-07
 2.31825110E+02 4.97017070E-07
 2.32261770E+02 3.65438900E-07
 2.32699250E+02 6.89409150E-07
 2.33137550E+02 9.89086610E-07
 2.33576680E+02 1.59798520E-06
 2.33678980E+02 1.56013510E-06
 2.33681710E+02 1.55911810E-06
 2.34016640E+02 1.43148880E-06
 2.34457430E+02 1.47963760E-06
 2.34899040E+02 9.83912540E-07
 2.34985870E+02 9.10761790E-07
 2.35341490E+02 6.03117310E-07
 2.35784770E+02 9.74752480E-07
 2.36228890E+02 2.19009170E-09
 2.36307460E+02 3.19903060E-09
 2.36310250E+02 6.16825610E-09
 2.36673840E+02 1.51426910E-08
 2.37119630E+02 1.62129110E-07
 2.37566270E+02 2.08134390E-07
 2.38013740E+02 3.44127410E-07
 2.38462050E+02 6.33236980E-07
 2.38911210E+02 1.14320880E-06
 2.39361220E+02 2.33177150E-06
 2.39549990E+02 2.24733350E-06
 2.39812070E+02 2.12841610E-06
 2.40263770E+02 1.17498740E-06
 2.40716330E+02 7.23031550E-07
 2.41169730E+02 1.01708390E-06
 2.41623990E+02 1.09761810E-06
 2.42079110E+02 1.99337760E-06
 2.42535080E+02 2.60822810E-06
 2.42882750E+02 2.40302550E-06
 2.42991910E+02 2.33758810E-06
 2.43449600E+02 3.49512630E-06
 2.43908150E+02 2.16598330E-06
 2.44367570E+02 2.10049870E-06
 2.44827850E+02 8.15610520E-08
 2.45289000E+02 4.56143380E-08
 2.45751020E+02 1.28479070E-07
 2.46213910E+02 2.38457560E-07
 2.46309540E+02 2.15452830E-07
 2.46677670E+02 1.25456270E-07
 2.47142310E+02 1.46560500E-07
 2.47607810E+02 1.78925180E-07
 2.48059460E+02 2.12011740E-07
 2.48074200E+02 2.13108590E-07
 2.48541460E+02 4.13109350E-07
 2.49009610E+02 8.72662670E-07
 2.49478640E+02 4.52333920E-06
 2.49834420E+02 4.85592720E-06
 2.49837540E+02 6.02238370E-06
 2.49948550E+02 6.14739930E-06
 2.50419340E+02 4.11440220E-06
 2.50891020E+02 5.17156540E-06
 2.51363590E+02 2.54112240E-06
 2.51553820E+02 2.88171740E-06
 2.51837050E+02 3.39562040E-06
 2.52311400E+02 6.06734820E-06
 2.52786650E+02 1.60174460E-06
 2.53262790E+02 7.19147770E-06
 2.53297040E+02 7.15477570E-06
 2.53300250E+02 8.42083140E-06
 2.53739830E+02 7.83872490E-06
 2.54217760E+02 7.34162330E-07
 2.54600830E+02 1.49809450E-06
 2.54604070E+02 1.64197550E-06
 2.54696600E+02 1.84520010E-06
 2.55176340E+02 4.33751550E-06
 2.55656980E+02 1.16461670E-05
 2.56138530E+02 1.18454990E-05
 2.56620980E+02 1.26311040E-05
 2.56735220E+02 1.29438710E-05
 2.57104340E+02 1.39654870E-05
 2.57588620E+02 1.32771560E-05
 2.58073800E+02 1.06238950E-05
 2.58559900E+02 7.19828110E-06
 2.58905710E+02 6.70761130E-06
 2.58909060E+02 7.06702190E-06
 2.59046920E+02 6.85717610E-06
 2.59534850E+02 5.53799970E-06
 2.60023700E+02 7.97866890E-06
 2.60513470E+02 1.16539110E-05
 2.61004170E+02 1.62420210E-05
 2.61010740E+02 1.60406890E-05
 2.61014140E+02 1.13101230E-05
 2.61378120E+02 5.30327610E-05
 2.61381530E+02 1.12920150E-04
 2.61495790E+02 2.47269310E-05
 2.61988330E+02 4.44016680E-05
 2.62481800E+02 3.16326220E-06
 2.62976210E+02 1.06540210E-05
 2.63471540E+02 9.48115750E-06
 2.63967810E+02 8.65523420E-05
 2.64465010E+02 6.88070970E-06
 2.64575530E+02 6.39498720E-06
 2.64963150E+02 4.68696490E-06
 2.65462220E+02 1.90527620E-05
 2.65962240E+02 7.89925640E-06
 2.66463200E+02 2.66043610E-05
 2.66965100E+02 1.54501630E-05
 2.67467940E+02 1.68322580E-05
 2.67852140E+02 1.10266340E-05
 2.67971740E+02 9.21471670E-06
 2.68476480E+02 5.03622610E-05
 2.68982170E+02 9.04534680E-05
 2.69488820E+02 1.86569650E-04
 2.69996420E+02 5.13846890E-06
 2.70504980E+02 6.92247520E-06
 2.71014490E+02 5.66923500E-06
 2.71210930E+02 6.65256250E-06
 2.71524960E+02 8.22854580E-06
 2.72036400E+02 1.25181400E-05
 2.72548800E+02 5.27661030E-05
 2.72922110E+02 2.22235430E-04
 2.73062160E+02 2.85974740E-04
 2.73576490E+02 6.23255450E-05
 2.74091790E+02 7.69788240E-05
 2.74608060E+02 2.08958000E-04
 2.74655030E+02 1.91126880E-04
 2.74658800E+02 1.96306460E-04
 2.75125310E+02 1.25302030E-05
 2.75643520E+02 3.86629940E-06
 2.76162720E+02 2.46605560E-05
 2.76682890E+02 2.45172610E-05
 2.77204040E+02 1.16952500E-06
 2.77726170E+02 5.51127850E-06
 2.78249290E+02 1.69036200E-05
 2.78773390E+02 2.30592350E-05
 2.79298480E+02 3.28375790E-05
 2.79824550E+02 4.94050730E-05
 2.80351620E+02 1.10008080E-04
 2.80459440E+02 1.05911200E-04
 2.80879680E+02 8.99018870E-05
 2.81408740E+02 2.77820120E-05
 2.81938790E+02 1.61152050E-05
 2.82469840E+02 1.65180170E-05
 2.83001890E+02 2.66834260E-05
 2.83534950E+02 4.63650220E-05
 2.84069000E+02 2.70749740E-05
 2.84604070E+02 1.55187730E-04
 2.85140140E+02 1.99435680E-04
 2.85677220E+02 4.12527480E-05
 2.86215310E+02 2.67574530E-05
 2.86514480E+02 2.62399220E-05
 2.86518580E+02 2.82379060E-05
 2.86754420E+02 2.77979990E-05
 2.87294540E+02 1.33128790E-04
 2.87835680E+02 1.32193040E-04
 2.88377830E+02 2.32665920E-05
 2.88921010E+02 3.15014150E-05
 2.89465220E+02 2.66605820E-05
 2.90010440E+02 2.76514120E-05
 2.90556700E+02 3.23384660E-05
 2.91030630E+02 2.34913610E-05
 2.91103980E+02 2.21186390E-05
 2.91652290E+02 1.70596010E-05
 2.92201640E+02 2.11990830E-05
 2.92752020E+02 2.62048310E-05
 2.93303440E+02 3.06979430E-05
 2.93855900E+02 4.97775020E-05
 2.94409390E+02 5.89701070E-05
 2.94963930E+02 5.25660680E-05
 2.95519520E+02 6.78460070E-05
 2.95691420E+02 6.75103160E-05
 2.95695790E+02 6.75105010E-05
 2.96076150E+02 6.67654550E-05
 2.96633830E+02 7.72774360E-05
 2.97192560E+02 8.72402550E-05
 2.97613730E+02 8.17842500E-05
 2.97752340E+02 7.99842570E-05
 2.98313180E+02 4.67902510E-05
 2.98875070E+02 2.51913900E-04
 2.99438020E+02 5.80886530E-05
 2.99561200E+02 5.66769820E-05
 2.99565690E+02 8.36236940E-05
 2.99930480E+02 7.74330650E-05
 2.99934970E+02 7.74653530E-05
 3.00002030E+02 7.63234990E-05
 3.00567110E+02 5.02732310E-05
 3.01133250E+02 1.87049850E-06
 3.01700450E+02 3.03013570E-05
 3.02141460E+02 6.63959360E-05
 3.02268720E+02 7.68353880E-05
 3.02838070E+02 2.02296200E-04
 3.03408480E+02 2.51206970E-04
 3.03979970E+02 2.08126740E-04
 3.04385280E+02 1.71965440E-04
 3.04389910E+02 1.71560840E-04
 3.04552540E+02 1.57017560E-04
 3.05126190E+02 1.06641760E-04
 3.05700910E+02 4.79668110E-05
 3.06276720E+02 3.68538290E-05
 3.06853610E+02 3.91589410E-05
 3.07431590E+02 4.43353980E-05
 3.08010660E+02 5.32876420E-05
 3.08590820E+02 7.46700880E-05
 3.08844150E+02 2.58198840E-04
 3.09172070E+02 4.96259000E-04
 3.09754420E+02 4.27353500E-05
 3.10337860E+02 7.20149730E-05
 3.10922400E+02 8.77203000E-05
 3.11508050E+02 9.80447350E-05
 3.12094790E+02 1.41109730E-04
 3.12682640E+02 2.01942300E-04
 3.13271600E+02 1.01034340E-04
 3.13435610E+02 1.01609290E-04
 3.13440520E+02 1.02206100E-04
 3.13861670E+02 1.03693170E-04
 3.14452850E+02 3.90809220E-04
 3.15045140E+02 1.22753310E-04
 3.15638550E+02 3.98696790E-04
 3.16233080E+02 4.19373320E-04
 3.16273590E+02 3.93679300E-04
 3.16828720E+02 4.08834110E-05
 3.17425490E+02 4.35230540E-04
 3.18023380E+02 3.59699420E-05
 3.18622400E+02 3.65715850E-05
 3.19163430E+02 1.83759370E-05
 3.19168530E+02 1.90331740E-05
 3.19222550E+02 1.71298590E-05
 3.19823830E+02 6.60741420E-05
 3.20426240E+02 8.17126330E-05
 3.20800100E+02 8.18219570E-05
 3.20805250E+02 8.20328910E-05
 3.21029780E+02 8.20980560E-05
 3.21634460E+02 5.02919200E-05
 3.22240280E+02 4.86421780E-05
 3.22847240E+02 2.53333660E-04
 3.23455350E+02 2.13765450E-04
 3.24064600E+02 1.69453010E-04
 3.24233030E+02 1.65818320E-04
 3.24675000E+02 1.56262720E-04
 3.25286540E+02 1.49789210E-04
 3.25899240E+02 1.08285800E-04
 3.26513100E+02 1.92598280E-04
 3.27128100E+02 4.77247760E-05
 3.27740230E+02 1.13103990E-04
 3.27744270E+02 1.13536740E-04
 3.27745600E+02 1.14103460E-04
 3.27954120E+02 1.63129970E-04
 3.27959500E+02 1.66592400E-04
 3.28361600E+02 2.62563680E-04
 3.28839200E+02 7.67762690E-05
 3.28844600E+02 7.52655300E-05
 3.28980090E+02 2.20473290E-05
 3.29599750E+02 4.61715070E-05
 3.30220570E+02 1.85950270E-04
 3.30842560E+02 1.90825970E-04
 3.30968620E+02 2.51855050E-04
 3.31465730E+02 4.92931880E-04
 3.32090070E+02 3.03022070E-05
 3.32715580E+02 3.26502330E-05
 3.33125800E+02 3.10020070E-05
 3.33131340E+02 3.09807880E-05
 3.33342270E+02 3.01317700E-05
 3.33970150E+02 1.53044610E-05
 3.34599200E+02 1.01473580E-05
 3.35229440E+02 2.08797460E-05
 3.35860870E+02 4.29377020E-05
 3.36493480E+02 6.18152660E-05
 3.37127290E+02 6.93696420E-05
 3.37447320E+02 8.94666140E-05
 3.37762290E+02 1.09276410E-04
 3.38398490E+02 7.38767530E-05
 3.39035890E+02 5.43609180E-05
 3.39674490E+02 2.99131530E-05
 3.40314290E+02 4.30344800E-05
 3.40955290E+02 3.15617730E-05
 3.41597500E+02 1.96140710E-05
 3.41882450E+02 3.47777620E-05
 3.41888290E+02 3.55918560E-05
 3.42240920E+02 5.46538560E-05
 3.42885560E+02 2.33712060E-05
 3.43531410E+02 4.39221300E-04
 3.44178470E+02 7.70620800E-05
 3.44826750E+02 6.18277650E-05
 3.45476260E+02 2.73615000E-05
 3.46126990E+02 6.68302960E-04
 3.46778940E+02 3.65972850E-04
 3.46988970E+02 2.59523410E-04
 3.47432120E+02 3.46134010E-05
 3.48086530E+02 3.03054690E-05
 3.48742180E+02 6.07993050E-04
 3.49399060E+02 5.53680060E-04
 3.50057170E+02 1.26570950E-05
 3.50716530E+02 3.55195660E-05
 3.51377130E+02 1.76634870E-05
 3.52038970E+02 5.36433120E-05
 3.52250350E+02 4.90353610E-05
 3.52256560E+02 4.99461870E-05
 3.52702060E+02 4.00146360E-05
 3.53366400E+02 5.88102430E-04
 3.54031990E+02 4.67303400E-04
 3.54698830E+02 4.07532430E-05
 3.55366930E+02 2.78545950E-05
 3.56036290E+02 2.48776100E-05
 3.56567800E+02 2.17088860E-05
 3.56706900E+02 2.08784940E-05
 3.57378790E+02 1.96835460E-05
 3.58051930E+02 1.92170760E-05
 3.58726350E+02 2.17844090E-05
 3.59402030E+02 2.39718230E-05
 3.60078990E+02 4.10111040E-05
 3.60757220E+02 7.58546880E-05
 3.60992390E+02 8.80715690E-05
 3.61436730E+02 1.11181960E-04
 3.62117530E+02 6.82458000E-05
 3.62799600E+02 8.55594000E-05
 3.63482960E+02 3.29779570E-04
 3.64167600E+02 2.60653080E-05
 3.64853530E+02 2.24183440E-05
 3.65528170E+02 7.89304220E-05
 3.65540760E+02 7.99861300E-05
 3.66229280E+02 8.04655300E-04
 3.66919100E+02 2.93476170E-04
 3.67610220E+02 9.41401320E-04
 3.67839080E+02 6.55197520E-04
 3.68302630E+02 7.48670930E-05
 3.68996360E+02 2.89040180E-05
 3.69691390E+02 8.75698770E-04
 3.70179390E+02 2.97309350E-04
 3.70186240E+02 2.89183260E-04
 3.70387720E+02 5.01228370E-05
 3.71085380E+02 7.06402820E-05
 3.71784340E+02 8.30066110E-05
 3.72484620E+02 5.05092310E-05
 3.73186220E+02 2.36807060E-04
 3.73889140E+02 4.55006650E-05
 3.74593390E+02 2.76027270E-05
 3.75000000E+02 6.73668060E-04
 3.75298960E+02 1.14914090E-03
 3.76005860E+02 8.76343810E-05
 3.76714090E+02 5.39193770E-05
 3.77423660E+02 4.18633670E-05
 3.78134560E+02 3.59634700E-05
 3.78846800E+02 1.37888050E-04
 3.79560390E+02 6.81747080E-05
 3.80275310E+02 2.75945500E-04
 3.80991590E+02 7.86401360E-05
 3.81709210E+02 6.06158790E-05
 3.82428190E+02 1.11610050E-04
 3.83148520E+02 3.70961020E-05
 3.83870200E+02 1.52856390E-04
 3.84593250E+02 7.56994450E-05
 3.85317650E+02 8.51588620E-04
 3.86043430E+02 5.74992310E-04
 3.86770560E+02 1.85548320E-04
 3.87499070E+02 9.20482420E-05
 3.87886570E+02 4.16014250E-04
 3.88228950E+02 7.02486900E-04
 3.88960210E+02 1.10441850E-04
 3.89692840E+02 4.73848320E-05
 3.90426850E+02 1.35614710E-04
 3.91162250E+02 6.97627720E-05
 3.91899030E+02 7.18964710E-04
 3.92637200E+02 1.21061800E-04
 3.93376760E+02 1.01433420E-04
 3.94117710E+02 9.77079490E-04
 3.94860060E+02 1.02975440E-04
 3.95000000E+02 9.40608600E-05
 3.95603800E+02 5.55701230E-05
 3.96348950E+02 8.05593090E-05
 3.97095500E+02 9.45813850E-05
 3.97843450E+02 1.73307680E-04
 3.98592820E+02 1.16828660E-03
 3.99343590E+02 1.24825160E-03
 4.00095790E+02 1.75970160E-04
 4.00849390E+02 1.90579730E-04
 4.01604420E+02 1.23529580E-03
 4.02360870E+02 1.19076310E-03
 4.03118740E+02 2.24928540E-04
 4.03878040E+02 1.28620830E-03
 4.04638780E+02 1.33720770E-03
 4.05400940E+02 1.07279850E-03
 4.06164540E+02 6.30242730E-04
 4.06929580E+02 8.81401810E-05
 4.07372880E+02 1.23634970E-04
 4.07696060E+02 1.49526640E-04
 4.08463980E+02 3.17249120E-04
 4.09233350E+02 4.60238950E-04
 4.10004170E+02 6.71357040E-04
 4.10776440E+02 6.57038340E-04
 4.11550160E+02 6.05974990E-04
 4.12325350E+02 5.03764430E-04
 4.13101990E+02 1.48273640E-03
 4.13880090E+02 1.28009830E-03
 4.14000000E+02 1.22019030E-03
 4.14659660E+02 8.90430100E-04
 4.15440700E+02 3.02606010E-04
 4.16223210E+02 3.27671990E-04
 4.17007200E+02 1.38809260E-03
 4.17792660E+02 1.39541360E-03
 4.18579600E+02 2.64735920E-04
 4.19368020E+02 9.90348750E-04
 4.20157930E+02 1.99154450E-04
 4.20949330E+02 9.42356560E-04
 4.21742210E+02 4.58941530E-04
 4.22000000E+02 3.64772860E-04
 4.22536590E+02 1.68667080E-04
 4.23332470E+02 5.42416040E-04
 4.24129840E+02 6.06757410E-04
 4.24928720E+02 2.06886870E-04
 4.25729100E+02 4.60252850E-04
 4.26530990E+02 1.26254820E-03
 4.27334390E+02 1.38106340E-03
 4.28139310E+02 1.32353380E-03
 4.28920620E+02 6.61173210E-04
 4.28945740E+02 6.39869580E-04
 4.29753680E+02 6.31817570E-04
 4.30563150E+02 6.65362760E-04
 4.31374150E+02 5.58467290E-04
 4.32186670E+02 8.66440220E-04
 4.33000720E+02 6.39046570E-04
 4.33816310E+02 1.15543960E-03
 4.34633430E+02 2.36634230E-04
 4.35452090E+02 3.25206110E-04
 4.36272300E+02 2.99669740E-04
 4.37094040E+02 5.96887920E-04
 4.37917340E+02 1.28041350E-03
 4.38742190E+02 3.00647170E-04
 4.39568590E+02 3.64822880E-06
 4.40396540E+02 2.11098090E-05
 4.40572520E+02 7.56503280E-05
 4.41226060E+02 2.78263030E-04
 4.42057140E+02 7.34747390E-04
 4.42889780E+02 9.11002050E-04
 4.43724000E+02 1.39586990E-03
 4.44559780E+02 1.06716680E-03
 4.45397140E+02 7.60096460E-04
 4.46236070E+02 4.63567090E-04
 4.47076590E+02 8.80691250E-04
 4.47918690E+02 7.09426830E-04
 4.48762370E+02 3.98882890E-04
 4.49607650E+02 2.89571100E-04
 4.50454510E+02 2.18567950E-04
 4.51302980E+02 2.76736020E-04
 4.52153040E+02 1.10242140E-03
 4.52875170E+02 1.42167810E-03
 4.52885420E+02 1.42631940E-03
 4.53004700E+02 1.47906560E-03
 4.53857960E+02 1.69364520E-04
 4.54712830E+02 4.05445420E-04
 4.55569320E+02 7.64836090E-04
 4.56427410E+02 1.38603230E-03
 4.56474270E+02 1.41310340E-03
 4.57287120E+02 1.88283290E-03
 4.58148450E+02 9.85357320E-05
 4.59011410E+02 4.92481610E-04
 4.59875990E+02 8.81625750E-04
 4.60131030E+02 1.05057800E-03
 4.60141610E+02 1.06047290E-03
 4.60500780E+02 1.29907520E-03
 4.60511380E+02 1.30612210E-03
 4.60742190E+02 1.45947680E-03
 4.61610030E+02 2.02962270E-03
 4.62479510E+02 1.86803510E-03
 4.63350620E+02 1.60616850E-03
 4.63872020E+02 1.53454750E-03
 4.63882780E+02 1.53309590E-03
 4.64223370E+02 1.48630280E-03
 4.65097770E+02 1.98191450E-03
 4.65973810E+02 1.03789010E-03
 4.66851500E+02 1.23815540E-03
 4.67730850E+02 6.15628420E-04
 4.68011200E+02 5.54574130E-04
 4.68611850E+02 4.23748670E-04
 4.69494510E+02 1.56274640E-03
 4.70378840E+02 1.44174120E-03
 4.71264830E+02 5.03704250E-04
 4.72152490E+02 1.56570200E-03
 4.72224910E+02 1.57302800E-03
 4.72236060E+02 1.57415620E-03
 4.73041820E+02 1.65566610E-03
 4.73932820E+02 1.22756690E-03
 4.74825510E+02 1.29652720E-03
 4.75719870E+02 1.37860810E-03
 4.76615920E+02 9.14594960E-04
 4.77513660E+02 1.45513810E-03
 4.78413090E+02 1.30441140E-03
 4.78684420E+02 1.03931150E-03
 4.79314210E+02 4.23931810E-04
 4.80217030E+02 2.52823330E-04
 4.81121560E+02 2.31807090E-04
 4.82027780E+02 2.45166220E-04
 4.82935710E+02 1.99615660E-04
 4.83845350E+02 4.64011240E-04
 4.84756710E+02 6.44570240E-04
 4.85323100E+02 7.94669650E-04
 4.85334880E+02 7.97796800E-04
 4.85669780E+02 8.86554400E-04
 4.86584570E+02 1.70162160E-03
 4.87501090E+02 1.67359020E-03
 4.88083090E+02 1.64693400E-03
 4.88419330E+02 1.63153180E-03
 4.89339300E+02 1.06062770E-03
 4.90261000E+02 1.34607740E-03
 4.90874640E+02 1.34673880E-03
 4.90886690E+02 1.34849080E-03
 4.91184440E+02 1.34880950E-03
 4.92109620E+02 9.92731680E-04
 4.93036540E+02 1.71883080E-03
 4.93965210E+02 1.32594160E-03
 4.94895630E+02 1.19799120E-03
 4.95263790E+02 1.40864310E-03
 4.95827800E+02 1.73135120E-03
 4.96761720E+02 1.70342350E-03
 4.97697410E+02 1.69663400E-03
 4.98634850E+02 1.73353550E-03
 4.99574060E+02 8.43979700E-04
 4.99732140E+02 9.97002910E-04
 4.99744630E+02 1.01509450E-03
 5.00515050E+02 1.76527060E-03
 5.01457800E+02 1.29460190E-03
 5.02402330E+02 1.18541670E-03
 5.03348640E+02 8.38903750E-04
 5.04273720E+02 7.02674060E-04
 5.04286430E+02 7.17873910E-04
 5.04296730E+02 7.16319900E-04
 5.05246610E+02 9.37544450E-04
 5.06198270E+02 1.37397610E-03
 5.07151730E+02 2.04647660E-03
 5.08106980E+02 4.71737190E-04
 5.08589050E+02 6.86347050E-04
 5.08601990E+02 6.92110370E-04
 5.09064040E+02 8.97766640E-04
 5.10022890E+02 9.82212010E-04
 5.10983560E+02 1.30750360E-03
 5.11946030E+02 1.66161610E-03
 5.12052960E+02 1.73282000E-03
 5.12066070E+02 1.75049220E-03
 5.12910310E+02 2.31539970E-03
 5.13876410E+02 2.37634860E-03
 5.14844340E+02 2.03188310E-03
 5.15814080E+02 9.82809210E-04
 5.16785650E+02 1.84682980E-03
 5.17759050E+02 1.83658880E-03
 5.18734280E+02 1.60579650E-03
 5.19711360E+02 1.88463590E-03
 5.20690270E+02 1.82395950E-03
 5.21671020E+02 1.21830680E-03
 5.22653620E+02 9.25728590E-04
 5.22811300E+02 1.01886170E-03
 5.23638080E+02 1.50705880E-03
 5.24624390E+02 1.69070870E-03
 5.25612550E+02 8.02842720E-04
 5.26602580E+02 1.84218800E-03
 5.27594470E+02 3.10050880E-04
 5.28588230E+02 7.24268350E-04
 5.29583860E+02 8.80585520E-04
 5.30000000E+02 1.27718900E-03
 5.30581370E+02 1.83109010E-03
 5.31580750E+02 1.86362670E-03
 5.32582020E+02 1.71092490E-03
 5.33585170E+02 1.58282770E-03
 5.34031420E+02 1.51828750E-03
 5.34045680E+02 1.51622550E-03
 5.34590220E+02 1.43749350E-03
 5.35597150E+02 1.60347060E-03
 5.36605990E+02 1.67868490E-05
 5.37616720E+02 2.41216010E-05
 5.38629360E+02 8.44146480E-07
 5.39643900E+02 4.07285260E-05
 5.40660360E+02 2.49133650E-04
 5.41678730E+02 5.72594670E-04
 5.42699020E+02 1.09779890E-03
 5.43721230E+02 6.49116710E-04
 5.44745360E+02 1.11656410E-03
 5.44984220E+02 1.17752010E-03
 5.45771430E+02 1.37833770E-03
 5.46799430E+02 2.36776140E-04
 5.47829360E+02 5.29355860E-04
 5.48861230E+02 2.26177820E-06
 5.49895050E+02 1.45889420E-06
 5.50000000E+02 3.13579480E-06
 5.50930810E+02 1.80027650E-05
 5.51968530E+02 1.23471990E-04
 5.53008200E+02 3.06814940E-04
 5.54049830E+02 8.07566250E-04
 5.55093420E+02 1.32349820E-03
 5.56138970E+02 2.48668630E-03
 5.56395710E+02 2.37304560E-03
 5.56411190E+02 2.36620530E-03
 5.57186500E+02 2.02316430E-03
 5.58236000E+02 1.67065070E-03
 5.59287470E+02 1.90678120E-03
 5.60340930E+02 1.12599590E-03
 5.61396370E+02 6.81492270E-04
 5.62453790E+02 1.82686670E-03
 5.63513210E+02 2.14446150E-03
 5.64574630E+02 2.23613260E-03
 5.65161420E+02 2.11098060E-03
 5.65638040E+02 2.00936430E-03
 5.66703460E+02 1.21089650E-03
 5.67770880E+02 6.83312740E-04
 5.68840320E+02 1.02047440E-03
 5.69911770E+02 8.80140680E-04
 5.70985240E+02 1.10212110E-03
 5.72060720E+02 1.30508010E-03
 5.73138240E+02 2.33261530E-03
 5.74207740E+02 1.77893970E-03
 5.74217780E+02 1.77374040E-03
 5.74224220E+02 1.77392390E-03
 5.75299360E+02 1.80426110E-03
 5.76382980E+02 9.92487360E-04
 5.77468630E+02 1.66433690E-03
 5.78556330E+02 2.04349000E-03
 5.79498500E+02 2.01814030E-03
 5.79515290E+02 2.01771860E-03
 5.79646080E+02 2.01420090E-03
 5.80737890E+02 1.54427720E-03
 5.81831750E+02 4.61520140E-04
 5.82927660E+02 6.41740350E-04
 5.83639650E+02 1.00423040E-03
 5.84025650E+02 1.20066580E-03
 5.85125700E+02 2.20369530E-03
 5.86227820E+02 1.97196940E-03
 5.87332020E+02 2.12895770E-03
 5.87840400E+02 2.05138830E-03
 5.87857680E+02 2.04877930E-03
 5.88438300E+02 1.96022660E-03
 5.89546670E+02 2.49357790E-03
 5.90657120E+02 2.42390530E-03
 5.91769660E+02 1.62308450E-03
 5.92884300E+02 1.46710320E-03
 5.94001030E+02 1.46194420E-03
 5.95119880E+02 1.46108590E-03
 5.96240820E+02 9.46249190E-04
 5.97363880E+02 1.06387610E-03
 5.98489060E+02 1.20063210E-03
 5.99616350E+02 1.43932960E-03
 6.00745770E+02 1.99915250E-03
 6.01877320E+02 3.09628620E-03
 6.03010990E+02 2.37223570E-05
 6.03379230E+02 2.01891010E-05
 6.04146800E+02 1.28276390E-05
 6.05284750E+02 1.18805650E-04
 6.06424850E+02 3.26686930E-04
 6.07567090E+02 7.78630590E-04
 6.08711480E+02 1.72359830E-03
 6.09858030E+02 2.27736170E-03
 6.11006740E+02 2.92463420E-03
 6.12157610E+02 2.56768270E-03
 6.13310650E+02 2.28247800E-03
 6.14465870E+02 1.60771380E-03
 6.15623250E+02 1.03251210E-03
 6.16782820E+02 9.97635030E-04
 6.17944570E+02 2.42433280E-03
 6.19108510E+02 1.59354270E-03
 6.19761850E+02 1.21474930E-03
 6.20274650E+02 9.17589300E-04
 6.21442980E+02 3.65792120E-04
 6.22613510E+02 5.68209420E-04
 6.23786240E+02 2.97162660E-06
 6.24961180E+02 1.05028950E-04
 6.25000000E+02 1.21313310E-04
 6.26138340E+02 5.98626810E-04
 6.27317710E+02 1.07276130E-03
 6.28499310E+02 9.84687010E-04
 6.29683130E+02 1.26612020E-03
 6.30869180E+02 1.23683600E-03
 6.32057460E+02 1.35497510E-03
 6.33247990E+02 2.02621690E-03
 6.34440750E+02 3.23693520E-03
 6.35635760E+02 1.67974500E-03
 6.36833030E+02 6.25124400E-04
 6.37058930E+02 6.22684670E-04
 6.38032550E+02 6.12174980E-04
 6.39234320E+02 8.69104160E-04
 6.40438360E+02 1.49280620E-03
 6.41644670E+02 1.78879520E-03
 6.42853250E+02 2.34576530E-03
 6.44064110E+02 2.11327440E-03
 6.45277250E+02 2.01859770E-03
 6.46074650E+02 1.25720890E-03
 6.46492670E+02 8.58286900E-04
 6.47710380E+02 8.93401900E-04
 6.48930390E+02 1.65108710E-03
 6.50152690E+02 2.14113870E-03
 6.51377300E+02 1.27126800E-03
 6.52604210E+02 2.27477430E-03
 6.53833440E+02 2.00693970E-03
 6.55064980E+02 2.11110640E-03
 6.55349220E+02 1.84291580E-03
 6.55370700E+02 1.82265680E-03
 6.56298840E+02 9.47437850E-04
 6.57535020E+02 2.03279420E-03
 6.58773530E+02 1.94545290E-03
 6.60014370E+02 2.43429570E-03
 6.61257560E+02 2.13749860E-03
 6.62503080E+02 1.48826130E-03
 6.63750950E+02 1.22438440E-03
 6.65001170E+02 4.91743120E-04
 6.65523740E+02 6.03644270E-04
 6.66253740E+02 7.59874190E-04
 6.67508680E+02 7.44976610E-04
 6.68765970E+02 1.17085190E-03
 6.70025640E+02 1.82120300E-03
 6.71287680E+02 2.30610590E-03
 6.72552090E+02 3.09951020E-03
 6.73818890E+02 2.73726900E-03
 6.75088070E+02 2.81874560E-03
 6.76019170E+02 2.67538110E-03
 6.76042020E+02 2.67186460E-03
 6.76359650E+02 2.62298640E-03
 6.77633620E+02 1.50424170E-03
 6.78909980E+02 1.12522400E-03
 6.80188760E+02 2.13583850E-03
 6.81098690E+02 2.23631720E-03
 6.81469940E+02 2.27728730E-03
 6.82753530E+02 2.11618400E-03
 6.84039550E+02 1.48175260E-03
 6.85327980E+02 2.33125970E-03
 6.86255130E+02 2.32601550E-03
 6.86278680E+02 2.32590230E-03
 6.86618840E+02 2.32397900E-03
 6.87912130E+02 2.29055250E-03
 6.89207860E+02 2.29232770E-03
 6.90506030E+02 1.68314220E-03
 6.91806650E+02 2.34556610E-03
 6.93109710E+02 2.33035280E-03
 6.94415230E+02 2.28824840E-03
 6.94942120E+02 2.16534020E-03
 6.95723210E+02 1.98324690E-03
 6.97033650E+02 2.23481110E-03
 6.98346560E+02 2.21457620E-03
 6.99661940E+02 2.31948410E-03
 7.00000000E+02 2.33102900E-03
 7.00979800E+02 2.36446870E-03
 7.02300150E+02 1.32794180E-03
 7.03622970E+02 1.90930890E-03
 7.03851860E+02 1.79865750E-03
 7.04948300E+02 1.26893870E-03
 7.06276110E+02 1.80539350E-03
 7.07606430E+02 2.52080940E-03
 7.08939260E+02 1.52150440E-03
 7.10274590E+02 1.21720070E-03
 7.11612440E+02 1.18178300E-03
 7.12952810E+02 2.79623360E-03
 7.12993030E+02 2.79089620E-03
 7.14295710E+02 2.61813920E-03
 7.15641130E+02 2.61433950E-03
 7.16989090E+02 2.49796950E-03
 7.17653240E+02 2.39727860E-03
 7.18339590E+02 2.29328770E-03
 7.19692630E+02 2.05059340E-03
 7.21048220E+02 2.15240330E-03
 7.22374760E+02 1.94419150E-03
 7.22400860E+02 1.94009890E-03
 7.22406360E+02 1.93923580E-03
 7.23767060E+02 2.24519890E-03
 7.25130320E+02 2.77882150E-03
 7.26496160E+02 2.51716930E-03
 7.27864560E+02 2.22781100E-03
 7.29235540E+02 2.31527890E-03
 7.30000000E+02 2.46220540E-03
 7.30609110E+02 2.57919760E-03
 7.31985260E+02 2.53024220E-03
 7.33364000E+02 2.34572620E-03
 7.34745340E+02 2.42817860E-03
 7.36129280E+02 1.11162260E-03
 7.37515830E+02 2.46940910E-03
 7.38904990E+02 2.44951580E-03
 7.40296770E+02 2.27731900E-03
 7.41691170E+02 2.43966240E-03
 7.43088190E+02 2.45813490E-03
 7.44487850E+02 2.40116420E-03
 7.45483810E+02 2.44557700E-03
 7.45890140E+02 2.46368410E-03
 7.47295080E+02 2.46873280E-03
 7.48702660E+02 2.08699620E-03
 7.50000000E+02 1.81279760E-03
 7.50112890E+02 1.78895360E-03
 7.51525780E+02 1.80292160E-03
 7.52941330E+02 1.69928030E-03
 7.54359540E+02 1.13326330E-03
 7.55780430E+02 2.52775750E-04
 7.57203990E+02 2.78843140E-04
 7.58630240E+02 6.09082990E-06
 7.60059170E+02 9.36916830E-05
 7.61490790E+02 4.43884890E-04
 7.62925110E+02 9.44019090E-04
 7.64362130E+02 1.41592100E-03
 7.65801860E+02 2.49241410E-03
 7.67244300E+02 3.51399330E-03
 7.68689460E+02 2.97553020E-03
 7.70120260E+02 2.25352130E-03
 7.70137330E+02 2.24491050E-03
 7.71587940E+02 1.52255230E-03
 7.73041280E+02 1.20637780E-03
 7.74497350E+02 1.17538370E-03
 7.75956170E+02 2.19763660E-03
 7.77417740E+02 1.29560510E-03
 7.78882050E+02 9.14340070E-04
 7.80349130E+02 8.51490680E-06
 7.81818970E+02 3.73591870E-05
 7.83291580E+02 8.73123190E-06
 7.84766960E+02 6.23258980E-05
 7.86245120E+02 2.76118340E-04
 7.87726070E+02 9.68905380E-04
 7.89209800E+02 2.00398900E-03
 7.90000000E+02 2.82746630E-03
 7.90696330E+02 3.55260020E-03
 7.92185660E+02 3.21853350E-03
 7.93677800E+02 2.79439040E-03
 7.95172740E+02 2.64706790E-03
 7.96440710E+02 2.31687670E-03
 7.96670510E+02 2.25707820E-03
 7.98171090E+02 1.82320930E-03
 7.99674500E+02 1.46182010E-03
 8.01180740E+02 2.02902700E-03
 8.02689820E+02 2.76725950E-03
 8.04201740E+02 2.52723930E-03
 8.05716500E+02 2.57728300E-03
 8.07234130E+02 2.59080550E-03
 8.08754610E+02 2.59210140E-03
 8.10277950E+02 2.54686120E-03
 8.10287330E+02 2.54702100E-03
 8.11804160E+02 2.57285990E-03
 8.13333250E+02 2.57552360E-03
 8.14865220E+02 2.59504980E-03
 8.16400070E+02 2.55935130E-03
 8.17937820E+02 2.52040220E-03
 8.19478460E+02 2.61221200E-03
 8.21022000E+02 2.57025260E-03
 8.22568450E+02 2.52260900E-03
 8.24117810E+02 2.62982950E-03
 8.24623930E+02 2.56236580E-03
 8.24657930E+02 2.55783850E-03
 8.25670090E+02 2.42302710E-03
 8.27225300E+02 2.37359830E-03
 8.28783430E+02 2.48194030E-03
 8.30000000E+02 2.57050900E-03
 8.30344500E+02 2.59556930E-03
 8.31908510E+02 2.64188500E-03
 8.33475470E+02 2.32283530E-03
 8.35045380E+02 9.65083670E-04
 8.36618240E+02 2.82183940E-03
 8.38194070E+02 2.68967960E-03
 8.39772860E+02 2.55704660E-03
 8.41354630E+02 1.77973910E-03
 8.42939380E+02 2.63146450E-03
 8.44527110E+02 2.37828070E-03
 8.44694300E+02 2.40580160E-03
 8.46117840E+02 2.63994250E-03
 8.47711560E+02 2.50829180E-03
 8.49308280E+02 1.60054160E-03
 8.50000000E+02 1.96400580E-03
 8.50908010E+02 2.44071920E-03
 8.52510750E+02 2.67041770E-03
 8.54116510E+02 1.75732060E-03
 8.55725300E+02 2.70719740E-03
 8.57337110E+02 2.20824560E-03
 8.58951960E+02 2.56199250E-03
 8.60569860E+02 2.48803440E-03
 8.62190800E+02 2.69979670E-03
 8.63814790E+02 2.69415480E-03
 8.65441850E+02 1.48933380E-03
 8.65766010E+02 1.72949820E-03
 8.67071970E+02 2.69621550E-03
 8.68705150E+02 2.69884220E-03
 8.70000000E+02 2.69943700E-03
 8.70341420E+02 2.69959300E-03
 8.71980760E+02 2.66508950E-03
 8.73623200E+02 2.70214970E-03
 8.75268730E+02 2.71012070E-03
 8.76917350E+02 2.71583280E-03
 8.78569090E+02 2.71822010E-03
 8.80223930E+02 2.72100100E-03
 8.81881890E+02 2.71202260E-03
 8.83542980E+02 1.43164290E-03
 8.85207190E+02 2.67444980E-03
 8.86874540E+02 2.72456190E-03
 8.87915930E+02 2.73008000E-03
 8.88545020E+02 2.73340910E-03
 8.90218660E+02 2.73513320E-03
 8.91895450E+02 2.73797350E-03
 8.93575390E+02 2.70407040E-03
 8.95258500E+02 2.74377660E-03
 8.96944780E+02 2.74370000E-03
 8.98634240E+02 2.72948760E-03
 8.99421410E+02 2.73984080E-03
 9.00000000E+02 2.74984920E-03
 9.00440900E+02 2.75173800E-03
 9.00882220E+02 2.71088630E-03
 9.01323990E+02 2.50984390E-03
 9.01766180E+02 2.75273140E-03
 9.02208810E+02 2.75334750E-03
 9.02650790E+02 2.70554420E-03
 9.03093200E+02 2.63912950E-03
 9.03536040E+02 2.75702900E-03
 9.03979320E+02 2.75722180E-03
 9.04423040E+02 2.75640330E-03
 9.04866100E+02 2.53568860E-03
 9.05309600E+02 2.75678950E-03
 9.05753530E+02 2.73437870E-03
 9.06197900E+02 1.79917330E-03
 9.06642700E+02 2.75441370E-03
 9.07086850E+02 2.73900440E-03
 9.07531440E+02 2.75604000E-03
 9.07976460E+02 2.75431480E-03
 9.08421920E+02 2.76147660E-03
 9.08867810E+02 2.69173080E-03
 9.09313050E+02 2.76406600E-03
 9.09758730E+02 2.39631550E-03
 9.10204840E+02 2.76171280E-03
 9.10651390E+02 2.76011380E-03
 9.11098380E+02 2.66389770E-03
 9.11544720E+02 2.90898180E-03
 9.11991490E+02 5.28810480E-03
 9.12438700E+02 5.06652470E-03
 9.12886340E+02 4.68526810E-03
 9.13334430E+02 5.07628710E-03
 9.13781860E+02 4.74114240E-03
 9.14229720E+02 2.06016220E-03
 9.14678030E+02 3.36372410E-03
 9.15126780E+02 2.54173010E-03
 9.15575960E+02 1.75318570E-03
 9.16024490E+02 1.16386280E-03
 9.16473460E+02 7.98472650E-04
 9.16922860E+02 5.31400310E-04
 9.17372710E+02 5.03911810E-04
 9.17823000E+02 5.36643860E-04
 9.18272630E+02 6.04071790E-04
 9.18722690E+02 6.92885820E-04
 9.19173200E+02 7.90387700E-04
 9.19624150E+02 8.93375510E-04
 9.20075550E+02 9.98462310E-04
 9.20526280E+02 1.10530990E-03
 9.20977450E+02 1.22150500E-03
 9.21429070E+02 1.35572250E-03
 9.21881120E+02 1.50256080E-03
 9.22333630E+02 1.63124630E-03
 9.22785460E+02 1.43173820E-03
 9.23237740E+02 4.61771790E-04
 9.23690470E+02 2.42388010E-05
 9.24143630E+02 6.80644210E-06
 9.24597250E+02 6.00430180E-06
 9.25050190E+02 9.49274350E-06
 9.25503580E+02 2.16194560E-05
 9.25957420E+02 5.59057120E-05
 9.26411700E+02 1.33629830E-04
 9.26866420E+02 2.77406580E-04
 9.27320480E+02 5.03920520E-04
 9.27774980E+02 8.13833990E-04
 9.28229930E+02 1.19229600E-03
 9.28685330E+02 1.62641150E-03
 9.29141170E+02 2.05551670E-03
 9.29596340E+02 2.48350070E-03
 9.30051960E+02 2.92516430E-03
 9.30508020E+02 3.43189160E-03
 9.30964530E+02 4.00067980E-03
 9.31421490E+02 4.60292720E-03
 9.31877780E+02 5.21705130E-03
 9.32334520E+02 5.73291030E-03
 9.32791700E+02 5.94212160E-03
 9.33249340E+02 7.53872150E-03
 9.33707420E+02 1.00719030E-02
 9.34164830E+02 6.28367580E-03
 9.34622680E+02 1.22156500E-03
 9.35080990E+02 1.98880240E-04
 9.35539750E+02 9.40196580E-05
 9.35998950E+02 6.78028040E-05
 9.36457480E+02 7.37985890E-05
 9.36916460E+02 1.14094010E-04
 9.37375890E+02 2.08122140E-04
 9.37835780E+02 3.74383980E-04
 9.38296110E+02 6.21258240E-04
 9.38755770E+02 9.47659870E-04
 9.39215870E+02 1.33670260E-03
 9.39676430E+02 1.77385450E-03
 9.40137440E+02 2.20204810E-03
 9.40598910E+02 2.62572500E-03
 9.41059690E+02 3.06409930E-03
 9.41520930E+02 3.56696530E-03
 9.41982620E+02 4.12620570E-03
 9.42444760E+02 4.72192780E-03
 9.42907350E+02 5.34533930E-03
 9.43369270E+02 5.89145260E-03
 9.43831640E+02 6.15571030E-03
 9.44294460E+02 6.81599460E-03
 9.44757730E+02 9.60190980E-03
 9.45221470E+02 1.12325560E-02
 9.45684510E+02 1.01376350E-02
 9.46148020E+02 1.04921220E-02
 9.46611980E+02 9.99365780E-03
 9.47076390E+02 9.53188570E-03
 9.47541260E+02 8.94852000E-03
 9.48005440E+02 7.93950100E-03
 9.48470080E+02 7.62961140E-03
 9.48935180E+02 7.76568750E-03
 9.49400730E+02 4.58398250E-03
 9.49866740E+02 4.29586350E-03
 9.50332070E+02 6.82885630E-03
 9.50797850E+02 5.83279310E-03
 9.51264090E+02 4.50704380E-03
 9.51730780E+02 5.53525410E-03
 9.52197940E+02 5.06348500E-03
 9.52664400E+02 4.58133950E-03
 9.53131330E+02 4.77296690E-03
 9.53598710E+02 4.75540870E-03
 9.54066550E+02 4.47319300E-03
 9.54534850E+02 4.46631480E-03
 9.55002460E+02 4.34960500E-03
 9.55470530E+02 5.81804860E-03
 9.55939060E+02 5.36274720E-03
 9.56408050E+02 5.61157550E-03
 9.56877500E+02 5.41994480E-03
 9.57346260E+02 5.40853460E-03
 9.57815480E+02 5.33892350E-03
 9.58285160E+02 5.13802220E-03
 9.58755300E+02 2.23858360E-03
 9.59225900E+02 5.15444190E-03
 9.59695810E+02 3.76544430E-03
 9.60166180E+02 5.12284030E-03
 9.60637010E+02 4.48414930E-03
 9.61108300E+02 5.13082220E-03
 9.61580060E+02 5.15858400E-03
 9.62051120E+02 5.23083670E-03
 9.62522650E+02 4.64508620E-03
 9.62994630E+02 5.13733760E-03
 9.63467090E+02 5.23207330E-03
 9.63940000E+02 4.08048680E-03
 9.64412220E+02 5.10153070E-03
 9.64884900E+02 5.03724620E-03
 9.65358050E+02 4.63014380E-03
 9.65831660E+02 5.10414610E-03
 9.66305730E+02 4.92337390E-03
 9.66779110E+02 4.41319700E-03
 9.67252950E+02 4.85617120E-03
 9.67727260E+02 4.77115440E-03
 9.68202030E+02 3.68648690E-03
 9.68677270E+02 4.97523800E-03
 9.69151810E+02 4.92157600E-03
 9.69626810E+02 4.48044540E-03
 9.70102280E+02 4.87768650E-03
 9.70578220E+02 5.18960440E-03
 9.71054630E+02 5.22365180E-03
 9.71530330E+02 4.29128840E-03
 9.72006500E+02 2.78367480E-03
 9.72483140E+02 2.06450120E-03
 9.72960250E+02 5.30574830E-03
 9.73437820E+02 4.24855760E-03
 9.73914690E+02 5.24135000E-03
 9.74392030E+02 5.21925620E-03
 9.74869840E+02 5.20897980E-03
 9.75348120E+02 5.19430790E-03
 9.75826860E+02 4.87687920E-03
 9.76304900E+02 5.17240700E-03
 9.76783410E+02 4.23490840E-03
 9.77262390E+02 5.19450970E-03
 9.77741850E+02 5.13809750E-03
 9.78221770E+02 2.67712490E-03
 9.78700980E+02 5.29098540E-03
 9.79180670E+02 4.01153260E-03
 9.79660820E+02 4.48591710E-03
 9.80141450E+02 5.40449420E-03
 9.80622550E+02 5.34102770E-03
 9.81102940E+02 5.05712820E-03
 9.81583800E+02 4.86049830E-03
 9.82065140E+02 5.10255010E-03
 9.82546940E+02 5.07141780E-03
 9.83029220E+02 5.03441140E-03
 9.83510790E+02 4.99440360E-03
 9.83992840E+02 3.49677010E-03
 9.84475350E+02 5.07983320E-03
 9.84958340E+02 5.12333980E-03
 9.85441800E+02 4.99743390E-03
 9.85924560E+02 3.96764500E-03
 9.86407780E+02 3.71494560E-03
 9.86891480E+02 2.36948770E-03
 9.87375660E+02 3.66373420E-03
 9.87860310E+02 5.00235020E-03
 9.88344240E+02 4.97111850E-03
 9.88828660E+02 4.99664390E-03
 9.89313540E+02 4.42048940E-03
 9.89798900E+02 2.60002330E-03
 9.90284740E+02 5.10301350E-03
 9.90769870E+02 5.13540090E-03
 9.91255470E+02 3.52700780E-03
 9.91741550E+02 5.11864850E-03
 9.92228100E+02 5.09032570E-03
 9.92715130E+02 4.36070070E-03
 9.93201450E+02 4.81478630E-03
 9.93688240E+02 5.04494790E-03
 9.94175510E+02 5.01340730E-03
 9.94663260E+02 2.76526410E-03
 9.95151480E+02 3.82396160E-03
 9.95638990E+02 5.04366990E-03
 9.96126980E+02 2.95047260E-03
 9.96615450E+02 5.10483020E-03
 9.97104390E+02 4.51609560E-03
 9.97593820E+02 3.94373200E-03
 9.98082520E+02 4.99720700E-03
 9.98571710E+02 4.87826040E-03
 9.99061370E+02 4.98601030E-03
 9.99551520E+02 4.54029760E-03
 1.00004210E+03 5.09200870E-03
 1.00053200E+03 5.13116490E-03
 1.00102240E+03 5.13719100E-03
 1.00151330E+03 5.13887770E-03
 1.00200460E+03 5.13524180E-03
 1.00249650E+03 3.27447210E-03
 1.00298760E+03 5.08389790E-03
 1.00347920E+03 5.05217480E-03
 1.00397120E+03 5.02479150E-03
 1.00446380E+03 4.85355090E-03
 1.00495680E+03 5.01946050E-03
 1.00544910E+03 5.04228250E-03
 1.00594190E+03 2.89602780E-03
 1.00643520E+03 4.96991790E-03
 1.00692900E+03 4.99740050E-03
 1.00742320E+03 5.01076370E-03
 1.00791680E+03 2.55054960E-03
 1.00841080E+03 3.03863180E-03
 1.00890520E+03 4.98306720E-03
 1.00940020E+03 5.00723040E-03
 1.00989570E+03 5.05335570E-03
 1.01039040E+03 2.31098260E-03
 1.01088560E+03 4.64575450E-03
 1.01138130E+03 2.83034800E-03
 1.01187750E+03 4.97331540E-03
 1.01237420E+03 4.99574370E-03
 1.01287010E+03 2.42261160E-03
 1.01336660E+03 5.05276140E-03
 1.01386350E+03 5.08173600E-03
 1.01436090E+03 5.07986930E-03
 1.01485880E+03 3.37008970E-03
 1.01535600E+03 4.13773720E-03
 1.01585360E+03 4.65492170E-03
 1.01635180E+03 5.00932900E-03
 1.01685040E+03 4.29540690E-03
 1.01734950E+03 3.10876710E-03
 1.01784790E+03 2.40717870E-03
 1.01834680E+03 5.06416850E-03
 1.01884610E+03 3.96829570E-03
 1.01934600E+03 5.08974310E-03
 1.01984630E+03 5.08548060E-03
 1.02034590E+03 3.60787310E-03
 1.02084600E+03 5.05523410E-03
 1.02134660E+03 3.93606570E-03
 1.02184770E+03 4.45033090E-03
 1.02234920E+03 4.96205250E-03
 1.02285010E+03 5.05043190E-03
 1.02335140E+03 5.04598050E-03
 1.02385320E+03 3.52285160E-03
 1.02435550E+03 4.50120150E-03
 1.02485830E+03 4.13959050E-03
 1.02536040E+03 2.35805620E-03
 1.02586290E+03 2.52479190E-03
 1.02636600E+03 5.04527730E-03
 1.02686950E+03 5.05469470E-03
 1.02737360E+03 4.21801950E-03
 1.02787690E+03 4.85856650E-03
 1.02838070E+03 5.05805230E-03
 1.02888490E+03 5.06068060E-03
 1.02938970E+03 5.06098060E-03
 1.02989500E+03 5.05994170E-03
 1.03039950E+03 4.21445850E-03
 1.03090450E+03 5.06425110E-03
 1.03141010E+03 5.05970150E-03
 1.03191610E+03 5.00322020E-03
 1.03242260E+03 5.03793510E-03
 1.03292830E+03 5.06055130E-03
 1.03343460E+03 5.00173530E-03
 1.03394140E+03 4.63163690E-03
 1.03444860E+03 4.62162850E-03
 1.03495640E+03 4.44085220E-03
 1.03546340E+03 4.16514270E-03
 1.03597090E+03 4.92638130E-03
 1.03647890E+03 3.61382070E-03
 1.03698740E+03 5.03396000E-03
 1.03749640E+03 5.03541970E-03
 1.03800470E+03 5.04386460E-03
 1.03851340E+03 5.03996510E-03
 1.03902270E+03 4.68444370E-03
 1.03953240E+03 4.99473810E-03
 1.04004270E+03 4.03884310E-03
 1.04055220E+03 5.03359010E-03
 1.04106220E+03 5.04079010E-03
 1.04157270E+03 4.99707840E-03
 1.04208370E+03 5.03063100E-03
 1.04259520E+03 5.03357330E-03
 1.04310590E+03 4.98903590E-03
 1.04361720E+03 4.25345870E-03
 1.04412890E+03 5.02152220E-03
 1.04464120E+03 5.02826390E-03
 1.04515390E+03 4.98390100E-03
 1.04566590E+03 4.84455980E-03
 1.04617840E+03 4.91120510E-03
 1.04669150E+03 4.83599190E-03
 1.04720500E+03 4.88477740E-03
 1.04771900E+03 4.65932540E-03
 1.04823220E+03 4.82583740E-03
 1.04874600E+03 4.92221500E-03
 1.04926030E+03 5.00536590E-03
 1.04977510E+03 4.97383130E-03
 1.05029030E+03 4.98366100E-03
 1.05080490E+03 4.92990220E-03
 1.05131990E+03 4.90031680E-03
 1.05183540E+03 5.00685090E-03
 1.05235140E+03 4.96805630E-03
 1.05286800E+03 5.01927720E-03
 1.05338380E+03 5.00265430E-03
 1.05390010E+03 4.98807040E-03
 1.05441690E+03 4.97213170E-03
 1.05493420E+03 4.96350690E-03
 1.05545200E+03 4.64116310E-03
 1.05596900E+03 3.58738090E-03
 1.05648660E+03 5.04155940E-03
 1.05700460E+03 4.96283230E-03
 1.05752320E+03 4.74121030E-03
 1.05804230E+03 4.63191000E-03
 1.05856060E+03 4.84559300E-03
 1.05907940E+03 4.83811720E-03
 1.05959880E+03 4.91628820E-03
 1.06011860E+03 3.82060460E-03
 1.06063900E+03 4.08600760E-03
 1.06115860E+03 4.66592920E-03
 1.06167870E+03 4.86364830E-03
 1.06219930E+03 4.02474120E-03
 1.06272040E+03 2.04157760E-03
 1.06324200E+03 4.88518600E-03
 1.06376290E+03 4.92183680E-03
 1.06428430E+03 4.93340770E-03
 1.06480620E+03 4.96435200E-03
 1.06532860E+03 4.95353690E-03
 1.06585150E+03 4.87508410E-03
 1.06637360E+03 4.92742060E-03
 1.06689630E+03 4.92730590E-03
 1.06741940E+03 4.92604590E-03
 1.06794310E+03 3.98741890E-03
 1.06846730E+03 4.85938430E-03
 1.06899070E+03 4.93237730E-03
 1.06951470E+03 4.88702680E-03
 1.07003910E+03 3.40741550E-03
 1.07056410E+03 4.96263680E-03
 1.07108960E+03 4.96111460E-03
 1.07161430E+03 4.95752560E-03
 1.07213950E+03 4.51733350E-03
 1.07266530E+03 4.95459560E-03
 1.07319150E+03 4.95034330E-03
 1.07371830E+03 4.94361650E-03
 1.07424430E+03 4.93580010E-03
 1.07477080E+03 4.92829330E-03
 1.07529780E+03 4.90976520E-03
 1.07582540E+03 4.73067240E-03
 1.07635340E+03 4.80775260E-03
 1.07688070E+03 4.80595820E-03
 1.07740850E+03 4.83096040E-03
 1.07793690E+03 4.84591360E-03
 1.07846570E+03 4.82665050E-03
 1.07899510E+03 4.18452660E-03
 1.07952360E+03 4.83865900E-03
 1.08005270E+03 4.84036480E-03
 1.08058240E+03 4.73720140E-03
 1.08111250E+03 4.07247770E-03
 1.08164320E+03 4.00638380E-03
 1.08217300E+03 4.78249710E-03
 1.08270340E+03 4.47781830E-03
 1.08323440E+03 4.46254710E-03
 1.08376580E+03 4.58554630E-03
 1.08429780E+03 4.36769320E-03
 1.08482890E+03 3.66909420E-03
 1.08536060E+03 4.82956200E-03
 1.08589290E+03 4.88381780E-03
 1.08642560E+03 4.89886520E-03
 1.08695890E+03 4.89171770E-03
 1.08749140E+03 4.90225790E-03
 1.08802440E+03 4.88761720E-03
 1.08855790E+03 4.68010280E-03
 1.08909200E+03 4.87027230E-03
 1.08962650E+03 4.66884190E-03
 1.09016030E+03 4.89394420E-03
 1.09069460E+03 4.90910790E-03
 1.09122950E+03 3.54459530E-03
 1.09176480E+03 4.90454990E-03
 1.09230070E+03 4.58847250E-03
 1.09283580E+03 4.69560940E-03
 1.09337140E+03 4.71887860E-03
 1.09390760E+03 4.88263680E-03
 1.09444430E+03 4.88508120E-03
 1.09498150E+03 4.88213880E-03
 1.09551790E+03 4.88139280E-03
 1.09605480E+03 4.61848750E-03
 1.09659230E+03 4.83716640E-03
 1.09713030E+03 4.85975000E-03
 1.09766880E+03 4.85715210E-03
 1.09820650E+03 4.85059580E-03
 1.09874480E+03 4.84405070E-03
 1.09928360E+03 4.83701030E-03
 1.09982290E+03 4.62149940E-03
 1.10036280E+03 4.81835350E-03
 1.10090180E+03 4.82408470E-03
 1.10144140E+03 4.80841670E-03
 1.10198150E+03 4.36281860E-03
 1.10252210E+03 4.80918660E-03
 1.10306330E+03 4.82315110E-03
 1.10360370E+03 4.78052710E-03
 1.10414460E+03 4.74647700E-03
 1.10468600E+03 4.80059780E-03
 1.10522800E+03 4.71454420E-03
 1.10577050E+03 4.77574180E-03
 1.10631220E+03 4.80240090E-03
 1.10685440E+03 4.70100450E-03
 1.10739720E+03 4.81658770E-03
 1.10794050E+03 2.84379450E-03
 1.10848430E+03 3.96126970E-03
 1.10902730E+03 4.82622400E-03
 1.10957090E+03 4.82004070E-03
 1.11011500E+03 4.79087190E-03
 1.11065960E+03 4.01655380E-03
 1.11120480E+03 4.73856460E-03
 1.11174910E+03 4.51759120E-03
 1.11229400E+03 4.56592100E-03
 1.11283940E+03 4.77056120E-03
 1.11338540E+03 4.78824940E-03
 1.11393190E+03 4.78433560E-03
 1.11447760E+03 4.34501770E-03
 1.11502380E+03 3.46419410E-03
 1.11557060E+03 4.71332810E-03
 1.11611790E+03 3.02270580E-03
 1.11666580E+03 4.57215060E-03
 1.11721280E+03 4.30586860E-03
 1.11776040E+03 2.70534760E-03
 1.11830850E+03 4.59415930E-03
 1.11885710E+03 4.78786340E-03
 1.11940630E+03 4.68987570E-03
 1.11995470E+03 4.82442980E-03
 1.12050360E+03 4.84552050E-03
 1.12105310E+03 4.65371140E-03
 1.12160310E+03 4.88256000E-03
 1.12215360E+03 4.80267990E-03
 1.12270330E+03 4.82661010E-03
 1.12325360E+03 4.78469350E-03
 1.12380440E+03 2.33324140E-03
 1.12435570E+03 4.48980560E-03
 1.12490760E+03 4.52697850E-03
 1.12545870E+03 4.55768420E-03
 1.12601030E+03 4.72712150E-03
 1.12656250E+03 4.73181850E-03
 1.12711520E+03 4.64396180E-03
 1.12766840E+03 4.11003790E-03
 1.12822080E+03 2.43257340E-03
 1.12877380E+03 2.12114580E-03
 1.12932730E+03 4.70019870E-03
 1.12988140E+03 4.82404780E-03
 1.13043600E+03 4.72484760E-03
 1.13098980E+03 4.17791120E-03
 1.13154410E+03 4.72864310E-03
 1.13209890E+03 4.78663880E-03
 1.13265440E+03 4.70671720E-03
 1.13321030E+03 4.51654030E-03
 1.13376550E+03 4.66540400E-03
 1.13432110E+03 4.73116790E-03
 1.13487740E+03 4.76951170E-03
 1.13543420E+03 4.76446320E-03
 1.13599150E+03 4.74809490E-03
 1.13654800E+03 4.73546700E-03
 1.13710500E+03 4.72645680E-03
 1.13766260E+03 4.72011390E-03
 1.13822080E+03 4.31656020E-03
 1.13877950E+03 4.74744060E-03
 1.13933730E+03 4.75253120E-03
 1.13989580E+03 4.21681670E-03
 1.14045470E+03 4.75180250E-03
 1.14101420E+03 4.76019630E-03
 1.14157430E+03 4.70875900E-03
 1.14213350E+03 4.71764130E-03
 1.14269330E+03 4.75124810E-03
 1.14325370E+03 4.75089790E-03
 1.14381450E+03 4.72143060E-03
 1.14437600E+03 4.72775550E-03
 1.14493660E+03 4.72394030E-03
 1.14549780E+03 4.74485620E-03
 1.14605950E+03 4.74361710E-03
 1.14662170E+03 4.74198940E-03
 1.14718450E+03 4.71212200E-03
 1.14774650E+03 4.73931100E-03
 1.14830910E+03 4.72396860E-03
 1.14887220E+03 4.57055160E-03
 1.14943580E+03 4.50572550E-03
 1.15000000E+03 4.52138920E-03
 1.15000000E+03 4.52138920E-03
 1.15072300E+03 4.71120510E-03
 1.15144690E+03 4.70936050E-03
 1.15217170E+03 4.71699730E-03
 1.15289740E+03 4.74627220E-03
 1.15362400E+03 4.67771200E-03
 1.15434930E+03 4.72207400E-03
 1.15507540E+03 4.71999930E-03
 1.15580250E+03 2.81220790E-03
 1.15653050E+03 4.71479260E-03
 1.15725940E+03 4.71748140E-03
 1.15798700E+03 4.71599880E-03
 1.15871540E+03 4.70441960E-03
 1.15944480E+03 4.71833250E-03
 1.16017510E+03 4.23735840E-03
 1.16090630E+03 4.71380080E-03
 1.16163620E+03 4.70847660E-03
 1.16236690E+03 4.27739860E-03
 1.16309860E+03 4.69394620E-03
 1.16383120E+03 4.18478520E-03
 1.16456470E+03 3.46693250E-03
 1.16529680E+03 4.58447070E-03
 1.16602990E+03 4.63144990E-03
 1.16676390E+03 4.64360970E-03
 1.16749880E+03 4.32703860E-03
 1.16823460E+03 4.66493890E-03
 1.16896900E+03 2.39193380E-03
 1.16970440E+03 4.63670560E-03
 1.17044070E+03 4.65711740E-03
 1.17117790E+03 4.45679590E-03
 1.17191610E+03 4.67053940E-03
 1.17265280E+03 4.60842460E-03
 1.17339050E+03 4.59561890E-03
 1.17412910E+03 4.51370000E-03
 1.17486870E+03 3.28277910E-03
 1.17560910E+03 3.10579870E-03
 1.17634820E+03 2.97537690E-03
 1.17708820E+03 4.78079860E-03
 1.17782920E+03 3.73297740E-03
 1.17857100E+03 4.64188660E-03
 1.17931380E+03 4.65005880E-03
 1.18005520E+03 4.29727340E-03
 1.18079760E+03 4.64021510E-03
 1.18154090E+03 4.48934980E-03
 1.18228510E+03 4.57394520E-03
 1.18303020E+03 3.19890060E-03
 1.18377400E+03 4.60129500E-03
 1.18451860E+03 2.98379480E-03
 1.18526430E+03 4.61939550E-03
 1.18601080E+03 4.38815930E-03
 1.18675830E+03 4.61959300E-03
 1.18750440E+03 4.56522110E-03
 1.18825140E+03 4.60687160E-03
 1.18899940E+03 4.51035700E-03
 1.18974830E+03 4.60208410E-03
 1.19049820E+03 4.41620550E-03
 1.19124660E+03 4.61258450E-03
 1.19199600E+03 4.61473330E-03
 1.19274630E+03 4.61299350E-03
 1.19349760E+03 4.60731630E-03
 1.19424980E+03 4.57827060E-03
 1.19500060E+03 4.60588050E-03
 1.19575230E+03 4.25674670E-03
 1.19650500E+03 4.58755980E-03
 1.19725870E+03 4.26003830E-03
 1.19801320E+03 4.63955360E-03
 1.19876640E+03 4.62464700E-03
 1.19952050E+03 4.51874700E-03
 1.20027560E+03 4.55910200E-03
 1.20103160E+03 4.58274050E-03
 1.20178860E+03 4.54694590E-03
 1.20254410E+03 4.24765540E-03
 1.20330060E+03 3.79151890E-03
 1.20405800E+03 4.34179630E-03
 1.20481640E+03 4.53443180E-03
 1.20557580E+03 4.00478600E-03
 1.20633370E+03 4.30671720E-03
 1.20709250E+03 4.52211000E-03
 1.20785240E+03 4.53804510E-03
 1.20861320E+03 4.54498670E-03
 1.20937490E+03 4.50916940E-03
 1.21013520E+03 3.61504300E-03
 1.21089650E+03 4.46685560E-03
 1.21165870E+03 4.57013150E-03
 1.21242190E+03 4.52349920E-03
 1.21318600E+03 3.79983960E-03
 1.21394870E+03 3.70072420E-03
 1.21471240E+03 3.82467290E-03
 1.21547700E+03 3.13468770E-03
 1.21624260E+03 4.52102300E-03
 1.21700910E+03 4.12863040E-03
 1.21777420E+03 3.56980500E-03
 1.21854030E+03 4.62731900E-03
 1.21930730E+03 4.55654180E-03
 1.22007530E+03 4.47226010E-03
 1.22084430E+03 3.75802790E-03
 1.22161180E+03 4.53259870E-03
 1.22238030E+03 4.49614020E-03
 1.22314980E+03 4.40265920E-03
 1.22392020E+03 3.82025500E-03
 1.22469160E+03 4.41209180E-03
 1.22546150E+03 4.02334230E-03
 1.22623240E+03 2.24908040E-03
 1.22700430E+03 4.02241190E-04
 1.22777710E+03 5.05651140E-05
 1.22855100E+03 6.56917130E-05
 1.22932330E+03 1.05551900E-04
 1.23009670E+03 1.54775530E-04
 1.23087100E+03 1.75682310E-04
 1.23164620E+03 1.71620130E-04
 1.23242250E+03 1.83644980E-04
 1.23319730E+03 2.22974180E-04
 1.23397310E+03 2.89333680E-04
 1.23474980E+03 3.84643470E-04
 1.23552750E+03 5.15138570E-04
 1.23630620E+03 6.85703160E-04
 1.23708350E+03 9.19843910E-04
 1.23786170E+03 1.26135670E-03
 1.23864090E+03 1.71969900E-03
 1.23942110E+03 2.26401940E-03
 1.24020220E+03 2.78980740E-03
 1.24098190E+03 3.35557700E-03
 1.24176260E+03 4.28820900E-03
 1.24254420E+03 5.66950680E-03
 1.24332690E+03 7.84901800E-03
 1.24411050E+03 6.08293370E-03
 1.24489260E+03 7.01569200E-03
 1.24567580E+03 6.85236300E-03
 1.24645990E+03 6.47504080E-03
 1.24724500E+03 5.84942550E-03
 1.24803110E+03 5.62689970E-03
 1.24881570E+03 4.95220040E-03
 1.24960130E+03 4.91242530E-03
 1.25038790E+03 3.27657250E-03
 1.25117540E+03 4.77070480E-03
 1.25196400E+03 4.60898480E-03
 1.25275110E+03 3.11904740E-03
 1.25353920E+03 3.71592450E-03
 1.25432820E+03 4.46057380E-03
 1.25511830E+03 4.26738870E-03
 1.25590930E+03 4.39866750E-03
 1.25669890E+03 4.39477730E-03
 1.25748940E+03 4.31910790E-03
 1.25828100E+03 4.38472350E-03
 1.25907350E+03 3.97892570E-03
 1.25986710E+03 4.28327290E-03
 1.26065910E+03 3.93186730E-03
 1.26145220E+03 4.23488410E-03
 1.26224620E+03 4.43916690E-03
 1.26304130E+03 4.40689730E-03
 1.26383730E+03 3.69754780E-03
 1.26463190E+03 4.41369530E-03
 1.26542740E+03 4.33805870E-03
 1.26622400E+03 4.41579810E-03
 1.26702150E+03 4.40459750E-03
 1.26782010E+03 3.22646240E-03
 1.26861710E+03 4.35919500E-03
 1.26941520E+03 3.59620240E-03
 1.27021420E+03 3.35522100E-03
 1.27101430E+03 4.04311610E-03
 1.27181540E+03 4.14706080E-03
 1.27261490E+03 3.72122870E-03
 1.27341550E+03 3.72709540E-03
 1.27421710E+03 3.95059830E-03
 1.27501960E+03 4.31562840E-03
 1.27582320E+03 4.29604880E-03
 1.27662530E+03 3.66214260E-03
 1.27742840E+03 4.38491680E-03
 1.27823250E+03 3.49316230E-03
 1.27903760E+03 3.95156820E-03
 1.27984380E+03 4.36110990E-03
 1.28064840E+03 3.41022120E-03
 1.28145400E+03 4.20596500E-03
 1.28226060E+03 3.28776770E-03
 1.28306830E+03 4.29076370E-03
 1.28387690E+03 3.43939110E-03
 1.28468410E+03 4.28944140E-03
 1.28549220E+03 4.36739680E-03
 1.28630140E+03 4.17242740E-03
 1.28711160E+03 3.02608780E-03
 1.28792280E+03 4.33567380E-03
 1.28873250E+03 4.29131580E-03
 1.28954320E+03 4.19951130E-03
 1.29035490E+03 3.87752030E-03
 1.29116770E+03 3.14782640E-03
 1.29198150E+03 3.79881410E-03
 1.29279370E+03 4.29972460E-03
 1.29360700E+03 4.18838650E-03
 1.29442130E+03 4.22496510E-03
 1.29523660E+03 3.51544860E-03
 1.29605290E+03 4.22145990E-03
 1.29686770E+03 3.11871710E-03
 1.29768350E+03 4.22887260E-03
 1.29850040E+03 4.29585090E-03
 1.29931830E+03 4.29243930E-03
 1.30013720E+03 4.27727410E-03
 1.30095450E+03 2.86795840E-03
 1.30177290E+03 3.41133950E-03
 1.30259240E+03 4.28623660E-03
 1.30341280E+03 3.41818910E-03
 1.30423430E+03 4.27912610E-03
 1.30505420E+03 4.27127020E-03
 1.30587520E+03 4.13501540E-03
 1.30669720E+03 3.31885590E-03
 1.30752030E+03 3.49655820E-03
 1.30834440E+03 4.18481540E-03
 1.30916690E+03 4.11227210E-03
 1.30999040E+03 4.05567060E-03
 1.31081500E+03 4.24512620E-03
 1.31164070E+03 3.75058410E-03
 1.31246730E+03 4.24901710E-03
 1.31329250E+03 2.87244520E-03
 1.31411860E+03 4.23190800E-03
 1.31494580E+03 3.49998110E-03
 1.31577410E+03 4.05187140E-03
 1.31660330E+03 4.23285040E-03
 1.31743110E+03 2.95475660E-03
 1.31825980E+03 3.55941510E-03
 1.31908960E+03 4.15290070E-03
 1.31992050E+03 4.06508600E-03
 1.32075240E+03 3.55038490E-03
 1.32158270E+03 3.66128470E-03
 1.32241410E+03 4.21174100E-03
 1.32324650E+03 1.96900420E-03
 1.32407990E+03 4.03504420E-03
 1.32491450E+03 4.03797950E-03
 1.32574740E+03 2.74143410E-03
 1.32658140E+03 4.08414440E-03
 1.32741640E+03 4.15423100E-03
 1.32825250E+03 4.19101800E-03
 1.32908970E+03 3.61207250E-03
 1.32992520E+03 4.19210120E-03
 1.33076190E+03 4.16262280E-03
 1.33159950E+03 2.24735370E-03
 1.33243830E+03 4.08380560E-03
 1.33327810E+03 3.64180450E-03
 1.33411630E+03 3.54633970E-03
 1.33495550E+03 3.13181920E-03
 1.33579580E+03 2.76884860E-03
 1.33663720E+03 3.33688440E-03
 1.33747960E+03 3.33180530E-03
 1.33832050E+03 2.74341210E-03
 1.33916240E+03 4.05596520E-03
 1.34000530E+03 3.75472220E-03
 1.34084940E+03 3.54335410E-03
 1.34169440E+03 3.32012640E-03
 1.34253790E+03 3.03832190E-03
 1.34338250E+03 2.82484770E-03
 1.34422810E+03 4.60324140E-03
 1.34507480E+03 4.33237890E-03
 1.34592250E+03 4.27299240E-03
 1.34676870E+03 4.14492370E-03
 1.34761590E+03 4.13216540E-03
 1.34846420E+03 4.17840890E-03
 1.34931350E+03 4.14816370E-03
 1.35016400E+03 3.87399330E-03
 1.35101280E+03 3.99424090E-03
 1.35186270E+03 4.11734810E-03
 1.35271360E+03 4.14657440E-03
 1.35356560E+03 4.12081990E-03
 1.35441870E+03 4.14077400E-03
 1.35527020E+03 3.11393490E-03
 1.35612280E+03 3.67381260E-03
 1.35697640E+03 3.75251490E-03
 1.35783110E+03 2.80709660E-03
 1.35868690E+03 3.85333940E-03
 1.35954110E+03 4.11242790E-03
 1.36039640E+03 4.10040110E-03
 1.36125270E+03 2.48103750E-03
 1.36211010E+03 4.02574320E-03
 1.36296860E+03 2.69326730E-03
 1.36382540E+03 2.01508740E-03
 1.36468340E+03 2.69538360E-03
 1.36554240E+03 1.49026860E-03
 1.36640250E+03 1.40527490E-03
 1.36726370E+03 1.39908690E-03
 1.36812330E+03 1.81441350E-03
 1.36898390E+03 2.30021340E-03
 1.36984570E+03 2.90569990E-03
 1.37070850E+03 3.64526560E-03
 1.37157240E+03 5.98012000E-03
 1.37243470E+03 5.61479290E-03
 1.37329800E+03 4.66357720E-03
 1.37416250E+03 3.12528950E-03
 1.37502800E+03 4.70188950E-03
 1.37589460E+03 4.32244870E-03
 1.37675960E+03 4.30019500E-03
 1.37762570E+03 3.92952250E-03
 1.37849290E+03 2.55184420E-03
 1.37936110E+03 4.06100120E-03
 1.38023050E+03 3.94257940E-03
 1.38109820E+03 4.07137270E-03
 1.38196700E+03 4.03135540E-03
 1.38283690E+03 3.91120370E-03
 1.38370790E+03 4.02252800E-03
 1.38458000E+03 4.02283990E-03
 1.38545050E+03 4.01928950E-03
 1.38632200E+03 3.87696900E-03
 1.38719470E+03 3.32105220E-03
 1.38806840E+03 2.99479530E-03
 1.38894330E+03 2.68524680E-03
 1.38981650E+03 3.82852200E-03
 1.39069080E+03 2.00874290E-03
 1.39156620E+03 4.00534220E-03
 1.39244270E+03 3.63393190E-03
 1.39332030E+03 3.46968780E-03
 1.39419620E+03 2.74899370E-03
 1.39507330E+03 4.00895600E-03
 1.39595140E+03 3.63994180E-03
 1.39683070E+03 4.01088840E-03
 1.39771100E+03 2.79686940E-03
 1.39858980E+03 4.01336060E-03
 1.39946960E+03 3.99887280E-03
 1.40035050E+03 3.50929990E-03
 1.40123250E+03 2.60816170E-03
 1.40211570E+03 3.88941040E-03
 1.40299710E+03 4.02729970E-03
 1.40387970E+03 3.93603100E-03
 1.40476340E+03 2.76659040E-03
 1.40564820E+03 3.98588280E-03
 1.40653420E+03 3.13271430E-03
 1.40741840E+03 2.31468780E-03
 1.40830380E+03 3.97931510E-03
 1.40919030E+03 2.30633580E-03
 1.41007790E+03 3.84188060E-03
 1.41096660E+03 4.00176740E-03
 1.41185360E+03 3.96291990E-03
 1.41274180E+03 3.98788750E-03
 1.41363110E+03 3.98091550E-03
 1.41452150E+03 3.78938540E-03
 1.41541300E+03 3.93626540E-03
 1.41630280E+03 2.92867090E-03
 1.41719380E+03 3.96514520E-03
 1.41808590E+03 1.89811880E-03
 1.41897910E+03 3.95779000E-03
 1.41987340E+03 3.94793010E-03
 1.42076600E+03 3.13983280E-03
 1.42165980E+03 3.92010940E-03
 1.42255470E+03 3.15901600E-03
 1.42345070E+03 3.95480520E-03
 1.42434790E+03 2.50360420E-03
 1.42524330E+03 3.94661640E-03
 1.42613990E+03 3.90193850E-03
 1.42703760E+03 3.93502450E-03
 1.42793640E+03 3.56956880E-03
 1.42883640E+03 3.82341420E-03
 1.42973470E+03 3.85889140E-03
 1.43063410E+03 2.11233600E-03
 1.43153460E+03 3.93576590E-03
 1.43243630E+03 3.21048620E-03
 1.43333910E+03 3.88400800E-03
 1.43424020E+03 3.92578580E-03
 1.43514250E+03 3.49560580E-03
 1.43604580E+03 3.91855020E-03
 1.43695040E+03 3.52496170E-03
 1.43785600E+03 3.82389430E-03
 1.43876000E+03 3.48923850E-03
 1.43966500E+03 3.81673160E-03
 1.44057130E+03 2.06349300E-03
 1.44147860E+03 3.88994270E-03
 1.44238710E+03 3.90346790E-03
 1.44329390E+03 3.85993990E-03
 1.44420190E+03 3.89340470E-03
 1.44511100E+03 3.34148310E-03
 1.44602120E+03 3.83568870E-03
 1.44693260E+03 3.87548200E-03
 1.44784220E+03 3.83918470E-03
 1.44875300E+03 2.31589140E-03
 1.44966490E+03 3.65827060E-03
 1.45057800E+03 3.55875850E-03
 1.45149230E+03 3.79283480E-03
 1.45240480E+03 3.85194410E-03
 1.45331850E+03 3.82939850E-03
 1.45423330E+03 2.74704990E-03
 1.45514930E+03 3.81127110E-03
 1.45606640E+03 2.45576450E-03
 1.45698180E+03 3.86221840E-03
 1.45789830E+03 3.42982470E-03
 1.45881600E+03 3.83707090E-03
 1.45973490E+03 2.13272820E-03
 1.46065490E+03 2.34958590E-03
 1.46157320E+03 3.84176470E-03
 1.46249260E+03 3.66592390E-03
 1.46341320E+03 3.83595160E-03
 1.46433500E+03 3.68586420E-03
 1.46525790E+03 3.50595110E-03
 1.46617910E+03 3.84184700E-03
 1.46710140E+03 3.57987420E-03
 1.46802490E+03 3.42878440E-03
 1.46894950E+03 1.83938200E-03
 1.46987540E+03 3.83236070E-03
 1.47079940E+03 3.72030510E-03
 1.47172470E+03 3.77221880E-03
 1.47265110E+03 3.51757700E-03
 1.47357860E+03 3.47178840E-03
 1.47450740E+03 3.81544480E-03
 1.47543440E+03 3.80339540E-03
 1.47636250E+03 3.61218730E-03
 1.47729190E+03 3.80592030E-03
 1.47822240E+03 3.17915590E-03
 1.47915400E+03 3.70000280E-03
 1.48008390E+03 3.74050940E-03
 1.48101500E+03 3.80502630E-03
 1.48194730E+03 3.80161240E-03
 1.48288070E+03 3.78216450E-03
 1.48381530E+03 3.79615790E-03
 1.48474810E+03 3.52927330E-03
 1.48568210E+03 3.79252800E-03
 1.48661730E+03 3.72242470E-03
 1.48755370E+03 3.78929400E-03
 1.48849130E+03 3.11874510E-03
 1.48942700E+03 3.73577560E-03
 1.49036400E+03 3.57887110E-03
 1.49130210E+03 3.78135850E-03
 1.49224140E+03 3.72354160E-03
 1.49318200E+03 3.77416020E-03
 1.49412070E+03 3.76953520E-03
 1.49506060E+03 3.76972650E-03
 1.49600170E+03 3.76293850E-03
 1.49694400E+03 3.42039820E-03
 1.49788740E+03 2.82268420E-03
 1.49882910E+03 3.25652640E-03
 1.49977200E+03 3.70873490E-03
 1.50071600E+03 3.63655970E-03
 1.50166130E+03 2.25342040E-03
 1.50260770E+03 3.76472210E-03
 1.50355240E+03 2.64806610E-03
 1.50449820E+03 3.68182210E-03
 1.50544530E+03 3.43706360E-03
 1.50639350E+03 3.74081470E-03
 1.50734290E+03 3.73805540E-03
 1.50829060E+03 3.73480010E-03
 1.50923940E+03 3.73168100E-03
 1.51018940E+03 3.73017930E-03
 1.51114060E+03 3.52637050E-03
 1.51209300E+03 3.72623640E-03
 1.51304360E+03 3.71349080E-03
 1.51399550E+03 3.57167360E-03
 1.51494850E+03 3.65834130E-03
 1.51590270E+03 3.40038620E-03
 1.51685810E+03 3.06552530E-03
 1.51781170E+03 2.34539440E-03
 1.51876650E+03 3.54912680E-03
 1.51972250E+03 3.23019850E-03
 1.52067980E+03 3.11535520E-03
 1.52163820E+03 3.70181000E-03
 1.52259480E+03 3.69767390E-03
 1.52355260E+03 3.69540080E-03
 1.52451170E+03 3.68997840E-03
 1.52547190E+03 3.69179750E-03
 1.52643330E+03 3.67309260E-03
 1.52739300E+03 3.62871870E-03
 1.52835380E+03 3.66474380E-03
 1.52931590E+03 3.67725660E-03
 1.53027910E+03 3.56148680E-03
 1.53124360E+03 2.61284470E-03
 1.53220630E+03 5.63475910E-04
 1.53317010E+03 3.49748540E-05
 1.53413520E+03 3.36143100E-05
 1.53510150E+03 5.46372560E-05
 1.53606900E+03 7.58808390E-05
 1.53703470E+03 1.06109540E-04
 1.53800160E+03 1.72601400E-04
 1.53896970E+03 2.88536900E-04
 1.53993910E+03 4.55938510E-04
 1.54090970E+03 6.69375110E-04
 1.54187840E+03 9.35411370E-04
 1.54284830E+03 1.26604620E-03
 1.54381950E+03 1.63853770E-03
 1.54479190E+03 2.04052310E-03
 1.54576550E+03 2.50382110E-03
 1.54673730E+03 2.99923670E-03
 1.54771030E+03 3.54284940E-03
 1.54868460E+03 4.22962580E-03
 1.54966000E+03 4.83878070E-03
 1.55063670E+03 5.33560070E-03
 1.55161160E+03 6.86257500E-03
 1.55258760E+03 6.53769670E-03
 1.55356500E+03 6.00937300E-03
 1.55454350E+03 5.77124630E-03
 1.55552330E+03 5.08493570E-03
 1.55650120E+03 5.15610220E-03
 1.55748030E+03 4.72032390E-03
 1.55846070E+03 4.65676540E-03
 1.55944230E+03 4.45257010E-03
 1.56042520E+03 4.21959910E-03
 1.56140620E+03 3.44606220E-03
 1.56238840E+03 3.92469790E-03
 1.56337190E+03 3.82778780E-03
 1.56435660E+03 3.72760370E-03
 1.56534260E+03 3.33152690E-03
 1.56632670E+03 3.61496140E-03
 1.56731200E+03 3.59226750E-03
 1.56829860E+03 3.57902990E-03
 1.56928640E+03 3.58082870E-03
 1.57027550E+03 3.13823780E-03
 1.57126270E+03 3.57524740E-03
 1.57225110E+03 2.43212040E-03
 1.57324080E+03 3.57427170E-03
 1.57423170E+03 3.34006520E-03
 1.57522390E+03 3.51913660E-03
 1.57621420E+03 2.38006770E-03
 1.57720570E+03 3.45074710E-03
 1.57819850E+03 3.47692250E-03
 1.57919260E+03 3.34433520E-03
 1.58018790E+03 3.55863380E-03
 1.58118130E+03 3.54866480E-03
 1.58217600E+03 3.54307190E-03
 1.58317190E+03 3.47669940E-03
 1.58416910E+03 3.53055380E-03
 1.58516760E+03 3.54036620E-03
 1.58616410E+03 2.97181490E-03
 1.58716190E+03 3.53805830E-03
 1.58816100E+03 3.53425840E-03
 1.58916130E+03 3.52867740E-03
 1.59016290E+03 3.06241140E-03
 1.59116260E+03 3.48903300E-03
 1.59216360E+03 3.52854280E-03
 1.59316580E+03 3.51532080E-03
 1.59416930E+03 3.51098020E-03
 1.59517400E+03 3.43961510E-03
 1.59617690E+03 3.51152440E-03
 1.59718100E+03 3.50893460E-03
 1.59818630E+03 3.50359920E-03
 1.59919300E+03 3.50837190E-03
 1.60020090E+03 3.50733490E-03
 1.60120690E+03 3.46605720E-03
 1.60221420E+03 3.49558450E-03
 1.60322270E+03 2.17721490E-03
 1.60423250E+03 3.49571800E-03
 1.60524360E+03 3.49361150E-03
 1.60625280E+03 3.33559820E-03
 1.60726330E+03 3.48921140E-03
 1.60827500E+03 3.42740660E-03
 1.60928800E+03 3.41590980E-03
 1.61030220E+03 3.48138160E-03
 1.61131460E+03 3.12916710E-03
 1.61232820E+03 3.46675710E-03
 1.61334320E+03 2.79005750E-03
 1.61435930E+03 3.46413850E-03
 1.61537680E+03 2.66504680E-03
 1.61639240E+03 3.39421560E-03
 1.61740920E+03 3.41301930E-03
 1.61842730E+03 3.26290360E-03
 1.61944670E+03 3.01916930E-03
 1.62046740E+03 3.42157830E-03
 1.62148610E+03 3.44600160E-03
 1.62250610E+03 3.44407660E-03
 1.62352750E+03 2.23916570E-03
 1.62455010E+03 3.44757360E-03
 1.62557400E+03 3.45025400E-03
 1.62659590E+03 3.44561980E-03
 1.62761920E+03 3.44190250E-03
 1.62864370E+03 3.43741540E-03
 1.62966950E+03 3.32088450E-03
 1.63069660E+03 3.33686700E-03
 1.63172180E+03 2.51908650E-03
 1.63274830E+03 3.42687910E-03
 1.63377610E+03 3.40828430E-03
 1.63480510E+03 3.40999580E-03
 1.63583550E+03 3.40785790E-03
 1.63686390E+03 3.39800440E-03
 1.63789360E+03 3.34951980E-03
 1.63892460E+03 3.35449760E-03
 1.63995690E+03 3.19285410E-03
 1.64099050E+03 3.36856220E-03
 1.64202210E+03 3.39357400E-03
 1.64305510E+03 3.40183820E-03
 1.64408940E+03 2.43371080E-03
 1.64512490E+03 3.28089760E-03
 1.64616180E+03 3.39837330E-03
 1.64719670E+03 3.39490760E-03
 1.64823290E+03 3.38974000E-03
 1.64927040E+03 3.38949260E-03
 1.65030920E+03 3.38676110E-03
 1.65134930E+03 3.38240750E-03
 1.65238750E+03 3.36474250E-03
 1.65342700E+03 3.37930600E-03
 1.65446770E+03 3.33156660E-03
 1.65550980E+03 3.29051470E-03
 1.65655320E+03 3.37348580E-03
 1.65759470E+03 2.63527490E-03
 1.65863740E+03 3.36799620E-03
 1.65968150E+03 3.36510820E-03
 1.66072690E+03 3.32847320E-03
 1.66177360E+03 3.36025900E-03
 1.66281830E+03 3.30547850E-03
 1.66386430E+03 3.35628710E-03
 1.66491170E+03 3.35419280E-03
 1.66596030E+03 3.35099050E-03
 1.66701030E+03 3.34928010E-03
 1.66805830E+03 3.34370660E-03
 1.66910770E+03 3.34443600E-03
 1.67015830E+03 3.25734990E-03
 1.67121030E+03 3.33725640E-03
 1.67226360E+03 3.32319910E-03
 1.67331490E+03 3.33438010E-03
 1.67436750E+03 3.33080130E-03
 1.67542150E+03 2.88221590E-03
 1.67647680E+03 2.42868430E-03
 1.67753340E+03 3.16831780E-03
 1.67858800E+03 3.31872670E-03
 1.67964400E+03 3.32067570E-03
 1.68070130E+03 3.31426040E-03
 1.68175990E+03 3.31529760E-03
 1.68281980E+03 3.31337060E-03
 1.68387780E+03 3.31096100E-03
 1.68493710E+03 3.30844500E-03
 1.68599770E+03 3.28987100E-03
 1.68705960E+03 3.18748920E-03
 1.68812290E+03 3.23660770E-03
 1.68918420E+03 3.29886670E-03
 1.69024680E+03 3.29221540E-03
 1.69131080E+03 3.29392930E-03
 1.69237610E+03 3.29163780E-03
 1.69344270E+03 3.28923180E-03
 1.69450730E+03 3.28686930E-03
 1.69557330E+03 3.23429090E-03
 1.69664060E+03 3.25181370E-03
 1.69770930E+03 3.27922110E-03
 1.69877930E+03 3.25320120E-03
 1.69984730E+03 2.96413510E-03
 1.70091660E+03 3.27133360E-03
 1.70198730E+03 3.25472830E-03
 1.70305930E+03 3.13102620E-03
 1.70413270E+03 3.13582660E-03
 1.70520400E+03 3.23986340E-03
 1.70627670E+03 3.15254380E-03
 1.70735080E+03 3.14095650E-03
 1.70842620E+03 3.09654360E-03
 1.70950290E+03 2.98344680E-03
 1.71057760E+03 2.86209550E-03
 1.71165370E+03 2.69179000E-03
 1.71273110E+03 2.53220750E-03
 1.71380990E+03 2.46908960E-03
 1.71489010E+03 2.58818570E-03
 1.71596820E+03 2.80687640E-03
 1.71704770E+03 2.93919760E-03
 1.71812850E+03 2.53583600E-03
 1.71921070E+03 3.88374500E-03
 1.72029420E+03 3.47392340E-03
 1.72137570E+03 3.49006040E-03
 1.72245860E+03 3.31636370E-03
 1.72354280E+03 3.35581160E-03
 1.72462840E+03 3.30313620E-03
 1.72571540E+03 3.26537310E-03
 1.72680030E+03 3.24060110E-03
 1.72788660E+03 3.22163690E-03
 1.72897430E+03 3.21391580E-03
 1.73006330E+03 2.95159250E-03
 1.73115370E+03 3.00401590E-03
 1.73224200E+03 3.20214310E-03
 1.73333170E+03 3.20168890E-03
 1.73442280E+03 3.17413950E-03
 1.73551520E+03 3.19620420E-03
 1.73660910E+03 3.19379540E-03
 1.73770080E+03 3.16964180E-03
 1.73879400E+03 2.73121670E-03
 1.73988850E+03 3.18683320E-03
 1.74098440E+03 3.18295570E-03
 1.74208170E+03 3.18203430E-03
 1.74317690E+03 3.17959800E-03
 1.74427350E+03 3.17627160E-03
 1.74537140E+03 2.90324420E-03
 1.74647080E+03 3.17299340E-03
 1.74757150E+03 2.86081640E-03
 1.74867020E+03 3.16823500E-03
 1.74977020E+03 3.16576430E-03
 1.75087160E+03 3.16329310E-03
 1.75197440E+03 3.16089430E-03
 1.75307860E+03 3.15820700E-03
 1.75418080E+03 3.09891000E-03
 1.75528430E+03 3.15379470E-03
 1.75638920E+03 3.15134840E-03
 1.75749550E+03 3.14875280E-03
 1.75860310E+03 2.96324550E-03
 1.75970870E+03 3.01450490E-03
 1.76081570E+03 2.91562340E-03
 1.76192410E+03 3.13521690E-03
 1.76303390E+03 3.05240380E-03
 1.76414500E+03 3.13474350E-03
 1.76525410E+03 3.01912030E-03
 1.76636460E+03 3.13009640E-03
 1.76747650E+03 3.12779360E-03
 1.76858970E+03 3.12538840E-03
 1.76970440E+03 3.06754590E-03
 1.77081700E+03 3.11666440E-03
 1.77193100E+03 3.04633040E-03
 1.77304630E+03 2.91356110E-03
 1.77416310E+03 2.78045780E-03
 1.77528130E+03 3.10968670E-03
 1.77639740E+03 2.97788010E-03
 1.77751490E+03 3.08848710E-03
 1.77863370E+03 3.03899970E-03
 1.77975400E+03 3.10142820E-03
 1.78087580E+03 3.09227820E-03
 1.78199540E+03 3.09675410E-03
 1.78311640E+03 3.09437620E-03
 1.78423880E+03 3.09184890E-03
 1.78536260E+03 2.90970050E-03
 1.78648780E+03 3.03654690E-03
 1.78761100E+03 3.07697220E-03
 1.78873550E+03 3.06390320E-03
 1.78986150E+03 3.08004020E-03
 1.79098880E+03 3.07375620E-03
 1.79211760E+03 3.07552030E-03
 1.79324430E+03 3.07263740E-03
 1.79437240E+03 3.07049500E-03
 1.79550190E+03 3.06788710E-03
 1.79663280E+03 3.06212550E-03
 1.79776510E+03 3.06342370E-03
 1.79889540E+03 2.29069080E-03
 1.80002700E+03 3.05890950E-03
 1.80116010E+03 3.05680510E-03
 1.80229450E+03 3.00233070E-03
 1.80343050E+03 3.05209010E-03
 1.80456420E+03 2.97971640E-03
 1.80569940E+03 2.84473580E-03
 1.80683610E+03 3.04155550E-03
 1.80797410E+03 3.04221170E-03
 1.80911360E+03 3.04012670E-03
 1.81025100E+03 3.00706070E-03
 1.81138980E+03 2.97570960E-03
 1.81253000E+03 2.99488490E-03
 1.81367160E+03 3.02965920E-03
 1.81481470E+03 3.03235350E-03
 1.81595560E+03 3.02722890E-03
 1.81709800E+03 3.00535100E-03
 1.81824180E+03 3.02188900E-03
 1.81938710E+03 3.01809740E-03
 1.82053370E+03 2.99065840E-03
 1.82167830E+03 2.98258930E-03
 1.82282420E+03 3.01248220E-03
 1.82397170E+03 3.01029730E-03
 1.82512050E+03 2.97240850E-03
 1.82627080E+03 2.76574920E-03
 1.82741890E+03 2.74024630E-03
 1.82856850E+03 2.99487140E-03
 1.82971950E+03 2.99877950E-03
 1.83087200E+03 2.99503460E-03
 1.83202600E+03 2.99391830E-03
 1.83317770E+03 2.99029630E-03
 1.83433090E+03 2.96863180E-03
 1.83548560E+03 2.97400360E-03
 1.83664170E+03 2.97995150E-03
 1.83779920E+03 2.98473030E-03
 1.83895460E+03 2.98041290E-03
 1.84011150E+03 2.55963130E-03
 1.84126970E+03 2.97555900E-03
 1.84242950E+03 2.95929730E-03
 1.84359070E+03 2.97050310E-03
 1.84474970E+03 2.96832900E-03
 1.84591020E+03 2.66386840E-03
 1.84707220E+03 2.88689640E-03
 1.84823560E+03 2.45716510E-03
 1.84940040E+03 2.95547940E-03
 1.85056310E+03 2.90326080E-03
 1.85172720E+03 2.95105120E-03
 1.85289290E+03 2.95222380E-03
 1.85405990E+03 2.94422040E-03
 1.85522850E+03 2.79035230E-03
 1.85639480E+03 2.94547340E-03
 1.85756260E+03 2.94288160E-03
 1.85873190E+03 2.94111180E-03
 1.85990260E+03 2.93847850E-03
 1.86107490E+03 2.93616080E-03
 1.86224490E+03 2.93258530E-03
 1.86341640E+03 2.92602500E-03
 1.86458930E+03 2.90025520E-03
 1.86576380E+03 2.92626210E-03
 1.86693970E+03 2.92468800E-03
 1.86811340E+03 2.90356470E-03
 1.86928860E+03 2.92016250E-03
 1.87046520E+03 2.91529640E-03
 1.87164340E+03 2.91578010E-03
 1.87282300E+03 2.24804450E-03
 1.87400040E+03 2.89325720E-03
 1.87517930E+03 2.88428460E-03
 1.87635960E+03 2.90644210E-03
 1.87754150E+03 2.59545120E-03
 1.87872480E+03 2.90189040E-03
 1.87990600E+03 2.89964410E-03
 1.88108860E+03 2.89703080E-03
 1.88227260E+03 2.89477410E-03
 1.88345820E+03 2.89109570E-03
 1.88464530E+03 2.88943010E-03
 1.88583010E+03 2.83850730E-03
 1.88701640E+03 2.88592010E-03
 1.88820430E+03 2.87935720E-03
 1.88939360E+03 2.88121390E-03
 1.89058440E+03 2.87824030E-03
 1.89177300E+03 2.87644870E-03
 1.89296300E+03 2.80893620E-03
 1.89415460E+03 2.85475810E-03
 1.89534760E+03 2.85593830E-03
 1.89654220E+03 2.86222570E-03
 1.89773450E+03 2.86387460E-03
 1.89892830E+03 2.86225190E-03
 1.90012360E+03 2.86042750E-03
 1.90132050E+03 2.84401560E-03
 1.90251880E+03 2.85569590E-03
 1.90371490E+03 2.85360750E-03
 1.90491240E+03 2.85135550E-03
 1.90611150E+03 2.84891750E-03
 1.90731210E+03 2.84692740E-03
 1.90851420E+03 2.60570000E-03
 1.90971410E+03 2.84229450E-03
 1.91091540E+03 2.83956350E-03
 1.91211830E+03 2.80915640E-03
 1.91332260E+03 2.83553340E-03
 1.91452850E+03 2.74752230E-03
 1.91573220E+03 2.83102640E-03
 1.91693730E+03 2.82860350E-03
 1.91814390E+03 2.82598850E-03
 1.91935210E+03 2.76993600E-03
 1.92056180E+03 2.69114390E-03
 1.92176920E+03 2.72668230E-03
 1.92297820E+03 2.47240160E-03
 1.92418860E+03 2.81517560E-03
 1.92540060E+03 2.81301470E-03
 1.92661410E+03 2.81070170E-03
 1.92782530E+03 2.80797540E-03
 1.92903810E+03 2.62636160E-03
 1.93025230E+03 2.80389170E-03
 1.93146810E+03 2.80165810E-03
 1.93268550E+03 2.79936260E-03
 1.93390050E+03 2.79685010E-03
 1.93511710E+03 2.79482040E-03
 1.93633510E+03 2.79250890E-03
 1.93755480E+03 2.73416460E-03
 1.93877590E+03 2.78701270E-03
 1.93999480E+03 2.78572970E-03
 1.94121520E+03 2.78343820E-03
 1.94243710E+03 2.77832440E-03
 1.94366060E+03 2.77888980E-03
 1.94488560E+03 2.77593010E-03
 1.94610830E+03 2.77127080E-03
 1.94733260E+03 2.76828980E-03
 1.94855840E+03 2.76996630E-03
 1.94978570E+03 2.75836770E-03
 1.95101460E+03 2.76500950E-03
 1.95224110E+03 2.76325860E-03
 1.95346920E+03 2.76100610E-03
 1.95469890E+03 2.75750880E-03
 1.95593010E+03 2.75632170E-03
 1.95716280E+03 2.75431500E-03
 1.95839320E+03 2.66959880E-03
 1.95962520E+03 2.74986540E-03
 1.96085870E+03 2.74719380E-03
 1.96209380E+03 2.72814360E-03
 1.96333040E+03 2.74080470E-03
 1.96456470E+03 2.74089430E-03
 1.96580060E+03 2.72284230E-03
 1.96703800E+03 2.73051860E-03
 1.96827700E+03 2.72161440E-03
 1.96951750E+03 2.73206550E-03
 1.97075570E+03 2.72991400E-03
 1.97199540E+03 2.66204480E-03
 1.97323680E+03 2.70802020E-03
 1.97447960E+03 2.69571500E-03
 1.97572410E+03 2.72277990E-03
 1.97696620E+03 2.71907520E-03
 1.97820980E+03 2.71623840E-03
 1.97945500E+03 2.68044900E-03
 1.98070180E+03 2.71200880E-03
 1.98195020E+03 2.70977410E-03
 1.98319620E+03 2.70760040E-03
 1.98444380E+03 2.70539130E-03
 1.98569290E+03 2.69518940E-03
 1.98694360E+03 2.60969520E-03
 1.98819590E+03 2.69918290E-03
 1.98944590E+03 2.69763490E-03
 1.99069740E+03 2.69681260E-03
 1.99195040E+03 2.70094560E-03
 1.99320510E+03 2.69428500E-03
 1.99446130E+03 2.68850320E-03
 1.99571520E+03 2.68572670E-03
 1.99697070E+03 2.65144840E-03
 1.99822770E+03 2.65435560E-03
 1.99948630E+03 2.66136690E-03
 2.00074650E+03 2.67644460E-03
 2.00200430E+03 2.67364450E-03
 2.00326370E+03 2.57646340E-03
 2.00452470E+03 2.66973880E-03
 2.00578730E+03 2.66669240E-03
 2.00705150E+03 2.66545700E-03
 2.00831330E+03 2.66323370E-03
 2.00957660E+03 2.65762500E-03
 2.01084160E+03 2.57447190E-03
 2.01210820E+03 2.65577830E-03
 2.01337630E+03 2.62871860E-03
 2.01464210E+03 2.65230760E-03
 2.01590940E+03 2.65012710E-03
 2.01717840E+03 2.64791530E-03
 2.01844890E+03 2.64576220E-03
 2.01972110E+03 2.64353460E-03
 2.02099080E+03 2.64083730E-03
 2.02226220E+03 2.63849720E-03
 2.02353510E+03 2.63692940E-03
 2.02480970E+03 2.63275570E-03
 2.02608590E+03 2.63240680E-03
 2.02735960E+03 2.51458410E-03
 2.02863500E+03 2.62808330E-03
 2.02991190E+03 2.62595480E-03
 2.03119050E+03 2.62381510E-03
 2.03247070E+03 2.62160650E-03
 2.03374850E+03 2.61946050E-03
 2.03502780E+03 2.61729490E-03
 2.03630880E+03 2.60142600E-03
 2.03759140E+03 2.61288670E-03
 2.03887560E+03 2.60060430E-03
 2.04015740E+03 2.37191910E-03
 2.04144080E+03 2.59092880E-03
 2.04272590E+03 2.60420230E-03
 2.04401250E+03 2.60200610E-03
 2.04530080E+03 2.59977980E-03
 2.04658660E+03 2.59762670E-03
 2.04787400E+03 2.58308990E-03
 2.04916310E+03 2.59331240E-03
 2.05045380E+03 2.68857480E-03
 2.05174610E+03 2.68636510E-03
 2.05303600E+03 2.68412140E-03
 2.05432750E+03 2.68195340E-03
 2.05562070E+03 2.67972460E-03
 2.05691540E+03 2.67756040E-03
 2.05821180E+03 2.67534490E-03
 2.05950580E+03 2.67312780E-03
 2.06080130E+03 2.67088040E-03
 2.06209860E+03 2.66845530E-03
 2.06339740E+03 2.66650340E-03
 2.06469790E+03 2.32186740E-03
 2.06599590E+03 2.64244050E-03
 2.06729560E+03 2.65987030E-03
 2.06859690E+03 2.65754870E-03
 2.06989980E+03 2.65541750E-03
 2.07120440E+03 2.64338950E-03
 2.07250650E+03 2.65094170E-03
 2.07381030E+03 2.64874620E-03
 2.07511570E+03 2.64545580E-03
 2.07642270E+03 2.64423490E-03
 2.07773140E+03 2.64196050E-03
 2.07903760E+03 2.63962640E-03
 2.08034550E+03 2.28311690E-03
 2.08165500E+03 2.63527370E-03
 2.08296620E+03 2.63266990E-03
 2.08427900E+03 2.46731700E-03
 2.08558930E+03 2.62865450E-03
 2.08690130E+03 2.61143400E-03
 2.08821490E+03 2.62436020E-03
 2.08953020E+03 2.62210460E-03
 2.09084720E+03 2.61995300E-03
 2.09216160E+03 2.61149410E-03
 2.09347780E+03 2.61488200E-03
 2.09479550E+03 2.61349970E-03
 2.09611500E+03 2.61127880E-03
 2.09743610E+03 2.60906740E-03
 2.09875470E+03 2.59750650E-03
 2.10007500E+03 2.60468420E-03
 2.10139690E+03 2.60239610E-03
 2.10272050E+03 2.60037810E-03
 2.10404580E+03 2.59809850E-03
 2.10536850E+03 2.59595370E-03
 2.10669290E+03 2.59298100E-03
 2.10801900E+03 2.58874680E-03
 2.10934680E+03 2.58947730E-03
 2.11067630E+03 2.58722120E-03
 2.11200320E+03 2.58500160E-03
 2.11333180E+03 2.50348890E-03
 2.11466210E+03 2.57977700E-03
 2.11599400E+03 2.57329550E-03
 2.11732760E+03 2.57257710E-03
 2.11865880E+03 2.57399490E-03
 2.11999160E+03 2.57175340E-03
 2.12132600E+03 2.51178670E-03
 2.12266220E+03 2.56743770E-03
 2.12400000E+03 2.55141000E-03
 2.12500000E+03 2.56357330E-03
 2.13923310E+03 2.54055750E-03
 2.17500000E+03 2.48388890E-03
 2.22500000E+03 2.40739520E-03
 2.23681870E+03 2.38976560E-03
 2.27500000E+03 2.33395760E-03
 2.32500000E+03 2.26344460E-03
 2.34373310E+03 2.23775290E-03
 2.37500000E+03 2.19572810E-03
 2.40111680E+03 2.16142780E-03
 2.42500000E+03 2.13068460E-03
 2.46138090E+03 2.08496990E-03
 2.46141120E+03 2.08493360E-03
 2.48000000E+03 2.06208390E-03
 2.49659840E+03 2.04196470E-03
 2.53283820E+03 1.99894840E-03
 2.57014570E+03 1.95593450E-03
 2.57500000E+03 1.95043020E-03
 2.58921460E+03 1.93443260E-03
 2.60856860E+03 1.91293610E-03
 2.60860260E+03 1.91308410E-03
 2.62500000E+03 1.89512260E-03
 2.67500000E+03 1.84175140E-03
 2.72258120E+03 1.79285200E-03
 2.77500000E+03 1.74102020E-03
 2.82500000E+03 1.69348400E-03
 2.84701560E+03 1.67312100E-03
 2.87500000E+03 1.64772360E-03
 2.95000000E+03 1.58224300E-03
 2.98336920E+03 1.55427170E-03
 3.05000000E+03 1.50045210E-03
 3.05656400E+03 1.49529220E-03
 3.13344070E+03 1.43667300E-03
 3.13348980E+03 1.43665860E-03
 3.15000000E+03 1.42449270E-03
 3.20394980E+03 1.38573670E-03
 3.25000000E+03 1.35382420E-03
 3.27770520E+03 1.33512380E-03
 3.35000000E+03 1.28801820E-03
 3.35493630E+03 1.28488840E-03
 3.39493300E+03 1.25992210E-03
 3.43589480E+03 1.23506180E-03
 3.43595380E+03 1.23548940E-03
 3.45000000E+03 1.22712460E-03
 3.48542270E+03 1.20638410E-03
 3.53639930E+03 1.17740180E-03
 3.55000000E+03 1.16983680E-03
 3.58888920E+03 1.14858400E-03
 3.61572280E+03 1.13423840E-03
 3.62000000E+03 1.13197530E-03
 3.64296070E+03 1.11993610E-03
 3.64302710E+03 1.12937380E-03
 3.64701290E+03 1.12728300E-03
 3.64707940E+03 1.22955190E-03
 3.67132800E+03 1.21628630E-03
 3.69596950E+03 1.20301390E-03
 3.69603780E+03 1.20303160E-03
 3.75000000E+03 1.17468050E-03
 3.85000000E+03 1.12461410E-03
 3.95000000E+03 1.07755720E-03
 4.05085030E+03 1.03292390E-03
 4.15000000E+03 9.91607160E-04
 4.25000000E+03 9.52326100E-04
 4.35000000E+03 9.15274920E-04
 4.48111990E+03 8.69810280E-04
 4.55000000E+03 8.47244030E-04
 4.65000000E+03 8.15984450E-04
 4.75000000E+03 7.86393000E-04
 4.85000000E+03 7.58354760E-04
 4.95000000E+03 7.31763470E-04
 5.01365590E+03 7.15544950E-04
 5.05000000E+03 7.06520910E-04
 5.15000000E+03 6.82536350E-04
 5.25000000E+03 6.59725980E-04
 5.33038740E+03 6.42188050E-04
 5.35000000E+03 6.38012470E-04
 5.45000000E+03 6.17324500E-04
 5.55000000E+03 5.97596300E-04
 5.65000000E+03 5.78767250E-04
 5.68983570E+03 5.71504410E-04
 5.68999760E+03 5.74910860E-04
 5.75000000E+03 5.64185940E-04
 5.85000000E+03 5.46944900E-04
 5.95000000E+03 5.30453780E-04
 6.05000000E+03 5.14668090E-04
 6.15000000E+03 4.99546740E-04
 6.16217930E+03 4.97748580E-04
 6.25000000E+03 4.85051770E-04
 6.35000000E+03 4.71148130E-04
 6.45000000E+03 4.57803380E-04
 6.55000000E+03 4.44987510E-04
 6.65000000E+03 4.32672760E-04
 6.72004620E+03 4.24331270E-04
 6.75000000E+03 4.20833340E-04
 6.85000000E+03 4.09445320E-04
 6.95000000E+03 3.98486470E-04
 7.05000000E+03 3.87936090E-04
 7.15000000E+03 3.77774870E-04
 7.25000000E+03 3.67984760E-04
 7.35000000E+03 3.58548890E-04
 7.38897600E+03 3.54963670E-04
 7.45000000E+03 3.49451460E-04
 7.55000000E+03 3.40677580E-04
 7.65000000E+03 3.32213300E-04
 7.75000000E+03 3.24045450E-04
 7.77599690E+03 3.21969050E-04
 7.85000000E+03 3.16161560E-04
 7.95000000E+03 3.08549930E-04
 8.05000000E+03 3.01199360E-04
 8.15000000E+03 2.94099320E-04
 8.20580150E+03 2.90242560E-04
 8.20613820E+03 2.97065840E-04
 8.25000000E+03 2.94039740E-04
 8.35000000E+03 2.87302240E-04
 8.45000000E+03 2.80782320E-04
 8.55000000E+03 2.74471580E-04
 8.65000000E+03 2.68362060E-04
 8.75000000E+03 2.62446170E-04
 8.85000000E+03 2.56716720E-04
 8.95000000E+03 2.51166820E-04
 9.05000000E+03 2.45789900E-04
 9.15000000E+03 2.40579700E-04
 9.21353280E+03 2.37353360E-04
 9.25000000E+03 2.35530210E-04
 9.35000000E+03 2.30635680E-04
 9.45000000E+03 2.25890590E-04
 9.55000000E+03 2.21289660E-04
 9.65000000E+03 2.16827800E-04
 9.75000000E+03 2.12500120E-04
 9.85000000E+03 2.08301940E-04
 9.95000000E+03 2.04228720E-04
 1.01250000E+04 1.97388270E-04
 1.03750000E+04 1.88213450E-04
 1.05034290E+04 1.83756120E-04
 1.06250000E+04 1.79687740E-04
 1.08750000E+04 1.71756490E-04
 1.11250000E+04 1.64369690E-04
 1.13750000E+04 1.57481600E-04
 1.16250000E+04 1.51050400E-04
 1.18750000E+04 1.45037840E-04
 1.21250000E+04 1.39408990E-04
 1.22132930E+04 1.37506650E-04
 1.23750000E+04 1.34131910E-04
 1.26250000E+04 1.29177510E-04
 1.28750000E+04 1.24519230E-04
 1.31250000E+04 1.20132900E-04
 1.32954860E+04 1.17286270E-04
 1.33750000E+04 1.15996500E-04
 1.36250000E+04 1.12090000E-04
 1.38750000E+04 1.08395200E-04
 1.41250000E+04 1.04895520E-04
 1.44200000E+04 1.00996470E-04
 1.45881050E+04 9.88781730E-05
 1.45882110E+04 9.89669190E-05
 1.46700000E+04 9.79561590E-05
 1.48750000E+04 9.54954990E-05
 1.51250000E+04 9.26280390E-05
 1.53750000E+04 8.98971190E-05
 1.56250000E+04 8.72930100E-05
 1.58750000E+04 8.48068390E-05
 1.60308430E+04 8.33130920E-05
 1.62000000E+04 8.17379230E-05
 1.66000000E+04 7.81922490E-05
 1.70000000E+04 7.48776310E-05
 1.74000000E+04 7.17714490E-05
 1.77902710E+04 6.89229500E-05
 1.78000000E+04 6.88540920E-05
 1.82000000E+04 6.61085150E-05
 1.86000000E+04 6.35198620E-05
 1.90000000E+04 6.10751430E-05
 1.94000000E+04 5.87629490E-05
 1.98000000E+04 5.65732220E-05
 1.99835140E+04 5.56071100E-05
 2.02500000E+04 5.42451110E-05
 2.07500000E+04 5.18133170E-05
 2.12500000E+04 4.95316680E-05
 2.12962490E+04 4.93277740E-05
 2.17500000E+04 4.73883080E-05
 2.22500000E+04 4.53727450E-05
 2.26500000E+04 4.38459860E-05
 2.27935810E+04 4.33155890E-05
 2.27938410E+04 4.33878930E-05
 2.29000000E+04 4.30027880E-05
 2.32500000E+04 4.17667010E-05
 2.37500000E+04 4.00863120E-05
 2.42500000E+04 3.85003180E-05
 2.47500000E+04 3.70024560E-05
 2.52500000E+04 3.55869750E-05
 2.57500000E+04 3.42485730E-05
 2.62500000E+04 3.29823430E-05
 2.67500000E+04 3.17837290E-05
 2.72500000E+04 3.06484900E-05
 2.77500000E+04 2.95726660E-05
 2.82500000E+04 2.85525620E-05
 2.87500000E+04 2.75847220E-05
 2.92500000E+04 2.66659110E-05
 2.97500000E+04 2.57931030E-05
 3.02500000E+04 2.49634620E-05
 3.07500000E+04 2.41743350E-05
 3.12500000E+04 2.34232370E-05
 3.17500000E+04 2.27078450E-05
 3.24000000E+04 2.18276550E-05
 3.34000000E+04 2.05741260E-05
 3.45000000E+04 1.93210660E-05
 3.50017500E+04 1.87888510E-05
 3.55000000E+04 1.82827570E-05
 3.65000000E+04 1.73292870E-05
 3.75000000E+04 1.64512720E-05
 3.85000000E+04 1.56405540E-05
 3.95000000E+04 1.48900470E-05
 4.05000000E+04 1.41935860E-05
 4.15000000E+04 1.35458070E-05
 4.25000000E+04 1.29420310E-05
 4.35000000E+04 1.23781670E-05
 4.45000000E+04 1.18506300E-05
 4.55000000E+04 1.13562680E-05
 4.65000000E+04 1.08922920E-05
 4.75000000E+04 1.04562350E-05
 4.85000000E+04 1.00458960E-05
 5.00000000E+04 9.47435830E-06
 1.20000000E+05 1.81004690E-06
 2.50000000E+05 4.66733300E-07
 5.99999990E+05 1.00735810E-07
 1.00000000E+06 4.61925620E-08
 1.20000000E+07 3.59133900E-09
 2.00000000E+08 4.69516610E-10
 6.00000000E+08 1.46286370E-10
