 Castelli and Kurucz 2004-2012 Atmosphere
 T     49000.     G    4.50000 [-1.5] N(He)/Ntot=0.0784 VTURB=2  L/H=1.25 NOVER
 Wavelength  Eddington Hnu
   (nm)    (ergs/s/cm2/Hz/sr)
  9.0900      3.28420E-18
  9.3500      8.62150E-18
  9.6100      2.13170E-17
  9.7700      3.66210E-17
  9.9600      6.76150E-17
  10.200      1.41860E-16
  10.380      2.41970E-16
  10.560      4.05150E-16
  10.770      7.23270E-16
  11.040      1.47520E-15
  11.400      3.62430E-15
  11.780      8.83860E-15
  12.130      1.91860E-14
  12.480      3.98990E-14
  12.710      6.32940E-14
  12.840      8.19110E-14
  13.050      1.21980E-13
  13.240      1.73440E-13
  13.390      2.27450E-13
  13.660      3.65240E-13
  13.980      6.28030E-13
  14.330      1.10630E-12
  14.720      1.99600E-12
  15.100      3.53360E-12
  15.520      6.38080E-12
  15.880      1.03600E-11
  16.200      1.58510E-11
  16.600      2.61520E-11
  17.030      4.32800E-11
  17.340      6.16500E-11
  17.680      9.04150E-11
  18.020      1.30450E-10
  18.170      1.50250E-10
  18.610      2.38310E-10
  19.100      3.82290E-10
  19.390      5.05000E-10
  19.840      7.57110E-10
  20.180      1.01720E-09
  20.500      1.33850E-09
  21.050      2.09580E-09
  21.620      3.26210E-09
  21.980      4.27590E-09
  22.300      5.37760E-09
  22.680      6.99840E-09
  23.000      4.08090E-07
  23.400      6.98220E-06
  24.000      4.65050E-05
  24.650      1.52260E-04
  25.240      2.80780E-04
  25.680      2.57500E-04
  26.000      4.36840E-04
  26.400      5.89860E-04
  26.850      6.19120E-04
  27.350      7.20940E-04
  27.850      7.21070E-04
  28.400      8.61220E-04
  29.000      9.82710E-04
  29.600      9.09540E-04
  30.100      5.30860E-04
  30.800      6.28430E-04
  31.800      7.48260E-04
  32.800      8.26540E-04
  33.800      7.79530E-04
  34.800      8.04140E-04
  35.700      1.07160E-03
  36.600      1.29640E-03
  37.500      1.39620E-03
  38.500      1.26730E-03
  39.500      1.55430E-03
  40.500      1.77770E-03
  41.400      1.86150E-03
  42.200      1.84840E-03
  43.000      1.87580E-03
  44.100      2.11340E-03
  45.100      2.20410E-03
  46.000      2.17860E-03
  47.000      2.25070E-03
  48.000      2.38650E-03
  49.000      2.34940E-03
  50.000      2.53220E-03
  50.600      2.42450E-03
  51.200      2.60950E-03
  52.000      2.60980E-03
  53.000      2.64000E-03
  54.000      2.50140E-03
  55.000      2.39360E-03
  56.000      2.72590E-03
  57.000      2.81560E-03
  58.000      2.84750E-03
  59.000      2.91320E-03
  60.000      2.87560E-03
  61.000      2.75700E-03
  62.000      2.95820E-03
  63.000      2.90470E-03
  64.000      3.04300E-03
  65.000      3.01630E-03
  65.800      2.95930E-03
  66.500      3.09800E-03
  67.500      3.12520E-03
  68.500      3.03400E-03
  69.500      3.18020E-03
  70.500      3.07220E-03
  71.600      3.20750E-03
  72.600      3.25550E-03
  73.500      3.26750E-03
  74.500      3.25660E-03
  75.500      3.24120E-03
  76.500      3.16660E-03
  77.500      3.27460E-03
  78.500      3.23730E-03
  79.500      3.28400E-03
  80.500      3.32880E-03
  81.500      3.34050E-03
  82.500      3.35680E-03
  83.500      3.26030E-03
  84.500      3.36570E-03
  85.500      3.32950E-03
  86.500      3.38500E-03
  87.500      3.40500E-03
  88.500      3.39110E-03
  89.500      3.39500E-03
  90.500      3.36690E-03
  91.500      2.64640E-03
  92.500      4.17630E-03
  93.500      5.07940E-03
  94.500      5.74440E-03
  95.500      6.16730E-03
  96.500      6.57240E-03
  97.500      5.68910E-03
  98.500      6.40660E-03
  99.500      6.07070E-03
  100.50      6.34380E-03
  101.50      6.31460E-03
  102.50      5.66080E-03
  103.50      6.34680E-03
  104.50      6.36780E-03
  105.50      6.33450E-03
  106.50      6.21520E-03
  107.50      6.24160E-03
  108.50      6.01090E-03
  109.50      6.17230E-03
  110.50      6.10380E-03
  111.50      6.05270E-03
  112.50      5.97890E-03
  113.50      6.02710E-03
  114.50      5.99130E-03
  115.50      5.91500E-03
  116.50      5.83350E-03
  117.50      5.63660E-03
  118.50      5.80060E-03
  119.50      5.71880E-03
  120.50      5.70370E-03
  121.50      5.01630E-03
  122.50      5.62420E-03
  123.50      5.49780E-03
  124.50      5.45800E-03
  125.50      5.50850E-03
  126.50      5.46960E-03
  127.50      5.42900E-03
  128.50      5.38580E-03
  129.50      5.35810E-03
  130.50      5.29090E-03
  131.50      5.25760E-03
  132.50      5.20120E-03
  133.50      5.18150E-03
  134.50      5.15420E-03
  135.50      5.07450E-03
  136.50      4.98870E-03
  137.50      4.90000E-03
  138.50      4.93650E-03
  139.50      4.88440E-03
  140.50      4.78570E-03
  141.50      4.86740E-03
  142.50      4.81750E-03
  143.50      4.80890E-03
  144.20      4.72910E-03
  144.70      4.72490E-03
  145.50      4.68710E-03
  146.50      4.65940E-03
  147.50      4.65350E-03
  148.50      4.65460E-03
  149.50      4.61020E-03
  150.50      4.58400E-03
  151.20      4.57060E-03
  151.70      4.53250E-03
  152.50      4.52720E-03
  153.50      4.47020E-03
  154.50      4.31260E-03
  155.50      4.29300E-03
  156.50      4.37140E-03
  157.50      4.35730E-03
  158.50      4.30900E-03
  159.50      4.28740E-03
  160.50      4.24040E-03
  161.50      4.21500E-03
  162.50      4.17000E-03
  163.50      4.10660E-03
  164.50      3.94040E-03
  165.50      4.10900E-03
  166.50      4.08850E-03
  167.20      4.04230E-03
  167.70      4.05630E-03
  168.50      4.03600E-03
  169.50      4.01090E-03
  170.50      3.97620E-03
  171.50      3.90090E-03
  172.50      3.90110E-03
  173.50      3.90100E-03
  174.50      3.87030E-03
  175.50      3.84120E-03
  176.50      3.81810E-03
  177.50      3.79170E-03
  178.50      3.76670E-03
  179.50      3.73780E-03
  180.50      3.71240E-03
  181.50      3.68620E-03
  182.50      3.66180E-03
  183.50      3.63670E-03
  184.50      3.61180E-03
  185.50      3.58540E-03
  186.50      3.56180E-03
  187.50      3.53690E-03
  188.50      3.51210E-03
  189.50      3.49100E-03
  190.50      3.46730E-03
  191.50      3.44350E-03
  192.50      3.41370E-03
  193.50      3.39730E-03
  194.50      3.37450E-03
  195.50      3.35120E-03
  196.70      3.32450E-03
  197.60      3.30260E-03
  198.40      3.28720E-03
  199.50      3.26180E-03
  200.50      3.24130E-03
  201.50      3.21980E-03
  202.50      3.19850E-03
  203.50      3.17710E-03
  204.50      3.15100E-03
  205.50      2.50860E-03
  206.50      2.44430E-03
  207.40      2.50010E-03
  207.80      2.55830E-03
  208.50      2.72490E-03
  209.50      2.98030E-03
  210.50      3.03090E-03
  211.50      3.02050E-03
  212.50      3.00140E-03
  213.50      2.97770E-03
  214.50      2.96190E-03
  215.50      2.98530E-03
  216.50      2.90460E-03
  217.50      2.96360E-03
  218.50      2.87060E-03
  219.50      2.92560E-03
  220.50      2.90990E-03
  221.50      2.81440E-03
  222.50      2.87320E-03
  223.50      2.85550E-03
  224.50      2.83590E-03
  225.50      2.74730E-03
  226.50      2.80170E-03
  227.50      2.78480E-03
  228.50      2.76630E-03
  229.50      2.73750E-03
  230.50      2.66530E-03
  231.50      2.71380E-03
  232.50      2.69930E-03
  233.50      2.68270E-03
  234.50      2.66590E-03
  235.50      2.64940E-03
  236.50      2.63320E-03
  237.50      2.61700E-03
  238.50      2.53630E-03
  239.50      2.58300E-03
  240.50      2.56690E-03
  241.50      2.55240E-03
  242.50      2.53890E-03
  243.50      2.52330E-03
  244.50      2.50830E-03
  245.50      2.49080E-03
  246.50      2.47830E-03
  247.50      2.46410E-03
  248.50      2.44870E-03
  249.50      2.39750E-03
  250.50      2.41410E-03
  251.30      2.28000E-03
  251.80      2.39510E-03
  252.50      2.38550E-03
  253.50      2.37820E-03
  254.50      2.36460E-03
  255.50      2.35080E-03
  256.50      2.33730E-03
  257.50      2.32360E-03
  258.50      2.30990E-03
  259.50      2.29380E-03
  260.50      2.28390E-03
  261.50      2.26940E-03
  262.50      2.25780E-03
  263.50      2.24500E-03
  264.50      2.23210E-03
  265.50      2.21950E-03
  266.50      2.20690E-03
  267.50      2.19300E-03
  268.50      2.18190E-03
  269.50      2.16920E-03
  270.50      2.15770E-03
  271.50      2.14560E-03
  272.50      2.13330E-03
  273.50      2.07080E-03
  274.50      2.11000E-03
  275.50      2.09820E-03
  276.50      2.08660E-03
  277.50      2.07510E-03
  278.50      2.06340E-03
  279.50      2.05220E-03
  280.50      2.04120E-03
  281.50      2.03010E-03
  282.50      2.01860E-03
  283.50      2.00810E-03
  284.50      1.99730E-03
  285.50      1.98650E-03
  286.50      1.97580E-03
  287.50      1.96510E-03
  288.50      1.95470E-03
  289.50      1.94410E-03
  291.00      1.92860E-03
  293.00      1.90830E-03
  295.00      1.88800E-03
  297.00      1.86820E-03
  299.00      1.84810E-03
  301.00      1.82930E-03
  303.00      1.80970E-03
  305.00      1.79120E-03
  307.00      1.77180E-03
  309.00      1.75560E-03
  311.00      1.73780E-03
  313.00      1.72000E-03
  315.00      1.70300E-03
  317.00      1.68590E-03
  319.00      1.66880E-03
  321.00      1.63060E-03
  323.00      1.63660E-03
  325.00      1.62050E-03
  327.00      1.60310E-03
  329.00      1.58890E-03
  331.00      1.57350E-03
  333.00      1.55840E-03
  335.00      1.54280E-03
  337.00      1.52870E-03
  339.00      1.51380E-03
  341.00      1.49900E-03
  343.00      1.48580E-03
  345.00      1.47150E-03
  347.00      1.45800E-03
  349.00      1.44440E-03
  351.00      1.43130E-03
  353.00      1.41800E-03
  355.00      1.40490E-03
  357.00      1.39220E-03
  359.00      1.37930E-03
  361.00      1.36700E-03
  363.00      1.35430E-03
  364.00      1.32380E-03
  365.00      1.22030E-03
  367.00      1.21080E-03
  369.00      1.20430E-03
  371.00      1.20590E-03
  373.00      1.21290E-03
  375.00      1.23000E-03
  377.00      1.24230E-03
  379.00      1.25360E-03
  381.00      1.26290E-03
  383.00      1.22120E-03
  385.00      1.25340E-03
  387.00      1.25440E-03
  389.00      1.18110E-03
  391.00      1.23590E-03
  393.00      1.21840E-03
  395.00      1.21700E-03
  397.00      1.14010E-03
  399.00      1.19560E-03
  401.00      1.18910E-03
  403.00      1.16310E-03
  405.00      1.17000E-03
  407.00      1.16020E-03
  409.00      1.13400E-03
  411.00      1.08560E-03
  413.00      1.13090E-03
  415.00      1.12230E-03
  417.00      1.11330E-03
  419.00      1.10070E-03
  421.00      1.08250E-03
  423.00      1.08650E-03
  425.00      1.07770E-03
  427.00      1.06910E-03
  429.00      1.06050E-03
  431.00      1.05190E-03
  433.00      1.02270E-03
  435.00      9.91980E-04
  437.00      1.02660E-03
  439.00      1.01870E-03
  441.00      1.01120E-03
  443.00      1.00340E-03
  445.00      9.95590E-04
  447.00      9.85780E-04
  449.00      9.80380E-04
  451.00      9.72820E-04
  453.00      9.64410E-04
  455.00      9.44800E-04
  457.00      9.50820E-04
  459.00      9.43650E-04
  461.00      9.36540E-04
  463.00      9.29290E-04
  465.00      9.21700E-04
  467.00      9.15040E-04
  469.00      8.83370E-04
  471.00      9.01880E-04
  473.00      8.95560E-04
  475.00      8.88990E-04
  477.00      8.82490E-04
  479.00      8.76040E-04
  481.00      8.69690E-04
  483.00      8.63310E-04
  485.00      8.44920E-04
  487.00      8.10720E-04
  489.00      8.44300E-04
  491.00      8.38900E-04
  493.00      8.32280E-04
  495.00      8.27050E-04
  497.00      8.21200E-04
  499.00      8.15440E-04
  501.00      8.09370E-04
  503.00      8.04060E-04
  505.00      7.98390E-04
  507.00      7.92910E-04
  509.00      7.87440E-04
  511.00      7.82010E-04
  513.00      7.76630E-04
  515.00      7.71310E-04
  517.00      7.66060E-04
  519.00      7.60850E-04
  521.00      7.55680E-04
  523.00      7.50580E-04
  525.00      7.45510E-04
  527.00      7.40490E-04
  529.00      7.35570E-04
  531.00      7.30660E-04
  533.00      7.25800E-04
  535.00      7.21000E-04
  537.00      7.16230E-04
  539.00      7.11510E-04
  541.00      6.96110E-04
  543.00      7.02200E-04
  545.00      6.97640E-04
  547.00      6.93100E-04
  549.00      6.88620E-04
  551.00      6.84150E-04
  553.00      6.79760E-04
  555.00      6.75400E-04
  557.00      6.71060E-04
  559.00      6.66680E-04
  561.00      6.62550E-04
  563.00      6.58350E-04
  565.00      6.54190E-04
  567.00      6.50070E-04
  569.00      6.38950E-04
  571.00      6.05000E-04
  573.00      6.01460E-04
  575.00      5.97970E-04
  577.00      5.94620E-04
  579.00      5.91570E-04
  581.00      5.88570E-04
  583.00      5.87090E-04
  585.00      5.85720E-04
  587.00      5.83290E-04
  589.00      5.83850E-04
  591.00      5.83450E-04
  593.00      5.83490E-04
  595.00      5.84040E-04
  597.00      5.84550E-04
  599.00      5.85570E-04
  601.00      5.83510E-04
  603.00      5.81430E-04
  605.00      5.79470E-04
  607.00      5.75310E-04
  609.00      5.72770E-04
  611.00      5.68790E-04
  613.00      5.65460E-04
  615.00      5.62940E-04
  617.00      5.57740E-04
  619.00      5.56290E-04
  621.00      5.53150E-04
  623.00      5.47750E-04
  625.00      5.46350E-04
  627.00      5.43610E-04
  629.00      5.40480E-04
  631.00      5.34340E-04
  633.00      5.34110E-04
  635.00      5.31270E-04
  637.00      5.28250E-04
  639.00      5.25050E-04
  641.00      5.18390E-04
  643.00      5.19330E-04
  645.00      5.16420E-04
  647.00      5.13520E-04
  649.00      5.10650E-04
  651.00      5.07610E-04
  653.00      4.99970E-04
  655.00      4.97830E-04
  657.00      4.73370E-04
  659.00      4.96170E-04
  661.00      4.93910E-04
  663.00      4.91210E-04
  665.00      4.88520E-04
  667.00      4.84950E-04
  669.00      4.77680E-04
  671.00      4.80550E-04
  673.00      4.77990E-04
  675.00      4.75400E-04
  677.00      4.72850E-04
  679.00      4.70310E-04
  681.00      4.67790E-04
  683.00      4.65290E-04
  685.00      4.62810E-04
  687.00      4.60340E-04
  689.00      4.52290E-04
  691.00      4.55300E-04
  693.00      4.53080E-04
  695.00      4.50700E-04
  697.00      4.48330E-04
  699.00      4.45990E-04
  701.00      4.43660E-04
  703.00      4.41340E-04
  705.00      4.39050E-04
  707.00      4.36350E-04
  709.00      4.34530E-04
  711.00      4.32280E-04
  713.00      4.30060E-04
  715.00      4.27860E-04
  717.00      4.21990E-04
  719.00      4.21470E-04
  721.00      4.21340E-04
  723.00      4.19210E-04
  725.00      4.17090E-04
  727.00      4.14980E-04
  729.00      4.12790E-04
  731.00      4.10810E-04
  733.00      4.08760E-04
  735.00      4.06710E-04
  737.00      4.04680E-04
  739.00      4.02670E-04
  741.00      4.00670E-04
  743.00      3.98690E-04
  745.00      3.96710E-04
  747.00      3.94770E-04
  749.00      3.92820E-04
  751.00      3.90900E-04
  753.00      3.88990E-04
  755.00      3.87090E-04
  757.00      3.85200E-04
  759.00      3.78170E-04
  761.00      3.81200E-04
  763.00      3.79630E-04
  765.00      3.77800E-04
  767.00      3.75990E-04
  769.00      3.74180E-04
  771.00      3.72390E-04
  773.00      3.70600E-04
  775.00      3.68850E-04
  777.00      3.67100E-04
  779.00      3.65360E-04
  781.00      3.63630E-04
  783.00      3.61910E-04
  785.00      3.60210E-04
  787.00      3.58520E-04
  789.00      3.56840E-04
  791.00      3.55170E-04
  793.00      3.53510E-04
  795.00      3.51870E-04
  797.00      3.50230E-04
  799.00      3.48610E-04
  801.00      3.47000E-04
  803.00      3.45400E-04
  805.00      3.43810E-04
  807.00      3.42230E-04
  809.00      3.40670E-04
  811.00      3.39110E-04
  813.00      3.37560E-04
  815.00      3.36030E-04
  817.00      3.34500E-04
  819.00      3.31710E-04
  821.00      3.19210E-04
  823.00      3.16180E-04
  825.00      3.16140E-04
  827.00      3.15090E-04
  829.00      3.13750E-04
  831.00      3.12410E-04
  833.00      3.11080E-04
  835.00      3.09790E-04
  837.00      3.08530E-04
  839.00      3.07310E-04
  841.00      3.06190E-04
  843.00      3.05070E-04
  845.00      3.03970E-04
  847.00      3.02950E-04
  849.00      3.02060E-04
  851.00      3.01050E-04
  853.00      3.00270E-04
  855.00      2.99100E-04
  857.00      2.98640E-04
  859.00      2.97410E-04
  861.00      2.96520E-04
  863.00      2.96380E-04
  865.00      2.95310E-04
  867.00      2.93130E-04
  869.00      2.94220E-04
  871.00      2.93870E-04
  873.00      2.92840E-04
  875.00      2.88520E-04
  877.00      2.90820E-04
  879.00      2.91370E-04
  881.00      2.90890E-04
  883.00      2.89980E-04
  885.00      2.86160E-04
  887.00      2.80800E-04
  889.00      2.85870E-04
  891.00      2.85720E-04
  893.00      2.84760E-04
  895.00      2.84020E-04
  897.00      2.82680E-04
  899.00      2.80240E-04
  901.00      2.71820E-04
  903.00      2.74290E-04
  905.00      2.77280E-04
  907.00      2.76910E-04
  909.00      2.75900E-04
  911.00      2.74180E-04
  913.00      2.73630E-04
  915.00      2.72510E-04
  917.00      2.71400E-04
  919.00      2.69960E-04
  921.00      2.66860E-04
  923.00      2.56680E-04
  925.00      2.64120E-04
  927.00      2.65500E-04
  929.00      2.64850E-04
  931.00      2.63780E-04
  933.00      2.62520E-04
  935.00      2.56840E-04
  937.00      2.59440E-04
  939.00      2.59550E-04
  941.00      2.58540E-04
  943.00      2.57510E-04
  945.00      2.56480E-04
  947.00      2.55460E-04
  949.00      2.54450E-04
  951.00      2.52970E-04
  953.00      2.49470E-04
  955.00      2.39620E-04
  957.00      2.48390E-04
  959.00      2.49240E-04
  961.00      2.48500E-04
  963.00      2.47530E-04
  965.00      2.46570E-04
  967.00      2.45610E-04
  969.00      2.44650E-04
  971.00      2.43700E-04
  973.00      2.42760E-04
  975.00      2.41530E-04
  977.00      2.39370E-04
  979.00      2.39960E-04
  981.00      2.39040E-04
  983.00      2.38120E-04
  985.00      2.37210E-04
  987.00      2.36300E-04
  989.00      2.35400E-04
  991.00      2.34510E-04
  993.00      2.33610E-04
  995.00      2.32730E-04
  997.00      2.31850E-04
  999.00      2.30970E-04
  1002.5      2.26850E-04
  1007.5      2.23200E-04
  1012.5      2.22110E-04
  1017.5      2.23100E-04
  1022.5      2.21040E-04
  1027.5      2.19010E-04
  1032.5      2.16980E-04
  1037.5      2.15030E-04
  1042.5      2.12060E-04
  1047.5      2.11160E-04
  1052.5      2.09270E-04
  1057.5      2.07390E-04
  1062.5      2.05550E-04
  1067.5      2.03720E-04
  1072.5      2.01930E-04
  1077.5      2.00150E-04
  1082.5      1.98240E-04
  1087.5      1.96660E-04
  1092.5      1.89900E-04
  1097.5      1.92260E-04
  1102.5      1.91620E-04
  1107.5      1.89980E-04
  1112.5      1.88360E-04
  1117.5      1.86860E-04
  1122.5      1.85280E-04
  1127.5      1.83720E-04
  1132.5      1.82180E-04
  1137.5      1.80650E-04
  1142.5      1.79150E-04
  1147.5      1.77670E-04
  1152.5      1.76200E-04
  1157.5      1.74750E-04
  1162.5      1.71770E-04
  1167.5      1.70810E-04
  1172.5      1.70510E-04
  1177.5      1.69130E-04
  1182.5      1.67770E-04
  1187.5      1.66430E-04
  1192.5      1.65100E-04
  1197.5      1.63740E-04
  1202.5      1.62480E-04
  1207.5      1.61200E-04
  1212.5      1.59930E-04
  1217.5      1.58680E-04
  1222.5      1.57440E-04
  1227.5      1.56210E-04
  1232.5      1.55000E-04
  1237.5      1.53810E-04
  1242.5      1.52620E-04
  1247.5      1.51450E-04
  1252.5      1.50290E-04
  1257.5      1.49150E-04
  1262.5      1.48020E-04
  1267.5      1.46910E-04
  1272.5      1.45800E-04
  1277.5      1.44370E-04
  1282.5      1.39370E-04
  1287.5      1.42420E-04
  1292.5      1.41510E-04
  1297.5      1.40460E-04
  1302.5      1.39430E-04
  1307.5      1.38410E-04
  1312.5      1.37400E-04
  1317.5      1.36400E-04
  1322.5      1.35410E-04
  1327.5      1.34430E-04
  1332.5      1.33460E-04
  1337.5      1.32510E-04
  1342.5      1.31560E-04
  1347.5      1.30620E-04
  1352.5      1.29700E-04
  1357.5      1.28780E-04
  1362.5      1.27870E-04
  1367.5      1.26980E-04
  1372.5      1.26090E-04
  1377.5      1.25210E-04
  1382.5      1.24340E-04
  1387.5      1.23480E-04
  1392.5      1.22630E-04
  1397.5      1.21780E-04
  1402.5      1.20950E-04
  1407.5      1.20120E-04
  1412.5      1.19300E-04
  1417.5      1.18490E-04
  1422.5      1.17690E-04
  1427.5      1.16900E-04
  1432.5      1.16110E-04
  1437.5      1.15340E-04
  1442.5      1.14570E-04
  1447.5      1.13810E-04
  1452.5      1.13050E-04
  1457.0      1.12380E-04
  1462.0      1.11860E-04
  1467.5      1.11050E-04
  1472.5      1.10190E-04
  1477.5      1.08520E-04
  1482.5      1.08890E-04
  1487.5      1.08180E-04
  1492.5      1.07480E-04
  1497.5      1.06790E-04
  1502.5      1.06110E-04
  1507.5      1.05410E-04
  1512.5      1.04750E-04
  1517.5      1.04090E-04
  1522.5      1.03430E-04
  1527.5      1.02770E-04
  1532.5      1.02120E-04
  1537.5      1.01480E-04
  1542.5      1.00810E-04
  1547.5      1.00220E-04
  1552.5      9.95570E-05
  1557.5      9.88450E-05
  1562.5      9.83640E-05
  1567.5      9.76420E-05
  1572.5      9.69740E-05
  1577.5      9.65600E-05
  1582.5      9.59690E-05
  1587.5      9.50300E-05
  1592.5      9.46910E-05
  1597.5      9.42320E-05
  1605.0      9.32750E-05
  1615.0      9.19600E-05
  1625.0      9.11640E-05
  1635.0      8.99160E-05
  1645.0      8.85820E-05
  1655.0      8.79850E-05
  1665.0      8.69620E-05
  1675.0      8.57420E-05
  1685.0      8.43870E-05
  1695.0      8.39970E-05
  1705.0      8.30210E-05
  1715.0      8.21040E-05
  1725.0      8.11800E-05
  1735.0      7.93860E-05
  1745.0      7.93160E-05
  1755.0      7.85040E-05
  1765.0      7.76410E-05
  1775.0      7.67920E-05
  1785.0      7.59570E-05
  1795.0      7.51350E-05
  1805.0      7.43260E-05
  1815.0      7.26200E-05
  1825.0      7.26190E-05
  1835.0      7.19780E-05
  1845.0      7.12200E-05
  1855.0      7.04850E-05
  1865.0      6.91020E-05
  1875.0      6.77150E-05
  1885.0      6.83130E-05
  1895.0      6.76130E-05
  1905.0      6.69150E-05
  1915.0      6.62420E-05
  1925.0      6.55720E-05
  1935.0      6.48990E-05
  1945.0      6.32460E-05
  1955.0      6.35980E-05
  1965.0      6.29910E-05
  1975.0      6.23690E-05
  1985.0      6.17570E-05
  1995.0      6.11530E-05
  2005.0      6.05580E-05
  2015.0      5.99720E-05
  2025.0      5.93940E-05
  2035.0      5.88250E-05
  2045.0      5.82630E-05
  2055.0      5.77070E-05
  2065.0      5.71640E-05
  2075.0      5.66250E-05
  2085.0      5.60950E-05
  2095.0      5.55720E-05
  2105.0      5.50560E-05
  2115.0      5.45430E-05
  2125.0      5.40460E-05
  2135.0      5.35510E-05
  2145.0      5.30620E-05
  2155.0      5.25790E-05
  2165.0      5.11720E-05
  2175.0      5.15960E-05
  2185.0      5.11750E-05
  2195.0      5.07190E-05
  2205.0      5.02690E-05
  2215.0      4.98250E-05
  2225.0      4.93860E-05
  2235.0      4.89540E-05
  2245.0      4.85270E-05
  2255.0      4.81050E-05
  2265.0      4.76890E-05
  2275.0      4.72780E-05
  2285.0      4.69050E-05
  2295.0      4.65040E-05
  2305.0      4.61090E-05
  2315.0      4.57180E-05
  2325.0      4.53330E-05
  2335.0      4.49520E-05
  2345.0      4.45770E-05
  2355.0      4.42050E-05
  2365.0      4.38390E-05
  2375.0      4.34770E-05
  2385.0      4.31190E-05
  2395.0      4.27660E-05
  2405.0      4.24170E-05
  2415.0      4.20720E-05
  2425.0      4.17320E-05
  2435.0      4.13950E-05
  2445.0      4.10630E-05
  2455.0      4.07350E-05
  2465.0      4.04100E-05
  2475.0      4.00860E-05
  2485.0      3.97730E-05
  2495.0      3.94590E-05
  2505.0      3.91500E-05
  2515.0      3.88440E-05
  2525.0      3.85410E-05
  2535.0      3.82430E-05
  2545.0      3.79480E-05
  2555.0      3.76550E-05
  2565.0      3.73420E-05
  2575.0      3.70810E-05
  2585.0      3.67990E-05
  2595.0      3.65200E-05
  2605.0      3.62300E-05
  2615.0      3.58600E-05
  2625.0      3.49450E-05
  2635.0      3.54040E-05
  2645.0      3.51710E-05
  2655.0      3.49100E-05
  2665.0      3.46520E-05
  2675.0      3.42520E-05
  2685.0      3.41420E-05
  2695.0      3.38960E-05
  2705.0      3.36490E-05
  2715.0      3.34050E-05
  2725.0      3.31630E-05
  2735.0      3.29240E-05
  2745.0      3.26870E-05
  2755.0      3.22670E-05
  2765.0      3.21550E-05
  2775.0      3.19930E-05
  2785.0      3.17670E-05
  2795.0      3.15430E-05
  2805.0      3.13210E-05
  2815.0      3.11020E-05
  2825.0      3.08850E-05
  2835.0      3.06700E-05
  2845.0      3.04570E-05
  2855.0      3.02460E-05
  2865.0      2.99870E-05
  2875.0      2.95570E-05
  2885.0      2.96250E-05
  2895.0      2.94260E-05
  2905.0      2.92260E-05
  2915.0      2.90280E-05
  2925.0      2.88320E-05
  2935.0      2.86380E-05
  2945.0      2.84460E-05
  2955.0      2.82560E-05
  2965.0      2.80680E-05
  2975.0      2.78810E-05
  2985.0      2.76970E-05
  2995.0      2.75140E-05
  3005.0      2.73330E-05
  3015.0      2.71540E-05
  3025.0      2.69760E-05
  3035.0      2.65320E-05
  3045.0      2.64920E-05
  3055.0      2.64540E-05
  3065.0      2.62840E-05
  3075.0      2.61150E-05
  3085.0      2.59480E-05
  3095.0      2.57820E-05
  3105.0      2.56180E-05
  3115.0      2.54550E-05
  3125.0      2.52940E-05
  3135.0      2.51350E-05
  3145.0      2.49760E-05
  3155.0      2.48200E-05
  3165.0      2.46650E-05
  3175.0      2.45110E-05
  3185.0      2.43590E-05
  3195.0      2.42080E-05
  3210.0      2.39840E-05
  3230.0      2.36910E-05
  3250.0      2.34020E-05
  3270.0      2.31190E-05
  3290.0      2.26170E-05
  3310.0      2.25400E-05
  3330.0      2.23080E-05
  3350.0      2.20440E-05
  3370.0      2.17850E-05
  3390.0      2.15310E-05
  3410.0      2.12810E-05
  3430.0      2.10350E-05
  3450.0      2.07930E-05
  3470.0      2.05560E-05
  3490.0      2.03230E-05
  3510.0      2.00930E-05
  3530.0      1.98670E-05
  3550.0      1.96460E-05
  3570.0      1.94270E-05
  3590.0      1.92130E-05
  3610.0      1.90020E-05
  3630.0      1.87940E-05
  3650.0      1.85900E-05
  3670.0      1.83890E-05
  3690.0      1.81910E-05
  3710.0      1.79950E-05
  3730.0      1.77180E-05
  3750.0      1.74620E-05
  3770.0      1.74310E-05
  3790.0      1.72480E-05
  3810.0      1.70680E-05
  3830.0      1.68910E-05
  3850.0      1.67170E-05
  3870.0      1.65450E-05
  3890.0      1.63760E-05
  3910.0      1.62030E-05
  3930.0      1.60460E-05
  3950.0      1.58840E-05
  3970.0      1.57250E-05
  3990.0      1.55680E-05
  4010.0      1.54060E-05
  4030.0      1.52440E-05
  4050.0      1.49140E-05
  4070.0      1.49640E-05
  4090.0      1.48180E-05
  4110.0      1.46750E-05
  4130.0      1.45330E-05
  4150.0      1.43940E-05
  4170.0      1.42120E-05
  4190.0      1.41200E-05
  4210.0      1.39870E-05
  4230.0      1.38550E-05
  4250.0      1.37250E-05
  4270.0      1.35970E-05
  4290.0      1.34710E-05
  4310.0      1.33460E-05
  4330.0      1.32240E-05
  4350.0      1.31020E-05
  4370.0      1.29260E-05
  4390.0      1.28500E-05
  4410.0      1.27480E-05
  4430.0      1.26340E-05
  4450.0      1.25200E-05
  4470.0      1.24110E-05
  4490.0      1.23010E-05
  4510.0      1.21920E-05
  4530.0      1.20850E-05
  4550.0      1.19790E-05
  4570.0      1.18740E-05
  4590.0      1.17710E-05
  4610.0      1.16690E-05
  4630.0      1.15680E-05
  4650.0      1.12720E-05
  4670.0      1.12710E-05
  4690.0      1.12660E-05
  4710.0      1.11780E-05
  4730.0      1.10840E-05
  4750.0      1.09910E-05
  4770.0      1.08980E-05
  4790.0      1.08080E-05
  4810.0      1.07180E-05
  4830.0      1.06290E-05
  4850.0      1.05410E-05
  4870.0      1.04550E-05
  4890.0      1.03690E-05
  4910.0      1.02850E-05
  4930.0      1.02020E-05
  4950.0      1.01190E-05
  4970.0      1.00380E-05
  4990.0      9.95720E-06
  5010.0      9.87770E-06
  5030.0      9.79910E-06
  5050.0      9.72150E-06
  5070.0      9.64470E-06
  5090.0      9.56890E-06
  5110.0      9.48760E-06
  5130.0      9.31330E-06
  5150.0      9.34490E-06
  5170.0      9.27430E-06
  5190.0      9.20280E-06
  5210.0      9.13210E-06
  5230.0      9.06210E-06
  5250.0      8.99300E-06
  5270.0      8.92460E-06
  5290.0      8.85710E-06
  5310.0      8.79030E-06
  5330.0      8.72420E-06
  5350.0      8.65890E-06
  5370.0      8.59420E-06
  5390.0      8.53030E-06
  5410.0      8.46720E-06
  5430.0      8.40470E-06
  5450.0      8.34290E-06
  5470.0      8.28170E-06
  5490.0      8.22120E-06
  5510.0      8.16140E-06
  5530.0      8.10210E-06
  5550.0      8.04370E-06
  5570.0      7.98580E-06
  5590.0      7.92850E-06
  5610.0      7.87180E-06
  5630.0      7.81570E-06
  5650.0      7.76020E-06
  5670.0      7.70520E-06
  5690.0      7.65080E-06
  5710.0      7.59390E-06
  5730.0      7.54380E-06
  5750.0      7.49130E-06
  5770.0      7.43920E-06
  5790.0      7.38760E-06
  5810.0      7.33650E-06
  5830.0      7.28600E-06
  5850.0      7.23710E-06
  5870.0      7.18750E-06
  5890.0      7.13070E-06
  5910.0      6.97400E-06
  5930.0      7.03910E-06
  5950.0      6.98120E-06
  5970.0      6.94300E-06
  5990.0      6.90080E-06
  6010.0      6.85480E-06
  6030.0      6.80910E-06
  6050.0      6.76390E-06
  6070.0      6.71910E-06
  6090.0      6.67480E-06
  6110.0      6.63090E-06
  6130.0      6.58740E-06
  6150.0      6.54430E-06
  6170.0      6.50170E-06
  6190.0      6.45950E-06
  6210.0      6.41770E-06
  6230.0      6.37620E-06
  6250.0      6.33520E-06
  6270.0      6.29440E-06
  6290.0      6.22550E-06
  6310.0      6.21190E-06
  6330.0      6.17500E-06
  6350.0      6.13590E-06
  6370.0      6.09720E-06
  6390.0      6.05880E-06
  6420.0      6.00190E-06
  6460.0      5.92730E-06
  6500.0      5.85400E-06
  6540.0      5.78210E-06
  6580.0      5.71150E-06
  6620.0      5.64210E-06
  6660.0      5.57400E-06
  6700.0      5.50720E-06
  6740.0      5.44040E-06
  6780.0      5.35430E-06
  6820.0      5.31350E-06
  6860.0      5.25120E-06
  6900.0      5.19000E-06
  6940.0      5.12980E-06
  6980.0      5.07070E-06
  7020.0      5.01250E-06
  7060.0      4.95540E-06
  7100.0      4.89920E-06
  7140.0      4.84390E-06
  7180.0      4.78960E-06
  7220.0      4.73620E-06
  7260.0      4.68360E-06
  7300.0      4.63190E-06
  7340.0      4.58110E-06
  7380.0      4.53110E-06
  7420.0      4.48150E-06
  7460.0      4.36610E-06
  7500.0      4.30640E-06
  7540.0      4.33540E-06
  7580.0      4.29280E-06
  7620.0      4.24740E-06
  7660.0      4.20270E-06
  7700.0      4.15870E-06
  7740.0      4.11540E-06
  7780.0      4.07270E-06
  7820.0      4.03070E-06
  7860.0      3.98940E-06
  7900.0      3.94860E-06
  7940.0      3.90850E-06
  7980.0      3.86900E-06
  8020.0      3.83010E-06
  8060.0      3.79170E-06
  8100.0      3.75400E-06
  8140.0      3.71510E-06
  8180.0      3.68000E-06
  8220.0      3.64390E-06
  8260.0      3.60830E-06
  8300.0      3.57320E-06
  8340.0      3.53860E-06
  8380.0      3.50450E-06
  8420.0      3.47090E-06
  8460.0      3.43780E-06
  8500.0      3.40510E-06
  8540.0      3.37290E-06
  8580.0      3.34110E-06
  8620.0      3.30980E-06
  8660.0      3.27290E-06
  8700.0      3.24840E-06
  8740.0      3.20060E-06
  8780.0      3.17090E-06
  8820.0      3.15960E-06
  8860.0      3.13070E-06
  8900.0      3.10230E-06
  8940.0      3.07420E-06
  8980.0      3.04660E-06
  9020.0      3.01920E-06
  9060.0      2.99230E-06
  9100.0      2.96570E-06
  9140.0      2.93940E-06
  9180.0      2.91350E-06
  9220.0      2.88800E-06
  9260.0      2.86270E-06
  9300.0      2.83780E-06
  9340.0      2.81320E-06
  9380.0      2.77890E-06
  9420.0      2.76290E-06
  9460.0      2.74130E-06
  9500.0      2.71800E-06
  9540.0      2.69490E-06
  9580.0      2.67210E-06
  9620.0      2.64960E-06
  9660.0      2.62740E-06
  9700.0      2.60550E-06
  9740.0      2.58380E-06
  9780.0      2.56240E-06
  9820.0      2.54130E-06
  9860.0      2.52040E-06
  9900.0      2.49980E-06
  9940.0      2.47940E-06
  9980.0      2.45930E-06
  10020.      2.43940E-06
  20000.      5.95700E-07
  40000.      1.43730E-07
  60000.      6.24860E-08
  80000.      3.46070E-08
 1.00000E+05  2.18890E-08
 1.20000E+05  1.50590E-08
 1.40000E+05  1.09790E-08
 1.60000E+05  8.35110E-09
