 Castelli and Kurucz 2004-2012 Atmosphere
 T     46000.     G    4.50000 [-1.5] N(He)/Ntot=0.0784 VTURB=2  L/H=1.25 NOVER
 Wavelength  Eddington Hnu
   (nm)    (ergs/s/cm2/Hz/sr)
  9.0900      5.60960E-20
  9.3500      1.57830E-19
  9.6100      4.19430E-19
  9.7700      7.49950E-19
  9.9600      1.45660E-18
  10.200      3.25900E-18
  10.380      5.83340E-18
  10.560      1.02500E-17
  10.770      1.93580E-17
  11.040      4.24420E-17
  11.400      1.14750E-16
  11.780      3.09740E-16
  12.130      7.36760E-16
  12.480      1.67710E-15
  12.710      2.81900E-15
  12.840      3.75590E-15
  13.050      5.90000E-15
  13.240      8.78790E-15
  13.390      1.19540E-14
  13.660      2.04990E-14
  13.980      3.80140E-14
  14.330      7.26130E-14
  14.720      1.44000E-13
  15.100      2.75300E-13
  15.520      5.42630E-13
  15.880      9.47080E-13
  16.200      1.53090E-12
  16.600      2.71990E-12
  17.030      4.89180E-12
  17.340      7.35550E-12
  17.680      1.13820E-11
  18.020      1.73130E-11
  18.170      2.05740E-11
  18.610      3.46370E-11
  19.100      5.97760E-11
  19.390      8.17680E-11
  19.840      1.30240E-10
  20.180      1.82750E-10
  20.500      2.49370E-10
  21.050      4.15940E-10
  21.620      6.88190E-10
  21.980      9.34840E-10
  22.300      1.21540E-09
  22.680      1.64170E-09
  23.000      1.33760E-07
  23.400      8.88700E-07
  24.000      8.71680E-06
  24.650      5.18080E-05
  25.240      1.13100E-04
  25.680      9.48100E-05
  26.000      1.95180E-04
  26.400      2.90840E-04
  26.850      3.29100E-04
  27.350      3.91470E-04
  27.850      3.88130E-04
  28.400      4.92970E-04
  29.000      5.69080E-04
  29.600      4.99970E-04
  30.100      2.10160E-04
  30.800      3.19710E-04
  31.800      4.27600E-04
  32.800      4.93580E-04
  33.800      4.65410E-04
  34.800      4.85170E-04
  35.700      6.73210E-04
  36.600      8.27330E-04
  37.500      9.01350E-04
  38.500      8.30130E-04
  39.500      1.02580E-03
  40.500      1.17460E-03
  41.400      1.23260E-03
  42.200      1.22840E-03
  43.000      1.23740E-03
  44.100      1.39910E-03
  45.100      1.46480E-03
  46.000      1.44600E-03
  47.000      1.49470E-03
  48.000      1.59240E-03
  49.000      1.55110E-03
  50.000      1.69040E-03
  50.600      1.62320E-03
  51.200      1.83540E-03
  52.000      1.83580E-03
  53.000      1.85050E-03
  54.000      1.75330E-03
  55.000      1.69730E-03
  56.000      1.95590E-03
  57.000      2.02980E-03
  58.000      2.04100E-03
  59.000      2.10120E-03
  60.000      2.07300E-03
  61.000      2.00720E-03
  62.000      2.17580E-03
  63.000      2.15440E-03
  64.000      2.25100E-03
  65.000      2.23450E-03
  65.800      2.18970E-03
  66.500      2.29860E-03
  67.500      2.34020E-03
  68.500      2.27350E-03
  69.500      2.38800E-03
  70.500      2.31020E-03
  71.600      2.43360E-03
  72.600      2.47360E-03
  73.500      2.49100E-03
  74.500      2.48450E-03
  75.500      2.48400E-03
  76.500      2.44270E-03
  77.500      2.52000E-03
  78.500      2.50050E-03
  79.500      2.54410E-03
  80.500      2.57750E-03
  81.500      2.59740E-03
  82.500      2.61870E-03
  83.500      2.53760E-03
  84.500      2.63580E-03
  85.500      2.61740E-03
  86.500      2.66620E-03
  87.500      2.68710E-03
  88.500      2.68470E-03
  89.500      2.69240E-03
  90.500      2.67580E-03
  91.500      2.12910E-03
  92.500      3.47420E-03
  93.500      4.34160E-03
  94.500      5.03250E-03
  95.500      5.42460E-03
  96.500      5.88110E-03
  97.500      4.96650E-03
  98.500      5.73890E-03
  99.500      5.42820E-03
  100.50      5.69280E-03
  101.50      5.68030E-03
  102.50      4.98260E-03
  103.50      5.69910E-03
  104.50      5.72310E-03
  105.50      5.69490E-03
  106.50      5.58130E-03
  107.50      5.59460E-03
  108.50      5.38140E-03
  109.50      5.55350E-03
  110.50      5.48670E-03
  111.50      5.44150E-03
  112.50      5.36190E-03
  113.50      5.41900E-03
  114.50      5.38810E-03
  115.50      5.31320E-03
  116.50      5.24940E-03
  117.50      5.01250E-03
  118.50      5.20270E-03
  119.50      5.14280E-03
  120.50      5.12560E-03
  121.50      4.43590E-03
  122.50      5.05500E-03
  123.50      4.96290E-03
  124.50      4.92420E-03
  125.50      4.96700E-03
  126.50      4.93630E-03
  127.50      4.90260E-03
  128.50      4.86820E-03
  129.50      4.83840E-03
  130.50      4.78390E-03
  131.50      4.75610E-03
  132.50      4.70830E-03
  133.50      4.69160E-03
  134.50      4.66790E-03
  135.50      4.60010E-03
  136.50      4.52990E-03
  137.50      4.45940E-03
  138.50      4.48030E-03
  139.50      4.42680E-03
  140.50      4.34140E-03
  141.50      4.41450E-03
  142.50      4.36350E-03
  143.50      4.35940E-03
  144.20      4.29410E-03
  144.70      4.28920E-03
  145.50      4.25470E-03
  146.50      4.23240E-03
  147.50      4.22280E-03
  148.50      4.22320E-03
  149.50      4.18240E-03
  150.50      4.16310E-03
  151.20      4.15240E-03
  151.70      4.11790E-03
  152.50      4.10840E-03
  153.50      4.05050E-03
  154.50      3.89180E-03
  155.50      3.88360E-03
  156.50      3.95740E-03
  157.50      3.95100E-03
  158.50      3.91280E-03
  159.50      3.89170E-03
  160.50      3.84070E-03
  161.50      3.81730E-03
  162.50      3.77700E-03
  163.50      3.71380E-03
  164.50      3.56260E-03
  165.50      3.73150E-03
  166.50      3.71440E-03
  167.20      3.66690E-03
  167.70      3.69040E-03
  168.50      3.67020E-03
  169.50      3.64830E-03
  170.50      3.61670E-03
  171.50      3.54560E-03
  172.50      3.54940E-03
  173.50      3.55270E-03
  174.50      3.52440E-03
  175.50      3.49650E-03
  176.50      3.47830E-03
  177.50      3.45590E-03
  178.50      3.43420E-03
  179.50      3.40690E-03
  180.50      3.38510E-03
  181.50      3.36230E-03
  182.50      3.33950E-03
  183.50      3.31800E-03
  184.50      3.29590E-03
  185.50      3.27210E-03
  186.50      3.25040E-03
  187.50      3.22830E-03
  188.50      3.20610E-03
  189.50      3.18860E-03
  190.50      3.16750E-03
  191.50      3.14610E-03
  192.50      3.11630E-03
  193.50      3.10490E-03
  194.50      3.08460E-03
  195.50      3.06290E-03
  196.70      3.03970E-03
  197.60      3.02090E-03
  198.40      3.00640E-03
  199.50      2.98410E-03
  200.50      2.96540E-03
  201.50      2.94600E-03
  202.50      2.92690E-03
  203.50      2.90770E-03
  204.50      2.88500E-03
  205.50      2.26630E-03
  206.50      2.20460E-03
  207.40      2.25830E-03
  207.80      2.31370E-03
  208.50      2.47420E-03
  209.50      2.72430E-03
  210.50      2.77770E-03
  211.50      2.76970E-03
  212.50      2.75270E-03
  213.50      2.73140E-03
  214.50      2.71850E-03
  215.50      2.74390E-03
  216.50      2.66390E-03
  217.50      2.72670E-03
  218.50      2.63470E-03
  219.50      2.69230E-03
  220.50      2.67850E-03
  221.50      2.58420E-03
  222.50      2.64460E-03
  223.50      2.62910E-03
  224.50      2.61110E-03
  225.50      2.52420E-03
  226.50      2.58030E-03
  227.50      2.56500E-03
  228.50      2.54800E-03
  229.50      2.51910E-03
  230.50      2.45020E-03
  231.50      2.50030E-03
  232.50      2.48730E-03
  233.50      2.47230E-03
  234.50      2.45710E-03
  235.50      2.44230E-03
  236.50      2.42750E-03
  237.50      2.41260E-03
  238.50      2.33360E-03
  239.50      2.38070E-03
  240.50      2.36740E-03
  241.50      2.35390E-03
  242.50      2.34170E-03
  243.50      2.32750E-03
  244.50      2.31390E-03
  245.50      2.29830E-03
  246.50      2.28660E-03
  247.50      2.27370E-03
  248.50      2.25980E-03
  249.50      2.20560E-03
  250.50      2.22740E-03
  251.30      2.09700E-03
  251.80      2.20940E-03
  252.50      2.20280E-03
  253.50      2.19550E-03
  254.50      2.18310E-03
  255.50      2.17040E-03
  256.50      2.15820E-03
  257.50      2.14580E-03
  258.50      2.13340E-03
  259.50      2.11830E-03
  260.50      2.10960E-03
  261.50      2.09650E-03
  262.50      2.08590E-03
  263.50      2.07420E-03
  264.50      2.06240E-03
  265.50      2.05100E-03
  266.50      2.03940E-03
  267.50      2.02660E-03
  268.50      2.01670E-03
  269.50      2.00500E-03
  270.50      1.99470E-03
  271.50      1.98360E-03
  272.50      1.97220E-03
  273.50      1.91180E-03
  274.50      1.95120E-03
  275.50      1.94040E-03
  276.50      1.92950E-03
  277.50      1.91930E-03
  278.50      1.90860E-03
  279.50      1.89810E-03
  280.50      1.88830E-03
  281.50      1.87820E-03
  282.50      1.86740E-03
  283.50      1.85800E-03
  284.50      1.84830E-03
  285.50      1.83840E-03
  286.50      1.82860E-03
  287.50      1.81890E-03
  288.50      1.80930E-03
  289.50      1.79970E-03
  291.00      1.78550E-03
  293.00      1.76690E-03
  295.00      1.74810E-03
  297.00      1.73010E-03
  299.00      1.71150E-03
  301.00      1.69460E-03
  303.00      1.67640E-03
  305.00      1.65950E-03
  307.00      1.64240E-03
  309.00      1.62710E-03
  311.00      1.61080E-03
  313.00      1.59450E-03
  315.00      1.57910E-03
  317.00      1.56330E-03
  319.00      1.54720E-03
  321.00      1.51150E-03
  323.00      1.51820E-03
  325.00      1.50350E-03
  327.00      1.48710E-03
  329.00      1.47440E-03
  331.00      1.46030E-03
  333.00      1.44650E-03
  335.00      1.43210E-03
  337.00      1.41920E-03
  339.00      1.40570E-03
  341.00      1.39230E-03
  343.00      1.37990E-03
  345.00      1.36670E-03
  347.00      1.35450E-03
  349.00      1.34200E-03
  351.00      1.32980E-03
  353.00      1.31750E-03
  355.00      1.30550E-03
  357.00      1.29400E-03
  359.00      1.28190E-03
  361.00      1.27060E-03
  363.00      1.25890E-03
  364.00      1.23010E-03
  365.00      1.13120E-03
  367.00      1.12260E-03
  369.00      1.11680E-03
  371.00      1.11850E-03
  373.00      1.12550E-03
  375.00      1.14220E-03
  377.00      1.15430E-03
  379.00      1.16690E-03
  381.00      1.17760E-03
  383.00      1.13560E-03
  385.00      1.17040E-03
  387.00      1.17250E-03
  389.00      1.09860E-03
  391.00      1.15600E-03
  393.00      1.13920E-03
  395.00      1.13820E-03
  397.00      1.06060E-03
  399.00      1.11870E-03
  401.00      1.11310E-03
  403.00      1.08680E-03
  405.00      1.09560E-03
  407.00      1.08630E-03
  409.00      1.05980E-03
  411.00      1.01200E-03
  413.00      1.05870E-03
  415.00      1.05090E-03
  417.00      1.04280E-03
  419.00      1.03060E-03
  421.00      1.01320E-03
  423.00      1.01790E-03
  425.00      1.00970E-03
  427.00      1.00170E-03
  429.00      9.93720E-04
  431.00      9.85450E-04
  433.00      9.56230E-04
  435.00      9.26010E-04
  437.00      9.62060E-04
  439.00      9.54270E-04
  441.00      9.47790E-04
  443.00      9.40480E-04
  445.00      9.33260E-04
  447.00      9.22530E-04
  449.00      9.19040E-04
  451.00      9.12000E-04
  453.00      9.04080E-04
  455.00      8.85060E-04
  457.00      8.91530E-04
  459.00      8.84850E-04
  461.00      8.78220E-04
  463.00      8.71430E-04
  465.00      8.64040E-04
  467.00      8.58080E-04
  469.00      8.26970E-04
  471.00      8.45590E-04
  473.00      8.40020E-04
  475.00      8.33890E-04
  477.00      8.27830E-04
  479.00      8.21820E-04
  481.00      8.15890E-04
  483.00      8.09710E-04
  485.00      7.91300E-04
  487.00      7.57760E-04
  489.00      7.91960E-04
  491.00      7.87170E-04
  493.00      7.80230E-04
  495.00      7.76110E-04
  497.00      7.70660E-04
  499.00      7.65270E-04
  501.00      7.59250E-04
  503.00      7.54660E-04
  505.00      7.49300E-04
  507.00      7.44260E-04
  509.00      7.39150E-04
  511.00      7.34080E-04
  513.00      7.29060E-04
  515.00      7.24100E-04
  517.00      7.19190E-04
  519.00      7.14330E-04
  521.00      7.09510E-04
  523.00      7.04740E-04
  525.00      7.00010E-04
  527.00      6.95310E-04
  529.00      6.90720E-04
  531.00      6.86140E-04
  533.00      6.81600E-04
  535.00      6.77110E-04
  537.00      6.72660E-04
  539.00      6.68250E-04
  541.00      6.53320E-04
  543.00      6.59560E-04
  545.00      6.55300E-04
  547.00      6.51060E-04
  549.00      6.46870E-04
  551.00      6.42690E-04
  553.00      6.38590E-04
  555.00      6.34520E-04
  557.00      6.30460E-04
  559.00      6.26340E-04
  561.00      6.22510E-04
  563.00      6.18590E-04
  565.00      6.14700E-04
  567.00      6.10840E-04
  569.00      6.00180E-04
  571.00      5.67280E-04
  573.00      5.64000E-04
  575.00      5.60760E-04
  577.00      5.57650E-04
  579.00      5.54830E-04
  581.00      5.52130E-04
  583.00      5.50720E-04
  585.00      5.49540E-04
  587.00      5.46680E-04
  589.00      5.47990E-04
  591.00      5.47730E-04
  593.00      5.47890E-04
  595.00      5.48520E-04
  597.00      5.49150E-04
  599.00      5.50310E-04
  601.00      5.48590E-04
  603.00      5.46460E-04
  605.00      5.44790E-04
  607.00      5.40980E-04
  609.00      5.38540E-04
  611.00      5.34880E-04
  613.00      5.31770E-04
  615.00      5.29450E-04
  617.00      5.24500E-04
  619.00      5.23220E-04
  621.00      5.20290E-04
  623.00      5.15140E-04
  625.00      5.13910E-04
  627.00      5.11360E-04
  629.00      5.08430E-04
  631.00      5.02480E-04
  633.00      5.02450E-04
  635.00      4.99800E-04
  637.00      4.96970E-04
  639.00      4.93970E-04
  641.00      4.87590E-04
  643.00      4.88620E-04
  645.00      4.85890E-04
  647.00      4.83180E-04
  649.00      4.80490E-04
  651.00      4.77630E-04
  653.00      4.70270E-04
  655.00      4.68000E-04
  657.00      4.44190E-04
  659.00      4.66850E-04
  661.00      4.64810E-04
  663.00      4.62270E-04
  665.00      4.59760E-04
  667.00      4.56140E-04
  669.00      4.49150E-04
  671.00      4.52290E-04
  673.00      4.49890E-04
  675.00      4.47470E-04
  677.00      4.45070E-04
  679.00      4.42700E-04
  681.00      4.40330E-04
  683.00      4.37990E-04
  685.00      4.35670E-04
  687.00      4.33350E-04
  689.00      4.25610E-04
  691.00      4.28620E-04
  693.00      4.26550E-04
  695.00      4.24320E-04
  697.00      4.22100E-04
  699.00      4.19900E-04
  701.00      4.17720E-04
  703.00      4.15540E-04
  705.00      4.13400E-04
  707.00      4.10480E-04
  709.00      4.09160E-04
  711.00      4.07060E-04
  713.00      4.04970E-04
  715.00      4.02900E-04
  717.00      3.97280E-04
  719.00      3.96840E-04
  721.00      3.96800E-04
  723.00      3.94790E-04
  725.00      3.92800E-04
  727.00      3.90830E-04
  729.00      3.88650E-04
  731.00      3.86920E-04
  733.00      3.84990E-04
  735.00      3.83070E-04
  737.00      3.81170E-04
  739.00      3.79280E-04
  741.00      3.77410E-04
  743.00      3.75550E-04
  745.00      3.73690E-04
  747.00      3.71870E-04
  749.00      3.70040E-04
  751.00      3.68240E-04
  753.00      3.66450E-04
  755.00      3.64670E-04
  757.00      3.62900E-04
  759.00      3.56140E-04
  761.00      3.59130E-04
  763.00      3.57670E-04
  765.00      3.55950E-04
  767.00      3.54250E-04
  769.00      3.52550E-04
  771.00      3.50870E-04
  773.00      3.49200E-04
  775.00      3.47550E-04
  777.00      3.45900E-04
  779.00      3.44270E-04
  781.00      3.42650E-04
  783.00      3.41040E-04
  785.00      3.39440E-04
  787.00      3.37860E-04
  789.00      3.36280E-04
  791.00      3.34720E-04
  793.00      3.33160E-04
  795.00      3.31620E-04
  797.00      3.30080E-04
  799.00      3.28560E-04
  801.00      3.27050E-04
  803.00      3.25540E-04
  805.00      3.24050E-04
  807.00      3.22570E-04
  809.00      3.21100E-04
  811.00      3.19640E-04
  813.00      3.18190E-04
  815.00      3.16740E-04
  817.00      3.15300E-04
  819.00      3.12650E-04
  821.00      3.00700E-04
  823.00      2.97820E-04
  825.00      2.97820E-04
  827.00      2.96840E-04
  829.00      2.95600E-04
  831.00      2.94350E-04
  833.00      2.93100E-04
  835.00      2.91880E-04
  837.00      2.90710E-04
  839.00      2.89570E-04
  841.00      2.88520E-04
  843.00      2.87490E-04
  845.00      2.86450E-04
  847.00      2.85500E-04
  849.00      2.84670E-04
  851.00      2.83730E-04
  853.00      2.83000E-04
  855.00      2.81900E-04
  857.00      2.81510E-04
  859.00      2.80280E-04
  861.00      2.79490E-04
  863.00      2.79440E-04
  865.00      2.78380E-04
  867.00      2.76210E-04
  869.00      2.77440E-04
  871.00      2.77170E-04
  873.00      2.76100E-04
  875.00      2.71730E-04
  877.00      2.74160E-04
  879.00      2.74860E-04
  881.00      2.74420E-04
  883.00      2.73590E-04
  885.00      2.69680E-04
  887.00      2.64310E-04
  889.00      2.69670E-04
  891.00      2.69640E-04
  893.00      2.68650E-04
  895.00      2.68120E-04
  897.00      2.66730E-04
  899.00      2.64360E-04
  901.00      2.55840E-04
  903.00      2.58440E-04
  905.00      2.61670E-04
  907.00      2.61310E-04
  909.00      2.60430E-04
  911.00      2.58790E-04
  913.00      2.58340E-04
  915.00      2.57290E-04
  917.00      2.56200E-04
  919.00      2.54800E-04
  921.00      2.51640E-04
  923.00      2.41490E-04
  925.00      2.49070E-04
  927.00      2.50590E-04
  929.00      2.50080E-04
  931.00      2.49050E-04
  933.00      2.47880E-04
  935.00      2.42390E-04
  937.00      2.44960E-04
  939.00      2.45060E-04
  941.00      2.44130E-04
  943.00      2.43160E-04
  945.00      2.42200E-04
  947.00      2.41190E-04
  949.00      2.40280E-04
  951.00      2.38720E-04
  953.00      2.35220E-04
  955.00      2.25490E-04
  957.00      2.34350E-04
  959.00      2.35300E-04
  961.00      2.34680E-04
  963.00      2.33730E-04
  965.00      2.32860E-04
  967.00      2.31960E-04
  969.00      2.31060E-04
  971.00      2.30140E-04
  973.00      2.29270E-04
  975.00      2.28110E-04
  977.00      2.26070E-04
  979.00      2.26640E-04
  981.00      2.25770E-04
  983.00      2.24910E-04
  985.00      2.24050E-04
  987.00      2.23200E-04
  989.00      2.22350E-04
  991.00      2.21500E-04
  993.00      2.20670E-04
  995.00      2.19830E-04
  997.00      2.19000E-04
  999.00      2.18170E-04
  1002.5      2.14000E-04
  1007.5      2.10550E-04
  1012.5      2.09690E-04
  1017.5      2.10760E-04
  1022.5      2.08820E-04
  1027.5      2.06910E-04
  1032.5      2.04960E-04
  1037.5      2.03160E-04
  1042.5      2.00350E-04
  1047.5      1.99510E-04
  1052.5      1.97730E-04
  1057.5      1.95960E-04
  1062.5      1.94230E-04
  1067.5      1.92500E-04
  1072.5      1.90810E-04
  1077.5      1.89140E-04
  1082.5      1.87220E-04
  1087.5      1.85830E-04
  1092.5      1.79110E-04
  1097.5      1.81570E-04
  1102.5      1.81090E-04
  1107.5      1.79560E-04
  1112.5      1.78030E-04
  1117.5      1.76620E-04
  1122.5      1.75130E-04
  1127.5      1.73660E-04
  1132.5      1.72200E-04
  1137.5      1.70770E-04
  1142.5      1.69350E-04
  1147.5      1.67950E-04
  1152.5      1.66570E-04
  1157.5      1.65210E-04
  1162.5      1.62370E-04
  1167.5      1.61470E-04
  1172.5      1.61210E-04
  1177.5      1.59910E-04
  1182.5      1.58620E-04
  1187.5      1.57360E-04
  1192.5      1.56100E-04
  1197.5      1.54780E-04
  1202.5      1.53640E-04
  1207.5      1.52430E-04
  1212.5      1.51230E-04
  1217.5      1.50050E-04
  1222.5      1.48880E-04
  1227.5      1.47720E-04
  1232.5      1.46580E-04
  1237.5      1.45450E-04
  1242.5      1.44340E-04
  1247.5      1.43230E-04
  1252.5      1.42130E-04
  1257.5      1.41070E-04
  1262.5      1.40000E-04
  1267.5      1.38940E-04
  1272.5      1.37900E-04
  1277.5      1.36430E-04
  1282.5      1.31600E-04
  1287.5      1.34690E-04
  1292.5      1.33850E-04
  1297.5      1.32840E-04
  1302.5      1.31890E-04
  1307.5      1.30930E-04
  1312.5      1.29970E-04
  1317.5      1.29030E-04
  1322.5      1.28100E-04
  1327.5      1.27170E-04
  1332.5      1.26260E-04
  1337.5      1.25360E-04
  1342.5      1.24460E-04
  1347.5      1.23580E-04
  1352.5      1.22700E-04
  1357.5      1.21840E-04
  1362.5      1.20980E-04
  1367.5      1.20130E-04
  1372.5      1.19300E-04
  1377.5      1.18470E-04
  1382.5      1.17640E-04
  1387.5      1.16830E-04
  1392.5      1.16030E-04
  1397.5      1.15230E-04
  1402.5      1.14440E-04
  1407.5      1.13660E-04
  1412.5      1.12890E-04
  1417.5      1.12130E-04
  1422.5      1.11370E-04
  1427.5      1.10620E-04
  1432.5      1.09880E-04
  1437.5      1.09150E-04
  1442.5      1.08420E-04
  1447.5      1.07700E-04
  1452.5      1.06990E-04
  1457.0      1.06350E-04
  1462.0      1.05880E-04
  1467.5      1.05080E-04
  1472.5      1.04190E-04
  1477.5      1.02700E-04
  1482.5      1.02980E-04
  1487.5      1.02410E-04
  1492.5      1.01750E-04
  1497.5      1.01100E-04
  1502.5      1.00450E-04
  1507.5      9.97850E-05
  1512.5      9.91720E-05
  1517.5      9.85420E-05
  1522.5      9.79180E-05
  1527.5      9.73000E-05
  1532.5      9.66530E-05
  1537.5      9.60820E-05
  1542.5      9.53830E-05
  1547.5      9.48510E-05
  1552.5      9.42210E-05
  1557.5      9.35380E-05
  1562.5      9.31340E-05
  1567.5      9.24040E-05
  1572.5      9.17840E-05
  1577.5      9.14300E-05
  1582.5      9.08370E-05
  1587.5      8.99480E-05
  1592.5      8.96330E-05
  1597.5      8.92290E-05
  1605.0      8.83130E-05
  1615.0      8.70520E-05
  1625.0      8.63300E-05
  1635.0      8.51310E-05
  1645.0      8.38490E-05
  1655.0      8.33250E-05
  1665.0      8.23580E-05
  1675.0      8.11700E-05
  1685.0      7.98620E-05
  1695.0      7.95550E-05
  1705.0      7.86100E-05
  1715.0      7.77660E-05
  1725.0      7.68920E-05
  1735.0      7.51250E-05
  1745.0      7.51220E-05
  1755.0      7.43620E-05
  1765.0      7.35470E-05
  1775.0      7.27440E-05
  1785.0      7.19540E-05
  1795.0      7.11770E-05
  1805.0      7.04120E-05
  1815.0      6.87360E-05
  1825.0      6.87730E-05
  1835.0      6.81920E-05
  1845.0      6.74750E-05
  1855.0      6.67800E-05
  1865.0      6.54260E-05
  1875.0      6.41060E-05
  1885.0      6.47260E-05
  1895.0      6.40640E-05
  1905.0      6.33940E-05
  1915.0      6.27670E-05
  1925.0      6.21330E-05
  1935.0      6.14840E-05
  1945.0      5.98670E-05
  1955.0      6.02610E-05
  1965.0      5.96910E-05
  1975.0      5.91030E-05
  1985.0      5.85230E-05
  1995.0      5.79520E-05
  2005.0      5.73890E-05
  2015.0      5.68350E-05
  2025.0      5.62880E-05
  2035.0      5.57490E-05
  2045.0      5.52170E-05
  2055.0      5.46890E-05
  2065.0      5.41780E-05
  2075.0      5.36680E-05
  2085.0      5.31660E-05
  2095.0      5.26720E-05
  2105.0      5.21830E-05
  2115.0      5.16910E-05
  2125.0      5.12270E-05
  2135.0      5.07590E-05
  2145.0      5.02970E-05
  2155.0      4.98370E-05
  2165.0      4.84570E-05
  2175.0      4.89050E-05
  2185.0      4.85100E-05
  2195.0      4.80790E-05
  2205.0      4.76530E-05
  2215.0      4.72330E-05
  2225.0      4.68180E-05
  2235.0      4.64090E-05
  2245.0      4.60040E-05
  2255.0      4.56060E-05
  2265.0      4.52120E-05
  2275.0      4.48230E-05
  2285.0      4.44730E-05
  2295.0      4.40930E-05
  2305.0      4.37190E-05
  2315.0      4.33500E-05
  2325.0      4.29850E-05
  2335.0      4.26240E-05
  2345.0      4.22690E-05
  2355.0      4.19170E-05
  2365.0      4.15700E-05
  2375.0      4.12270E-05
  2385.0      4.08890E-05
  2395.0      4.05540E-05
  2405.0      4.02240E-05
  2415.0      3.98980E-05
  2425.0      3.95750E-05
  2435.0      3.92570E-05
  2445.0      3.89420E-05
  2455.0      3.86310E-05
  2465.0      3.83230E-05
  2475.0      3.80150E-05
  2485.0      3.77200E-05
  2495.0      3.74230E-05
  2505.0      3.71300E-05
  2515.0      3.68400E-05
  2525.0      3.65530E-05
  2535.0      3.62710E-05
  2545.0      3.59910E-05
  2555.0      3.57140E-05
  2565.0      3.54100E-05
  2575.0      3.51700E-05
  2585.0      3.49030E-05
  2595.0      3.46390E-05
  2605.0      3.43630E-05
  2615.0      3.39950E-05
  2625.0      3.31160E-05
  2635.0      3.35740E-05
  2645.0      3.33620E-05
  2655.0      3.31140E-05
  2665.0      3.28670E-05
  2675.0      3.24810E-05
  2685.0      3.23830E-05
  2695.0      3.21530E-05
  2705.0      3.19200E-05
  2715.0      3.16880E-05
  2725.0      3.14600E-05
  2735.0      3.12330E-05
  2745.0      3.10090E-05
  2755.0      3.05930E-05
  2765.0      3.04990E-05
  2775.0      3.03510E-05
  2785.0      3.01370E-05
  2795.0      2.99250E-05
  2805.0      2.97150E-05
  2815.0      2.95070E-05
  2825.0      2.93010E-05
  2835.0      2.90980E-05
  2845.0      2.88960E-05
  2855.0      2.86960E-05
  2865.0      2.84410E-05
  2875.0      2.80260E-05
  2885.0      2.81050E-05
  2895.0      2.79190E-05
  2905.0      2.77300E-05
  2915.0      2.75420E-05
  2925.0      2.73570E-05
  2935.0      2.71730E-05
  2945.0      2.69910E-05
  2955.0      2.68110E-05
  2965.0      2.66320E-05
  2975.0      2.64560E-05
  2985.0      2.62810E-05
  2995.0      2.61080E-05
  3005.0      2.59360E-05
  3015.0      2.57670E-05
  3025.0      2.55980E-05
  3035.0      2.51620E-05
  3045.0      2.51290E-05
  3055.0      2.51040E-05
  3065.0      2.49420E-05
  3075.0      2.47820E-05
  3085.0      2.46240E-05
  3095.0      2.44670E-05
  3105.0      2.43110E-05
  3115.0      2.41570E-05
  3125.0      2.40040E-05
  3135.0      2.38530E-05
  3145.0      2.37030E-05
  3155.0      2.35540E-05
  3165.0      2.34070E-05
  3175.0      2.32620E-05
  3185.0      2.31170E-05
  3195.0      2.29740E-05
  3210.0      2.27620E-05
  3230.0      2.24840E-05
  3250.0      2.22110E-05
  3270.0      2.19420E-05
  3290.0      2.14550E-05
  3310.0      2.13910E-05
  3330.0      2.11740E-05
  3350.0      2.09240E-05
  3370.0      2.06780E-05
  3390.0      2.04370E-05
  3410.0      2.02000E-05
  3430.0      1.99670E-05
  3450.0      1.97380E-05
  3470.0      1.95130E-05
  3490.0      1.92920E-05
  3510.0      1.90740E-05
  3530.0      1.88600E-05
  3550.0      1.86500E-05
  3570.0      1.84430E-05
  3590.0      1.82390E-05
  3610.0      1.80390E-05
  3630.0      1.78420E-05
  3650.0      1.76490E-05
  3670.0      1.74580E-05
  3690.0      1.72700E-05
  3710.0      1.70840E-05
  3730.0      1.68170E-05
  3750.0      1.65740E-05
  3770.0      1.65500E-05
  3790.0      1.63770E-05
  3810.0      1.62060E-05
  3830.0      1.60380E-05
  3850.0      1.58730E-05
  3870.0      1.57100E-05
  3890.0      1.55500E-05
  3910.0      1.53850E-05
  3930.0      1.52360E-05
  3950.0      1.50830E-05
  3970.0      1.49320E-05
  3990.0      1.47840E-05
  4010.0      1.46270E-05
  4030.0      1.44730E-05
  4050.0      1.41550E-05
  4070.0      1.42100E-05
  4090.0      1.40720E-05
  4110.0      1.39360E-05
  4130.0      1.38010E-05
  4150.0      1.36690E-05
  4170.0      1.34950E-05
  4190.0      1.34100E-05
  4210.0      1.32840E-05
  4230.0      1.31590E-05
  4250.0      1.30360E-05
  4270.0      1.29140E-05
  4290.0      1.27930E-05
  4310.0      1.26760E-05
  4330.0      1.25590E-05
  4350.0      1.24440E-05
  4370.0      1.22720E-05
  4390.0      1.22040E-05
  4410.0      1.21090E-05
  4430.0      1.20000E-05
  4450.0      1.18920E-05
  4470.0      1.17890E-05
  4490.0      1.16840E-05
  4510.0      1.15810E-05
  4530.0      1.14790E-05
  4550.0      1.13790E-05
  4570.0      1.12790E-05
  4590.0      1.11810E-05
  4610.0      1.10840E-05
  4630.0      1.09890E-05
  4650.0      1.07020E-05
  4670.0      1.07020E-05
  4690.0      1.07010E-05
  4710.0      1.06190E-05
  4730.0      1.05290E-05
  4750.0      1.04410E-05
  4770.0      1.03540E-05
  4790.0      1.02670E-05
  4810.0      1.01820E-05
  4830.0      1.00980E-05
  4850.0      1.00150E-05
  4870.0      9.93260E-06
  4890.0      9.85150E-06
  4910.0      9.77140E-06
  4930.0      9.69220E-06
  4950.0      9.61400E-06
  4970.0      9.53670E-06
  4990.0      9.46030E-06
  5010.0      9.38480E-06
  5030.0      9.31030E-06
  5050.0      9.23660E-06
  5070.0      9.16370E-06
  5090.0      9.09170E-06
  5110.0      9.01410E-06
  5130.0      8.84450E-06
  5150.0      8.87900E-06
  5170.0      8.81210E-06
  5190.0      8.74420E-06
  5210.0      8.67710E-06
  5230.0      8.61070E-06
  5250.0      8.54510E-06
  5270.0      8.48020E-06
  5290.0      8.41610E-06
  5310.0      8.35260E-06
  5330.0      8.28990E-06
  5350.0      8.22790E-06
  5370.0      8.16650E-06
  5390.0      8.10580E-06
  5410.0      8.04590E-06
  5430.0      7.98650E-06
  5450.0      7.92790E-06
  5470.0      7.86980E-06
  5490.0      7.81240E-06
  5510.0      7.75550E-06
  5530.0      7.69920E-06
  5550.0      7.64380E-06
  5570.0      7.58880E-06
  5590.0      7.53440E-06
  5610.0      7.48060E-06
  5630.0      7.42740E-06
  5650.0      7.37470E-06
  5670.0      7.32250E-06
  5690.0      7.27090E-06
  5710.0      7.21680E-06
  5730.0      7.16930E-06
  5750.0      7.11940E-06
  5770.0      7.07000E-06
  5790.0      7.02100E-06
  5810.0      6.97250E-06
  5830.0      6.92460E-06
  5850.0      6.87820E-06
  5870.0      6.83110E-06
  5890.0      6.77660E-06
  5910.0      6.62480E-06
  5930.0      6.68880E-06
  5950.0      6.63460E-06
  5970.0      6.59880E-06
  5990.0      6.55890E-06
  6010.0      6.51510E-06
  6030.0      6.47180E-06
  6050.0      6.42890E-06
  6070.0      6.38640E-06
  6090.0      6.34430E-06
  6110.0      6.30260E-06
  6130.0      6.26130E-06
  6150.0      6.22040E-06
  6170.0      6.17990E-06
  6190.0      6.13980E-06
  6210.0      6.10010E-06
  6230.0      6.06080E-06
  6250.0      6.02190E-06
  6270.0      5.98310E-06
  6290.0      5.91650E-06
  6310.0      5.90360E-06
  6330.0      5.86970E-06
  6350.0      5.83260E-06
  6370.0      5.79580E-06
  6390.0      5.75940E-06
  6420.0      5.70540E-06
  6460.0      5.63450E-06
  6500.0      5.56490E-06
  6540.0      5.49660E-06
  6580.0      5.42960E-06
  6620.0      5.36370E-06
  6660.0      5.29900E-06
  6700.0      5.23550E-06
  6740.0      5.17200E-06
  6780.0      5.08860E-06
  6820.0      5.05150E-06
  6860.0      4.99240E-06
  6900.0      4.93420E-06
  6940.0      4.87700E-06
  6980.0      4.82090E-06
  7020.0      4.76570E-06
  7060.0      4.71140E-06
  7100.0      4.65800E-06
  7140.0      4.60550E-06
  7180.0      4.55390E-06
  7220.0      4.50320E-06
  7260.0      4.45330E-06
  7300.0      4.40420E-06
  7340.0      4.35590E-06
  7380.0      4.30840E-06
  7420.0      4.26110E-06
  7460.0      4.15060E-06
  7500.0      4.09340E-06
  7540.0      4.12230E-06
  7580.0      4.08210E-06
  7620.0      4.03890E-06
  7660.0      3.99650E-06
  7700.0      3.95470E-06
  7740.0      3.91350E-06
  7780.0      3.87290E-06
  7820.0      3.83310E-06
  7860.0      3.79380E-06
  7900.0      3.75510E-06
  7940.0      3.71700E-06
  7980.0      3.67950E-06
  8020.0      3.64250E-06
  8060.0      3.60610E-06
  8100.0      3.57020E-06
  8140.0      3.53270E-06
  8180.0      3.49990E-06
  8220.0      3.46570E-06
  8260.0      3.43180E-06
  8300.0      3.39850E-06
  8340.0      3.36560E-06
  8380.0      3.33320E-06
  8420.0      3.30130E-06
  8460.0      3.26980E-06
  8500.0      3.23870E-06
  8540.0      3.20810E-06
  8580.0      3.17790E-06
  8620.0      3.14820E-06
  8660.0      3.11300E-06
  8700.0      3.08980E-06
  8740.0      3.04380E-06
  8780.0      3.01560E-06
  8820.0      3.00540E-06
  8860.0      2.97800E-06
  8900.0      2.95100E-06
  8940.0      2.92430E-06
  8980.0      2.89800E-06
  9020.0      2.87210E-06
  9060.0      2.84650E-06
  9100.0      2.82120E-06
  9140.0      2.79620E-06
  9180.0      2.77160E-06
  9220.0      2.74730E-06
  9260.0      2.72330E-06
  9300.0      2.69970E-06
  9340.0      2.67630E-06
  9380.0      2.64340E-06
  9420.0      2.62830E-06
  9460.0      2.60800E-06
  9500.0      2.58580E-06
  9540.0      2.56380E-06
  9580.0      2.54220E-06
  9620.0      2.52080E-06
  9660.0      2.49970E-06
  9700.0      2.47890E-06
  9740.0      2.45830E-06
  9780.0      2.43790E-06
  9820.0      2.41780E-06
  9860.0      2.39800E-06
  9900.0      2.37840E-06
  9940.0      2.35910E-06
  9980.0      2.33990E-06
  10020.      2.32100E-06
  20000.      5.67740E-07
  40000.      1.37200E-07
  60000.      5.96900E-08
  80000.      3.30720E-08
 1.00000E+05  2.09260E-08
 1.20000E+05  1.44010E-08
 1.40000E+05  1.05020E-08
 1.60000E+05  7.99050E-09
