 Castelli and Kurucz 2004-2012 Atmosphere
 T     38000.     G    4.50000 [-1.5] N(He)/Ntot=0.0784 VTURB=2  L/H=1.25 NOVER
 Wavelength  Eddington Hnu
   (nm)    (ergs/s/cm2/Hz/sr)
  9.0900      9.89770E-26
  9.3500      4.09350E-25
  9.6100      1.57810E-24
  9.7700      3.50800E-24
  9.9600      8.78430E-24
  10.200      2.67860E-23
  10.380      5.99470E-23
  10.560      1.30830E-22
  10.770      3.15550E-22
  11.040      9.35850E-22
  11.400      3.70680E-21
  11.780      1.46120E-20
  12.130      4.82510E-20
  12.480      1.49940E-19
  12.710      3.06350E-19
  12.840      4.54120E-19
  13.050      8.44820E-19
  13.240      1.45930E-18
  13.390      2.22480E-18
  13.660      4.65700E-18
  13.980      1.08150E-17
  14.330      2.61340E-17
  14.720      6.67690E-17
  15.100      1.59780E-16
  15.520      4.00260E-16
  15.880      8.49030E-16
  16.200      1.61480E-15
  16.600      3.49190E-15
  17.030      7.70170E-15
  17.340      1.33150E-14
  17.680      2.37750E-14
  18.020      4.15700E-14
  18.170      5.28420E-14
  18.610      1.04700E-13
  19.100      2.16250E-13
  19.390      3.26660E-13
  19.840      6.05320E-13
  20.180      9.47610E-13
  20.500      1.42560E-12
  21.050      2.79600E-12
  21.620      5.41960E-12
  21.980      8.08900E-12
  22.300      1.14220E-11
  22.680      1.69850E-11
  23.000      2.50590E-09
  23.400      1.14960E-08
  24.000      2.95170E-08
  24.650      1.21500E-07
  25.240      3.75670E-07
  25.680      3.00680E-07
  26.000      1.36520E-06
  26.400      4.16370E-06
  26.850      7.13970E-06
  27.350      9.66350E-06
  27.850      9.40050E-06
  28.400      1.64330E-05
  29.000      1.91270E-05
  29.600      1.22940E-05
  30.100      1.96820E-06
  30.800      8.28120E-06
  31.800      2.29150E-05
  32.800      2.95440E-05
  33.800      3.20240E-05
  34.800      3.71480E-05
  35.700      4.89540E-05
  36.600      6.10330E-05
  37.500      6.60050E-05
  38.500      6.50970E-05
  39.500      7.77590E-05
  40.500      8.67110E-05
  41.400      9.18580E-05
  42.200      9.30130E-05
  43.000      9.40570E-05
  44.100      1.06160E-04
  45.100      1.13270E-04
  46.000      1.14900E-04
  47.000      1.22030E-04
  48.000      1.32690E-04
  49.000      1.34730E-04
  50.000      1.50590E-04
  50.600      2.52510E-04
  51.200      4.95030E-04
  52.000      4.89000E-04
  53.000      4.88420E-04
  54.000      4.62110E-04
  55.000      4.84800E-04
  56.000      5.68420E-04
  57.000      5.91090E-04
  58.000      5.84320E-04
  59.000      6.15930E-04
  60.000      6.03880E-04
  61.000      6.20110E-04
  62.000      6.87410E-04
  63.000      6.95350E-04
  64.000      7.23480E-04
  65.000      7.28550E-04
  65.800      7.16510E-04
  66.500      7.52410E-04
  67.500      7.90120E-04
  68.500      7.67420E-04
  69.500      8.15160E-04
  70.500      7.95650E-04
  71.600      8.60160E-04
  72.600      8.78030E-04
  73.500      8.97670E-04
  74.500      8.97410E-04
  75.500      9.09510E-04
  76.500      9.11830E-04
  77.500      9.36880E-04
  78.500      9.53040E-04
  79.500      9.72130E-04
  80.500      9.84050E-04
  81.500      1.00390E-03
  82.500      1.02490E-03
  83.500      9.82990E-04
  84.500      1.04650E-03
  85.500      1.05480E-03
  86.500      1.08000E-03
  87.500      1.09440E-03
  88.500      1.10540E-03
  89.500      1.11670E-03
  90.500      1.11900E-03
  91.500      9.86480E-04
  92.500      1.86790E-03
  93.500      2.54380E-03
  94.500      3.27050E-03
  95.500      3.57410E-03
  96.500      4.10330E-03
  97.500      3.11550E-03
  98.500      4.02760E-03
  99.500      3.79180E-03
  100.50      3.98730E-03
  101.50      4.02610E-03
  102.50      3.22640E-03
  103.50      3.99010E-03
  104.50      4.06980E-03
  105.50      4.05140E-03
  106.50      3.95600E-03
  107.50      3.95310E-03
  108.50      3.77410E-03
  109.50      3.95770E-03
  110.50      3.90320E-03
  111.50      3.86800E-03
  112.50      3.76360E-03
  113.50      3.85730E-03
  114.50      3.83420E-03
  115.50      3.77120E-03
  116.50      3.74680E-03
  117.50      3.42700E-03
  118.50      3.65350E-03
  119.50      3.65030E-03
  120.50      3.60190E-03
  121.50      2.91470E-03
  122.50      3.56340E-03
  123.50      3.57750E-03
  124.50      3.53960E-03
  125.50      3.56540E-03
  126.50      3.55860E-03
  127.50      3.54230E-03
  128.50      3.52620E-03
  129.50      3.47980E-03
  130.50      3.46340E-03
  131.50      3.45950E-03
  132.50      3.42670E-03
  133.50      3.40720E-03
  134.50      3.39890E-03
  135.50      3.35960E-03
  136.50      3.32520E-03
  137.50      3.29050E-03
  138.50      3.28220E-03
  139.50      3.21320E-03
  140.50      3.17060E-03
  141.50      3.22520E-03
  142.50      3.16070E-03
  143.50      3.17890E-03
  144.20      3.15590E-03
  144.70      3.14640E-03
  145.50      3.11760E-03
  146.50      3.10800E-03
  147.50      3.09000E-03
  148.50      3.08930E-03
  149.50      3.05600E-03
  150.50      3.04990E-03
  151.20      3.04370E-03
  151.70      3.02070E-03
  152.50      2.99770E-03
  153.50      2.92170E-03
  154.50      2.79860E-03
  155.50      2.80300E-03
  156.50      2.84950E-03
  157.50      2.86790E-03
  158.50      2.86460E-03
  159.50      2.84490E-03
  160.50      2.77600E-03
  161.50      2.75230E-03
  162.50      2.73410E-03
  163.50      2.69470E-03
  164.50      2.59160E-03
  165.50      2.73090E-03
  166.50      2.71690E-03
  167.20      2.66630E-03
  167.70      2.72590E-03
  168.50      2.70330E-03
  169.50      2.68890E-03
  170.50      2.66300E-03
  171.50      2.61110E-03
  172.50      2.60800E-03
  173.50      2.63340E-03
  174.50      2.61150E-03
  175.50      2.58450E-03
  176.50      2.58250E-03
  177.50      2.56960E-03
  178.50      2.55600E-03
  179.50      2.53180E-03
  180.50      2.52100E-03
  181.50      2.50500E-03
  182.50      2.48650E-03
  183.50      2.47860E-03
  184.50      2.45970E-03
  185.50      2.44160E-03
  186.50      2.42510E-03
  187.50      2.40950E-03
  188.50      2.39510E-03
  189.50      2.38740E-03
  190.50      2.37530E-03
  191.50      2.35970E-03
  192.50      2.32640E-03
  193.50      2.33180E-03
  194.50      2.31850E-03
  195.50      2.29870E-03
  196.70      2.28660E-03
  197.60      2.27460E-03
  198.40      2.26370E-03
  199.50      2.24740E-03
  200.50      2.23590E-03
  201.50      2.22230E-03
  202.50      2.20870E-03
  203.50      2.19510E-03
  204.50      2.18080E-03
  205.50      1.71300E-03
  206.50      1.66330E-03
  207.40      1.70390E-03
  207.80      1.74460E-03
  208.50      1.85950E-03
  209.50      2.05260E-03
  210.50      2.10480E-03
  211.50      2.10100E-03
  212.50      2.08710E-03
  213.50      2.07340E-03
  214.50      2.06480E-03
  215.50      2.08160E-03
  216.50      2.02110E-03
  217.50      2.07080E-03
  218.50      2.00170E-03
  219.50      2.04600E-03
  220.50      2.03640E-03
  221.50      1.96460E-03
  222.50      2.01190E-03
  223.50      2.00090E-03
  224.50      1.98730E-03
  225.50      1.92040E-03
  226.50      1.96540E-03
  227.50      1.95420E-03
  228.50      1.94080E-03
  229.50      1.90920E-03
  230.50      1.86700E-03
  231.50      1.90690E-03
  232.50      1.89760E-03
  233.50      1.88670E-03
  234.50      1.87560E-03
  235.50      1.86460E-03
  236.50      1.85410E-03
  237.50      1.84270E-03
  238.50      1.78060E-03
  239.50      1.81730E-03
  240.50      1.81120E-03
  241.50      1.80090E-03
  242.50      1.79130E-03
  243.50      1.78090E-03
  244.50      1.77090E-03
  245.50      1.75990E-03
  246.50      1.75100E-03
  247.50      1.74140E-03
  248.50      1.73120E-03
  249.50      1.66590E-03
  250.50      1.70660E-03
  251.30      1.60720E-03
  251.80      1.68950E-03
  252.50      1.69190E-03
  253.50      1.68410E-03
  254.50      1.67480E-03
  255.50      1.66540E-03
  256.50      1.65650E-03
  257.50      1.64730E-03
  258.50      1.63840E-03
  259.50      1.62810E-03
  260.50      1.62190E-03
  261.50      1.61270E-03
  262.50      1.60440E-03
  263.50      1.59570E-03
  264.50      1.58680E-03
  265.50      1.57810E-03
  266.50      1.56890E-03
  267.50      1.55890E-03
  268.50      1.55310E-03
  269.50      1.54280E-03
  270.50      1.53700E-03
  271.50      1.52840E-03
  272.50      1.51780E-03
  273.50      1.47480E-03
  274.50      1.50460E-03
  275.50      1.49670E-03
  276.50      1.48560E-03
  277.50      1.48110E-03
  278.50      1.47320E-03
  279.50      1.46430E-03
  280.50      1.45780E-03
  281.50      1.45050E-03
  282.50      1.43940E-03
  283.50      1.43410E-03
  284.50      1.42830E-03
  285.50      1.42100E-03
  286.50      1.41350E-03
  287.50      1.40640E-03
  288.50      1.39920E-03
  289.50      1.39210E-03
  291.00      1.38140E-03
  293.00      1.36760E-03
  295.00      1.35100E-03
  297.00      1.34010E-03
  299.00      1.32580E-03
  301.00      1.31340E-03
  303.00      1.29950E-03
  305.00      1.28690E-03
  307.00      1.27520E-03
  309.00      1.26270E-03
  311.00      1.25050E-03
  313.00      1.23860E-03
  315.00      1.22690E-03
  317.00      1.21510E-03
  319.00      1.19980E-03
  321.00      1.17710E-03
  323.00      1.18110E-03
  325.00      1.17000E-03
  327.00      1.15770E-03
  329.00      1.14800E-03
  331.00      1.13770E-03
  333.00      1.12720E-03
  335.00      1.11580E-03
  337.00      1.10670E-03
  339.00      1.09670E-03
  341.00      1.08680E-03
  343.00      1.07610E-03
  345.00      1.06510E-03
  347.00      1.05680E-03
  349.00      1.04840E-03
  351.00      1.03910E-03
  353.00      1.02960E-03
  355.00      1.02010E-03
  357.00      1.01300E-03
  359.00      1.00170E-03
  361.00      9.94040E-04
  363.00      9.84060E-04
  364.00      9.68490E-04
  365.00      9.04260E-04
  367.00      8.97990E-04
  369.00      8.92470E-04
  371.00      8.89160E-04
  373.00      8.90010E-04
  375.00      8.99900E-04
  377.00      9.02900E-04
  379.00      9.19360E-04
  381.00      9.36010E-04
  383.00      8.84460E-04
  385.00      9.38440E-04
  387.00      9.42810E-04
  389.00      8.58310E-04
  391.00      9.32540E-04
  393.00      9.20850E-04
  395.00      9.18480E-04
  397.00      8.28090E-04
  399.00      9.02210E-04
  401.00      8.98310E-04
  403.00      8.72350E-04
  405.00      8.87050E-04
  407.00      8.78490E-04
  409.00      8.48960E-04
  411.00      7.97620E-04
  413.00      8.54550E-04
  415.00      8.49020E-04
  417.00      8.44600E-04
  419.00      8.35330E-04
  421.00      8.22110E-04
  423.00      8.25130E-04
  425.00      8.18550E-04
  427.00      8.12030E-04
  429.00      8.05770E-04
  431.00      7.98300E-04
  433.00      7.66230E-04
  435.00      7.33630E-04
  437.00      7.79340E-04
  439.00      7.69180E-04
  441.00      7.68950E-04
  443.00      7.62770E-04
  445.00      7.57490E-04
  447.00      7.41120E-04
  449.00      7.45990E-04
  451.00      7.40260E-04
  453.00      7.34100E-04
  455.00      7.19300E-04
  457.00      7.24020E-04
  459.00      7.18590E-04
  461.00      7.13300E-04
  463.00      7.07650E-04
  465.00      6.99750E-04
  467.00      6.97110E-04
  469.00      6.73000E-04
  471.00      6.84580E-04
  473.00      6.82740E-04
  475.00      6.77810E-04
  477.00      6.72950E-04
  479.00      6.68130E-04
  481.00      6.63360E-04
  483.00      6.57740E-04
  485.00      6.36770E-04
  487.00      6.01800E-04
  489.00      6.42970E-04
  491.00      6.40220E-04
  493.00      6.30440E-04
  495.00      6.31330E-04
  497.00      6.27010E-04
  499.00      6.22680E-04
  501.00      6.15630E-04
  503.00      6.14120E-04
  505.00      6.09030E-04
  507.00      6.05770E-04
  509.00      6.01650E-04
  511.00      5.97570E-04
  513.00      5.93530E-04
  515.00      5.89530E-04
  517.00      5.85570E-04
  519.00      5.81650E-04
  521.00      5.77770E-04
  523.00      5.73930E-04
  525.00      5.70090E-04
  527.00      5.66310E-04
  529.00      5.62620E-04
  531.00      5.58930E-04
  533.00      5.55270E-04
  535.00      5.51650E-04
  537.00      5.48060E-04
  539.00      5.44500E-04
  541.00      5.33250E-04
  543.00      5.37490E-04
  545.00      5.34050E-04
  547.00      5.30630E-04
  549.00      5.27240E-04
  551.00      5.23860E-04
  553.00      5.20560E-04
  555.00      5.17270E-04
  557.00      5.14000E-04
  559.00      5.10630E-04
  561.00      5.07580E-04
  563.00      5.04400E-04
  565.00      5.01260E-04
  567.00      4.98150E-04
  569.00      4.90720E-04
  571.00      4.70100E-04
  573.00      4.67400E-04
  575.00      4.64720E-04
  577.00      4.62100E-04
  579.00      4.59580E-04
  581.00      4.57200E-04
  583.00      4.55370E-04
  585.00      4.54070E-04
  587.00      4.47800E-04
  589.00      4.51770E-04
  591.00      4.51090E-04
  593.00      4.50470E-04
  595.00      4.50040E-04
  597.00      4.49680E-04
  599.00      4.49510E-04
  601.00      4.48200E-04
  603.00      4.46200E-04
  605.00      4.44650E-04
  607.00      4.42090E-04
  609.00      4.39540E-04
  611.00      4.36810E-04
  613.00      4.34280E-04
  615.00      4.31930E-04
  617.00      4.28880E-04
  619.00      4.26960E-04
  621.00      4.24510E-04
  623.00      4.21270E-04
  625.00      4.19590E-04
  627.00      4.17280E-04
  629.00      4.14900E-04
  631.00      4.11380E-04
  633.00      4.10220E-04
  635.00      4.07910E-04
  637.00      4.05620E-04
  639.00      4.03340E-04
  641.00      3.99490E-04
  643.00      3.98860E-04
  645.00      3.96640E-04
  647.00      3.94440E-04
  649.00      3.92260E-04
  651.00      3.90020E-04
  653.00      3.85140E-04
  655.00      3.79990E-04
  657.00      3.56150E-04
  659.00      3.80500E-04
  661.00      3.79540E-04
  663.00      3.77490E-04
  665.00      3.75500E-04
  667.00      3.71570E-04
  669.00      3.67290E-04
  671.00      3.69410E-04
  673.00      3.67480E-04
  675.00      3.65510E-04
  677.00      3.63580E-04
  679.00      3.61650E-04
  681.00      3.59730E-04
  683.00      3.57830E-04
  685.00      3.55940E-04
  687.00      3.54070E-04
  689.00      3.49400E-04
  691.00      3.50340E-04
  693.00      3.48550E-04
  695.00      3.46730E-04
  697.00      3.44940E-04
  699.00      3.43150E-04
  701.00      3.41370E-04
  703.00      3.39590E-04
  705.00      3.37870E-04
  707.00      3.33820E-04
  709.00      3.34430E-04
  711.00      3.32720E-04
  713.00      3.31030E-04
  715.00      3.29350E-04
  717.00      3.25690E-04
  719.00      3.25000E-04
  721.00      3.24390E-04
  723.00      3.22760E-04
  725.00      3.21140E-04
  727.00      3.19540E-04
  729.00      3.16890E-04
  731.00      3.16360E-04
  733.00      3.14800E-04
  735.00      3.13240E-04
  737.00      3.11690E-04
  739.00      3.10160E-04
  741.00      3.08630E-04
  743.00      3.07120E-04
  745.00      3.05620E-04
  747.00      3.04140E-04
  749.00      3.02630E-04
  751.00      3.01170E-04
  753.00      2.99730E-04
  755.00      2.98280E-04
  757.00      2.96840E-04
  759.00      2.92490E-04
  761.00      2.93890E-04
  763.00      2.92590E-04
  765.00      2.91200E-04
  767.00      2.89810E-04
  769.00      2.88420E-04
  771.00      2.87060E-04
  773.00      2.85690E-04
  775.00      2.84360E-04
  777.00      2.83020E-04
  779.00      2.81700E-04
  781.00      2.80340E-04
  783.00      2.79060E-04
  785.00      2.77830E-04
  787.00      2.76540E-04
  789.00      2.75250E-04
  791.00      2.73980E-04
  793.00      2.72710E-04
  795.00      2.71460E-04
  797.00      2.70200E-04
  799.00      2.68970E-04
  801.00      2.67730E-04
  803.00      2.66510E-04
  805.00      2.65290E-04
  807.00      2.64090E-04
  809.00      2.62860E-04
  811.00      2.61690E-04
  813.00      2.60510E-04
  815.00      2.59290E-04
  817.00      2.58170E-04
  819.00      2.56270E-04
  821.00      2.49390E-04
  823.00      2.47080E-04
  825.00      2.47110E-04
  827.00      2.46120E-04
  829.00      2.45270E-04
  831.00      2.44250E-04
  833.00      2.43170E-04
  835.00      2.41920E-04
  837.00      2.41080E-04
  839.00      2.40140E-04
  841.00      2.39200E-04
  843.00      2.38240E-04
  845.00      2.37000E-04
  847.00      2.36430E-04
  849.00      2.35540E-04
  851.00      2.34700E-04
  853.00      2.33890E-04
  855.00      2.32830E-04
  857.00      2.32720E-04
  859.00      2.30600E-04
  861.00      2.30310E-04
  863.00      2.30830E-04
  865.00      2.29040E-04
  867.00      2.26120E-04
  869.00      2.28690E-04
  871.00      2.28740E-04
  873.00      2.26640E-04
  875.00      2.20630E-04
  877.00      2.24240E-04
  879.00      2.26320E-04
  881.00      2.25970E-04
  883.00      2.24890E-04
  885.00      2.19340E-04
  887.00      2.13340E-04
  889.00      2.21200E-04
  891.00      2.21920E-04
  893.00      2.21190E-04
  895.00      2.20570E-04
  897.00      2.19410E-04
  899.00      2.16550E-04
  901.00      2.06220E-04
  903.00      2.09940E-04
  905.00      2.15050E-04
  907.00      2.14420E-04
  909.00      2.14400E-04
  911.00      2.13580E-04
  913.00      2.12950E-04
  915.00      2.12090E-04
  917.00      2.10940E-04
  919.00      2.09550E-04
  921.00      2.05220E-04
  923.00      1.93960E-04
  925.00      2.03410E-04
  927.00      2.06070E-04
  929.00      2.06030E-04
  931.00      2.05040E-04
  933.00      2.04420E-04
  935.00      2.00600E-04
  937.00      2.02440E-04
  939.00      2.02070E-04
  941.00      2.01260E-04
  943.00      2.00470E-04
  945.00      1.99670E-04
  947.00      1.98510E-04
  949.00      1.97980E-04
  951.00      1.95780E-04
  953.00      1.91490E-04
  955.00      1.81180E-04
  957.00      1.91800E-04
  959.00      1.93530E-04
  961.00      1.93220E-04
  963.00      1.92450E-04
  965.00      1.91990E-04
  967.00      1.91250E-04
  969.00      1.90470E-04
  971.00      1.89480E-04
  973.00      1.89030E-04
  975.00      1.88240E-04
  977.00      1.87090E-04
  979.00      1.86880E-04
  981.00      1.86160E-04
  983.00      1.85450E-04
  985.00      1.84750E-04
  987.00      1.84040E-04
  989.00      1.83350E-04
  991.00      1.82650E-04
  993.00      1.81960E-04
  995.00      1.81270E-04
  997.00      1.80590E-04
  999.00      1.79880E-04
  1002.5      1.74850E-04
  1007.5      1.71870E-04
  1012.5      1.73260E-04
  1017.5      1.73810E-04
  1022.5      1.72200E-04
  1027.5      1.70640E-04
  1032.5      1.68810E-04
  1037.5      1.67560E-04
  1042.5      1.65680E-04
  1047.5      1.64560E-04
  1052.5      1.63090E-04
  1057.5      1.61630E-04
  1062.5      1.60200E-04
  1067.5      1.58710E-04
  1072.5      1.57390E-04
  1077.5      1.56020E-04
  1082.5      1.53940E-04
  1087.5      1.53150E-04
  1092.5      1.45620E-04
  1097.5      1.48980E-04
  1102.5      1.49160E-04
  1107.5      1.48100E-04
  1112.5      1.46870E-04
  1117.5      1.45660E-04
  1122.5      1.44410E-04
  1127.5      1.43220E-04
  1132.5      1.42030E-04
  1137.5      1.40850E-04
  1142.5      1.39680E-04
  1147.5      1.38530E-04
  1152.5      1.37390E-04
  1157.5      1.36270E-04
  1162.5      1.34290E-04
  1167.5      1.33590E-04
  1172.5      1.32980E-04
  1177.5      1.31910E-04
  1182.5      1.30850E-04
  1187.5      1.29810E-04
  1192.5      1.28770E-04
  1197.5      1.27230E-04
  1202.5      1.26750E-04
  1207.5      1.25750E-04
  1212.5      1.24760E-04
  1217.5      1.23790E-04
  1222.5      1.22830E-04
  1227.5      1.21880E-04
  1232.5      1.20940E-04
  1237.5      1.20010E-04
  1242.5      1.19090E-04
  1247.5      1.18190E-04
  1252.5      1.17210E-04
  1257.5      1.16400E-04
  1262.5      1.15520E-04
  1267.5      1.14660E-04
  1272.5      1.13800E-04
  1277.5      1.11980E-04
  1282.5      1.07270E-04
  1287.5      1.10960E-04
  1292.5      1.10460E-04
  1297.5      1.09400E-04
  1302.5      1.08850E-04
  1307.5      1.08060E-04
  1312.5      1.07270E-04
  1317.5      1.06500E-04
  1322.5      1.05730E-04
  1327.5      1.04970E-04
  1332.5      1.04220E-04
  1337.5      1.03470E-04
  1342.5      1.02710E-04
  1347.5      1.02010E-04
  1352.5      1.01290E-04
  1357.5      1.00580E-04
  1362.5      9.98720E-05
  1367.5      9.91750E-05
  1372.5      9.84840E-05
  1377.5      9.78010E-05
  1382.5      9.71250E-05
  1387.5      9.64550E-05
  1392.5      9.57920E-05
  1397.5      9.51370E-05
  1402.5      9.44870E-05
  1407.5      9.38450E-05
  1412.5      9.32090E-05
  1417.5      9.25800E-05
  1422.5      9.19570E-05
  1427.5      9.13400E-05
  1432.5      9.07290E-05
  1437.5      9.01240E-05
  1442.5      8.95250E-05
  1447.5      8.89320E-05
  1452.5      8.83450E-05
  1457.0      8.78220E-05
  1462.0      8.72520E-05
  1467.5      8.66260E-05
  1472.5      8.60470E-05
  1477.5      8.50580E-05
  1482.5      8.49520E-05
  1487.5      8.44100E-05
  1492.5      8.38700E-05
  1497.5      8.33340E-05
  1502.5      8.28030E-05
  1507.5      8.22240E-05
  1512.5      8.17550E-05
  1517.5      8.12380E-05
  1522.5      8.07280E-05
  1527.5      8.02150E-05
  1532.5      7.97070E-05
  1537.5      7.92140E-05
  1542.5      7.86990E-05
  1547.5      7.82290E-05
  1552.5      7.77350E-05
  1557.5      7.72080E-05
  1562.5      7.68120E-05
  1567.5      7.62550E-05
  1572.5      7.57400E-05
  1577.5      7.54310E-05
  1582.5      7.49470E-05
  1587.5      7.41780E-05
  1592.5      7.39640E-05
  1597.5      7.37070E-05
  1605.0      7.28970E-05
  1615.0      7.17780E-05
  1625.0      7.14240E-05
  1635.0      7.02670E-05
  1645.0      6.90680E-05
  1655.0      6.89430E-05
  1665.0      6.81450E-05
  1675.0      6.69800E-05
  1685.0      6.57370E-05
  1695.0      6.58290E-05
  1705.0      6.49260E-05
  1715.0      6.43530E-05
  1725.0      6.36050E-05
  1735.0      6.17300E-05
  1745.0      6.20780E-05
  1755.0      6.15420E-05
  1765.0      6.08680E-05
  1775.0      6.02050E-05
  1785.0      5.95520E-05
  1795.0      5.89110E-05
  1805.0      5.82740E-05
  1815.0      5.65050E-05
  1825.0      5.68010E-05
  1835.0      5.64440E-05
  1845.0      5.58520E-05
  1855.0      5.52660E-05
  1865.0      5.41710E-05
  1875.0      5.27930E-05
  1885.0      5.35540E-05
  1895.0      5.30270E-05
  1905.0      5.24040E-05
  1915.0      5.19550E-05
  1925.0      5.14320E-05
  1935.0      5.08570E-05
  1945.0      4.91730E-05
  1955.0      4.98210E-05
  1965.0      4.94150E-05
  1975.0      4.89290E-05
  1985.0      4.84510E-05
  1995.0      4.79790E-05
  2005.0      4.75140E-05
  2015.0      4.70560E-05
  2025.0      4.66050E-05
  2035.0      4.61600E-05
  2045.0      4.57170E-05
  2055.0      4.52600E-05
  2065.0      4.48620E-05
  2075.0      4.44420E-05
  2085.0      4.40270E-05
  2095.0      4.36180E-05
  2105.0      4.32150E-05
  2115.0      4.27600E-05
  2125.0      4.24260E-05
  2135.0      4.20390E-05
  2145.0      4.16540E-05
  2155.0      4.12480E-05
  2165.0      3.98400E-05
  2175.0      4.04590E-05
  2185.0      4.01740E-05
  2195.0      3.98250E-05
  2205.0      3.94740E-05
  2215.0      3.91260E-05
  2225.0      3.87830E-05
  2235.0      3.84450E-05
  2245.0      3.81110E-05
  2255.0      3.77820E-05
  2265.0      3.74570E-05
  2275.0      3.71350E-05
  2285.0      3.68670E-05
  2295.0      3.65530E-05
  2305.0      3.62400E-05
  2315.0      3.59380E-05
  2325.0      3.56360E-05
  2335.0      3.53380E-05
  2345.0      3.50440E-05
  2355.0      3.47530E-05
  2365.0      3.44660E-05
  2375.0      3.41820E-05
  2385.0      3.39020E-05
  2395.0      3.36260E-05
  2405.0      3.33520E-05
  2415.0      3.30820E-05
  2425.0      3.28150E-05
  2435.0      3.25520E-05
  2445.0      3.22920E-05
  2455.0      3.20340E-05
  2465.0      3.17800E-05
  2475.0      3.15050E-05
  2485.0      3.12810E-05
  2495.0      3.10350E-05
  2505.0      3.07930E-05
  2515.0      3.05530E-05
  2525.0      3.02900E-05
  2535.0      3.00820E-05
  2545.0      2.98510E-05
  2555.0      2.96220E-05
  2565.0      2.93250E-05
  2575.0      2.91720E-05
  2585.0      2.89510E-05
  2595.0      2.87330E-05
  2605.0      2.84720E-05
  2615.0      2.81230E-05
  2625.0      2.73100E-05
  2635.0      2.78090E-05
  2645.0      2.76760E-05
  2655.0      2.74620E-05
  2665.0      2.72400E-05
  2675.0      2.68880E-05
  2685.0      2.68360E-05
  2695.0      2.66770E-05
  2705.0      2.64830E-05
  2715.0      2.62920E-05
  2725.0      2.61030E-05
  2735.0      2.59160E-05
  2745.0      2.57200E-05
  2755.0      2.53130E-05
  2765.0      2.52570E-05
  2775.0      2.51860E-05
  2785.0      2.50090E-05
  2795.0      2.48340E-05
  2805.0      2.46600E-05
  2815.0      2.44880E-05
  2825.0      2.43180E-05
  2835.0      2.41490E-05
  2845.0      2.39820E-05
  2855.0      2.38140E-05
  2865.0      2.35650E-05
  2875.0      2.31690E-05
  2885.0      2.33080E-05
  2895.0      2.31740E-05
  2905.0      2.30170E-05
  2915.0      2.28620E-05
  2925.0      2.27090E-05
  2935.0      2.25570E-05
  2945.0      2.24060E-05
  2955.0      2.22570E-05
  2965.0      2.21090E-05
  2975.0      2.19630E-05
  2985.0      2.18180E-05
  2995.0      2.16750E-05
  3005.0      2.15330E-05
  3015.0      2.13930E-05
  3025.0      2.12410E-05
  3035.0      2.08150E-05
  3045.0      2.08020E-05
  3055.0      2.08440E-05
  3065.0      2.07100E-05
  3075.0      2.05780E-05
  3085.0      2.04470E-05
  3095.0      2.03170E-05
  3105.0      2.01880E-05
  3115.0      2.00600E-05
  3125.0      1.99340E-05
  3135.0      1.98090E-05
  3145.0      1.96850E-05
  3155.0      1.95620E-05
  3165.0      1.94400E-05
  3175.0      1.93190E-05
  3185.0      1.92000E-05
  3195.0      1.90810E-05
  3210.0      1.89060E-05
  3230.0      1.86760E-05
  3250.0      1.84490E-05
  3270.0      1.82270E-05
  3290.0      1.77660E-05
  3310.0      1.77470E-05
  3330.0      1.75940E-05
  3350.0      1.73880E-05
  3370.0      1.71850E-05
  3390.0      1.69850E-05
  3410.0      1.67890E-05
  3430.0      1.65960E-05
  3450.0      1.64060E-05
  3470.0      1.62200E-05
  3490.0      1.60370E-05
  3510.0      1.58560E-05
  3530.0      1.56790E-05
  3550.0      1.55050E-05
  3570.0      1.53340E-05
  3590.0      1.51650E-05
  3610.0      1.49990E-05
  3630.0      1.48360E-05
  3650.0      1.46760E-05
  3670.0      1.45180E-05
  3690.0      1.43620E-05
  3710.0      1.42010E-05
  3730.0      1.39590E-05
  3750.0      1.37530E-05
  3770.0      1.37650E-05
  3790.0      1.36220E-05
  3810.0      1.34800E-05
  3830.0      1.33410E-05
  3850.0      1.32040E-05
  3870.0      1.30690E-05
  3890.0      1.29360E-05
  3910.0      1.27940E-05
  3930.0      1.26770E-05
  3950.0      1.25500E-05
  3970.0      1.24250E-05
  3990.0      1.23010E-05
  4010.0      1.21670E-05
  4030.0      1.20290E-05
  4050.0      1.17510E-05
  4070.0      1.18250E-05
  4090.0      1.17120E-05
  4110.0      1.15990E-05
  4130.0      1.14850E-05
  4150.0      1.13780E-05
  4170.0      1.12170E-05
  4190.0      1.11630E-05
  4210.0      1.10590E-05
  4230.0      1.09550E-05
  4250.0      1.08510E-05
  4270.0      1.07520E-05
  4290.0      1.06470E-05
  4310.0      1.05550E-05
  4330.0      1.04580E-05
  4350.0      1.03630E-05
  4370.0      1.02040E-05
  4390.0      1.01570E-05
  4410.0      1.00850E-05
  4430.0      9.99440E-06
  4450.0      9.90540E-06
  4470.0      9.82070E-06
  4490.0      9.73390E-06
  4510.0      9.64830E-06
  4530.0      9.56370E-06
  4550.0      9.48030E-06
  4570.0      9.39800E-06
  4590.0      9.31670E-06
  4610.0      9.23550E-06
  4630.0      9.15550E-06
  4650.0      8.89240E-06
  4670.0      8.89600E-06
  4690.0      8.90790E-06
  4710.0      8.85020E-06
  4730.0      8.77600E-06
  4750.0      8.70260E-06
  4770.0      8.63010E-06
  4790.0      8.55840E-06
  4810.0      8.48770E-06
  4830.0      8.41780E-06
  4850.0      8.34880E-06
  4870.0      8.28070E-06
  4890.0      8.21330E-06
  4910.0      8.14680E-06
  4930.0      8.08110E-06
  4950.0      8.01610E-06
  4970.0      7.95190E-06
  4990.0      7.88850E-06
  5010.0      7.82590E-06
  5030.0      7.76390E-06
  5050.0      7.70270E-06
  5070.0      7.64230E-06
  5090.0      7.58240E-06
  5110.0      7.51270E-06
  5130.0      7.35790E-06
  5150.0      7.40190E-06
  5170.0      7.35020E-06
  5190.0      7.29380E-06
  5210.0      7.23810E-06
  5230.0      7.18300E-06
  5250.0      7.12840E-06
  5270.0      7.07450E-06
  5290.0      7.02130E-06
  5310.0      6.96860E-06
  5330.0      6.91650E-06
  5350.0      6.86500E-06
  5370.0      6.81400E-06
  5390.0      6.76360E-06
  5410.0      6.71380E-06
  5430.0      6.66450E-06
  5450.0      6.61580E-06
  5470.0      6.56760E-06
  5490.0      6.51980E-06
  5510.0      6.47260E-06
  5530.0      6.42590E-06
  5550.0      6.37980E-06
  5570.0      6.33410E-06
  5590.0      6.28890E-06
  5610.0      6.24420E-06
  5630.0      6.20000E-06
  5650.0      6.15620E-06
  5670.0      6.11280E-06
  5690.0      6.06990E-06
  5710.0      6.02210E-06
  5730.0      5.98550E-06
  5750.0      5.94400E-06
  5770.0      5.90290E-06
  5790.0      5.86220E-06
  5810.0      5.82200E-06
  5830.0      5.78210E-06
  5850.0      5.74380E-06
  5870.0      5.70470E-06
  5890.0      5.65460E-06
  5910.0      5.51810E-06
  5930.0      5.58280E-06
  5950.0      5.53640E-06
  5970.0      5.50930E-06
  5990.0      5.47830E-06
  6010.0      5.44200E-06
  6030.0      5.40590E-06
  6050.0      5.37020E-06
  6070.0      5.33480E-06
  6090.0      5.29980E-06
  6110.0      5.26520E-06
  6130.0      5.23080E-06
  6150.0      5.19680E-06
  6170.0      5.16320E-06
  6190.0      5.12980E-06
  6210.0      5.09680E-06
  6230.0      5.06410E-06
  6250.0      5.03160E-06
  6270.0      4.99750E-06
  6290.0      4.93830E-06
  6310.0      4.93130E-06
  6330.0      4.90500E-06
  6350.0      4.87420E-06
  6370.0      4.84360E-06
  6390.0      4.81320E-06
  6420.0      4.76830E-06
  6460.0      4.70930E-06
  6500.0      4.65140E-06
  6540.0      4.59460E-06
  6580.0      4.53880E-06
  6620.0      4.48390E-06
  6660.0      4.43010E-06
  6700.0      4.37720E-06
  6740.0      4.32260E-06
  6780.0      4.25040E-06
  6820.0      4.22410E-06
  6860.0      4.17490E-06
  6900.0      4.12650E-06
  6940.0      4.07890E-06
  6980.0      4.03210E-06
  7020.0      3.98610E-06
  7060.0      3.94090E-06
  7100.0      3.89650E-06
  7140.0      3.85280E-06
  7180.0      3.80980E-06
  7220.0      3.76760E-06
  7260.0      3.72600E-06
  7300.0      3.68510E-06
  7340.0      3.64490E-06
  7380.0      3.60530E-06
  7420.0      3.56330E-06
  7460.0      3.46880E-06
  7500.0      3.41760E-06
  7540.0      3.44800E-06
  7580.0      3.41670E-06
  7620.0      3.38080E-06
  7660.0      3.34540E-06
  7700.0      3.31060E-06
  7740.0      3.27630E-06
  7780.0      3.24240E-06
  7820.0      3.20920E-06
  7860.0      3.17650E-06
  7900.0      3.14420E-06
  7940.0      3.11250E-06
  7980.0      3.08120E-06
  8020.0      3.05030E-06
  8060.0      3.01990E-06
  8100.0      2.99000E-06
  8140.0      2.95840E-06
  8180.0      2.93140E-06
  8220.0      2.90280E-06
  8260.0      2.87460E-06
  8300.0      2.84680E-06
  8340.0      2.81940E-06
  8380.0      2.79240E-06
  8420.0      2.76570E-06
  8460.0      2.73950E-06
  8500.0      2.71360E-06
  8540.0      2.68800E-06
  8580.0      2.66290E-06
  8620.0      2.63800E-06
  8660.0      2.60660E-06
  8700.0      2.58930E-06
  8740.0      2.54780E-06
  8780.0      2.52430E-06
  8820.0      2.51890E-06
  8860.0      2.49610E-06
  8900.0      2.47350E-06
  8940.0      2.45130E-06
  8980.0      2.42930E-06
  9020.0      2.40760E-06
  9060.0      2.38630E-06
  9100.0      2.36520E-06
  9140.0      2.34430E-06
  9180.0      2.32380E-06
  9220.0      2.30350E-06
  9260.0      2.28350E-06
  9300.0      2.26370E-06
  9340.0      2.24420E-06
  9380.0      2.21450E-06
  9420.0      2.20320E-06
  9460.0      2.18710E-06
  9500.0      2.16860E-06
  9540.0      2.15030E-06
  9580.0      2.13220E-06
  9620.0      2.11440E-06
  9660.0      2.09680E-06
  9700.0      2.07930E-06
  9740.0      2.06210E-06
  9780.0      2.04510E-06
  9820.0      2.02840E-06
  9860.0      2.01180E-06
  9900.0      1.99540E-06
  9940.0      1.97920E-06
  9980.0      1.96320E-06
  10020.      1.94740E-06
  20000.      4.78850E-07
  40000.      1.16270E-07
  60000.      5.07670E-08
  80000.      2.82020E-08
 1.00000E+05  1.78790E-08
 1.20000E+05  1.23220E-08
 1.40000E+05  8.99610E-09
 1.60000E+05  6.85060E-09
