 Castelli and Kurucz 2004-2012 Atmosphere
 T     36000.     G    4.50000 [-1.5] N(He)/Ntot=0.0784 VTURB=2  L/H=1.25 NOVER
 Wavelength  Eddington Hnu
   (nm)    (ergs/s/cm2/Hz/sr)
  9.0900      8.66890E-28
  9.3500      3.97930E-27
  9.6100      1.69420E-26
  9.7700      3.99310E-26
  9.9600      1.06970E-25
  10.200      3.54120E-25
  10.380      8.41870E-25
  10.560      1.94860E-24
  10.770      5.02380E-24
  11.040      1.61880E-23
  11.400      7.13130E-23
  11.780      3.12600E-22
  12.130      1.13240E-21
  12.480      3.84410E-21
  12.710      8.30510E-21
  12.840      1.26960E-20
  13.050      2.48030E-20
  13.240      4.47290E-20
  13.390      7.04920E-20
  13.660      1.56400E-19
  13.980      3.88220E-19
  14.330      1.00630E-18
  14.720      2.77010E-18
  15.100      7.10500E-18
  15.520      1.91510E-17
  15.880      4.31330E-17
  16.200      8.63640E-17
  16.600      1.98670E-16
  17.030      4.66950E-16
  17.340      8.43780E-16
  17.680      1.57850E-15
  18.020      2.88740E-15
  18.170      3.74330E-15
  18.610      7.83720E-15
  19.100      1.71700E-14
  19.390      2.68240E-14
  19.840      5.22760E-14
  20.180      8.49090E-14
  20.500      1.32100E-13
  21.050      2.73860E-13
  21.620      5.60880E-13
  21.980      8.65590E-13
  22.300      1.25780E-12
  22.680      1.93330E-12
  23.000      4.04800E-10
  23.400      2.09300E-09
  24.000      5.75080E-09
  24.650      1.68420E-08
  25.240      3.58260E-08
  25.680      2.81620E-08
  26.000      1.05780E-07
  26.400      3.44000E-07
  26.850      6.31610E-07
  27.350      8.69080E-07
  27.850      8.44440E-07
  28.400      1.59090E-06
  29.000      1.80960E-06
  29.600      1.13160E-06
  30.100      2.99520E-07
  30.800      1.04370E-06
  31.800      3.32980E-06
  32.800      4.22990E-06
  33.800      5.00630E-06
  34.800      6.09400E-06
  35.700      7.36980E-06
  36.600      9.14020E-06
  37.500      9.91810E-06
  38.500      1.07220E-05
  39.500      1.27190E-05
  40.500      1.44560E-05
  41.400      1.61150E-05
  42.200      1.71710E-05
  43.000      1.84390E-05
  44.100      2.16580E-05
  45.100      2.42870E-05
  46.000      2.62640E-05
  47.000      2.97130E-05
  48.000      3.35330E-05
  49.000      3.63020E-05
  50.000      4.17160E-05
  50.600      1.07190E-04
  51.200      2.73030E-04
  52.000      2.68330E-04
  53.000      2.68670E-04
  54.000      2.53260E-04
  55.000      2.74790E-04
  56.000      3.19030E-04
  57.000      3.31830E-04
  58.000      3.24770E-04
  59.000      3.45700E-04
  60.000      3.39260E-04
  61.000      3.54540E-04
  62.000      3.92710E-04
  63.000      3.99040E-04
  64.000      4.12390E-04
  65.000      4.19420E-04
  65.800      4.13990E-04
  66.500      4.33240E-04
  67.500      4.56410E-04
  68.500      4.42080E-04
  69.500      4.74880E-04
  70.500      4.65870E-04
  71.600      5.05340E-04
  72.600      5.15520E-04
  73.500      5.30750E-04
  74.500      5.31820E-04
  75.500      5.41040E-04
  76.500      5.46300E-04
  77.500      5.61050E-04
  78.500      5.77330E-04
  79.500      5.88500E-04
  80.500      5.96190E-04
  81.500      6.09980E-04
  82.500      6.25950E-04
  83.500      6.00820E-04
  84.500      6.43430E-04
  85.500      6.52260E-04
  86.500      6.69370E-04
  87.500      6.79880E-04
  88.500      6.89810E-04
  89.500      7.00180E-04
  90.500      7.03990E-04
  91.500      6.74200E-04
  92.500      1.45670E-03
  93.500      2.07600E-03
  94.500      2.82150E-03
  95.500      3.10780E-03
  96.500      3.64400E-03
  97.500      2.60150E-03
  98.500      3.58240E-03
  99.500      3.37250E-03
  100.50      3.54600E-03
  101.50      3.58120E-03
  102.50      2.73990E-03
  103.50      3.53380E-03
  104.50      3.64530E-03
  105.50      3.62940E-03
  106.50      3.52720E-03
  107.50      3.53240E-03
  108.50      3.35710E-03
  109.50      3.54470E-03
  110.50      3.48710E-03
  111.50      3.46080E-03
  112.50      3.34250E-03
  113.50      3.45330E-03
  114.50      3.42640E-03
  115.50      3.37400E-03
  116.50      3.35600E-03
  117.50      3.00940E-03
  118.50      3.25620E-03
  119.50      3.25930E-03
  120.50      3.19410E-03
  121.50      2.48250E-03
  122.50      3.17060E-03
  123.50      3.21120E-03
  124.50      3.17050E-03
  125.50      3.19510E-03
  126.50      3.19430E-03
  127.50      3.18120E-03
  128.50      3.16830E-03
  129.50      3.10260E-03
  130.50      3.10100E-03
  131.50      3.11130E-03
  132.50      3.07900E-03
  133.50      3.04730E-03
  134.50      3.05490E-03
  135.50      3.02280E-03
  136.50      2.99480E-03
  137.50      2.96740E-03
  138.50      2.95430E-03
  139.50      2.86840E-03
  140.50      2.84260E-03
  141.50      2.89860E-03
  142.50      2.83110E-03
  143.50      2.85620E-03
  144.20      2.84320E-03
  144.70      2.83270E-03
  145.50      2.80530E-03
  146.50      2.79710E-03
  147.50      2.77730E-03
  148.50      2.77680E-03
  149.50      2.74540E-03
  150.50      2.73960E-03
  151.20      2.73430E-03
  151.70      2.71470E-03
  152.50      2.68980E-03
  153.50      2.60890E-03
  154.50      2.50470E-03
  155.50      2.50640E-03
  156.50      2.54550E-03
  157.50      2.56720E-03
  158.50      2.57120E-03
  159.50      2.55300E-03
  160.50      2.48210E-03
  161.50      2.45670E-03
  162.50      2.44690E-03
  163.50      2.41860E-03
  164.50      2.32860E-03
  165.50      2.45110E-03
  166.50      2.43650E-03
  167.20      2.38850E-03
  167.70      2.45370E-03
  168.50      2.43030E-03
  169.50      2.41670E-03
  170.50      2.39230E-03
  171.50      2.34800E-03
  172.50      2.33870E-03
  173.50      2.36960E-03
  174.50      2.34970E-03
  175.50      2.32390E-03
  176.50      2.32390E-03
  177.50      2.31320E-03
  178.50      2.30170E-03
  179.50      2.27920E-03
  180.50      2.27100E-03
  181.50      2.25600E-03
  182.50      2.23880E-03
  183.50      2.23420E-03
  184.50      2.21440E-03
  185.50      2.19610E-03
  186.50      2.18200E-03
  187.50      2.16960E-03
  188.50      2.15510E-03
  189.50      2.14720E-03
  190.50      2.14080E-03
  191.50      2.12380E-03
  192.50      2.09000E-03
  193.50      2.10050E-03
  194.50      2.09100E-03
  195.50      2.06850E-03
  196.70      2.06160E-03
  197.60      2.05260E-03
  198.40      2.04130E-03
  199.50      2.02430E-03
  200.50      2.01760E-03
  201.50      2.00590E-03
  202.50      1.99370E-03
  203.50      1.98110E-03
  204.50      1.96850E-03
  205.50      1.58940E-03
  206.50      1.54530E-03
  207.40      1.57420E-03
  207.80      1.60290E-03
  208.50      1.69120E-03
  209.50      1.84980E-03
  210.50      1.89910E-03
  211.50      1.89590E-03
  212.50      1.88260E-03
  213.50      1.87110E-03
  214.50      1.86270E-03
  215.50      1.87280E-03
  216.50      1.82420E-03
  217.50      1.86160E-03
  218.50      1.80650E-03
  219.50      1.83980E-03
  220.50      1.83100E-03
  221.50      1.77280E-03
  222.50      1.80880E-03
  223.50      1.79880E-03
  224.50      1.78670E-03
  225.50      1.73260E-03
  226.50      1.76700E-03
  227.50      1.75690E-03
  228.50      1.74450E-03
  229.50      1.71000E-03
  230.50      1.68370E-03
  231.50      1.71450E-03
  232.50      1.70610E-03
  233.50      1.69620E-03
  234.50      1.68640E-03
  235.50      1.67650E-03
  236.50      1.66700E-03
  237.50      1.65680E-03
  238.50      1.60610E-03
  239.50      1.63400E-03
  240.50      1.62870E-03
  241.50      1.61940E-03
  242.50      1.61060E-03
  243.50      1.60120E-03
  244.50      1.59230E-03
  245.50      1.58250E-03
  246.50      1.57440E-03
  247.50      1.56570E-03
  248.50      1.55660E-03
  249.50      1.48930E-03
  250.50      1.53500E-03
  251.30      1.45440E-03
  251.80      1.51760E-03
  252.50      1.52180E-03
  253.50      1.51420E-03
  254.50      1.50580E-03
  255.50      1.49730E-03
  256.50      1.48940E-03
  257.50      1.48110E-03
  258.50      1.47320E-03
  259.50      1.46440E-03
  260.50      1.45940E-03
  261.50      1.45110E-03
  262.50      1.44360E-03
  263.50      1.43560E-03
  264.50      1.42740E-03
  265.50      1.41950E-03
  266.50      1.41090E-03
  267.50      1.40180E-03
  268.50      1.39750E-03
  269.50      1.38680E-03
  270.50      1.38290E-03
  271.50      1.37520E-03
  272.50      1.36390E-03
  273.50      1.33170E-03
  274.50      1.35390E-03
  275.50      1.34680E-03
  276.50      1.33490E-03
  277.50      1.33280E-03
  278.50      1.32570E-03
  279.50      1.31690E-03
  280.50      1.31160E-03
  281.50      1.30520E-03
  282.50      1.29320E-03
  283.50      1.28940E-03
  284.50      1.28530E-03
  285.50      1.27860E-03
  286.50      1.27180E-03
  287.50      1.26550E-03
  288.50      1.25910E-03
  289.50      1.25260E-03
  291.00      1.24290E-03
  293.00      1.23060E-03
  295.00      1.21410E-03
  297.00      1.20580E-03
  299.00      1.19300E-03
  301.00      1.18180E-03
  303.00      1.16940E-03
  305.00      1.15820E-03
  307.00      1.14760E-03
  309.00      1.13600E-03
  311.00      1.12530E-03
  313.00      1.11470E-03
  315.00      1.10400E-03
  317.00      1.09340E-03
  319.00      1.07830E-03
  321.00      1.06140E-03
  323.00      1.06290E-03
  325.00      1.05290E-03
  327.00      1.04230E-03
  329.00      1.03300E-03
  331.00      1.02400E-03
  333.00      1.01450E-03
  335.00      1.00400E-03
  337.00      9.96020E-04
  339.00      9.87170E-04
  341.00      9.78210E-04
  343.00      9.67870E-04
  345.00      9.57360E-04
  347.00      9.50360E-04
  349.00      9.41880E-04
  351.00      9.34570E-04
  353.00      9.26370E-04
  355.00      9.17830E-04
  357.00      9.12520E-04
  359.00      9.01050E-04
  361.00      8.94760E-04
  363.00      8.85310E-04
  364.00      8.76680E-04
  365.00      8.32090E-04
  367.00      8.26660E-04
  369.00      8.20780E-04
  371.00      8.13250E-04
  373.00      8.08430E-04
  375.00      8.14630E-04
  377.00      8.12390E-04
  379.00      8.31550E-04
  381.00      8.51590E-04
  383.00      7.93340E-04
  385.00      8.59380E-04
  387.00      8.64910E-04
  389.00      7.70430E-04
  391.00      8.57100E-04
  393.00      8.47990E-04
  395.00      8.44040E-04
  397.00      7.42860E-04
  399.00      8.28590E-04
  401.00      8.24970E-04
  403.00      7.99290E-04
  405.00      8.16450E-04
  407.00      8.07720E-04
  409.00      7.75180E-04
  411.00      7.19560E-04
  413.00      7.84380E-04
  415.00      7.80120E-04
  417.00      7.77070E-04
  419.00      7.69270E-04
  421.00      7.58560E-04
  423.00      7.59330E-04
  425.00      7.53150E-04
  427.00      7.46960E-04
  429.00      7.41200E-04
  431.00      7.33740E-04
  433.00      6.98460E-04
  435.00      6.63250E-04
  437.00      7.16100E-04
  439.00      7.04420E-04
  441.00      7.07240E-04
  443.00      7.01250E-04
  445.00      6.96760E-04
  447.00      6.77330E-04
  449.00      6.86130E-04
  451.00      6.80820E-04
  453.00      6.75370E-04
  455.00      6.63300E-04
  457.00      6.65900E-04
  459.00      6.60780E-04
  461.00      6.55930E-04
  463.00      6.50650E-04
  465.00      6.42400E-04
  467.00      6.41060E-04
  469.00      6.21730E-04
  471.00      6.28200E-04
  473.00      6.27780E-04
  475.00      6.23220E-04
  477.00      6.18750E-04
  479.00      6.14300E-04
  481.00      6.09860E-04
  483.00      6.04130E-04
  485.00      5.80650E-04
  487.00      5.43620E-04
  489.00      5.90210E-04
  491.00      5.88320E-04
  493.00      5.77280E-04
  495.00      5.80260E-04
  497.00      5.76320E-04
  499.00      5.72320E-04
  501.00      5.64780E-04
  503.00      5.64400E-04
  505.00      5.59180E-04
  507.00      5.56700E-04
  509.00      5.52890E-04
  511.00      5.49120E-04
  513.00      5.45390E-04
  515.00      5.41690E-04
  517.00      5.38030E-04
  519.00      5.34420E-04
  521.00      5.30840E-04
  523.00      5.27290E-04
  525.00      5.23740E-04
  527.00      5.20260E-04
  529.00      5.16860E-04
  531.00      5.13450E-04
  533.00      5.10070E-04
  535.00      5.06730E-04
  537.00      5.03420E-04
  539.00      5.00140E-04
  541.00      4.91320E-04
  543.00      4.93670E-04
  545.00      4.90490E-04
  547.00      4.87340E-04
  549.00      4.84210E-04
  551.00      4.81110E-04
  553.00      4.78050E-04
  555.00      4.75020E-04
  557.00      4.72010E-04
  559.00      4.68930E-04
  561.00      4.66080E-04
  563.00      4.63160E-04
  565.00      4.60260E-04
  567.00      4.57380E-04
  569.00      4.51760E-04
  571.00      4.38750E-04
  573.00      4.36180E-04
  575.00      4.33620E-04
  577.00      4.31120E-04
  579.00      4.28650E-04
  581.00      4.26230E-04
  583.00      4.24080E-04
  585.00      4.22350E-04
  587.00      4.13980E-04
  589.00      4.18890E-04
  591.00      4.17780E-04
  593.00      4.16490E-04
  595.00      4.15280E-04
  597.00      4.14140E-04
  599.00      4.13120E-04
  601.00      4.11590E-04
  603.00      4.09820E-04
  605.00      4.07860E-04
  607.00      4.05460E-04
  609.00      4.03080E-04
  611.00      4.00720E-04
  613.00      3.98380E-04
  615.00      3.96070E-04
  617.00      3.93740E-04
  619.00      3.91490E-04
  621.00      3.89240E-04
  623.00      3.86840E-04
  625.00      3.84770E-04
  627.00      3.82580E-04
  629.00      3.80400E-04
  631.00      3.77850E-04
  633.00      3.76090E-04
  635.00      3.73960E-04
  637.00      3.71850E-04
  639.00      3.69760E-04
  641.00      3.67080E-04
  643.00      3.65630E-04
  645.00      3.63590E-04
  647.00      3.61560E-04
  649.00      3.59560E-04
  651.00      3.57540E-04
  653.00      3.53680E-04
  655.00      3.46840E-04
  657.00      3.22180E-04
  659.00      3.48230E-04
  661.00      3.47860E-04
  663.00      3.45970E-04
  665.00      3.44170E-04
  667.00      3.40140E-04
  669.00      3.37130E-04
  671.00      3.38570E-04
  673.00      3.36780E-04
  675.00      3.34980E-04
  677.00      3.33210E-04
  679.00      3.31440E-04
  681.00      3.29680E-04
  683.00      3.27930E-04
  685.00      3.26200E-04
  687.00      3.24470E-04
  689.00      3.21440E-04
  691.00      3.21070E-04
  693.00      3.19400E-04
  695.00      3.17730E-04
  697.00      3.16080E-04
  699.00      3.14430E-04
  701.00      3.12800E-04
  703.00      3.11160E-04
  705.00      3.09580E-04
  707.00      3.05160E-04
  709.00      3.06420E-04
  711.00      3.04850E-04
  713.00      3.03290E-04
  715.00      3.01750E-04
  717.00      2.99220E-04
  719.00      2.98200E-04
  721.00      2.97190E-04
  723.00      2.95660E-04
  725.00      2.94200E-04
  727.00      2.92730E-04
  729.00      2.89910E-04
  731.00      2.89800E-04
  733.00      2.88370E-04
  735.00      2.86940E-04
  737.00      2.85520E-04
  739.00      2.84110E-04
  741.00      2.82710E-04
  743.00      2.81320E-04
  745.00      2.79950E-04
  747.00      2.78580E-04
  749.00      2.77200E-04
  751.00      2.75840E-04
  753.00      2.74540E-04
  755.00      2.73210E-04
  757.00      2.71880E-04
  759.00      2.69030E-04
  761.00      2.69250E-04
  763.00      2.67980E-04
  765.00      2.66690E-04
  767.00      2.65420E-04
  769.00      2.64140E-04
  771.00      2.62900E-04
  773.00      2.61630E-04
  775.00      2.60410E-04
  777.00      2.59190E-04
  779.00      2.57970E-04
  781.00      2.56700E-04
  783.00      2.55550E-04
  785.00      2.54460E-04
  787.00      2.53270E-04
  789.00      2.52070E-04
  791.00      2.50920E-04
  793.00      2.49760E-04
  795.00      2.48600E-04
  797.00      2.47410E-04
  799.00      2.46320E-04
  801.00      2.45180E-04
  803.00      2.44060E-04
  805.00      2.42940E-04
  807.00      2.41830E-04
  809.00      2.40630E-04
  811.00      2.39540E-04
  813.00      2.38550E-04
  815.00      2.37310E-04
  817.00      2.36390E-04
  819.00      2.34870E-04
  821.00      2.30690E-04
  823.00      2.28960E-04
  825.00      2.28730E-04
  827.00      2.27560E-04
  829.00      2.26920E-04
  831.00      2.25980E-04
  833.00      2.24930E-04
  835.00      2.23570E-04
  837.00      2.22910E-04
  839.00      2.22070E-04
  841.00      2.21150E-04
  843.00      2.20170E-04
  845.00      2.18710E-04
  847.00      2.18380E-04
  849.00      2.17360E-04
  851.00      2.16540E-04
  853.00      2.15610E-04
  855.00      2.14470E-04
  857.00      2.14580E-04
  859.00      2.11730E-04
  861.00      2.11720E-04
  863.00      2.12700E-04
  865.00      2.10330E-04
  867.00      2.06700E-04
  869.00      2.10350E-04
  871.00      2.10610E-04
  873.00      2.07800E-04
  875.00      2.00460E-04
  877.00      2.05040E-04
  879.00      2.08000E-04
  881.00      2.07710E-04
  883.00      2.06420E-04
  885.00      1.99740E-04
  887.00      1.93140E-04
  889.00      2.02650E-04
  891.00      2.03800E-04
  893.00      2.03220E-04
  895.00      2.02650E-04
  897.00      2.01530E-04
  899.00      1.98220E-04
  901.00      1.86560E-04
  903.00      1.90990E-04
  905.00      1.97260E-04
  907.00      1.96560E-04
  909.00      1.96840E-04
  911.00      1.96460E-04
  913.00      1.95750E-04
  915.00      1.94950E-04
  917.00      1.93700E-04
  919.00      1.92380E-04
  921.00      1.87280E-04
  923.00      1.74960E-04
  925.00      1.85730E-04
  927.00      1.89120E-04
  929.00      1.89200E-04
  931.00      1.88270E-04
  933.00      1.87940E-04
  935.00      1.85310E-04
  937.00      1.86420E-04
  939.00      1.85710E-04
  941.00      1.84970E-04
  943.00      1.84230E-04
  945.00      1.83500E-04
  947.00      1.82220E-04
  949.00      1.81780E-04
  951.00      1.79400E-04
  953.00      1.74470E-04
  955.00      1.63430E-04
  957.00      1.75330E-04
  959.00      1.77610E-04
  961.00      1.77400E-04
  963.00      1.76650E-04
  965.00      1.76420E-04
  967.00      1.75730E-04
  969.00      1.74990E-04
  971.00      1.73970E-04
  973.00      1.73680E-04
  975.00      1.73030E-04
  977.00      1.72240E-04
  979.00      1.71700E-04
  981.00      1.71040E-04
  983.00      1.70390E-04
  985.00      1.69740E-04
  987.00      1.69090E-04
  989.00      1.68440E-04
  991.00      1.67790E-04
  993.00      1.67170E-04
  995.00      1.66530E-04
  997.00      1.65900E-04
  999.00      1.65090E-04
  1002.5      1.59630E-04
  1007.5      1.56750E-04
  1012.5      1.59550E-04
  1017.5      1.59650E-04
  1022.5      1.58160E-04
  1027.5      1.56730E-04
  1032.5      1.54940E-04
  1037.5      1.53890E-04
  1042.5      1.52370E-04
  1047.5      1.51130E-04
  1052.5      1.49770E-04
  1057.5      1.48430E-04
  1062.5      1.47110E-04
  1067.5      1.45680E-04
  1072.5      1.44530E-04
  1077.5      1.43260E-04
  1082.5      1.41170E-04
  1087.5      1.40510E-04
  1092.5      1.32370E-04
  1097.5      1.36300E-04
  1102.5      1.36760E-04
  1107.5      1.35930E-04
  1112.5      1.34830E-04
  1117.5      1.33700E-04
  1122.5      1.32540E-04
  1127.5      1.31460E-04
  1132.5      1.30360E-04
  1137.5      1.29270E-04
  1142.5      1.28200E-04
  1147.5      1.27140E-04
  1152.5      1.26090E-04
  1157.5      1.25060E-04
  1162.5      1.23550E-04
  1167.5      1.22840E-04
  1172.5      1.22030E-04
  1177.5      1.21050E-04
  1182.5      1.20070E-04
  1187.5      1.19110E-04
  1192.5      1.18160E-04
  1197.5      1.16540E-04
  1202.5      1.16300E-04
  1207.5      1.15380E-04
  1212.5      1.14470E-04
  1217.5      1.13580E-04
  1222.5      1.12700E-04
  1227.5      1.11820E-04
  1232.5      1.10960E-04
  1237.5      1.10100E-04
  1242.5      1.09260E-04
  1247.5      1.08420E-04
  1252.5      1.07490E-04
  1257.5      1.06780E-04
  1262.5      1.05980E-04
  1267.5      1.05180E-04
  1272.5      1.04390E-04
  1277.5      1.02420E-04
  1282.5      9.75190E-05
  1287.5      1.01630E-04
  1292.5      1.01320E-04
  1297.5      1.00210E-04
  1302.5      9.98400E-05
  1307.5      9.91110E-05
  1312.5      9.83900E-05
  1317.5      9.76760E-05
  1322.5      9.69700E-05
  1327.5      9.62720E-05
  1332.5      9.55810E-05
  1337.5      9.48970E-05
  1342.5      9.41830E-05
  1347.5      9.35520E-05
  1352.5      9.28900E-05
  1357.5      9.22350E-05
  1362.5      9.15870E-05
  1367.5      9.09460E-05
  1372.5      9.03110E-05
  1377.5      8.96840E-05
  1382.5      8.90620E-05
  1387.5      8.84480E-05
  1392.5      8.78390E-05
  1397.5      8.72370E-05
  1402.5      8.66400E-05
  1407.5      8.60500E-05
  1412.5      8.54660E-05
  1417.5      8.48880E-05
  1422.5      8.43160E-05
  1427.5      8.37490E-05
  1432.5      8.31880E-05
  1437.5      8.26330E-05
  1442.5      8.20830E-05
  1447.5      8.15390E-05
  1452.5      8.10000E-05
  1457.0      8.05200E-05
  1462.0      7.99860E-05
  1467.5      7.94130E-05
  1472.5      7.88910E-05
  1477.5      7.81740E-05
  1482.5      7.78810E-05
  1487.5      7.73820E-05
  1492.5      7.68860E-05
  1497.5      7.63950E-05
  1502.5      7.59080E-05
  1507.5      7.53510E-05
  1512.5      7.49470E-05
  1517.5      7.44730E-05
  1522.5      7.40050E-05
  1527.5      7.35340E-05
  1532.5      7.30670E-05
  1537.5      7.26150E-05
  1542.5      7.21370E-05
  1547.5      7.17090E-05
  1552.5      7.12520E-05
  1557.5      7.07570E-05
  1562.5      7.04180E-05
  1567.5      6.98780E-05
  1572.5      6.93930E-05
  1577.5      6.91580E-05
  1582.5      6.87050E-05
  1587.5      6.79040E-05
  1592.5      6.77750E-05
  1597.5      6.75500E-05
  1605.0      6.67930E-05
  1615.0      6.57130E-05
  1625.0      6.55180E-05
  1635.0      6.43650E-05
  1645.0      6.31790E-05
  1655.0      6.32610E-05
  1665.0      6.25280E-05
  1675.0      6.13290E-05
  1685.0      6.00880E-05
  1695.0      6.03890E-05
  1705.0      5.95140E-05
  1715.0      5.90410E-05
  1725.0      5.83330E-05
  1735.0      5.63370E-05
  1745.0      5.68930E-05
  1755.0      5.64570E-05
  1765.0      5.58380E-05
  1775.0      5.52280E-05
  1785.0      5.46290E-05
  1795.0      5.40390E-05
  1805.0      5.34360E-05
  1815.0      5.15780E-05
  1825.0      5.20180E-05
  1835.0      5.17720E-05
  1845.0      5.12280E-05
  1855.0      5.06860E-05
  1865.0      4.97410E-05
  1875.0      4.82450E-05
  1885.0      4.91000E-05
  1895.0      4.86310E-05
  1905.0      4.80290E-05
  1915.0      4.76440E-05
  1925.0      4.71670E-05
  1935.0      4.66110E-05
  1945.0      4.48430E-05
  1955.0      4.56500E-05
  1965.0      4.53140E-05
  1975.0      4.48690E-05
  1985.0      4.44290E-05
  1995.0      4.39960E-05
  2005.0      4.35700E-05
  2015.0      4.31490E-05
  2025.0      4.27340E-05
  2035.0      4.23260E-05
  2045.0      4.19170E-05
  2055.0      4.14900E-05
  2065.0      4.11350E-05
  2075.0      4.07490E-05
  2085.0      4.03680E-05
  2095.0      3.99930E-05
  2105.0      3.96230E-05
  2115.0      3.91830E-05
  2125.0      3.88980E-05
  2135.0      3.85430E-05
  2145.0      3.81870E-05
  2155.0      3.77910E-05
  2165.0      3.63430E-05
  2175.0      3.70510E-05
  2185.0      3.68260E-05
  2195.0      3.65110E-05
  2205.0      3.61880E-05
  2215.0      3.58690E-05
  2225.0      3.55530E-05
  2235.0      3.52440E-05
  2245.0      3.49380E-05
  2255.0      3.46350E-05
  2265.0      3.43370E-05
  2275.0      3.40420E-05
  2285.0      3.38100E-05
  2295.0      3.35220E-05
  2305.0      3.32300E-05
  2315.0      3.29570E-05
  2325.0      3.26800E-05
  2335.0      3.24070E-05
  2345.0      3.21360E-05
  2355.0      3.18700E-05
  2365.0      3.16060E-05
  2375.0      3.13460E-05
  2385.0      3.10890E-05
  2395.0      3.08350E-05
  2405.0      3.05840E-05
  2415.0      3.03360E-05
  2425.0      3.00910E-05
  2435.0      2.98490E-05
  2445.0      2.96100E-05
  2455.0      2.93740E-05
  2465.0      2.91410E-05
  2475.0      2.88760E-05
  2485.0      2.86830E-05
  2495.0      2.84280E-05
  2505.0      2.82350E-05
  2515.0      2.80150E-05
  2525.0      2.77370E-05
  2535.0      2.75780E-05
  2545.0      2.73710E-05
  2555.0      2.71440E-05
  2565.0      2.68640E-05
  2575.0      2.67380E-05
  2585.0      2.65450E-05
  2595.0      2.63450E-05
  2605.0      2.60810E-05
  2615.0      2.57380E-05
  2625.0      2.49410E-05
  2635.0      2.54650E-05
  2645.0      2.53750E-05
  2655.0      2.51750E-05
  2665.0      2.49560E-05
  2675.0      2.46090E-05
  2685.0      2.45830E-05
  2695.0      2.44590E-05
  2705.0      2.42810E-05
  2715.0      2.41060E-05
  2725.0      2.39320E-05
  2735.0      2.37600E-05
  2745.0      2.35680E-05
  2755.0      2.31560E-05
  2765.0      2.31220E-05
  2775.0      2.30910E-05
  2785.0      2.29290E-05
  2795.0      2.27680E-05
  2805.0      2.26080E-05
  2815.0      2.24510E-05
  2825.0      2.22940E-05
  2835.0      2.21400E-05
  2845.0      2.19870E-05
  2855.0      2.18290E-05
  2865.0      2.15710E-05
  2875.0      2.11790E-05
  2885.0      2.13520E-05
  2895.0      2.12450E-05
  2905.0      2.11020E-05
  2915.0      2.09600E-05
  2925.0      2.08190E-05
  2935.0      2.06790E-05
  2945.0      2.05410E-05
  2955.0      2.04040E-05
  2965.0      2.02690E-05
  2975.0      2.01350E-05
  2985.0      2.00020E-05
  2995.0      1.98710E-05
  3005.0      1.97410E-05
  3015.0      1.96120E-05
  3025.0      1.94650E-05
  3035.0      1.90340E-05
  3045.0      1.90320E-05
  3055.0      1.91010E-05
  3065.0      1.89860E-05
  3075.0      1.88650E-05
  3085.0      1.87450E-05
  3095.0      1.86250E-05
  3105.0      1.85070E-05
  3115.0      1.83900E-05
  3125.0      1.82750E-05
  3135.0      1.81600E-05
  3145.0      1.80460E-05
  3155.0      1.79330E-05
  3165.0      1.78220E-05
  3175.0      1.77110E-05
  3185.0      1.76020E-05
  3195.0      1.74930E-05
  3210.0      1.73320E-05
  3230.0      1.71210E-05
  3250.0      1.69140E-05
  3270.0      1.67100E-05
  3290.0      1.62560E-05
  3310.0      1.62550E-05
  3330.0      1.61320E-05
  3350.0      1.59440E-05
  3370.0      1.57570E-05
  3390.0      1.55740E-05
  3410.0      1.53940E-05
  3430.0      1.52170E-05
  3450.0      1.50440E-05
  3470.0      1.48730E-05
  3490.0      1.47050E-05
  3510.0      1.45390E-05
  3530.0      1.43770E-05
  3550.0      1.42170E-05
  3570.0      1.40600E-05
  3590.0      1.39060E-05
  3610.0      1.37540E-05
  3630.0      1.36040E-05
  3650.0      1.34570E-05
  3670.0      1.33120E-05
  3690.0      1.31700E-05
  3710.0      1.30200E-05
  3730.0      1.27800E-05
  3750.0      1.25940E-05
  3770.0      1.26220E-05
  3790.0      1.24910E-05
  3810.0      1.23590E-05
  3830.0      1.22340E-05
  3850.0      1.21080E-05
  3870.0      1.19850E-05
  3890.0      1.18630E-05
  3910.0      1.17280E-05
  3930.0      1.16250E-05
  3950.0      1.15090E-05
  3970.0      1.13940E-05
  3990.0      1.12810E-05
  4010.0      1.11530E-05
  4030.0      1.10230E-05
  4050.0      1.07660E-05
  4070.0      1.08420E-05
  4090.0      1.07410E-05
  4110.0      1.06380E-05
  4130.0      1.05320E-05
  4150.0      1.04340E-05
  4170.0      1.02800E-05
  4190.0      1.02340E-05
  4210.0      1.01420E-05
  4230.0      1.00470E-05
  4250.0      9.95200E-06
  4270.0      9.86160E-06
  4290.0      9.76360E-06
  4310.0      9.68080E-06
  4330.0      9.59230E-06
  4350.0      9.50470E-06
  4370.0      9.34970E-06
  4390.0      9.31090E-06
  4410.0      9.24980E-06
  4430.0      9.16720E-06
  4450.0      9.08550E-06
  4470.0      9.00860E-06
  4490.0      8.92900E-06
  4510.0      8.85050E-06
  4530.0      8.77310E-06
  4550.0      8.69660E-06
  4570.0      8.62110E-06
  4590.0      8.54660E-06
  4610.0      8.47190E-06
  4630.0      8.39540E-06
  4650.0      8.14990E-06
  4670.0      8.15010E-06
  4690.0      8.16680E-06
  4710.0      8.11920E-06
  4730.0      8.05110E-06
  4750.0      7.98390E-06
  4770.0      7.91750E-06
  4790.0      7.85190E-06
  4810.0      7.78710E-06
  4830.0      7.72310E-06
  4850.0      7.65980E-06
  4870.0      7.59740E-06
  4890.0      7.53570E-06
  4910.0      7.47480E-06
  4930.0      7.41460E-06
  4950.0      7.35510E-06
  4970.0      7.29630E-06
  4990.0      7.23820E-06
  5010.0      7.18080E-06
  5030.0      7.12410E-06
  5050.0      7.06810E-06
  5070.0      7.01270E-06
  5090.0      6.95790E-06
  5110.0      6.89080E-06
  5130.0      6.74490E-06
  5150.0      6.79020E-06
  5170.0      6.74520E-06
  5190.0      6.69350E-06
  5210.0      6.64250E-06
  5230.0      6.59200E-06
  5250.0      6.54200E-06
  5270.0      6.49260E-06
  5290.0      6.44390E-06
  5310.0      6.39560E-06
  5330.0      6.34790E-06
  5350.0      6.30070E-06
  5370.0      6.25390E-06
  5390.0      6.20770E-06
  5410.0      6.16220E-06
  5430.0      6.11700E-06
  5450.0      6.07230E-06
  5470.0      6.02810E-06
  5490.0      5.98440E-06
  5510.0      5.94110E-06
  5530.0      5.89830E-06
  5550.0      5.85610E-06
  5570.0      5.81420E-06
  5590.0      5.77280E-06
  5610.0      5.73180E-06
  5630.0      5.69130E-06
  5650.0      5.65120E-06
  5670.0      5.61140E-06
  5690.0      5.57210E-06
  5710.0      5.52690E-06
  5730.0      5.49470E-06
  5750.0      5.45670E-06
  5770.0      5.41900E-06
  5790.0      5.38170E-06
  5810.0      5.34480E-06
  5830.0      5.30830E-06
  5850.0      5.27330E-06
  5870.0      5.23750E-06
  5890.0      5.18900E-06
  5910.0      5.06400E-06
  5930.0      5.12360E-06
  5950.0      5.08110E-06
  5970.0      5.05700E-06
  5990.0      5.03000E-06
  6010.0      4.99670E-06
  6030.0      4.96360E-06
  6050.0      4.93090E-06
  6070.0      4.89850E-06
  6090.0      4.86640E-06
  6110.0      4.83470E-06
  6130.0      4.80320E-06
  6150.0      4.77200E-06
  6170.0      4.74120E-06
  6190.0      4.71060E-06
  6210.0      4.68030E-06
  6230.0      4.65040E-06
  6250.0      4.62060E-06
  6270.0      4.58830E-06
  6290.0      4.53350E-06
  6310.0      4.52740E-06
  6330.0      4.50460E-06
  6350.0      4.47640E-06
  6370.0      4.44830E-06
  6390.0      4.42050E-06
  6420.0      4.37930E-06
  6460.0      4.32530E-06
  6500.0      4.27220E-06
  6540.0      4.22010E-06
  6580.0      4.16890E-06
  6620.0      4.11870E-06
  6660.0      4.06940E-06
  6700.0      4.02090E-06
  6740.0      3.97050E-06
  6780.0      3.90280E-06
  6820.0      3.88050E-06
  6860.0      3.83540E-06
  6900.0      3.79100E-06
  6940.0      3.74740E-06
  6980.0      3.70460E-06
  7020.0      3.66240E-06
  7060.0      3.62100E-06
  7100.0      3.58020E-06
  7140.0      3.54020E-06
  7180.0      3.50080E-06
  7220.0      3.46200E-06
  7260.0      3.42390E-06
  7300.0      3.38640E-06
  7340.0      3.34950E-06
  7380.0      3.31320E-06
  7420.0      3.27430E-06
  7460.0      3.18910E-06
  7500.0      3.14210E-06
  7540.0      3.16860E-06
  7580.0      3.14040E-06
  7620.0      3.10740E-06
  7660.0      3.07500E-06
  7700.0      3.04300E-06
  7740.0      3.01160E-06
  7780.0      2.98060E-06
  7820.0      2.95010E-06
  7860.0      2.92010E-06
  7900.0      2.89050E-06
  7940.0      2.86140E-06
  7980.0      2.83270E-06
  8020.0      2.80440E-06
  8060.0      2.77660E-06
  8100.0      2.74910E-06
  8140.0      2.71970E-06
  8180.0      2.69540E-06
  8220.0      2.66920E-06
  8260.0      2.64330E-06
  8300.0      2.61780E-06
  8340.0      2.59270E-06
  8380.0      2.56790E-06
  8420.0      2.54350E-06
  8460.0      2.51940E-06
  8500.0      2.49560E-06
  8540.0      2.47220E-06
  8580.0      2.44910E-06
  8620.0      2.42630E-06
  8660.0      2.39730E-06
  8700.0      2.38170E-06
  8740.0      2.34360E-06
  8780.0      2.32210E-06
  8820.0      2.31710E-06
  8860.0      2.29610E-06
  8900.0      2.27540E-06
  8940.0      2.25500E-06
  8980.0      2.23490E-06
  9020.0      2.21500E-06
  9060.0      2.19540E-06
  9100.0      2.17600E-06
  9140.0      2.15690E-06
  9180.0      2.13810E-06
  9220.0      2.11950E-06
  9260.0      2.10110E-06
  9300.0      2.08290E-06
  9340.0      2.06500E-06
  9380.0      2.03740E-06
  9420.0      2.02710E-06
  9460.0      2.01270E-06
  9500.0      1.99570E-06
  9540.0      1.97890E-06
  9580.0      1.96230E-06
  9620.0      1.94590E-06
  9660.0      1.92970E-06
  9700.0      1.91380E-06
  9740.0      1.89800E-06
  9780.0      1.88240E-06
  9820.0      1.86700E-06
  9860.0      1.85180E-06
  9900.0      1.83680E-06
  9940.0      1.82190E-06
  9980.0      1.80720E-06
  10020.      1.79270E-06
  20000.      4.42880E-07
  40000.      1.07910E-07
  60000.      4.71470E-08
  80000.      2.61900E-08
 1.00000E+05  1.66020E-08
 1.20000E+05  1.14410E-08
 1.40000E+05  8.35230E-09
 1.60000E+05  6.36020E-09
