 Castelli and Kurucz 2004-2012 Atmosphere
 T     46000.     G    5.00000 [-1.5] N(He)/Ntot=0.0784 VTURB=2  L/H=1.25 NOVER
 Wavelength  Eddington Hnu
   (nm)    (ergs/s/cm2/Hz/sr)
  9.0900      5.41030E-20
  9.3500      1.54560E-19
  9.6100      4.17500E-19
  9.7700      7.52490E-19
  9.9600      1.47730E-18
  10.200      3.34970E-18
  10.380      6.05900E-18
  10.560      1.07570E-17
  10.770      2.05570E-17
  11.040      4.57110E-17
  11.400      1.25850E-16
  11.780      3.46000E-16
  12.130      8.36340E-16
  12.480      1.93580E-15
  12.710      3.28820E-15
  12.840      4.40520E-15
  13.050      6.98690E-15
  13.240      1.04920E-14
  13.390      1.43650E-14
  13.660      2.49150E-14
  13.980      4.67840E-14
  14.330      9.05630E-14
  14.720      1.82480E-13
  15.100      3.52390E-13
  15.520      7.03330E-13
  15.880      1.23960E-12
  16.200      2.01610E-12
  16.600      3.61230E-12
  17.030      6.56080E-12
  17.340      9.92260E-12
  17.680      1.54150E-11
  18.020      2.35460E-11
  18.170      2.81180E-11
  18.610      4.74410E-11
  19.100      8.22460E-11
  19.390      1.12650E-10
  19.840      1.79960E-10
  20.180      2.53000E-10
  20.500      3.45470E-10
  21.050      5.77090E-10
  21.620      9.55420E-10
  21.980      1.29740E-09
  22.300      1.68720E-09
  22.680      2.28040E-09
  23.000      1.12290E-07
  23.400      5.27990E-07
  24.000      3.27180E-06
  24.650      3.13260E-05
  25.240      8.38020E-05
  25.680      6.81800E-05
  26.000      1.61490E-04
  26.400      2.59570E-04
  26.850      3.13700E-04
  27.350      3.79910E-04
  27.850      3.80910E-04
  28.400      4.89730E-04
  29.000      5.59960E-04
  29.600      4.86120E-04
  30.100      1.88790E-04
  30.800      3.09450E-04
  31.800      4.35360E-04
  32.800      5.06510E-04
  33.800      4.79770E-04
  34.800      5.02160E-04
  35.700      6.78760E-04
  36.600      8.14310E-04
  37.500      8.78810E-04
  38.500      8.17880E-04
  39.500      9.84980E-04
  40.500      1.10240E-03
  41.400      1.14490E-03
  42.200      1.13720E-03
  43.000      1.13960E-03
  44.100      1.26300E-03
  45.100      1.31330E-03
  46.000      1.29000E-03
  47.000      1.32560E-03
  48.000      1.40040E-03
  49.000      1.36130E-03
  50.000      1.47000E-03
  50.600      1.45120E-03
  51.200      1.75090E-03
  52.000      1.74960E-03
  53.000      1.76590E-03
  54.000      1.67610E-03
  55.000      1.66280E-03
  56.000      1.88140E-03
  57.000      1.93930E-03
  58.000      1.93640E-03
  59.000      1.99640E-03
  60.000      1.97230E-03
  61.000      1.93520E-03
  62.000      2.07920E-03
  63.000      2.07260E-03
  64.000      2.14800E-03
  65.000      2.13620E-03
  65.800      2.09530E-03
  66.500      2.18850E-03
  67.500      2.23770E-03
  68.500      2.17950E-03
  69.500      2.27940E-03
  70.500      2.21310E-03
  71.600      2.32990E-03
  72.600      2.36540E-03
  73.500      2.38470E-03
  74.500      2.37910E-03
  75.500      2.38450E-03
  76.500      2.35990E-03
  77.500      2.41960E-03
  78.500      2.41460E-03
  79.500      2.44730E-03
  80.500      2.47580E-03
  81.500      2.49720E-03
  82.500      2.52170E-03
  83.500      2.44360E-03
  84.500      2.53920E-03
  85.500      2.52950E-03
  86.500      2.57250E-03
  87.500      2.59190E-03
  88.500      2.59420E-03
  89.500      2.60160E-03
  90.500      2.58800E-03
  91.500      2.02970E-03
  92.500      3.20410E-03
  93.500      4.09750E-03
  94.500      5.10710E-03
  95.500      5.61160E-03
  96.500      6.45240E-03
  97.500      5.08910E-03
  98.500      6.38580E-03
  99.500      5.92960E-03
  100.50      6.33930E-03
  101.50      6.29900E-03
  102.50      5.06230E-03
  103.50      6.26100E-03
  104.50      6.32690E-03
  105.50      6.29030E-03
  106.50      6.14200E-03
  107.50      6.14070E-03
  108.50      5.78800E-03
  109.50      6.08840E-03
  110.50      5.99910E-03
  111.50      5.94460E-03
  112.50      5.83190E-03
  113.50      5.89670E-03
  114.50      5.85480E-03
  115.50      5.75770E-03
  116.50      5.68030E-03
  117.50      5.37560E-03
  118.50      5.60050E-03
  119.50      5.53990E-03
  120.50      5.48620E-03
  121.50      4.45500E-03
  122.50      5.38740E-03
  123.50      5.33060E-03
  124.50      5.28610E-03
  125.50      5.32430E-03
  126.50      5.28870E-03
  127.50      5.24860E-03
  128.50      5.20890E-03
  129.50      5.16380E-03
  130.50      5.10980E-03
  131.50      5.07620E-03
  132.50      5.02190E-03
  133.50      4.99640E-03
  134.50      4.96530E-03
  135.50      4.89710E-03
  136.50      4.82750E-03
  137.50      4.75350E-03
  138.50      4.75700E-03
  139.50      4.68940E-03
  140.50      4.60440E-03
  141.50      4.66720E-03
  142.50      4.60500E-03
  143.50      4.59840E-03
  144.20      4.53650E-03
  144.70      4.52670E-03
  145.50      4.48840E-03
  146.50      4.46170E-03
  147.50      4.44220E-03
  148.50      4.43580E-03
  149.50      4.39180E-03
  150.50      4.36860E-03
  151.20      4.35280E-03
  151.70      4.31970E-03
  152.50      4.29930E-03
  153.50      4.23040E-03
  154.50      4.05730E-03
  155.50      4.05360E-03
  156.50      4.12310E-03
  157.50      4.11490E-03
  158.50      4.08100E-03
  159.50      4.05310E-03
  160.50      3.99200E-03
  161.50      3.96170E-03
  162.50      3.92050E-03
  163.50      3.83080E-03
  164.50      3.66930E-03
  165.50      3.87170E-03
  166.50      3.85130E-03
  167.20      3.79960E-03
  167.70      3.82750E-03
  168.50      3.80320E-03
  169.50      3.77820E-03
  170.50      3.74400E-03
  171.50      3.66920E-03
  172.50      3.66930E-03
  173.50      3.67370E-03
  174.50      3.64250E-03
  175.50      3.61010E-03
  176.50      3.59190E-03
  177.50      3.56750E-03
  178.50      3.54430E-03
  179.50      3.51410E-03
  180.50      3.49070E-03
  181.50      3.46600E-03
  182.50      3.44030E-03
  183.50      3.41790E-03
  184.50      3.39340E-03
  185.50      3.36770E-03
  186.50      3.34370E-03
  187.50      3.31970E-03
  188.50      3.29530E-03
  189.50      3.27740E-03
  190.50      3.25480E-03
  191.50      3.23170E-03
  192.50      3.19620E-03
  193.50      3.18740E-03
  194.50      3.16560E-03
  195.50      3.14180E-03
  196.70      3.11730E-03
  197.60      3.09780E-03
  198.40      3.08150E-03
  199.50      3.05800E-03
  200.50      3.03780E-03
  201.50      3.01710E-03
  202.50      2.99650E-03
  203.50      2.97610E-03
  204.50      2.95380E-03
  205.50      2.27880E-03
  206.50      2.20020E-03
  207.40      2.23390E-03
  207.80      2.27710E-03
  208.50      2.39580E-03
  209.50      2.65640E-03
  210.50      2.81890E-03
  211.50      2.82900E-03
  212.50      2.81110E-03
  213.50      2.78710E-03
  214.50      2.77390E-03
  215.50      2.79880E-03
  216.50      2.70640E-03
  217.50      2.78700E-03
  218.50      2.67180E-03
  219.50      2.75150E-03
  220.50      2.74060E-03
  221.50      2.61400E-03
  222.50      2.70530E-03
  223.50      2.69170E-03
  224.50      2.66870E-03
  225.50      2.55030E-03
  226.50      2.63910E-03
  227.50      2.62340E-03
  228.50      2.60500E-03
  229.50      2.57280E-03
  230.50      2.47410E-03
  231.50      2.55180E-03
  232.50      2.54100E-03
  233.50      2.52520E-03
  234.50      2.50910E-03
  235.50      2.49340E-03
  236.50      2.47790E-03
  237.50      2.46130E-03
  238.50      2.35400E-03
  239.50      2.42590E-03
  240.50      2.41490E-03
  241.50      2.40050E-03
  242.50      2.38730E-03
  243.50      2.37240E-03
  244.50      2.35820E-03
  245.50      2.34210E-03
  246.50      2.32940E-03
  247.50      2.31570E-03
  248.50      2.30120E-03
  249.50      2.24310E-03
  250.50      2.26040E-03
  251.30      2.09800E-03
  251.80      2.24310E-03
  252.50      2.24210E-03
  253.50      2.23360E-03
  254.50      2.22050E-03
  255.50      2.20720E-03
  256.50      2.19440E-03
  257.50      2.18140E-03
  258.50      2.16860E-03
  259.50      2.15320E-03
  260.50      2.14380E-03
  261.50      2.13040E-03
  262.50      2.11900E-03
  263.50      2.10680E-03
  264.50      2.09450E-03
  265.50      2.08260E-03
  266.50      2.07030E-03
  267.50      2.05690E-03
  268.50      2.04670E-03
  269.50      2.03430E-03
  270.50      2.02390E-03
  271.50      2.01230E-03
  272.50      1.99910E-03
  273.50      1.92320E-03
  274.50      1.97860E-03
  275.50      1.96750E-03
  276.50      1.95550E-03
  277.50      1.94560E-03
  278.50      1.93460E-03
  279.50      1.92340E-03
  280.50      1.91340E-03
  281.50      1.90290E-03
  282.50      1.89120E-03
  283.50      1.88170E-03
  284.50      1.87200E-03
  285.50      1.86180E-03
  286.50      1.85160E-03
  287.50      1.84160E-03
  288.50      1.83170E-03
  289.50      1.82170E-03
  291.00      1.80700E-03
  293.00      1.78780E-03
  295.00      1.76780E-03
  297.00      1.74980E-03
  299.00      1.73040E-03
  301.00      1.71300E-03
  303.00      1.69420E-03
  305.00      1.67670E-03
  307.00      1.65980E-03
  309.00      1.64350E-03
  311.00      1.62670E-03
  313.00      1.61000E-03
  315.00      1.59420E-03
  317.00      1.57790E-03
  319.00      1.55990E-03
  321.00      1.52040E-03
  323.00      1.53170E-03
  325.00      1.51660E-03
  327.00      1.49970E-03
  329.00      1.48680E-03
  331.00      1.47240E-03
  333.00      1.45820E-03
  335.00      1.44340E-03
  337.00      1.43040E-03
  339.00      1.41670E-03
  341.00      1.40300E-03
  343.00      1.39040E-03
  345.00      1.37650E-03
  347.00      1.36440E-03
  349.00      1.35170E-03
  351.00      1.33920E-03
  353.00      1.32650E-03
  355.00      1.31400E-03
  357.00      1.30270E-03
  359.00      1.28990E-03
  361.00      1.27860E-03
  363.00      1.26620E-03
  364.00      1.23710E-03
  365.00      1.13410E-03
  367.00      1.12540E-03
  369.00      1.11810E-03
  371.00      1.11570E-03
  373.00      1.12040E-03
  375.00      1.13220E-03
  377.00      1.14270E-03
  379.00      1.16040E-03
  381.00      1.17840E-03
  383.00      1.13000E-03
  385.00      1.17460E-03
  387.00      1.18160E-03
  389.00      1.08760E-03
  391.00      1.16570E-03
  393.00      1.15300E-03
  395.00      1.14870E-03
  397.00      1.04810E-03
  399.00      1.12740E-03
  401.00      1.12480E-03
  403.00      1.09460E-03
  405.00      1.10970E-03
  407.00      1.09860E-03
  409.00      1.06020E-03
  411.00      1.00530E-03
  413.00      1.06910E-03
  415.00      1.06330E-03
  417.00      1.05570E-03
  419.00      1.04050E-03
  421.00      1.02190E-03
  423.00      1.03020E-03
  425.00      1.02180E-03
  427.00      1.01350E-03
  429.00      1.00530E-03
  431.00      9.95070E-04
  433.00      9.54490E-04
  435.00      9.20720E-04
  437.00      9.70660E-04
  439.00      9.63330E-04
  441.00      9.58210E-04
  443.00      9.50600E-04
  445.00      9.43300E-04
  447.00      9.28950E-04
  449.00      9.28690E-04
  451.00      9.21400E-04
  453.00      9.12080E-04
  455.00      8.89400E-04
  457.00      9.00480E-04
  459.00      8.93660E-04
  461.00      8.86870E-04
  463.00      8.79860E-04
  465.00      8.71900E-04
  467.00      8.65630E-04
  469.00      8.30740E-04
  471.00      8.52650E-04
  473.00      8.47780E-04
  475.00      8.41510E-04
  477.00      8.35310E-04
  479.00      8.29180E-04
  481.00      8.23100E-04
  483.00      8.15390E-04
  485.00      7.89250E-04
  487.00      7.52300E-04
  489.00      7.96580E-04
  491.00      7.93700E-04
  493.00      7.85110E-04
  495.00      7.82460E-04
  497.00      7.76910E-04
  499.00      7.71410E-04
  501.00      7.64610E-04
  503.00      7.60570E-04
  505.00      7.54960E-04
  507.00      7.49970E-04
  509.00      7.44760E-04
  511.00      7.39600E-04
  513.00      7.34480E-04
  515.00      7.29420E-04
  517.00      7.24420E-04
  519.00      7.19470E-04
  521.00      7.14560E-04
  523.00      7.09710E-04
  525.00      7.04890E-04
  527.00      7.00100E-04
  529.00      6.95440E-04
  531.00      6.90780E-04
  533.00      6.86160E-04
  535.00      6.81600E-04
  537.00      6.77070E-04
  539.00      6.72580E-04
  541.00      6.54360E-04
  543.00      6.63450E-04
  545.00      6.59410E-04
  547.00      6.55110E-04
  549.00      6.50840E-04
  551.00      6.46600E-04
  553.00      6.42440E-04
  555.00      6.38300E-04
  557.00      6.34180E-04
  559.00      6.29980E-04
  561.00      6.26110E-04
  563.00      6.22120E-04
  565.00      6.18170E-04
  567.00      6.14260E-04
  569.00      6.03270E-04
  571.00      5.69000E-04
  573.00      5.65700E-04
  575.00      5.62430E-04
  577.00      5.59230E-04
  579.00      5.56180E-04
  581.00      5.53160E-04
  583.00      5.51120E-04
  585.00      5.49330E-04
  587.00      5.45210E-04
  589.00      5.46870E-04
  591.00      5.46290E-04
  593.00      5.45980E-04
  595.00      5.46070E-04
  597.00      5.46400E-04
  599.00      5.47380E-04
  601.00      5.46910E-04
  603.00      5.46480E-04
  605.00      5.45940E-04
  607.00      5.42720E-04
  609.00      5.39990E-04
  611.00      5.37130E-04
  613.00      5.34290E-04
  615.00      5.31800E-04
  617.00      5.27070E-04
  619.00      5.25390E-04
  621.00      5.22520E-04
  623.00      5.17680E-04
  625.00      5.15950E-04
  627.00      5.13480E-04
  629.00      5.10510E-04
  631.00      5.05010E-04
  633.00      5.04320E-04
  635.00      5.01780E-04
  637.00      4.98920E-04
  639.00      4.95730E-04
  641.00      4.89910E-04
  643.00      4.90440E-04
  645.00      4.87710E-04
  647.00      4.84970E-04
  649.00      4.82250E-04
  651.00      4.78930E-04
  653.00      4.71770E-04
  655.00      4.66620E-04
  657.00      4.40880E-04
  659.00      4.67330E-04
  661.00      4.66390E-04
  663.00      4.63830E-04
  665.00      4.61300E-04
  667.00      4.56880E-04
  669.00      4.50110E-04
  671.00      4.53740E-04
  673.00      4.51330E-04
  675.00      4.48880E-04
  677.00      4.46460E-04
  679.00      4.44060E-04
  681.00      4.41680E-04
  683.00      4.39310E-04
  685.00      4.36960E-04
  687.00      4.34620E-04
  689.00      4.26270E-04
  691.00      4.29580E-04
  693.00      4.27760E-04
  695.00      4.25510E-04
  697.00      4.23270E-04
  699.00      4.21050E-04
  701.00      4.18850E-04
  703.00      4.16650E-04
  705.00      4.14490E-04
  707.00      4.11060E-04
  709.00      4.10210E-04
  711.00      4.08090E-04
  713.00      4.05990E-04
  715.00      4.03900E-04
  717.00      3.97710E-04
  719.00      3.97110E-04
  721.00      3.97740E-04
  723.00      3.95720E-04
  725.00      3.93720E-04
  727.00      3.91730E-04
  729.00      3.89330E-04
  731.00      3.87780E-04
  733.00      3.85840E-04
  735.00      3.83910E-04
  737.00      3.81990E-04
  739.00      3.80090E-04
  741.00      3.78200E-04
  743.00      3.76320E-04
  745.00      3.74450E-04
  747.00      3.72620E-04
  749.00      3.70770E-04
  751.00      3.68960E-04
  753.00      3.67160E-04
  755.00      3.65360E-04
  757.00      3.63570E-04
  759.00      3.55690E-04
  761.00      3.59530E-04
  763.00      3.58310E-04
  765.00      3.56590E-04
  767.00      3.54870E-04
  769.00      3.53160E-04
  771.00      3.51470E-04
  773.00      3.49780E-04
  775.00      3.48130E-04
  777.00      3.46470E-04
  779.00      3.44820E-04
  781.00      3.43190E-04
  783.00      3.41570E-04
  785.00      3.39970E-04
  787.00      3.38380E-04
  789.00      3.36790E-04
  791.00      3.35220E-04
  793.00      3.33650E-04
  795.00      3.32100E-04
  797.00      3.30550E-04
  799.00      3.29020E-04
  801.00      3.27500E-04
  803.00      3.25980E-04
  805.00      3.24490E-04
  807.00      3.22990E-04
  809.00      3.21510E-04
  811.00      3.20040E-04
  813.00      3.18580E-04
  815.00      3.17130E-04
  817.00      3.15680E-04
  819.00      3.12990E-04
  821.00      3.01040E-04
  823.00      2.97890E-04
  825.00      2.97970E-04
  827.00      2.97160E-04
  829.00      2.95940E-04
  831.00      2.94680E-04
  833.00      2.93420E-04
  835.00      2.92160E-04
  837.00      2.90970E-04
  839.00      2.89780E-04
  841.00      2.88650E-04
  843.00      2.87520E-04
  845.00      2.86370E-04
  847.00      2.85380E-04
  849.00      2.84450E-04
  851.00      2.83490E-04
  853.00      2.82600E-04
  855.00      2.81570E-04
  857.00      2.80910E-04
  859.00      2.79740E-04
  861.00      2.79010E-04
  863.00      2.78650E-04
  865.00      2.77560E-04
  867.00      2.75950E-04
  869.00      2.76440E-04
  871.00      2.76050E-04
  873.00      2.74840E-04
  875.00      2.71690E-04
  877.00      2.72970E-04
  879.00      2.73600E-04
  881.00      2.73240E-04
  883.00      2.72380E-04
  885.00      2.68660E-04
  887.00      2.64630E-04
  889.00      2.68770E-04
  891.00      2.69190E-04
  893.00      2.68570E-04
  895.00      2.67810E-04
  897.00      2.66410E-04
  899.00      2.63660E-04
  901.00      2.55710E-04
  903.00      2.57670E-04
  905.00      2.61230E-04
  907.00      2.60950E-04
  909.00      2.60420E-04
  911.00      2.59140E-04
  913.00      2.58680E-04
  915.00      2.57640E-04
  917.00      2.56210E-04
  919.00      2.54410E-04
  921.00      2.50490E-04
  923.00      2.40810E-04
  925.00      2.47880E-04
  927.00      2.50160E-04
  929.00      2.50040E-04
  931.00      2.49250E-04
  933.00      2.47820E-04
  935.00      2.41700E-04
  937.00      2.45360E-04
  939.00      2.45290E-04
  941.00      2.44410E-04
  943.00      2.43430E-04
  945.00      2.42460E-04
  947.00      2.41370E-04
  949.00      2.40260E-04
  951.00      2.38150E-04
  953.00      2.33770E-04
  955.00      2.24150E-04
  957.00      2.33150E-04
  959.00      2.34850E-04
  961.00      2.34660E-04
  963.00      2.33880E-04
  965.00      2.33080E-04
  967.00      2.32170E-04
  969.00      2.31260E-04
  971.00      2.30270E-04
  973.00      2.29470E-04
  975.00      2.28250E-04
  977.00      2.26520E-04
  979.00      2.26820E-04
  981.00      2.25950E-04
  983.00      2.25080E-04
  985.00      2.24220E-04
  987.00      2.23370E-04
  989.00      2.22510E-04
  991.00      2.21670E-04
  993.00      2.20820E-04
  995.00      2.19980E-04
  997.00      2.19150E-04
  999.00      2.18180E-04
  1002.5      2.12980E-04
  1007.5      2.09480E-04
  1012.5      2.09390E-04
  1017.5      2.10870E-04
  1022.5      2.08930E-04
  1027.5      2.07010E-04
  1032.5      2.05000E-04
  1037.5      2.03240E-04
  1042.5      2.00430E-04
  1047.5      1.99580E-04
  1052.5      1.97790E-04
  1057.5      1.96020E-04
  1062.5      1.94280E-04
  1067.5      1.92540E-04
  1072.5      1.90850E-04
  1077.5      1.89180E-04
  1082.5      1.87130E-04
  1087.5      1.85630E-04
  1092.5      1.77840E-04
  1097.5      1.80770E-04
  1102.5      1.81030E-04
  1107.5      1.79550E-04
  1112.5      1.78030E-04
  1117.5      1.76610E-04
  1122.5      1.75110E-04
  1127.5      1.73640E-04
  1132.5      1.72180E-04
  1137.5      1.70740E-04
  1142.5      1.69320E-04
  1147.5      1.67920E-04
  1152.5      1.66530E-04
  1157.5      1.65160E-04
  1162.5      1.62010E-04
  1167.5      1.61230E-04
  1172.5      1.61150E-04
  1177.5      1.59850E-04
  1182.5      1.58560E-04
  1187.5      1.57290E-04
  1192.5      1.56040E-04
  1197.5      1.54620E-04
  1202.5      1.53570E-04
  1207.5      1.52350E-04
  1212.5      1.51150E-04
  1217.5      1.49970E-04
  1222.5      1.48800E-04
  1227.5      1.47640E-04
  1232.5      1.46500E-04
  1237.5      1.45370E-04
  1242.5      1.44250E-04
  1247.5      1.43150E-04
  1252.5      1.42030E-04
  1257.5      1.40970E-04
  1262.5      1.39910E-04
  1267.5      1.38850E-04
  1272.5      1.37800E-04
  1277.5      1.35940E-04
  1282.5      1.30500E-04
  1287.5      1.34360E-04
  1292.5      1.33740E-04
  1297.5      1.32700E-04
  1302.5      1.31780E-04
  1307.5      1.30820E-04
  1312.5      1.29860E-04
  1317.5      1.28920E-04
  1322.5      1.27990E-04
  1327.5      1.27060E-04
  1332.5      1.26150E-04
  1337.5      1.25240E-04
  1342.5      1.24340E-04
  1347.5      1.23460E-04
  1352.5      1.22590E-04
  1357.5      1.21720E-04
  1362.5      1.20860E-04
  1367.5      1.20010E-04
  1372.5      1.19180E-04
  1377.5      1.18340E-04
  1382.5      1.17520E-04
  1387.5      1.16710E-04
  1392.5      1.15900E-04
  1397.5      1.15110E-04
  1402.5      1.14320E-04
  1407.5      1.13540E-04
  1412.5      1.12760E-04
  1417.5      1.12000E-04
  1422.5      1.11240E-04
  1427.5      1.10490E-04
  1432.5      1.09750E-04
  1437.5      1.09020E-04
  1442.5      1.08290E-04
  1447.5      1.07570E-04
  1452.5      1.06860E-04
  1457.0      1.06220E-04
  1462.0      1.05550E-04
  1467.5      1.04780E-04
  1472.5      1.04030E-04
  1477.5      1.02430E-04
  1482.5      1.02730E-04
  1487.5      1.02090E-04
  1492.5      1.01430E-04
  1497.5      1.00780E-04
  1502.5      1.00300E-04
  1507.5      9.96010E-05
  1512.5      9.90550E-05
  1517.5      9.84250E-05
  1522.5      9.78010E-05
  1527.5      9.71830E-05
  1532.5      9.65150E-05
  1537.5      9.59570E-05
  1542.5      9.52670E-05
  1547.5      9.47140E-05
  1552.5      9.41030E-05
  1557.5      9.34310E-05
  1562.5      9.30150E-05
  1567.5      9.22750E-05
  1572.5      9.16720E-05
  1577.5      9.13100E-05
  1582.5      9.06790E-05
  1587.5      8.98940E-05
  1592.5      8.94810E-05
  1597.5      8.91090E-05
  1605.0      8.81750E-05
  1615.0      8.69640E-05
  1625.0      8.62110E-05
  1635.0      8.49840E-05
  1645.0      8.37520E-05
  1655.0      8.32060E-05
  1665.0      8.22400E-05
  1675.0      8.09890E-05
  1685.0      7.97400E-05
  1695.0      7.94370E-05
  1705.0      7.84570E-05
  1715.0      7.76490E-05
  1725.0      7.67460E-05
  1735.0      7.49430E-05
  1745.0      7.49350E-05
  1755.0      7.42460E-05
  1765.0      7.34310E-05
  1775.0      7.26280E-05
  1785.0      7.18380E-05
  1795.0      7.10610E-05
  1805.0      7.02950E-05
  1815.0      6.84930E-05
  1825.0      6.85570E-05
  1835.0      6.80760E-05
  1845.0      6.73600E-05
  1855.0      6.66640E-05
  1865.0      6.51920E-05
  1875.0      6.37390E-05
  1885.0      6.45870E-05
  1895.0      6.39500E-05
  1905.0      6.32680E-05
  1915.0      6.26540E-05
  1925.0      6.20200E-05
  1935.0      6.13270E-05
  1945.0      5.95540E-05
  1955.0      6.01020E-05
  1965.0      5.95800E-05
  1975.0      5.89930E-05
  1985.0      5.84140E-05
  1995.0      5.78440E-05
  2005.0      5.72820E-05
  2015.0      5.67280E-05
  2025.0      5.61810E-05
  2035.0      5.56430E-05
  2045.0      5.51120E-05
  2055.0      5.45800E-05
  2065.0      5.40740E-05
  2075.0      5.35650E-05
  2085.0      5.30640E-05
  2095.0      5.25700E-05
  2105.0      5.20820E-05
  2115.0      5.15820E-05
  2125.0      5.11270E-05
  2135.0      5.06590E-05
  2145.0      5.01970E-05
  2155.0      4.97040E-05
  2165.0      4.81460E-05
  2175.0      4.87520E-05
  2185.0      4.84120E-05
  2195.0      4.79820E-05
  2205.0      4.75570E-05
  2215.0      4.71370E-05
  2225.0      4.67220E-05
  2235.0      4.63140E-05
  2245.0      4.59100E-05
  2255.0      4.55120E-05
  2265.0      4.51180E-05
  2275.0      4.47300E-05
  2285.0      4.43830E-05
  2295.0      4.40040E-05
  2305.0      4.36300E-05
  2315.0      4.32610E-05
  2325.0      4.28960E-05
  2335.0      4.25360E-05
  2345.0      4.21810E-05
  2355.0      4.18300E-05
  2365.0      4.14830E-05
  2375.0      4.11410E-05
  2385.0      4.08030E-05
  2395.0      4.04690E-05
  2405.0      4.01390E-05
  2415.0      3.98130E-05
  2425.0      3.94900E-05
  2435.0      3.91720E-05
  2445.0      3.88580E-05
  2455.0      3.85470E-05
  2465.0      3.82400E-05
  2475.0      3.79280E-05
  2485.0      3.76380E-05
  2495.0      3.73410E-05
  2505.0      3.70490E-05
  2515.0      3.67590E-05
  2525.0      3.64730E-05
  2535.0      3.61910E-05
  2545.0      3.59120E-05
  2555.0      3.56350E-05
  2565.0      3.53620E-05
  2575.0      3.50920E-05
  2585.0      3.48260E-05
  2595.0      3.45620E-05
  2605.0      3.42810E-05
  2615.0      3.39080E-05
  2625.0      3.28620E-05
  2635.0      3.34560E-05
  2645.0      3.32870E-05
  2655.0      3.30370E-05
  2665.0      3.27900E-05
  2675.0      3.24370E-05
  2685.0      3.23040E-05
  2695.0      3.20800E-05
  2705.0      3.18470E-05
  2715.0      3.16160E-05
  2725.0      3.13880E-05
  2735.0      3.11620E-05
  2745.0      3.09370E-05
  2755.0      3.05490E-05
  2765.0      3.04210E-05
  2775.0      3.02810E-05
  2785.0      3.00670E-05
  2795.0      2.98560E-05
  2805.0      2.96460E-05
  2815.0      2.94380E-05
  2825.0      2.92330E-05
  2835.0      2.90300E-05
  2845.0      2.88280E-05
  2855.0      2.86290E-05
  2865.0      2.83500E-05
  2875.0      2.79780E-05
  2885.0      2.80190E-05
  2895.0      2.78530E-05
  2905.0      2.76640E-05
  2915.0      2.74770E-05
  2925.0      2.72910E-05
  2935.0      2.71080E-05
  2945.0      2.69260E-05
  2955.0      2.67460E-05
  2965.0      2.65680E-05
  2975.0      2.63920E-05
  2985.0      2.62170E-05
  2995.0      2.60440E-05
  3005.0      2.58730E-05
  3015.0      2.57040E-05
  3025.0      2.55250E-05
  3035.0      2.50960E-05
  3045.0      2.50330E-05
  3055.0      2.50420E-05
  3065.0      2.48810E-05
  3075.0      2.47210E-05
  3085.0      2.45630E-05
  3095.0      2.44060E-05
  3105.0      2.42510E-05
  3115.0      2.40970E-05
  3125.0      2.39440E-05
  3135.0      2.37930E-05
  3145.0      2.36440E-05
  3155.0      2.34960E-05
  3165.0      2.33490E-05
  3175.0      2.32030E-05
  3185.0      2.30590E-05
  3195.0      2.29160E-05
  3210.0      2.27050E-05
  3230.0      2.24270E-05
  3250.0      2.21540E-05
  3270.0      2.18860E-05
  3290.0      2.13690E-05
  3310.0      2.13130E-05
  3330.0      2.11200E-05
  3350.0      2.08710E-05
  3370.0      2.06260E-05
  3390.0      2.03850E-05
  3410.0      2.01480E-05
  3430.0      1.99160E-05
  3450.0      1.96870E-05
  3470.0      1.94630E-05
  3490.0      1.92420E-05
  3510.0      1.90250E-05
  3530.0      1.88110E-05
  3550.0      1.86010E-05
  3570.0      1.83950E-05
  3590.0      1.81920E-05
  3610.0      1.79920E-05
  3630.0      1.77950E-05
  3650.0      1.76020E-05
  3670.0      1.74120E-05
  3690.0      1.72250E-05
  3710.0      1.70370E-05
  3730.0      1.67430E-05
  3750.0      1.65030E-05
  3770.0      1.65050E-05
  3790.0      1.63320E-05
  3810.0      1.61620E-05
  3830.0      1.59940E-05
  3850.0      1.58300E-05
  3870.0      1.56670E-05
  3890.0      1.55070E-05
  3910.0      1.53490E-05
  3930.0      1.51940E-05
  3950.0      1.50420E-05
  3970.0      1.48910E-05
  3990.0      1.47430E-05
  4010.0      1.45910E-05
  4030.0      1.44340E-05
  4050.0      1.40640E-05
  4070.0      1.41680E-05
  4090.0      1.40330E-05
  4110.0      1.38970E-05
  4130.0      1.37620E-05
  4150.0      1.36310E-05
  4170.0      1.34660E-05
  4190.0      1.33730E-05
  4210.0      1.32460E-05
  4230.0      1.31220E-05
  4250.0      1.29980E-05
  4270.0      1.28780E-05
  4290.0      1.27560E-05
  4310.0      1.26400E-05
  4330.0      1.25240E-05
  4350.0      1.24090E-05
  4370.0      1.22440E-05
  4390.0      1.21660E-05
  4410.0      1.20740E-05
  4430.0      1.19650E-05
  4450.0      1.18580E-05
  4470.0      1.17550E-05
  4490.0      1.16510E-05
  4510.0      1.15480E-05
  4530.0      1.14460E-05
  4550.0      1.13460E-05
  4570.0      1.12470E-05
  4590.0      1.11490E-05
  4610.0      1.10520E-05
  4630.0      1.09530E-05
  4650.0      1.06270E-05
  4670.0      1.06640E-05
  4690.0      1.06620E-05
  4710.0      1.05880E-05
  4730.0      1.04980E-05
  4750.0      1.04100E-05
  4770.0      1.03230E-05
  4790.0      1.02370E-05
  4810.0      1.01520E-05
  4830.0      1.00680E-05
  4850.0      9.98490E-06
  4870.0      9.90290E-06
  4890.0      9.82200E-06
  4910.0      9.74200E-06
  4930.0      9.66300E-06
  4950.0      9.58500E-06
  4970.0      9.50790E-06
  4990.0      9.43170E-06
  5010.0      9.35640E-06
  5030.0      9.28200E-06
  5050.0      9.20850E-06
  5070.0      9.13590E-06
  5090.0      9.06400E-06
  5110.0      8.97980E-06
  5130.0      8.81390E-06
  5150.0      8.84530E-06
  5170.0      8.78510E-06
  5190.0      8.71740E-06
  5210.0      8.65040E-06
  5230.0      8.58420E-06
  5250.0      8.51880E-06
  5270.0      8.45400E-06
  5290.0      8.39010E-06
  5310.0      8.32680E-06
  5330.0      8.26430E-06
  5350.0      8.20240E-06
  5370.0      8.14120E-06
  5390.0      8.08070E-06
  5410.0      8.02080E-06
  5430.0      7.96170E-06
  5450.0      7.90310E-06
  5470.0      7.84520E-06
  5490.0      7.78790E-06
  5510.0      7.73120E-06
  5530.0      7.67520E-06
  5550.0      7.61980E-06
  5570.0      7.56500E-06
  5590.0      7.51070E-06
  5610.0      7.45710E-06
  5630.0      7.40390E-06
  5650.0      7.35140E-06
  5670.0      7.29940E-06
  5690.0      7.24790E-06
  5710.0      7.19690E-06
  5730.0      7.14660E-06
  5750.0      7.09680E-06
  5770.0      7.04740E-06
  5790.0      6.99860E-06
  5810.0      6.95030E-06
  5830.0      6.90240E-06
  5850.0      6.85620E-06
  5870.0      6.80920E-06
  5890.0      6.74610E-06
  5910.0      6.59230E-06
  5930.0      6.66050E-06
  5950.0      6.61600E-06
  5970.0      6.57920E-06
  5990.0      6.53770E-06
  6010.0      6.49410E-06
  6030.0      6.45090E-06
  6050.0      6.40810E-06
  6070.0      6.36570E-06
  6090.0      6.32370E-06
  6110.0      6.28210E-06
  6130.0      6.24090E-06
  6150.0      6.20020E-06
  6170.0      6.15980E-06
  6190.0      6.11980E-06
  6210.0      6.08020E-06
  6230.0      6.04100E-06
  6250.0      6.00220E-06
  6270.0      5.96360E-06
  6290.0      5.90310E-06
  6310.0      5.88420E-06
  6330.0      5.85040E-06
  6350.0      5.81340E-06
  6370.0      5.77680E-06
  6390.0      5.74040E-06
  6420.0      5.68650E-06
  6460.0      5.61590E-06
  6500.0      5.54650E-06
  6540.0      5.47840E-06
  6580.0      5.41150E-06
  6620.0      5.34580E-06
  6660.0      5.28130E-06
  6700.0      5.21800E-06
  6740.0      5.15340E-06
  6780.0      5.07330E-06
  6820.0      5.03450E-06
  6860.0      4.97560E-06
  6900.0      4.91760E-06
  6940.0      4.86060E-06
  6980.0      4.80460E-06
  7020.0      4.74950E-06
  7060.0      4.69540E-06
  7100.0      4.64220E-06
  7140.0      4.58990E-06
  7180.0      4.53840E-06
  7220.0      4.48780E-06
  7260.0      4.43800E-06
  7300.0      4.38910E-06
  7340.0      4.34090E-06
  7380.0      4.29360E-06
  7420.0      4.24490E-06
  7460.0      4.11900E-06
  7500.0      4.06910E-06
  7540.0      4.10430E-06
  7580.0      4.06790E-06
  7620.0      4.02490E-06
  7660.0      3.98260E-06
  7700.0      3.94090E-06
  7740.0      3.89990E-06
  7780.0      3.85950E-06
  7820.0      3.81970E-06
  7860.0      3.78060E-06
  7900.0      3.74200E-06
  7940.0      3.70400E-06
  7980.0      3.66660E-06
  8020.0      3.62970E-06
  8060.0      3.59340E-06
  8100.0      3.55760E-06
  8140.0      3.52230E-06
  8180.0      3.48760E-06
  8220.0      3.45340E-06
  8260.0      3.41970E-06
  8300.0      3.38640E-06
  8340.0      3.35370E-06
  8380.0      3.32140E-06
  8420.0      3.28950E-06
  8460.0      3.25810E-06
  8500.0      3.22720E-06
  8540.0      3.19670E-06
  8580.0      3.16660E-06
  8620.0      3.13690E-06
  8660.0      3.10380E-06
  8700.0      3.07880E-06
  8740.0      3.03020E-06
  8780.0      3.00230E-06
  8820.0      2.99460E-06
  8860.0      2.96730E-06
  8900.0      2.94040E-06
  8940.0      2.91380E-06
  8980.0      2.88760E-06
  9020.0      2.86170E-06
  9060.0      2.83620E-06
  9100.0      2.81100E-06
  9140.0      2.78610E-06
  9180.0      2.76160E-06
  9220.0      2.73740E-06
  9260.0      2.71350E-06
  9300.0      2.68990E-06
  9340.0      2.66650E-06
  9380.0      2.63540E-06
  9420.0      2.61840E-06
  9460.0      2.59850E-06
  9500.0      2.57630E-06
  9540.0      2.55450E-06
  9580.0      2.53290E-06
  9620.0      2.51160E-06
  9660.0      2.49060E-06
  9700.0      2.46980E-06
  9740.0      2.44930E-06
  9780.0      2.42900E-06
  9820.0      2.40900E-06
  9860.0      2.38920E-06
  9900.0      2.36970E-06
  9940.0      2.35040E-06
  9980.0      2.33130E-06
  10020.      2.31250E-06
  20000.      5.65670E-07
  40000.      1.36810E-07
  60000.      5.95690E-08
  80000.      3.30350E-08
 1.00000E+05  2.09220E-08
 1.20000E+05  1.44120E-08
 1.40000E+05  1.05190E-08
 1.60000E+05  8.01020E-09
