 WMBASIC, Moont, Westmoquette 2004 (Pauldrach 2003) after SNC 2002
 Z/Z0 0.40 Teff 42.60 logg 3.67 R/R0 19.73 R 1.3722E+12
   Wavelength   Eddington Hnu
 (Angstroms) (erg/s/cm2/Hz/sr)
 5.00000000E+01 1.02465150E-33
 5.48514390E+01 1.97634300E-31
 6.07455020E+01 4.68497150E-29
 6.80587560E+01 1.50870380E-26
 7.00045780E+01 6.36281930E-26
 7.20649380E+01 2.94556610E-25
 7.31412780E+01 6.68706500E-25
 7.42502560E+01 1.59565740E-24
 7.42530130E+01 1.83739940E-24
 7.90441730E+01 2.30756720E-23
 8.44998470E+01 3.19048020E-22
 9.07644620E+01 5.70985130E-21
 9.42585110E+01 2.99921870E-20
 9.80323440E+01 2.01173440E-19
 9.80371490E+01 1.99208130E-19
 9.94725570E+01 4.25542010E-19
 1.00955720E+02 9.47500840E-19
 1.00956230E+02 9.47194040E-19
 1.02697840E+02 2.46187900E-18
 1.04501150E+02 6.67869970E-18
 1.04501690E+02 6.68062550E-18
 1.05881020E+02 1.43437490E-17
 1.07297830E+02 3.13372840E-17
 1.07298410E+02 3.13467080E-17
 1.08067960E+02 4.78004730E-17
 1.08849220E+02 7.31841040E-17
 1.08849820E+02 7.87131370E-17
 1.11066990E+02 2.53761770E-16
 1.13377010E+02 8.40441120E-16
 1.13377660E+02 8.61366570E-16
 1.15811840E+02 2.91279080E-15
 1.18353530E+02 1.00267320E-14
 1.18354230E+02 1.00300930E-14
 1.18948900E+02 1.33150890E-14
 1.19550290E+02 1.76908220E-14
 1.19551000E+02 1.77047560E-14
 1.21713390E+02 4.82005650E-14
 1.23956210E+02 1.31767160E-13
 1.23956980E+02 4.07523830E-14
 1.25291800E+02 7.22833960E-14
 1.26656480E+02 1.28475770E-13
 1.26657280E+02 1.28728240E-13
 1.26797720E+02 1.36488480E-13
 1.26798530E+02 9.00449620E-14
 1.27081660E+02 1.01221710E-13
 1.27082470E+02 5.71355910E-14
 1.27447660E+02 6.63532430E-14
 1.27448480E+02 1.08049740E-13
 1.27944040E+02 1.28083670E-13
 1.27944860E+02 8.54689430E-14
 1.28310670E+02 9.63334750E-14
 1.28311500E+02 2.33793230E-14
 1.29932340E+02 3.17300470E-14
 1.31595520E+02 4.47296300E-14
 1.31596380E+02 4.51673090E-14
 1.32580630E+02 5.61333230E-14
 1.33580600E+02 7.08448280E-14
 1.33581490E+02 6.96815980E-14
 1.34475920E+02 8.57561680E-14
 1.35383330E+02 1.06879750E-13
 1.35384240E+02 7.71848020E-14
 1.38164970E+02 1.07208650E-13
 1.41063320E+02 1.64608310E-13
 1.41064320E+02 1.59474840E-13
 1.41853670E+02 1.83088190E-13
 1.41854680E+02 1.82570780E-13
 1.43685140E+02 2.60394260E-13
 1.45564520E+02 3.92598600E-13
 1.45565580E+02 3.92624020E-13
 1.48089090E+02 7.21614760E-13
 1.50702770E+02 1.41482280E-12
 1.50703910E+02 1.41503460E-12
 1.52594350E+02 2.33207010E-12
 1.54534020E+02 3.90395540E-12
 1.54535210E+02 5.44497870E-12
 1.55996320E+02 7.77241680E-12
 1.57486560E+02 1.12104620E-11
 1.57487800E+02 1.11436970E-11
 1.58750220E+02 1.51850910E-11
 1.60034310E+02 2.07996130E-11
 1.60035590E+02 2.41961160E-11
 1.60224390E+02 2.52994550E-11
 1.60225670E+02 2.94061980E-09
 1.62147230E+02 3.69297460E-09
 1.64116780E+02 4.64447650E-09
 1.64118130E+02 4.66789200E-09
 1.67480830E+02 6.72164580E-09
 1.70985680E+02 9.67594900E-09
 1.70987140E+02 9.67987570E-09
 1.71113420E+02 9.80488320E-09
 1.71114880E+02 9.79604640E-09
 1.71458910E+02 1.01428580E-08
 1.71460380E+02 1.01072210E-08
 1.72433830E+02 1.11390760E-08
 1.72435320E+02 1.11121570E-08
 1.72510760E+02 1.11952010E-08
 1.72512240E+02 1.06942080E-08
 1.73777390E+02 1.21017230E-08
 1.75062760E+02 1.36944890E-08
 1.75064300E+02 1.36969760E-08
 1.77188030E+02 1.67312600E-08
 1.79365540E+02 2.04369680E-08
 1.79367150E+02 2.15879120E-08
 1.81856170E+02 2.69823750E-08
 1.84416950E+02 3.37272100E-08
 1.84418650E+02 3.37085860E-08
 1.85778830E+02 3.78573190E-08
 1.87160980E+02 4.25271970E-08
 1.87162730E+02 4.26085800E-08
 1.88738970E+02 4.85574390E-08
 1.88740750E+02 4.85367110E-08
 1.90123900E+02 5.43493020E-08
 1.90125710E+02 5.43389210E-08
 1.90853060E+02 5.76368900E-08
 1.90854880E+02 5.76420970E-08
 1.92241740E+02 6.44307260E-08
 1.92243590E+02 6.71970610E-08
 1.92420960E+02 6.81518040E-08
 1.92783400E+02 1.42756210E-08
 1.93146520E+02 5.66274280E-08
 1.93510330E+02 4.36925840E-08
 1.93566170E+02 4.35623740E-08
 1.93568040E+02 4.35423270E-08
 1.93874820E+02 4.27928430E-08
 1.94239990E+02 4.93828350E-08
 1.94605860E+02 2.53202000E-10
 1.94617540E+02 2.56660820E-10
 1.94619430E+02 2.57230860E-10
 1.94836520E+02 3.22530370E-10
 1.94838420E+02 3.23019900E-10
 1.94972410E+02 3.64317070E-10
 1.95339650E+02 2.05337400E-09
 1.95707590E+02 1.26912330E-08
 1.95961030E+02 4.79193920E-09
 1.96076220E+02 1.10479220E-09
 1.96445540E+02 5.93481560E-09
 1.96815560E+02 1.02090250E-08
 1.97098590E+02 9.68559640E-09
 1.97100530E+02 9.68191540E-09
 1.97186270E+02 9.51821130E-09
 1.97557690E+02 2.08987030E-08
 1.97929800E+02 4.13600660E-08
 1.98302610E+02 6.28885830E-08
 1.98676130E+02 7.60382380E-08
 1.98877180E+02 7.89503470E-08
 1.99050350E+02 8.15114330E-08
 1.99425280E+02 7.25105260E-08
 1.99800910E+02 2.77429570E-08
 2.00177240E+02 8.56842990E-09
 2.00554290E+02 1.96519620E-08
 2.00688160E+02 2.63401920E-08
 2.00690170E+02 2.64417390E-08
 2.00932050E+02 3.88424190E-08
 2.01310520E+02 3.54401740E-08
 2.01590960E+02 9.88688790E-09
 2.01592990E+02 9.69807330E-09
 2.01689700E+02 6.49601960E-10
 2.02069600E+02 2.46902330E-09
 2.02358650E+02 6.39800130E-09
 2.02360700E+02 6.43123730E-09
 2.02450210E+02 7.68070700E-09
 2.02518850E+02 1.31737740E-08
 2.02520900E+02 1.33388390E-08
 2.02831540E+02 3.88573510E-08
 2.03213580E+02 7.18061570E-08
 2.03596350E+02 5.17585550E-08
 2.03979840E+02 9.02204650E-08
 2.04364050E+02 2.94355030E-08
 2.04748980E+02 5.72535010E-09
 2.05134640E+02 1.53178530E-08
 2.05521020E+02 3.78626310E-08
 2.05908140E+02 6.86608300E-10
 2.06295980E+02 1.87019560E-09
 2.06508510E+02 7.04347170E-09
 2.06684550E+02 1.14414040E-08
 2.07073860E+02 6.92954870E-10
 2.07463890E+02 8.78681970E-10
 2.07854660E+02 2.24041690E-08
 2.08246170E+02 4.06608860E-08
 2.08638420E+02 1.78639100E-07
 2.09031400E+02 4.08797170E-07
 2.09425130E+02 3.67448870E-07
 2.09819590E+02 2.63050460E-07
 2.10214800E+02 1.43604760E-07
 2.10610760E+02 1.89984820E-07
 2.10658520E+02 1.84178010E-07
 2.11007460E+02 1.40555520E-07
 2.11404900E+02 1.91045560E-07
 2.11803100E+02 2.21374780E-07
 2.12202040E+02 4.61008890E-09
 2.12601740E+02 1.55439810E-09
 2.13002190E+02 3.28598290E-09
 2.13403400E+02 1.81142380E-08
 2.13805350E+02 1.01479740E-07
 2.14208070E+02 2.01985120E-07
 2.14611550E+02 1.32055760E-07
 2.14978750E+02 2.69225800E-07
 2.15015780E+02 2.83428960E-07
 2.15420780E+02 5.20981960E-08
 2.15826540E+02 1.70941820E-07
 2.16233060E+02 2.96536570E-07
 2.16640350E+02 5.66878750E-07
 2.17048410E+02 4.75680790E-07
 2.17206010E+02 4.73471650E-07
 2.17457230E+02 4.69744160E-07
 2.17866830E+02 4.52324460E-07
 2.18277200E+02 4.50320120E-07
 2.18688340E+02 4.16997770E-07
 2.19100250E+02 3.98243260E-07
 2.19479890E+02 3.18146400E-07
 2.19482300E+02 3.16685640E-07
 2.19512940E+02 3.10047860E-07
 2.19926410E+02 3.18397060E-07
 2.20340650E+02 4.92373940E-07
 2.20755680E+02 4.06151080E-07
 2.21171490E+02 3.79392980E-07
 2.21588080E+02 2.27912250E-07
 2.22005460E+02 3.55823100E-07
 2.22423620E+02 4.19612190E-07
 2.22502670E+02 4.41100510E-07
 2.22842570E+02 5.36032970E-07
 2.23262310E+02 6.38896060E-07
 2.23682840E+02 6.14273040E-07
 2.24104160E+02 2.92056950E-07
 2.24526270E+02 3.39190230E-07
 2.24949180E+02 4.26831970E-07
 2.25372890E+02 3.69403850E-07
 2.25609880E+02 4.19653560E-07
 2.25612420E+02 4.21339480E-07
 2.25797400E+02 4.61765610E-07
 2.25845330E+02 4.78020390E-07
 2.25847880E+02 4.78888050E-07
 2.26222700E+02 6.09640490E-07
 2.26648810E+02 2.68176700E-07
 2.26991880E+02 2.67321680E-07
 2.26994450E+02 2.67314550E-07
 2.27075710E+02 2.67084690E-07
 2.27503430E+02 3.89307510E-07
 2.27837820E+02 1.08876210E-07
 2.27840410E+02 1.11465710E-06
 2.27931940E+02 1.11651960E-06
 2.28361270E+02 2.02965410E-06
 2.28791400E+02 2.17198620E-06
 2.29222350E+02 5.70437890E-07
 2.29654100E+02 3.47505450E-07
 2.30086670E+02 5.71171370E-08
 2.30520060E+02 1.42677470E-07
 2.30721440E+02 1.15300860E-07
 2.30954260E+02 8.34516910E-08
 2.31389270E+02 7.54060060E-07
 2.31825110E+02 2.26065930E-06
 2.32261770E+02 5.70810120E-07
 2.32699250E+02 7.09134260E-08
 2.33137550E+02 4.51241030E-07
 2.33576680E+02 1.75034890E-06
 2.33678980E+02 1.94680890E-06
 2.33681710E+02 1.95208570E-06
 2.34016640E+02 2.59958250E-06
 2.34457430E+02 2.29513470E-06
 2.34899040E+02 3.50099400E-06
 2.34985870E+02 3.43336280E-06
 2.35341490E+02 3.15447760E-06
 2.35784770E+02 8.28556310E-08
 2.36228890E+02 5.97002370E-07
 2.36307460E+02 4.94483310E-07
 2.36310250E+02 1.25975540E-06
 2.36673840E+02 3.35641470E-08
 2.37119630E+02 3.53814180E-08
 2.37566270E+02 2.01621820E-07
 2.37749710E+02 3.74969780E-07
 2.37752530E+02 3.77877930E-07
 2.38013740E+02 6.25918180E-07
 2.38462050E+02 1.37684740E-06
 2.38911210E+02 3.45003810E-06
 2.39361220E+02 6.34096130E-06
 2.39812070E+02 6.64957530E-06
 2.40263770E+02 3.21860400E-06
 2.40641950E+02 6.53703360E-06
 2.40716330E+02 7.19254040E-06
 2.41169730E+02 9.17485220E-06
 2.41623990E+02 1.70317840E-07
 2.42079110E+02 1.11275640E-06
 2.42535080E+02 4.93849840E-06
 2.42991910E+02 8.70045140E-06
 2.43449600E+02 7.17813670E-06
 2.43605420E+02 5.66066780E-06
 2.43608390E+02 5.63792540E-06
 2.43908150E+02 2.70218460E-06
 2.44367570E+02 3.43205300E-06
 2.44827850E+02 5.50153000E-06
 2.45289000E+02 4.11547670E-06
 2.45413770E+02 3.02069700E-06
 2.45416780E+02 2.99455990E-06
 2.45751020E+02 4.79500520E-08
 2.46213910E+02 2.81727070E-07
 2.46677670E+02 4.25274930E-07
 2.47142310E+02 1.03019780E-06
 2.47579110E+02 1.04171000E-07
 2.47582170E+02 9.76713140E-08
 2.47607810E+02 4.30473880E-08
 2.48074200E+02 1.15583740E-07
 2.48541460E+02 6.97689800E-07
 2.49009610E+02 2.76904320E-06
 2.49478640E+02 7.57095190E-05
 2.49834420E+02 8.05204650E-05
 2.49837540E+02 9.18203240E-05
 2.49948550E+02 9.35333250E-05
 2.50419340E+02 1.24419830E-05
 2.50891020E+02 4.25746470E-05
 2.51363590E+02 1.50376180E-05
 2.51553820E+02 1.38330110E-05
 2.51837050E+02 1.20312580E-05
 2.52311400E+02 8.06896710E-05
 2.52786650E+02 1.05666650E-05
 2.53262790E+02 6.90345930E-05
 2.53297040E+02 6.84141320E-05
 2.53300250E+02 7.36438090E-05
 2.53739830E+02 6.50124610E-05
 2.54217760E+02 4.03321930E-05
 2.54600830E+02 8.19908610E-06
 2.54604070E+02 8.21789930E-06
 2.54696600E+02 1.34728250E-07
 2.55176340E+02 1.74723340E-06
 2.55656980E+02 1.10894050E-05
 2.56138530E+02 1.73379140E-05
 2.56620980E+02 1.70439010E-05
 2.56735220E+02 4.44750380E-05
 2.57104340E+02 1.33493720E-04
 2.57588620E+02 1.01365030E-04
 2.58073800E+02 5.14278490E-05
 2.58559900E+02 9.67000980E-05
 2.58905710E+02 8.14816870E-05
 2.58909060E+02 8.23268380E-05
 2.59046920E+02 7.61583540E-05
 2.59534850E+02 2.86871600E-05
 2.60023700E+02 4.23826660E-05
 2.60513470E+02 6.53033050E-05
 2.61004170E+02 8.21007060E-05
 2.61010740E+02 8.14732010E-05
 2.61014140E+02 1.37716790E-04
 2.61378120E+02 7.84852710E-05
 2.61381530E+02 8.70091050E-05
 2.61495790E+02 6.61680370E-05
 2.61988330E+02 6.05669480E-05
 2.62481800E+02 2.84553190E-05
 2.62976210E+02 2.22274150E-05
 2.63471540E+02 7.71815290E-05
 2.63967810E+02 1.29851590E-04
 2.64465010E+02 5.90543130E-05
 2.64575530E+02 5.39789460E-05
 2.64963150E+02 3.61055450E-05
 2.65462220E+02 2.66799010E-05
 2.65962240E+02 2.17140640E-05
 2.66463200E+02 3.89067680E-05
 2.66965100E+02 4.44596630E-05
 2.67467940E+02 3.73395970E-05
 2.67852140E+02 2.98885410E-05
 2.67971740E+02 2.75596830E-05
 2.68476480E+02 7.15842840E-05
 2.68982170E+02 5.99619160E-05
 2.69488820E+02 9.27294410E-05
 2.69996420E+02 2.76640720E-05
 2.70504980E+02 1.96100970E-05
 2.71014490E+02 1.50360360E-05
 2.71210930E+02 2.06285750E-05
 2.71524960E+02 2.96042900E-05
 2.72036400E+02 4.43419010E-05
 2.72548800E+02 6.81696340E-05
 2.72922110E+02 2.70805930E-04
 2.73062160E+02 3.47124760E-04
 2.73576490E+02 1.27178630E-04
 2.74091790E+02 9.69080750E-05
 2.74608060E+02 2.21889720E-04
 2.74655030E+02 2.18768440E-04
 2.74658800E+02 2.20479100E-04
 2.75125310E+02 1.89065090E-04
 2.75643520E+02 7.72842540E-06
 2.76162720E+02 2.19866030E-05
 2.76682890E+02 2.36004140E-05
 2.77204040E+02 4.63313500E-05
 2.77726170E+02 3.50204190E-07
 2.78249290E+02 5.17636300E-07
 2.78773390E+02 5.03996960E-06
 2.79298480E+02 2.42788790E-05
 2.79824550E+02 8.51579770E-05
 2.80351620E+02 1.29919530E-04
 2.80459440E+02 1.31927260E-04
 2.80879680E+02 1.39781320E-04
 2.81408740E+02 9.82375290E-05
 2.81938790E+02 1.51755030E-05
 2.82469840E+02 5.27065500E-05
 2.83001890E+02 9.11211610E-05
 2.83534950E+02 1.51228380E-04
 2.84069000E+02 1.37176150E-04
 2.84604070E+02 2.25112260E-04
 2.85140140E+02 2.22924970E-04
 2.85677220E+02 1.17322700E-04
 2.86215310E+02 1.48447390E-04
 2.86514480E+02 1.67791610E-04
 2.86518580E+02 1.70111220E-04
 2.86754420E+02 1.85602600E-04
 2.87294540E+02 1.30145450E-04
 2.87835680E+02 1.78209620E-04
 2.88377830E+02 4.74834730E-05
 2.88921010E+02 4.22702520E-05
 2.89465220E+02 9.13401220E-06
 2.90010440E+02 2.07558100E-05
 2.90556700E+02 5.15801600E-05
 2.91030630E+02 3.40488480E-05
 2.91103980E+02 3.13254380E-05
 2.91652290E+02 7.05499240E-06
 2.92201640E+02 4.29710810E-06
 2.92752020E+02 1.09975180E-05
 2.93303440E+02 2.13352830E-05
 2.93855900E+02 4.84184940E-05
 2.94409390E+02 6.58607410E-05
 2.94963930E+02 9.35098320E-05
 2.95519520E+02 4.87204420E-05
 2.95691420E+02 5.14403920E-05
 2.95695790E+02 5.15132520E-05
 2.96076150E+02 5.75528500E-05
 2.96633830E+02 1.05809810E-04
 2.97192560E+02 1.66798490E-04
 2.97613730E+02 1.80477050E-04
 2.97752340E+02 1.84993810E-04
 2.98313180E+02 1.28542340E-04
 2.98875070E+02 1.98880260E-04
 2.99438020E+02 1.40053740E-04
 2.99561200E+02 1.37979810E-04
 2.99565690E+02 1.42158430E-04
 2.99930480E+02 1.35802750E-04
 2.99934970E+02 1.35826370E-04
 3.00002030E+02 1.34653710E-04
 3.00567110E+02 1.30571760E-04
 3.01133250E+02 1.81523910E-04
 3.01700450E+02 1.47599770E-06
 3.02141460E+02 8.96210670E-05
 3.02268720E+02 1.15143640E-04
 3.02838070E+02 2.53999920E-04
 3.03408480E+02 3.80452490E-04
 3.03979970E+02 3.95533170E-04
 3.04385280E+02 4.40838300E-04
 3.04389910E+02 4.41369300E-04
 3.04552540E+02 4.59607840E-04
 3.05126190E+02 3.14811840E-04
 3.05700910E+02 1.27019100E-04
 3.06276720E+02 1.01173270E-04
 3.06853610E+02 7.01583150E-05
 3.07431590E+02 1.08178120E-04
 3.08010660E+02 1.81665970E-04
 3.08590820E+02 2.22079060E-04
 3.08844150E+02 2.90818620E-04
 3.09172070E+02 3.80081950E-04
 3.09754420E+02 1.70928270E-04
 3.10337860E+02 3.69887580E-06
 3.10922400E+02 7.28598430E-05
 3.11508050E+02 1.74644650E-04
 3.12094790E+02 2.61755320E-04
 3.12682640E+02 3.02321470E-04
 3.13271600E+02 2.02168230E-04
 3.13435610E+02 2.05647910E-04
 3.13440520E+02 2.05905330E-04
 3.13861670E+02 2.14874030E-04
 3.14452850E+02 3.91257320E-04
 3.15045140E+02 3.01055330E-04
 3.15638550E+02 3.89573160E-04
 3.16233080E+02 3.58895220E-04
 3.16273590E+02 3.47289760E-04
 3.16828720E+02 1.87755110E-04
 3.17425490E+02 4.76515810E-04
 3.18023380E+02 4.12460770E-04
 3.18622400E+02 2.50284390E-04
 3.19163430E+02 5.58379130E-05
 3.19168530E+02 5.41904110E-05
 3.19222550E+02 3.46466640E-05
 3.19823830E+02 8.22497800E-05
 3.20426240E+02 1.71472480E-04
 3.20800100E+02 1.49432210E-04
 3.20805250E+02 1.49314480E-04
 3.21029780E+02 1.36019290E-04
 3.21634460E+02 7.41639480E-05
 3.22240280E+02 6.31712960E-06
 3.22847240E+02 6.72467960E-05
 3.23455350E+02 1.04147380E-04
 3.24064600E+02 2.31000780E-04
 3.24233030E+02 2.34990680E-04
 3.24675000E+02 2.45489030E-04
 3.25286540E+02 2.65139820E-04
 3.25899240E+02 3.09072120E-04
 3.26513100E+02 3.12279880E-04
 3.27128100E+02 1.51833550E-04
 3.27740230E+02 2.32522180E-04
 3.27744270E+02 2.33056870E-04
 3.27745600E+02 2.33992170E-04
 3.27954120E+02 3.41715800E-04
 3.27959500E+02 3.44905390E-04
 3.28361600E+02 5.53483240E-04
 3.28839200E+02 1.68864650E-04
 3.28844600E+02 1.64701500E-04
 3.28980090E+02 5.51391210E-05
 3.29599750E+02 1.25201620E-04
 3.30220570E+02 3.01353780E-04
 3.30842560E+02 2.61914880E-04
 3.30968620E+02 2.39071760E-04
 3.31465730E+02 1.48728710E-04
 3.32090070E+02 3.65624370E-04
 3.32715580E+02 1.37882540E-04
 3.33125800E+02 8.88595920E-05
 3.33131340E+02 8.81965430E-05
 3.33342270E+02 6.29174460E-05
 3.33970150E+02 1.50031190E-04
 3.34599200E+02 1.48311380E-05
 3.35229440E+02 6.74527190E-06
 3.35860870E+02 1.95569730E-05
 3.36493480E+02 8.25145780E-05
 3.37127290E+02 2.17548300E-04
 3.37447320E+02 2.31358980E-04
 3.37762290E+02 2.44987210E-04
 3.38398490E+02 1.12081450E-04
 3.39035890E+02 1.02906000E-04
 3.39674490E+02 4.47089820E-05
 3.40314290E+02 6.05466290E-05
 3.40955290E+02 5.03808520E-05
 3.41597500E+02 5.96580110E-05
 3.41882450E+02 1.19337380E-04
 3.41888290E+02 1.20930030E-04
 3.42240920E+02 1.95208290E-04
 3.42885560E+02 4.59533240E-05
 3.43531410E+02 3.89271420E-04
 3.44178470E+02 1.55669730E-04
 3.44826750E+02 1.42166940E-04
 3.45476260E+02 7.02374200E-05
 3.46126990E+02 7.21638010E-04
 3.46778940E+02 5.93097140E-04
 3.46988970E+02 4.22139220E-04
 3.47432120E+02 6.04970420E-05
 3.48086530E+02 2.43678960E-05
 3.48742180E+02 3.91509490E-04
 3.49399060E+02 2.62871220E-04
 3.50057170E+02 6.95249150E-05
 3.50716530E+02 4.11496160E-05
 3.51377130E+02 7.02012020E-05
 3.52038970E+02 1.48271840E-04
 3.52250350E+02 1.63857870E-04
 3.52256560E+02 1.64570530E-04
 3.52702060E+02 1.97551460E-04
 3.53366400E+02 1.59505980E-04
 3.54031990E+02 1.09351960E-04
 3.54698830E+02 9.72948010E-05
 3.55366930E+02 3.58021140E-05
 3.56036290E+02 5.00352360E-05
 3.56567800E+02 1.32232560E-04
 3.56706900E+02 1.53797310E-04
 3.57378790E+02 3.91024860E-05
 3.58051930E+02 3.97333890E-05
 3.58726350E+02 2.48670130E-05
 3.59402030E+02 2.52828120E-05
 3.60078990E+02 8.01887470E-05
 3.60757220E+02 2.27629640E-04
 3.60992390E+02 2.60244660E-04
 3.61436730E+02 3.22013620E-04
 3.62117530E+02 1.70437420E-04
 3.62799600E+02 7.99266120E-05
 3.63482960E+02 3.48220330E-04
 3.64167600E+02 5.58568480E-05
 3.64853530E+02 8.20285350E-05
 3.65528170E+02 1.52487910E-04
 3.65540760E+02 1.53805700E-04
 3.66229280E+02 6.43226890E-04
 3.66919100E+02 5.91528660E-04
 3.67610220E+02 9.30428970E-04
 3.67839080E+02 6.74867920E-04
 3.68302630E+02 1.56060450E-04
 3.68996360E+02 8.72277810E-05
 3.69691390E+02 6.47781380E-04
 3.70179390E+02 2.83912500E-04
 3.70186240E+02 2.78795580E-04
 3.70387720E+02 1.28222570E-04
 3.71085380E+02 1.52195510E-04
 3.71784340E+02 9.47283270E-05
 3.72484620E+02 9.96431990E-05
 3.73186220E+02 3.82270510E-04
 3.73889140E+02 1.11270630E-04
 3.74593390E+02 8.05335370E-05
 3.75000000E+02 3.72502400E-04
 3.75298960E+02 5.87628430E-04
 3.76005860E+02 3.49830370E-04
 3.76714090E+02 1.93709430E-04
 3.77423660E+02 2.11987410E-04
 3.78134560E+02 2.10644170E-04
 3.78846800E+02 3.07045290E-04
 3.79560390E+02 2.97767560E-04
 3.80275310E+02 2.06350210E-04
 3.80991590E+02 1.59732660E-04
 3.81709210E+02 1.59722860E-04
 3.82428190E+02 6.71153820E-05
 3.83148520E+02 8.11258660E-05
 3.83870200E+02 2.97638960E-04
 3.84593250E+02 1.89119600E-04
 3.85317650E+02 8.02887560E-04
 3.86043430E+02 4.64807190E-04
 3.86770560E+02 4.25643920E-04
 3.87499070E+02 2.91217530E-04
 3.87886570E+02 3.28333480E-04
 3.88228950E+02 3.61190710E-04
 3.88960210E+02 2.70330850E-04
 3.89692840E+02 1.09328500E-04
 3.90426850E+02 2.71630490E-04
 3.91162250E+02 2.10278440E-04
 3.91899030E+02 6.60574390E-04
 3.92637200E+02 2.55841720E-04
 3.93376760E+02 2.49564330E-04
 3.94117710E+02 7.33532390E-04
 3.94860060E+02 6.26959800E-04
 3.95000000E+02 5.34731700E-04
 3.95603800E+02 1.36059500E-04
 3.96348950E+02 1.04503980E-04
 3.97095500E+02 2.37421920E-04
 3.97843450E+02 4.81881040E-04
 3.98592820E+02 1.13625500E-03
 3.99343590E+02 1.19989000E-03
 4.00095790E+02 4.64212760E-04
 4.00849390E+02 3.45454480E-04
 4.01604420E+02 1.09943870E-03
 4.02360870E+02 1.08205610E-03
 4.03118740E+02 5.90553200E-04
 4.03878040E+02 1.20699750E-03
 4.04638780E+02 1.19917920E-03
 4.05400940E+02 1.17234560E-03
 4.06164540E+02 5.49078560E-04
 4.06929580E+02 1.60826360E-04
 4.07372880E+02 1.10030710E-04
 4.07696060E+02 7.29355460E-05
 4.08463980E+02 2.68583910E-04
 4.09233350E+02 4.77378470E-04
 4.10004170E+02 8.64245170E-04
 4.10776440E+02 1.19511190E-03
 4.11550160E+02 1.33323020E-03
 4.12325350E+02 1.21584270E-03
 4.13101990E+02 1.62674710E-03
 4.13880090E+02 1.19773150E-03
 4.14000000E+02 1.08522970E-03
 4.14659660E+02 4.65286620E-04
 4.15440700E+02 3.95535110E-04
 4.16223210E+02 5.73305210E-04
 4.17007200E+02 1.28900960E-03
 4.17792660E+02 1.28612770E-03
 4.18579600E+02 1.14358590E-03
 4.19368020E+02 9.25899110E-04
 4.20157930E+02 3.73224720E-04
 4.20949330E+02 8.40233380E-04
 4.21742210E+02 8.66656260E-04
 4.22000000E+02 7.61294170E-04
 4.22536590E+02 5.41637850E-04
 4.23332470E+02 7.15483810E-04
 4.24129840E+02 7.54364220E-04
 4.24928720E+02 5.12222580E-04
 4.25729100E+02 9.07424870E-04
 4.26530990E+02 1.27738660E-03
 4.27334390E+02 1.26499280E-03
 4.28139310E+02 1.26976010E-03
 4.28920620E+02 1.02463740E-03
 4.28945740E+02 1.01674480E-03
 4.29753680E+02 6.69584010E-04
 4.30563150E+02 7.21347540E-04
 4.31374150E+02 7.12780980E-04
 4.32186670E+02 9.72328440E-04
 4.33000720E+02 8.67598210E-04
 4.33816310E+02 9.32747790E-04
 4.34633430E+02 4.38338930E-04
 4.35452090E+02 6.01840890E-04
 4.36272300E+02 9.40286060E-04
 4.37094040E+02 1.11142830E-03
 4.37917340E+02 9.64602420E-04
 4.38742190E+02 9.45085920E-04
 4.39568590E+02 3.92484820E-04
 4.40396540E+02 1.90261660E-04
 4.40572520E+02 1.55543890E-04
 4.41226060E+02 2.64380430E-05
 4.42057140E+02 2.73770230E-04
 4.42889780E+02 5.46269230E-04
 4.43724000E+02 1.20333080E-03
 4.44559780E+02 8.41389490E-04
 4.45397140E+02 6.27145840E-04
 4.46236070E+02 4.82256420E-04
 4.47076590E+02 7.30473450E-04
 4.47918690E+02 9.11965640E-04
 4.48762370E+02 6.55000070E-04
 4.49607650E+02 4.35161170E-04
 4.50454510E+02 3.80137710E-04
 4.51302980E+02 5.58573670E-04
 4.52153040E+02 1.30243590E-03
 4.52875170E+02 1.41429280E-03
 4.52885420E+02 1.41594000E-03
 4.53004700E+02 1.43443710E-03
 4.53857960E+02 9.19396780E-04
 4.54712830E+02 7.69148650E-05
 4.55569320E+02 9.05060330E-04
 4.56427410E+02 1.93034370E-03
 4.56474270E+02 1.98847310E-03
 4.57287120E+02 2.99808330E-03
 4.58148450E+02 1.79831160E-03
 4.59011410E+02 1.06932910E-05
 4.59875990E+02 6.87768540E-04
 4.60131030E+02 1.02706070E-03
 4.60141610E+02 1.04219500E-03
 4.60500780E+02 1.52087840E-03
 4.60511380E+02 1.53501720E-03
 4.60742190E+02 1.84288260E-03
 4.61610030E+02 2.33829410E-03
 4.62479510E+02 2.39253780E-03
 4.63350620E+02 2.19004110E-03
 4.63872020E+02 2.04891180E-03
 4.63882780E+02 2.04601720E-03
 4.64223370E+02 1.95372280E-03
 4.65097770E+02 1.95817400E-03
 4.65973810E+02 1.18705150E-03
 4.66851500E+02 1.63791480E-03
 4.67730850E+02 1.10741650E-03
 4.68011200E+02 1.11933770E-03
 4.68611850E+02 1.14490120E-03
 4.69494510E+02 1.46346790E-03
 4.70378840E+02 1.60043640E-03
 4.71264830E+02 9.78641250E-04
 4.72152490E+02 1.59115270E-03
 4.72224910E+02 1.59704460E-03
 4.72236060E+02 1.59795180E-03
 4.73041820E+02 1.66356040E-03
 4.73932820E+02 1.11907080E-03
 4.74825510E+02 1.46802510E-03
 4.75719870E+02 1.34558960E-03
 4.76615920E+02 1.56712090E-03
 4.77513660E+02 1.48959900E-03
 4.78413090E+02 1.10874000E-03
 4.78684420E+02 8.66186130E-04
 4.79314210E+02 3.02649860E-04
 4.80217030E+02 3.96290200E-04
 4.81121560E+02 3.74598800E-04
 4.82027780E+02 6.04400110E-04
 4.82935710E+02 3.57476210E-04
 4.83845350E+02 2.65456900E-04
 4.84756710E+02 9.06248840E-04
 4.85323100E+02 1.17234520E-03
 4.85334880E+02 1.17788140E-03
 4.85669780E+02 1.33536280E-03
 4.86584570E+02 1.29265450E-03
 4.87501090E+02 1.26256930E-03
 4.88083090E+02 1.55455890E-03
 4.88419330E+02 1.72339780E-03
 4.89339300E+02 1.55424040E-03
 4.90261000E+02 1.92538980E-03
 4.90874640E+02 1.93146670E-03
 4.90886690E+02 1.93201070E-03
 4.91184440E+02 1.93495850E-03
 4.92109620E+02 1.06404660E-03
 4.93036540E+02 1.72789910E-03
 4.93965210E+02 1.68541400E-03
 4.94895630E+02 1.26714610E-03
 4.95263790E+02 1.46762210E-03
 4.95827800E+02 1.77498320E-03
 4.96761720E+02 1.72871430E-03
 4.97697410E+02 1.72098940E-03
 4.98634850E+02 1.75194560E-03
 4.99574060E+02 1.37495440E-03
 4.99732140E+02 1.44282680E-03
 4.99744630E+02 1.45143040E-03
 5.00515050E+02 1.78319830E-03
 5.01457800E+02 1.57787760E-03
 5.02402330E+02 9.71548250E-04
 5.03348640E+02 1.68248500E-03
 5.04273720E+02 2.53845480E-04
 5.04286430E+02 2.34674540E-04
 5.04296730E+02 2.18732650E-04
 5.05246610E+02 6.49207250E-04
 5.06198270E+02 1.45937020E-03
 5.07151730E+02 2.90149430E-03
 5.08106980E+02 1.19402210E-03
 5.08589050E+02 7.13363450E-04
 5.08601990E+02 7.00463350E-04
 5.09064040E+02 2.39445660E-04
 5.10022890E+02 7.24381120E-04
 5.10983560E+02 1.56428660E-03
 5.11946030E+02 2.76700590E-03
 5.12052960E+02 2.80522000E-03
 5.12066070E+02 2.81513470E-03
 5.12910310E+02 3.11758680E-03
 5.13876410E+02 2.56010630E-03
 5.14844340E+02 2.03567530E-03
 5.15814080E+02 1.62593500E-03
 5.16785650E+02 1.86364350E-03
 5.17759050E+02 1.87849200E-03
 5.18734280E+02 1.84232870E-03
 5.19711360E+02 1.91469100E-03
 5.20690270E+02 1.91648140E-03
 5.21671020E+02 1.79145510E-03
 5.22653620E+02 1.58721190E-03
 5.22811300E+02 1.62331440E-03
 5.23638080E+02 1.81271490E-03
 5.24624390E+02 1.80119480E-03
 5.25612550E+02 8.59169530E-04
 5.26602580E+02 1.25703750E-03
 5.27594470E+02 5.66494430E-04
 5.28588230E+02 1.08221060E-03
 5.29583860E+02 9.32129610E-04
 5.30000000E+02 1.36133310E-03
 5.30581370E+02 1.96125130E-03
 5.31580750E+02 1.97241950E-03
 5.32582020E+02 1.86729980E-03
 5.33585170E+02 1.10059570E-03
 5.34031420E+02 1.01255750E-03
 5.34045680E+02 1.00974350E-03
 5.34590220E+02 9.02258530E-04
 5.35597150E+02 8.67456250E-04
 5.36605990E+02 6.18880190E-04
 5.37616720E+02 7.63650680E-07
 5.38629360E+02 1.43247370E-06
 5.39643900E+02 1.32546140E-04
 5.40660360E+02 8.04955030E-06
 5.41678730E+02 1.40478750E-04
 5.42699020E+02 8.07496720E-04
 5.43721230E+02 2.09212070E-03
 5.44745360E+02 3.60836050E-03
 5.44984220E+02 2.83057060E-03
 5.45771430E+02 2.66195240E-04
 5.46799430E+02 7.88696690E-04
 5.47829360E+02 8.36375550E-05
 5.48861230E+02 5.66372260E-04
 5.49895050E+02 4.49220930E-06
 5.50000000E+02 4.09215220E-06
 5.50930810E+02 5.42701480E-07
 5.51968530E+02 2.15970340E-05
 5.53008200E+02 2.95005920E-04
 5.54049830E+02 1.23883790E-03
 5.55093420E+02 1.59407440E-03
 5.56138970E+02 2.69848760E-03
 5.56395710E+02 2.67772570E-03
 5.56411190E+02 2.67648000E-03
 5.57186500E+02 2.61375460E-03
 5.58236000E+02 2.31026500E-03
 5.59287470E+02 2.34391540E-03
 5.60340930E+02 1.54241160E-03
 5.61396370E+02 7.83517240E-04
 5.62453790E+02 1.70992040E-03
 5.63513210E+02 2.48600320E-03
 5.64574630E+02 2.95339420E-03
 5.65161420E+02 2.40018300E-03
 5.65638040E+02 1.95069830E-03
 5.66703460E+02 9.61009020E-04
 5.67770880E+02 5.00319510E-04
 5.68840320E+02 8.17252020E-04
 5.69911770E+02 7.71654350E-04
 5.70985240E+02 1.06186530E-03
 5.72060720E+02 1.92785000E-03
 5.73138240E+02 2.63546390E-03
 5.74207740E+02 1.95730140E-03
 5.74217780E+02 1.95092900E-03
 5.74224220E+02 1.95205830E-03
 5.75299360E+02 2.14066390E-03
 5.76382980E+02 1.71535000E-03
 5.77468630E+02 1.80488880E-03
 5.78556330E+02 2.15458190E-03
 5.79498500E+02 1.99582640E-03
 5.79515290E+02 1.99301240E-03
 5.79646080E+02 1.97096880E-03
 5.80737890E+02 2.21298200E-03
 5.81831750E+02 1.63241900E-03
 5.82927660E+02 2.78280230E-04
 5.83639650E+02 8.22377450E-04
 5.84025650E+02 1.11741000E-03
 5.85125700E+02 1.18002930E-03
 5.86227820E+02 1.56629320E-03
 5.87332020E+02 1.80849640E-03
 5.87840400E+02 2.08615180E-03
 5.87857680E+02 2.09559200E-03
 5.88438300E+02 2.41274650E-03
 5.89546670E+02 2.60501480E-03
 5.90657120E+02 2.83303380E-03
 5.91769660E+02 2.53265080E-03
 5.92884300E+02 3.94143110E-04
 5.94001030E+02 9.55896930E-04
 5.95119880E+02 1.61568890E-03
 5.96240820E+02 2.53226630E-03
 5.97363880E+02 1.05886820E-03
 5.98489060E+02 5.62066730E-04
 5.99616350E+02 1.00988820E-03
 6.00745770E+02 1.65003860E-03
 6.01877320E+02 3.03857140E-03
 6.03010990E+02 2.85831130E-03
 6.03379230E+02 1.93202480E-03
 6.04146800E+02 1.05747020E-06
 6.05284750E+02 3.39838530E-05
 6.06424850E+02 1.29616190E-05
 6.07567090E+02 2.07488770E-04
 6.08711480E+02 1.44560790E-03
 6.09858030E+02 2.79575590E-03
 6.11006740E+02 2.51887160E-03
 6.12157610E+02 2.29132070E-03
 6.13310650E+02 2.09194200E-03
 6.14465870E+02 1.17173760E-03
 6.15623250E+02 1.00737140E-03
 6.16782820E+02 1.74723180E-03
 6.17944570E+02 2.69621220E-03
 6.19108510E+02 2.18541620E-03
 6.19761850E+02 2.14953170E-03
 6.20274650E+02 2.12136420E-03
 6.21442980E+02 4.04507290E-04
 6.22613510E+02 1.10620160E-04
 6.23786240E+02 2.57688330E-04
 6.24961180E+02 6.51161950E-04
 6.25000000E+02 6.36299350E-04
 6.26138340E+02 2.00447910E-04
 6.27317710E+02 9.46344590E-04
 6.28499310E+02 1.92493660E-03
 6.29683130E+02 2.09112160E-03
 6.30869180E+02 1.01540650E-03
 6.32057460E+02 1.62737250E-03
 6.33247990E+02 3.07873220E-03
 6.34440750E+02 4.25465200E-03
 6.35635760E+02 3.69508060E-03
 6.36833030E+02 3.13214070E-03
 6.37058930E+02 2.63022740E-03
 6.38032550E+02 4.67208250E-04
 6.39234320E+02 1.31705970E-03
 6.40438360E+02 2.70606410E-03
 6.41644670E+02 4.47890000E-03
 6.42853250E+02 2.49629590E-03
 6.44064110E+02 2.52110730E-03
 6.45277250E+02 2.49066950E-03
 6.46074650E+02 1.57088920E-03
 6.46492670E+02 1.08877730E-03
 6.47710380E+02 8.66281400E-04
 6.48930390E+02 2.17855110E-03
 6.50152690E+02 2.41916020E-03
 6.51377300E+02 8.53565800E-04
 6.52604210E+02 2.13293760E-03
 6.53833440E+02 2.17461940E-03
 6.55064980E+02 2.39171500E-03
 6.55349220E+02 2.10588620E-03
 6.55370700E+02 2.08429260E-03
 6.56298840E+02 1.15114100E-03
 6.57535020E+02 1.91166900E-03
 6.58773530E+02 1.94392590E-03
 6.60014370E+02 2.82248400E-03
 6.61257560E+02 2.23024490E-03
 6.62503080E+02 1.43220280E-03
 6.63750950E+02 1.77061550E-03
 6.65001170E+02 2.28238440E-03
 6.65523740E+02 2.38504040E-03
 6.66253740E+02 2.52841120E-03
 6.67508680E+02 1.48828930E-04
 6.68765970E+02 1.57923370E-03
 6.70025640E+02 2.85490390E-03
 6.71287680E+02 3.16904690E-03
 6.72552090E+02 2.96008260E-03
 6.73818890E+02 2.33453980E-03
 6.75088070E+02 3.15096430E-03
 6.76019170E+02 2.79308140E-03
 6.76042020E+02 2.78429980E-03
 6.76359650E+02 2.66224200E-03
 6.77633620E+02 1.43174100E-03
 6.78909980E+02 9.20587860E-04
 6.80188760E+02 1.66393090E-03
 6.81098690E+02 2.21762170E-03
 6.81469940E+02 2.44346010E-03
 6.82753530E+02 2.51518330E-03
 6.84039550E+02 1.06128570E-03
 6.85327980E+02 2.56165900E-03
 6.86255130E+02 2.56631210E-03
 6.86278680E+02 2.56643020E-03
 6.86618840E+02 2.56813530E-03
 6.87912130E+02 2.49346060E-03
 6.89207860E+02 2.53677030E-03
 6.90506030E+02 2.21382930E-03
 6.91806650E+02 2.61827950E-03
 6.93109710E+02 2.56300030E-03
 6.94415230E+02 2.52410050E-03
 6.94942120E+02 2.41302180E-03
 6.95723210E+02 2.24840510E-03
 6.97033650E+02 2.75784050E-03
 6.98346560E+02 2.14435050E-03
 6.99661940E+02 2.17785950E-03
 7.00000000E+02 2.27049910E-03
 7.00979800E+02 2.53890440E-03
 7.02300150E+02 1.66435200E-03
 7.03622970E+02 1.98739320E-03
 7.03851860E+02 1.83905260E-03
 7.04948300E+02 1.12871750E-03
 7.06276110E+02 2.53244350E-03
 7.07606430E+02 2.82838580E-03
 7.08939260E+02 1.13632030E-03
 7.10274590E+02 1.05051020E-03
 7.11612440E+02 1.18366930E-03
 7.12952810E+02 3.04096370E-03
 7.12993030E+02 3.03839430E-03
 7.14295710E+02 2.95520480E-03
 7.15641130E+02 3.44253210E-03
 7.16989090E+02 2.93762530E-03
 7.17653240E+02 2.85653290E-03
 7.18339590E+02 2.77276080E-03
 7.19692630E+02 2.45716090E-03
 7.21048220E+02 2.02420190E-03
 7.22374760E+02 1.76097850E-03
 7.22400860E+02 1.75580330E-03
 7.22406360E+02 1.75471180E-03
 7.23767060E+02 2.08281000E-03
 7.25130320E+02 3.92841130E-03
 7.26496160E+02 3.08355690E-03
 7.27864560E+02 2.24526020E-03
 7.29235540E+02 2.42484430E-03
 7.30000000E+02 2.81872210E-03
 7.30609110E+02 3.13241530E-03
 7.31985260E+02 2.85221110E-03
 7.33364000E+02 2.50325260E-03
 7.34745340E+02 2.69031400E-03
 7.36129280E+02 1.33535000E-03
 7.37515830E+02 2.79130910E-03
 7.38904990E+02 2.74829830E-03
 7.40296770E+02 2.58873100E-03
 7.41691170E+02 2.72133000E-03
 7.43088190E+02 2.74838260E-03
 7.44487850E+02 2.64982320E-03
 7.45483810E+02 2.71915280E-03
 7.45890140E+02 2.74742240E-03
 7.47295080E+02 2.76408380E-03
 7.48702660E+02 2.69285390E-03
 7.50000000E+02 8.53166650E-04
 7.50112890E+02 6.93163500E-04
 7.51525780E+02 1.22613040E-03
 7.52941330E+02 1.59555430E-03
 7.54359540E+02 2.83471910E-03
 7.55780430E+02 2.77593310E-04
 7.57203990E+02 9.79149480E-05
 7.58630240E+02 1.12035820E-04
 7.60059170E+02 2.69994910E-07
 7.61490790E+02 1.63795850E-04
 7.62925110E+02 5.84918720E-04
 7.64362130E+02 1.35457080E-03
 7.65801860E+02 2.75310790E-03
 7.67244300E+02 4.58038270E-03
 7.68689460E+02 3.55044820E-03
 7.70120260E+02 2.67564840E-03
 7.70137330E+02 2.66521400E-03
 7.71587940E+02 1.77610090E-03
 7.73041280E+02 1.55384480E-03
 7.74497350E+02 2.18805380E-03
 7.75956170E+02 2.61771000E-03
 7.77417740E+02 1.02093700E-03
 7.78882050E+02 2.24098990E-03
 7.80349130E+02 4.12019730E-03
 7.81818970E+02 6.77116470E-04
 7.83291580E+02 7.03667100E-05
 7.84766960E+02 1.83101970E-06
 7.86245120E+02 1.80882650E-04
 7.87726070E+02 8.45839400E-04
 7.89209800E+02 2.52101930E-03
 7.90000000E+02 3.39090990E-03
 7.90696330E+02 4.15698490E-03
 7.92185660E+02 3.62530440E-03
 7.93677800E+02 3.12875130E-03
 7.95172740E+02 2.90535680E-03
 7.96440710E+02 2.52815770E-03
 7.96670510E+02 2.45983970E-03
 7.98171090E+02 1.93550260E-03
 7.99674500E+02 1.47156590E-03
 8.01180740E+02 2.11980740E-03
 8.02689820E+02 3.27713390E-03
 8.04201740E+02 2.87486960E-03
 8.05716500E+02 2.88718370E-03
 8.07234130E+02 2.91468350E-03
 8.08754610E+02 2.91644900E-03
 8.10277950E+02 2.82979610E-03
 8.10287330E+02 2.83034290E-03
 8.11804160E+02 2.91872910E-03
 8.13333250E+02 2.83795810E-03
 8.14865220E+02 2.89772500E-03
 8.16400070E+02 2.89954850E-03
 8.17937820E+02 2.76216840E-03
 8.19478460E+02 2.93050030E-03
 8.21022000E+02 2.89626810E-03
 8.22568450E+02 2.55933910E-03
 8.24117810E+02 2.96715430E-03
 8.24623930E+02 2.94718560E-03
 8.24657930E+02 2.94584600E-03
 8.25670090E+02 2.90593780E-03
 8.27225300E+02 2.68946340E-03
 8.28783430E+02 2.59603710E-03
 8.30000000E+02 2.57380610E-03
 8.30344500E+02 2.56751450E-03
 8.31908510E+02 2.91658320E-03
 8.33475470E+02 2.69648020E-03
 8.35045380E+02 1.23088550E-03
 8.36618240E+02 3.50773960E-03
 8.38194070E+02 3.11704470E-03
 8.39772860E+02 2.51983990E-03
 8.41354630E+02 2.61334220E-03
 8.42939380E+02 2.95237220E-03
 8.44527110E+02 2.89126020E-03
 8.44694300E+02 2.89868550E-03
 8.46117840E+02 2.96185520E-03
 8.47711560E+02 2.72635460E-03
 8.49308280E+02 2.04622210E-03
 8.50000000E+02 2.26925180E-03
 8.50908010E+02 2.56177640E-03
 8.52510750E+02 2.99494180E-03
 8.54116510E+02 1.81087980E-03
 8.55725300E+02 3.14780370E-03
 8.57337110E+02 2.15957170E-03
 8.58951960E+02 2.79732190E-03
 8.60569860E+02 3.27048430E-03
 8.62190800E+02 3.05107650E-03
 8.63814790E+02 3.03778100E-03
 8.65441850E+02 1.94105690E-03
 8.65766010E+02 2.15731750E-03
 8.67071970E+02 3.02781310E-03
 8.68705150E+02 3.04012870E-03
 8.70000000E+02 3.03824430E-03
 8.70341420E+02 3.03774670E-03
 8.71980760E+02 3.00990440E-03
 8.73623200E+02 3.03086720E-03
 8.75268730E+02 3.06181650E-03
 8.76917350E+02 3.05948910E-03
 8.78569090E+02 3.06487160E-03
 8.80223930E+02 3.06679490E-03
 8.81881890E+02 3.04654880E-03
 8.83542980E+02 1.72959760E-03
 8.85207190E+02 2.90808940E-03
 8.86874540E+02 3.06120890E-03
 8.87915930E+02 3.06719450E-03
 8.88545020E+02 3.07080460E-03
 8.90218660E+02 3.07427260E-03
 8.91895450E+02 3.08410600E-03
 8.93575390E+02 3.01857780E-03
 8.95258500E+02 3.08184480E-03
 8.96944780E+02 3.08943530E-03
 8.98634240E+02 3.08045300E-03
 8.99421410E+02 3.08770720E-03
 9.00000000E+02 3.10821400E-03
 9.00440900E+02 3.09252870E-03
 9.00882220E+02 3.08387770E-03
 9.01323990E+02 2.83149750E-03
 9.01766180E+02 3.09936510E-03
 9.02208810E+02 3.09222840E-03
 9.02650790E+02 2.86791910E-03
 9.03093200E+02 2.99047600E-03
 9.03536040E+02 3.10179610E-03
 9.03979320E+02 3.10461510E-03
 9.04423040E+02 3.10057650E-03
 9.04866100E+02 2.86876570E-03
 9.05309600E+02 3.09115240E-03
 9.05753530E+02 2.85432820E-03
 9.06197900E+02 2.18319470E-03
 9.06642700E+02 3.07177530E-03
 9.07086850E+02 3.04402880E-03
 9.07531440E+02 3.07641290E-03
 9.07976460E+02 3.08366380E-03
 9.08421920E+02 3.10001830E-03
 9.08867810E+02 3.03872760E-03
 9.09313050E+02 3.10834700E-03
 9.09758730E+02 2.66286960E-03
 9.10204840E+02 3.09795310E-03
 9.10651390E+02 3.09540310E-03
 9.11098380E+02 3.00996060E-03
 9.11544720E+02 3.23446250E-03
 9.11991490E+02 4.12329210E-03
 9.12438700E+02 3.61712550E-03
 9.12886340E+02 3.97449090E-03
 9.13334430E+02 4.16421520E-03
 9.13781860E+02 4.15995200E-03
 9.14229720E+02 2.63573110E-03
 9.14678030E+02 4.09817180E-03
 9.15126780E+02 4.00473020E-03
 9.15575960E+02 3.53424780E-03
 9.16024490E+02 2.44829840E-03
 9.16473460E+02 1.14476950E-03
 9.16922860E+02 3.03956510E-04
 9.17372710E+02 7.72465470E-05
 9.17823000E+02 5.22663300E-05
 9.18272630E+02 6.46397660E-05
 9.18722690E+02 8.73767320E-05
 9.19173200E+02 1.19939240E-04
 9.19624150E+02 1.63756500E-04
 9.20075550E+02 2.18182920E-04
 9.20526280E+02 2.90865600E-04
 9.20977450E+02 4.07992020E-04
 9.21429070E+02 5.81145860E-04
 9.21881120E+02 8.00086200E-04
 9.22333630E+02 1.07215720E-03
 9.22785460E+02 1.38569980E-03
 9.23237740E+02 1.81914230E-03
 9.23690470E+02 2.43407930E-03
 9.24143630E+02 3.19735230E-03
 9.24597250E+02 5.57972310E-03
 9.25050190E+02 5.21858430E-03
 9.25503580E+02 2.40682360E-03
 9.25957420E+02 1.05482310E-05
 9.26411700E+02 2.40582580E-06
 9.26866420E+02 1.42692860E-06
 9.27320480E+02 1.88627920E-06
 9.27774980E+02 6.07360300E-06
 9.28229930E+02 2.85343130E-05
 9.28685330E+02 9.26797190E-05
 9.29141170E+02 2.73943960E-04
 9.29596340E+02 5.72425100E-04
 9.30051960E+02 9.41361060E-04
 9.30508020E+02 1.37576310E-03
 9.30964530E+02 1.89597710E-03
 9.31421490E+02 2.60585040E-03
 9.31877780E+02 3.42930440E-03
 9.32334520E+02 4.14365380E-03
 9.32791700E+02 4.54547020E-03
 9.33249340E+02 5.60186240E-03
 9.33707420E+02 8.65174990E-03
 9.34164830E+02 8.86490440E-03
 9.34622680E+02 8.40538730E-03
 9.35080990E+02 7.80516130E-03
 9.35539750E+02 7.29810740E-03
 9.35998950E+02 6.59666310E-03
 9.36457480E+02 4.97523770E-03
 9.36916460E+02 4.45497970E-04
 9.37375890E+02 2.75672770E-05
 9.37835780E+02 1.18232820E-05
 9.38296110E+02 7.16303590E-06
 9.38755770E+02 1.03264800E-05
 9.39215870E+02 3.60642030E-05
 9.39676430E+02 1.06702000E-04
 9.40137440E+02 2.96184480E-04
 9.40598910E+02 6.06782400E-04
 9.41059690E+02 9.86681640E-04
 9.41520930E+02 1.42659090E-03
 9.41982620E+02 1.94540180E-03
 9.42444760E+02 2.64605110E-03
 9.42907350E+02 3.49028310E-03
 9.43369270E+02 4.23487680E-03
 9.43831640E+02 4.69555860E-03
 9.44294460E+02 5.33950030E-03
 9.44757730E+02 8.14609060E-03
 9.45221470E+02 8.86891270E-03
 9.45684510E+02 8.17741870E-03
 9.46148020E+02 7.95309210E-03
 9.46611980E+02 7.38420180E-03
 9.47076390E+02 6.84240170E-03
 9.47541260E+02 6.34117860E-03
 9.48005440E+02 5.77308340E-03
 9.48470080E+02 5.22897770E-03
 9.48935180E+02 5.29281480E-03
 9.49400730E+02 3.58746140E-03
 9.49866740E+02 3.39185650E-03
 9.50332070E+02 4.42442530E-03
 9.50797850E+02 3.89466180E-03
 9.51264090E+02 3.20507290E-03
 9.51730780E+02 3.32379760E-03
 9.52197940E+02 3.06431260E-03
 9.52664400E+02 2.85753940E-03
 9.53131330E+02 3.07168360E-03
 9.53598710E+02 3.22688690E-03
 9.54066550E+02 3.34574730E-03
 9.54534850E+02 3.43990220E-03
 9.55002460E+02 3.35793810E-03
 9.55470530E+02 5.25106480E-03
 9.55939060E+02 4.83390990E-03
 9.56408050E+02 4.73325750E-03
 9.56877500E+02 4.53310020E-03
 9.57346260E+02 4.42900440E-03
 9.57815480E+02 4.32606580E-03
 9.58285160E+02 4.19486410E-03
 9.58755300E+02 2.66126060E-03
 9.59225900E+02 4.15397710E-03
 9.59695810E+02 3.40992890E-03
 9.60166180E+02 4.11142010E-03
 9.60637010E+02 3.83291190E-03
 9.61108300E+02 4.11058510E-03
 9.61580060E+02 4.09016760E-03
 9.62051120E+02 4.11871020E-03
 9.62522650E+02 3.93678500E-03
 9.62994630E+02 4.09475110E-03
 9.63467090E+02 4.11943310E-03
 9.63940000E+02 3.72359000E-03
 9.64412220E+02 4.11407630E-03
 9.64884900E+02 4.11207190E-03
 9.65358050E+02 3.97899380E-03
 9.65831660E+02 4.11538740E-03
 9.66305730E+02 4.03842090E-03
 9.66779110E+02 3.83602700E-03
 9.67252950E+02 3.93073470E-03
 9.67727260E+02 3.95121860E-03
 9.68202030E+02 3.23887970E-03
 9.68677270E+02 3.78590900E-03
 9.69151810E+02 3.77084960E-03
 9.69626810E+02 3.68728400E-03
 9.70102280E+02 3.88579270E-03
 9.70578220E+02 4.05364980E-03
 9.71054630E+02 4.12839480E-03
 9.71530330E+02 3.89566620E-03
 9.72006500E+02 2.72087650E-03
 9.72483140E+02 2.26309690E-03
 9.72960250E+02 4.42399370E-03
 9.73437820E+02 3.75459550E-03
 9.73914690E+02 4.19846690E-03
 9.74392030E+02 4.11003460E-03
 9.74869840E+02 4.09760720E-03
 9.75348120E+02 4.11533350E-03
 9.75826860E+02 4.03526760E-03
 9.76304900E+02 4.11962360E-03
 9.76783410E+02 3.79173600E-03
 9.77262390E+02 4.00569460E-03
 9.77741850E+02 4.06641260E-03
 9.78221770E+02 2.61046520E-03
 9.78700980E+02 4.19263820E-03
 9.79180670E+02 3.66878820E-03
 9.79660820E+02 3.99369540E-03
 9.80141450E+02 4.39100350E-03
 9.80622550E+02 4.24828740E-03
 9.81102940E+02 3.97875420E-03
 9.81583800E+02 4.04224930E-03
 9.82065140E+02 4.09648690E-03
 9.82546940E+02 4.07156920E-03
 9.83029220E+02 3.88072860E-03
 9.83510790E+02 3.81626240E-03
 9.83992840E+02 3.32578170E-03
 9.84475350E+02 4.05407330E-03
 9.84958340E+02 4.07274820E-03
 9.85441800E+02 4.05205980E-03
 9.85924560E+02 3.97008890E-03
 9.86407780E+02 3.42586220E-03
 9.86891480E+02 2.33531630E-03
 9.87375660E+02 3.50199850E-03
 9.87860310E+02 3.99208260E-03
 9.88344240E+02 3.57661470E-03
 9.88828660E+02 3.99302060E-03
 9.89313540E+02 3.78798060E-03
 9.89798900E+02 2.57501440E-03
 9.90284740E+02 3.52179590E-03
 9.90769870E+02 4.09758380E-03
 9.91255470E+02 3.39767530E-03
 9.91741550E+02 4.12822180E-03
 9.92228100E+02 4.02884030E-03
 9.92715130E+02 3.81650600E-03
 9.93201450E+02 3.92377930E-03
 9.93688240E+02 4.07010990E-03
 9.94175510E+02 4.01717090E-03
 9.94663260E+02 2.76126340E-03
 9.95151480E+02 3.32368180E-03
 9.95638990E+02 4.00827730E-03
 9.96126980E+02 2.84920890E-03
 9.96615450E+02 4.04334720E-03
 9.97104390E+02 3.86088620E-03
 9.97593820E+02 3.95617970E-03
 9.98082520E+02 3.98132840E-03
 9.98571710E+02 3.96860950E-03
 9.99061370E+02 3.85954730E-03
 9.99551520E+02 4.06444260E-03
 1.00004210E+03 4.32068630E-03
 1.00053200E+03 4.37606160E-03
 1.00102240E+03 4.30091330E-03
 1.00151330E+03 4.24762070E-03
 1.00200460E+03 4.01588720E-03
 1.00249650E+03 4.08206190E-03
 1.00298760E+03 3.90399560E-03
 1.00347920E+03 3.99800330E-03
 1.00397120E+03 3.95227620E-03
 1.00446380E+03 3.85970510E-03
 1.00495680E+03 3.87371380E-03
 1.00544910E+03 3.84204200E-03
 1.00594190E+03 3.45269620E-03
 1.00643520E+03 3.80494770E-03
 1.00692900E+03 3.80608180E-03
 1.00742320E+03 3.82201790E-03
 1.00791680E+03 2.23442520E-03
 1.00841080E+03 3.44125540E-03
 1.00890520E+03 3.88677230E-03
 1.00940020E+03 3.97426720E-03
 1.00989570E+03 4.04528460E-03
 1.01039040E+03 2.46058110E-03
 1.01088560E+03 3.89292090E-03
 1.01138130E+03 2.83964250E-03
 1.01187750E+03 4.04918150E-03
 1.01237420E+03 3.92434400E-03
 1.01287010E+03 2.27907570E-03
 1.01336660E+03 3.87913730E-03
 1.01386350E+03 3.89263270E-03
 1.01436090E+03 4.04516660E-03
 1.01485880E+03 3.07372120E-03
 1.01535600E+03 3.59853380E-03
 1.01585360E+03 3.90537810E-03
 1.01635180E+03 4.01821000E-03
 1.01685040E+03 3.59393360E-03
 1.01734950E+03 3.04052770E-03
 1.01784790E+03 2.55397270E-03
 1.01834680E+03 4.01009630E-03
 1.01884610E+03 3.49321630E-03
 1.01934600E+03 4.03011180E-03
 1.01984630E+03 4.02319270E-03
 1.02034590E+03 3.22854920E-03
 1.02084600E+03 4.00899710E-03
 1.02134660E+03 3.55605380E-03
 1.02184770E+03 3.73415180E-03
 1.02234920E+03 3.97123780E-03
 1.02285010E+03 3.99359130E-03
 1.02335140E+03 3.98759010E-03
 1.02385320E+03 3.32643390E-03
 1.02435550E+03 3.80585240E-03
 1.02485830E+03 3.53838540E-03
 1.02536040E+03 2.67223460E-03
 1.02586290E+03 3.13683670E-03
 1.02636600E+03 4.12203540E-03
 1.02686950E+03 4.09329180E-03
 1.02737360E+03 3.71461330E-03
 1.02787690E+03 3.88018340E-03
 1.02838070E+03 4.02090790E-03
 1.02888490E+03 4.04646660E-03
 1.02938970E+03 4.04238630E-03
 1.02989500E+03 4.03695890E-03
 1.03039950E+03 3.58771060E-03
 1.03090450E+03 4.04686200E-03
 1.03141010E+03 4.03863480E-03
 1.03191610E+03 4.01402730E-03
 1.03242260E+03 4.03186370E-03
 1.03292830E+03 4.03104220E-03
 1.03343460E+03 4.02147180E-03
 1.03394140E+03 3.89655930E-03
 1.03444860E+03 3.89670030E-03
 1.03495640E+03 3.79859420E-03
 1.03546340E+03 3.95105880E-03
 1.03597090E+03 3.91771430E-03
 1.03647890E+03 3.33313190E-03
 1.03698740E+03 4.02669160E-03
 1.03749640E+03 4.02566000E-03
 1.03800470E+03 4.02814190E-03
 1.03851340E+03 4.02563550E-03
 1.03902270E+03 3.98191010E-03
 1.03953240E+03 3.98765740E-03
 1.04004270E+03 3.58380840E-03
 1.04055220E+03 4.02345070E-03
 1.04106220E+03 4.02253740E-03
 1.04157270E+03 4.00996410E-03
 1.04208370E+03 4.00837790E-03
 1.04259520E+03 4.03457540E-03
 1.04310590E+03 4.00885540E-03
 1.04361720E+03 3.66832540E-03
 1.04412890E+03 4.00480030E-03
 1.04464120E+03 4.02187530E-03
 1.04515390E+03 3.99050860E-03
 1.04566590E+03 3.92350190E-03
 1.04617840E+03 3.92633010E-03
 1.04669150E+03 3.93522380E-03
 1.04720500E+03 3.94698960E-03
 1.04771900E+03 3.88281190E-03
 1.04823220E+03 3.92400800E-03
 1.04874600E+03 3.99340230E-03
 1.04926030E+03 4.14589980E-03
 1.04977510E+03 4.24536600E-03
 1.05029030E+03 4.34533800E-03
 1.05080490E+03 4.33888600E-03
 1.05131990E+03 4.22005760E-03
 1.05183540E+03 4.13861620E-03
 1.05235140E+03 4.01602530E-03
 1.05286800E+03 4.00578840E-03
 1.05338380E+03 4.00288120E-03
 1.05390010E+03 4.00098610E-03
 1.05441690E+03 3.99686280E-03
 1.05493420E+03 3.98191690E-03
 1.05545200E+03 3.84579360E-03
 1.05596900E+03 3.27221650E-03
 1.05648660E+03 4.01714650E-03
 1.05700460E+03 3.95661120E-03
 1.05752320E+03 3.92596280E-03
 1.05804230E+03 3.90235230E-03
 1.05856060E+03 3.93858090E-03
 1.05907940E+03 3.89771310E-03
 1.05959880E+03 3.97010440E-03
 1.06011860E+03 3.53993460E-03
 1.06063900E+03 3.62860030E-03
 1.06115860E+03 3.87555510E-03
 1.06167870E+03 3.86239160E-03
 1.06219930E+03 3.52306510E-03
 1.06272040E+03 2.61939230E-03
 1.06324200E+03 3.96000210E-03
 1.06376290E+03 3.97513300E-03
 1.06428430E+03 3.97676450E-03
 1.06480620E+03 3.99243350E-03
 1.06532860E+03 3.99549750E-03
 1.06585150E+03 3.98128560E-03
 1.06637360E+03 3.99370880E-03
 1.06689630E+03 4.00143640E-03
 1.06741940E+03 3.99813280E-03
 1.06794310E+03 3.58769330E-03
 1.06846730E+03 3.99004750E-03
 1.06899070E+03 3.99023330E-03
 1.06951470E+03 3.96728320E-03
 1.07003910E+03 3.23688020E-03
 1.07056410E+03 3.82127170E-03
 1.07108960E+03 3.98403600E-03
 1.07161430E+03 3.97114240E-03
 1.07213950E+03 3.74716500E-03
 1.07266530E+03 3.96436400E-03
 1.07319150E+03 3.97725790E-03
 1.07371830E+03 3.96922110E-03
 1.07424430E+03 3.96540430E-03
 1.07477080E+03 3.96973990E-03
 1.07529780E+03 3.95957300E-03
 1.07582540E+03 3.87306240E-03
 1.07635340E+03 3.91492760E-03
 1.07688070E+03 3.93389470E-03
 1.07740850E+03 3.94493330E-03
 1.07793690E+03 3.95282340E-03
 1.07846570E+03 3.93304180E-03
 1.07899510E+03 3.60107810E-03
 1.07952360E+03 3.98477830E-03
 1.08005270E+03 3.98273460E-03
 1.08058240E+03 3.93083940E-03
 1.08111250E+03 3.66581690E-03
 1.08164320E+03 3.52091500E-03
 1.08217300E+03 3.90835650E-03
 1.08270340E+03 3.79758790E-03
 1.08323440E+03 3.89796580E-03
 1.08376580E+03 3.91860180E-03
 1.08429780E+03 3.70350130E-03
 1.08482890E+03 3.09995200E-03
 1.08536060E+03 3.98755960E-03
 1.08589290E+03 3.96979870E-03
 1.08642560E+03 3.93190580E-03
 1.08695890E+03 3.93958850E-03
 1.08749140E+03 3.94569040E-03
 1.08802440E+03 3.96636320E-03
 1.08855790E+03 3.81584900E-03
 1.08909200E+03 3.96276060E-03
 1.08962650E+03 3.92673980E-03
 1.09016030E+03 3.96359340E-03
 1.09069460E+03 3.90021130E-03
 1.09122950E+03 3.21104600E-03
 1.09176480E+03 3.93711450E-03
 1.09230070E+03 3.87948220E-03
 1.09283580E+03 3.91763320E-03
 1.09337140E+03 3.78177280E-03
 1.09390760E+03 3.94613220E-03
 1.09444430E+03 3.95068780E-03
 1.09498150E+03 3.94899870E-03
 1.09551790E+03 3.95577790E-03
 1.09605480E+03 3.87160760E-03
 1.09659230E+03 3.93887850E-03
 1.09713030E+03 3.95518930E-03
 1.09766880E+03 3.97134000E-03
 1.09820650E+03 3.96249700E-03
 1.09874480E+03 3.97612970E-03
 1.09928360E+03 3.97832160E-03
 1.09982290E+03 3.88332020E-03
 1.10036280E+03 3.98515200E-03
 1.10090180E+03 3.98664050E-03
 1.10144140E+03 3.96353660E-03
 1.10198150E+03 3.77728970E-03
 1.10252210E+03 3.94405540E-03
 1.10306330E+03 3.92300980E-03
 1.10360370E+03 3.79574160E-03
 1.10414460E+03 3.88208510E-03
 1.10468600E+03 3.90445360E-03
 1.10522800E+03 3.86526510E-03
 1.10577050E+03 3.90396300E-03
 1.10631220E+03 3.91534950E-03
 1.10685440E+03 3.87633150E-03
 1.10739720E+03 3.89943410E-03
 1.10794050E+03 2.87236040E-03
 1.10848430E+03 3.41710220E-03
 1.10902730E+03 3.92505040E-03
 1.10957090E+03 3.89262910E-03
 1.11011500E+03 3.83415000E-03
 1.11065960E+03 3.46598460E-03
 1.11120480E+03 3.76601260E-03
 1.11174910E+03 3.61217430E-03
 1.11229400E+03 3.68893550E-03
 1.11283940E+03 3.78342950E-03
 1.11338540E+03 3.79563050E-03
 1.11393190E+03 3.78289780E-03
 1.11447760E+03 3.74141820E-03
 1.11502380E+03 3.10452560E-03
 1.11557060E+03 3.69793380E-03
 1.11611790E+03 2.67161050E-03
 1.11666580E+03 3.37948850E-03
 1.11721280E+03 2.69424770E-03
 1.11776040E+03 1.06826020E-03
 1.11830850E+03 3.88375370E-03
 1.11885710E+03 3.93101540E-03
 1.11940630E+03 3.89189770E-03
 1.11995470E+03 3.94625560E-03
 1.12050360E+03 3.96896590E-03
 1.12105310E+03 3.92656320E-03
 1.12160310E+03 3.99061350E-03
 1.12215360E+03 4.16257350E-03
 1.12270330E+03 4.05198280E-03
 1.12325360E+03 3.95565150E-03
 1.12380440E+03 2.65539280E-03
 1.12435570E+03 3.74780050E-03
 1.12490760E+03 3.74734140E-03
 1.12545870E+03 3.72658880E-03
 1.12601030E+03 3.75738160E-03
 1.12656250E+03 3.73623390E-03
 1.12711520E+03 3.57234020E-03
 1.12766840E+03 1.77318410E-03
 1.12822080E+03 2.82887660E-03
 1.12877380E+03 2.74738890E-03
 1.12932730E+03 4.06766050E-03
 1.12988140E+03 4.05982720E-03
 1.13043600E+03 3.91483220E-03
 1.13098980E+03 3.74660790E-03
 1.13154410E+03 3.88656250E-03
 1.13209890E+03 3.90269810E-03
 1.13265440E+03 3.86178750E-03
 1.13321030E+03 3.78107210E-03
 1.13376550E+03 3.25262240E-03
 1.13432110E+03 3.72569010E-03
 1.13487740E+03 3.87812160E-03
 1.13543420E+03 3.88589320E-03
 1.13599150E+03 3.87497210E-03
 1.13654800E+03 3.86904900E-03
 1.13710500E+03 3.86189470E-03
 1.13766260E+03 3.86450800E-03
 1.13822080E+03 3.71810560E-03
 1.13877950E+03 3.87375610E-03
 1.13933730E+03 3.87482590E-03
 1.13989580E+03 3.85287070E-03
 1.14045470E+03 3.87448680E-03
 1.14101420E+03 3.87467540E-03
 1.14157430E+03 3.84993780E-03
 1.14213350E+03 3.85225880E-03
 1.14269330E+03 3.86634030E-03
 1.14325370E+03 3.86339010E-03
 1.14381450E+03 3.86582130E-03
 1.14437600E+03 3.87573690E-03
 1.14493660E+03 3.87086250E-03
 1.14549780E+03 3.87016140E-03
 1.14605950E+03 3.86578160E-03
 1.14662170E+03 3.86004290E-03
 1.14718450E+03 3.83594820E-03
 1.14774650E+03 3.84478370E-03
 1.14830910E+03 3.83213640E-03
 1.14887220E+03 3.73002770E-03
 1.14943580E+03 3.74250060E-03
 1.15000000E+03 3.68215770E-03
 1.15000000E+03 3.68215770E-03
 1.15072300E+03 3.80600700E-03
 1.15144690E+03 3.81008110E-03
 1.15217170E+03 3.72537600E-03
 1.15289740E+03 3.99622330E-03
 1.15362400E+03 3.86431560E-03
 1.15434930E+03 3.87123090E-03
 1.15507540E+03 3.86691760E-03
 1.15580250E+03 3.19023250E-03
 1.15653050E+03 3.85551770E-03
 1.15725940E+03 3.85402260E-03
 1.15798700E+03 3.84991560E-03
 1.15871540E+03 3.85038470E-03
 1.15944480E+03 3.85226950E-03
 1.16017510E+03 3.79289950E-03
 1.16090630E+03 3.85999540E-03
 1.16163620E+03 3.83170040E-03
 1.16236690E+03 3.64047170E-03
 1.16309860E+03 3.77658060E-03
 1.16383120E+03 3.53759880E-03
 1.16456470E+03 2.96896800E-03
 1.16529680E+03 3.63611280E-03
 1.16602990E+03 3.78577690E-03
 1.16676390E+03 3.77233520E-03
 1.16749880E+03 3.58282860E-03
 1.16823460E+03 3.98842910E-03
 1.16896900E+03 2.44490530E-03
 1.16970440E+03 3.98921130E-03
 1.17044070E+03 4.00363430E-03
 1.17117790E+03 3.90049810E-03
 1.17191610E+03 3.77105920E-03
 1.17265280E+03 3.88511100E-03
 1.17339050E+03 3.85368300E-03
 1.17412910E+03 3.76878450E-03
 1.17486870E+03 2.95569410E-03
 1.17560910E+03 2.82545930E-03
 1.17634820E+03 2.70614720E-03
 1.17708820E+03 3.85072410E-03
 1.17782920E+03 3.38965500E-03
 1.17857100E+03 3.79185880E-03
 1.17931380E+03 3.81414910E-03
 1.18005520E+03 3.68476340E-03
 1.18079760E+03 3.81517800E-03
 1.18154090E+03 3.76095440E-03
 1.18228510E+03 3.78755460E-03
 1.18303020E+03 3.03677620E-03
 1.18377400E+03 3.79159210E-03
 1.18451860E+03 2.74809900E-03
 1.18526430E+03 3.79508540E-03
 1.18601080E+03 3.71925440E-03
 1.18675830E+03 3.78586100E-03
 1.18750440E+03 3.76830660E-03
 1.18825140E+03 3.79096380E-03
 1.18899940E+03 3.75861640E-03
 1.18974830E+03 3.78781850E-03
 1.19049820E+03 3.63873800E-03
 1.19124660E+03 3.63847120E-03
 1.19199600E+03 3.75402230E-03
 1.19274630E+03 3.77874710E-03
 1.19349760E+03 3.78172180E-03
 1.19424980E+03 3.62880160E-03
 1.19500060E+03 3.78829400E-03
 1.19575230E+03 3.69874070E-03
 1.19650500E+03 3.80800240E-03
 1.19725870E+03 3.45156590E-03
 1.19801320E+03 3.87041710E-03
 1.19876640E+03 3.97519650E-03
 1.19952050E+03 3.91503600E-03
 1.20027560E+03 3.80984930E-03
 1.20103160E+03 3.76742050E-03
 1.20178860E+03 3.71951230E-03
 1.20254410E+03 3.60411540E-03
 1.20330060E+03 3.36512400E-03
 1.20405800E+03 3.56711430E-03
 1.20481640E+03 3.71305470E-03
 1.20557580E+03 3.50254660E-03
 1.20633370E+03 3.68053410E-03
 1.20709250E+03 3.64625930E-03
 1.20785240E+03 3.58355050E-03
 1.20861320E+03 3.36023030E-03
 1.20937490E+03 3.52302550E-03
 1.21013520E+03 3.35331910E-03
 1.21089650E+03 3.55743870E-03
 1.21165870E+03 3.75612900E-03
 1.21242190E+03 3.58846290E-03
 1.21318600E+03 3.17147030E-03
 1.21394870E+03 3.14443130E-03
 1.21471240E+03 2.96492920E-03
 1.21547700E+03 3.13097640E-03
 1.21624260E+03 4.04652670E-03
 1.21700910E+03 3.62142950E-03
 1.21777420E+03 3.28483500E-03
 1.21854030E+03 3.99684010E-03
 1.21930730E+03 3.74631820E-03
 1.22007530E+03 3.49493680E-03
 1.22084430E+03 2.92874300E-03
 1.22161180E+03 3.75512360E-03
 1.22238030E+03 3.64169710E-03
 1.22314980E+03 3.50221630E-03
 1.22392020E+03 2.83472290E-03
 1.22469160E+03 3.66147490E-03
 1.22546150E+03 3.61312390E-03
 1.22623240E+03 3.53821140E-03
 1.22700430E+03 3.48535700E-03
 1.22777710E+03 2.93893150E-03
 1.22855100E+03 2.42477530E-03
 1.22932330E+03 2.46298890E-03
 1.23009670E+03 9.08782100E-05
 1.23087100E+03 2.93750180E-05
 1.23164620E+03 5.97602150E-05
 1.23242250E+03 1.24428900E-04
 1.23319730E+03 2.29365270E-04
 1.23397310E+03 2.23635420E-04
 1.23474980E+03 1.42027320E-04
 1.23552750E+03 1.49505130E-04
 1.23630620E+03 2.09331250E-04
 1.23708350E+03 3.44224410E-04
 1.23786170E+03 5.68981520E-04
 1.23864090E+03 8.94773990E-04
 1.23942110E+03 1.39696800E-03
 1.24020220E+03 2.05417820E-03
 1.24098190E+03 2.96441140E-03
 1.24176260E+03 4.14768460E-03
 1.24254420E+03 5.64486770E-03
 1.24332690E+03 7.33488990E-03
 1.24411050E+03 6.18951990E-03
 1.24489260E+03 6.32795840E-03
 1.24567580E+03 5.90893330E-03
 1.24645990E+03 5.37024750E-03
 1.24724500E+03 4.88140140E-03
 1.24803110E+03 4.25691490E-03
 1.24881570E+03 3.96397210E-03
 1.24960130E+03 3.80459210E-03
 1.25038790E+03 3.13021560E-03
 1.25117540E+03 3.48241870E-03
 1.25196400E+03 3.35680560E-03
 1.25275110E+03 2.57114340E-03
 1.25353920E+03 3.12029360E-03
 1.25432820E+03 3.78399310E-03
 1.25511830E+03 3.51153510E-03
 1.25590930E+03 3.52381520E-03
 1.25669890E+03 3.46287840E-03
 1.25748940E+03 3.24242990E-03
 1.25828100E+03 3.51824530E-03
 1.25907350E+03 3.29588800E-03
 1.25986710E+03 3.35935010E-03
 1.26065910E+03 3.20548160E-03
 1.26145220E+03 3.97563430E-03
 1.26224620E+03 3.98501580E-03
 1.26304130E+03 3.84412050E-03
 1.26383730E+03 3.60952680E-03
 1.26463190E+03 3.79946760E-03
 1.26542740E+03 3.52825170E-03
 1.26622400E+03 3.90884760E-03
 1.26702150E+03 3.68153160E-03
 1.26782010E+03 3.07184740E-03
 1.26861710E+03 3.59797710E-03
 1.26941520E+03 3.21788560E-03
 1.27021420E+03 2.91595370E-03
 1.27101430E+03 3.08918590E-03
 1.27181540E+03 3.10267570E-03
 1.27261490E+03 3.54377050E-03
 1.27341550E+03 3.38202330E-03
 1.27421710E+03 3.53236060E-03
 1.27501960E+03 3.55075590E-03
 1.27582320E+03 3.45706970E-03
 1.27662530E+03 2.99000300E-03
 1.27742840E+03 3.79616190E-03
 1.27823250E+03 2.58242030E-03
 1.27903760E+03 3.50341550E-03
 1.27984380E+03 3.68940470E-03
 1.28064840E+03 3.10319030E-03
 1.28145400E+03 3.50673100E-03
 1.28226060E+03 2.90343030E-03
 1.28306830E+03 3.53499290E-03
 1.28387690E+03 3.21113110E-03
 1.28468410E+03 3.48436380E-03
 1.28549220E+03 3.85189690E-03
 1.28630140E+03 3.64496170E-03
 1.28711160E+03 3.05773280E-03
 1.28792280E+03 3.71318430E-03
 1.28873250E+03 3.64509650E-03
 1.28954320E+03 3.49802330E-03
 1.29035490E+03 3.37400800E-03
 1.29116770E+03 2.88144210E-03
 1.29198150E+03 3.31074460E-03
 1.29279370E+03 3.49580400E-03
 1.29360700E+03 3.39660270E-03
 1.29442130E+03 3.23893850E-03
 1.29523660E+03 2.83839860E-03
 1.29605290E+03 3.38675010E-03
 1.29686770E+03 2.69108640E-03
 1.29768350E+03 3.65309100E-03
 1.29850040E+03 3.59006830E-03
 1.29931830E+03 3.56120050E-03
 1.30013720E+03 3.51011010E-03
 1.30095450E+03 2.59860970E-03
 1.30177290E+03 2.68859800E-03
 1.30259240E+03 3.59414900E-03
 1.30341280E+03 3.01189320E-03
 1.30423430E+03 3.53603410E-03
 1.30505420E+03 3.40197260E-03
 1.30587520E+03 3.38140410E-03
 1.30669720E+03 3.01387520E-03
 1.30752030E+03 2.79320700E-03
 1.30834440E+03 3.32678690E-03
 1.30916690E+03 3.52762900E-03
 1.30999040E+03 3.51839670E-03
 1.31081500E+03 3.53305910E-03
 1.31164070E+03 3.42394980E-03
 1.31246730E+03 3.43818870E-03
 1.31329250E+03 2.72433710E-03
 1.31411860E+03 3.47134270E-03
 1.31494580E+03 3.16236040E-03
 1.31577410E+03 3.48105330E-03
 1.31660330E+03 3.49590650E-03
 1.31743110E+03 2.68395470E-03
 1.31825980E+03 2.86747870E-03
 1.31908960E+03 3.48446590E-03
 1.31992050E+03 3.40222840E-03
 1.32075240E+03 3.17996830E-03
 1.32158270E+03 3.32101530E-03
 1.32241410E+03 3.47131320E-03
 1.32324650E+03 1.88921900E-03
 1.32407990E+03 3.25061050E-03
 1.32491450E+03 3.50587410E-03
 1.32574740E+03 2.41229130E-03
 1.32658140E+03 3.39385270E-03
 1.32741640E+03 3.38286100E-03
 1.32825250E+03 3.39920370E-03
 1.32908970E+03 2.61980300E-03
 1.32992520E+03 3.48514650E-03
 1.33076190E+03 3.40653210E-03
 1.33159950E+03 2.07564800E-03
 1.33243830E+03 3.42108470E-03
 1.33327810E+03 3.07346640E-03
 1.33411630E+03 2.80809600E-03
 1.33495550E+03 2.52549200E-03
 1.33579580E+03 2.30636010E-03
 1.33663720E+03 2.58184500E-03
 1.33747960E+03 2.58097010E-03
 1.33832050E+03 2.57619000E-03
 1.33916240E+03 3.23046770E-03
 1.34000530E+03 2.71228970E-03
 1.34084940E+03 2.50631370E-03
 1.34169440E+03 2.50898870E-03
 1.34253790E+03 2.60336500E-03
 1.34338250E+03 3.12551420E-03
 1.34422810E+03 4.25491660E-03
 1.34507480E+03 3.90525680E-03
 1.34592250E+03 3.72288260E-03
 1.34676870E+03 3.60653240E-03
 1.34761590E+03 3.45526080E-03
 1.34846420E+03 3.52050560E-03
 1.34931350E+03 3.45380550E-03
 1.35016400E+03 3.45126660E-03
 1.35101280E+03 3.44211680E-03
 1.35186270E+03 3.48215570E-03
 1.35271360E+03 3.48514720E-03
 1.35356560E+03 3.41651490E-03
 1.35441870E+03 3.46523520E-03
 1.35527020E+03 2.80053820E-03
 1.35612280E+03 3.35886680E-03
 1.35697640E+03 3.24463300E-03
 1.35783110E+03 2.50243480E-03
 1.35868690E+03 3.16451550E-03
 1.35954110E+03 3.39381660E-03
 1.36039640E+03 3.40149550E-03
 1.36125270E+03 2.36871910E-03
 1.36211010E+03 3.54997220E-03
 1.36296860E+03 2.63784500E-03
 1.36382540E+03 2.09515100E-03
 1.36468340E+03 2.88417390E-03
 1.36554240E+03 1.40843700E-03
 1.36640250E+03 7.97327110E-04
 1.36726370E+03 9.08147970E-04
 1.36812330E+03 1.27907540E-03
 1.36898390E+03 1.71370900E-03
 1.36984570E+03 2.31993840E-03
 1.37070850E+03 3.16338220E-03
 1.37157240E+03 4.83843600E-03
 1.37243470E+03 4.66087400E-03
 1.37329800E+03 4.04034520E-03
 1.37416250E+03 2.90627520E-03
 1.37502800E+03 3.94489350E-03
 1.37589460E+03 3.59485210E-03
 1.37675960E+03 3.59138710E-03
 1.37762570E+03 3.27489190E-03
 1.37849290E+03 2.26944960E-03
 1.37936110E+03 3.45682890E-03
 1.38023050E+03 3.21957900E-03
 1.38109820E+03 3.45153640E-03
 1.38196700E+03 3.42954180E-03
 1.38283690E+03 3.26731540E-03
 1.38370790E+03 3.38594620E-03
 1.38458000E+03 3.34839630E-03
 1.38545050E+03 3.32513810E-03
 1.38632200E+03 3.34041350E-03
 1.38719470E+03 3.10974900E-03
 1.38806840E+03 2.90952270E-03
 1.38894330E+03 2.44416050E-03
 1.38981650E+03 3.32419640E-03
 1.39069080E+03 1.90455330E-03
 1.39156620E+03 3.30522710E-03
 1.39244270E+03 3.09695550E-03
 1.39332030E+03 2.98214720E-03
 1.39419620E+03 2.46314570E-03
 1.39507330E+03 3.41004420E-03
 1.39595140E+03 3.31616880E-03
 1.39683070E+03 3.37643620E-03
 1.39771100E+03 2.47598400E-03
 1.39858980E+03 3.37945990E-03
 1.39946960E+03 3.35812730E-03
 1.40035050E+03 3.32056700E-03
 1.40123250E+03 2.81149200E-03
 1.40211570E+03 3.08412970E-03
 1.40299710E+03 3.45410720E-03
 1.40387970E+03 3.33576060E-03
 1.40476340E+03 2.87077560E-03
 1.40564820E+03 3.36327280E-03
 1.40653420E+03 2.66583980E-03
 1.40741840E+03 2.67103060E-03
 1.40830380E+03 3.35246970E-03
 1.40919030E+03 2.10997150E-03
 1.41007790E+03 3.37562520E-03
 1.41096660E+03 3.40643250E-03
 1.41185360E+03 3.37991810E-03
 1.41274180E+03 3.38936450E-03
 1.41363110E+03 3.37758830E-03
 1.41452150E+03 3.26138790E-03
 1.41541300E+03 3.30079440E-03
 1.41630280E+03 2.86543780E-03
 1.41719380E+03 3.35397310E-03
 1.41808590E+03 1.98316950E-03
 1.41897910E+03 3.37301580E-03
 1.41987340E+03 3.31364530E-03
 1.42076600E+03 2.87208010E-03
 1.42165980E+03 3.30140480E-03
 1.42255470E+03 2.98313600E-03
 1.42345070E+03 3.35923570E-03
 1.42434790E+03 2.83610990E-03
 1.42524330E+03 3.33685540E-03
 1.42613990E+03 3.22210490E-03
 1.42703760E+03 3.32874460E-03
 1.42793640E+03 3.29234360E-03
 1.42883640E+03 3.21693800E-03
 1.42973470E+03 3.24952080E-03
 1.43063410E+03 2.21873230E-03
 1.43153460E+03 3.31126090E-03
 1.43243630E+03 3.17944680E-03
 1.43333910E+03 3.33959300E-03
 1.43424020E+03 3.33824070E-03
 1.43514250E+03 3.19465360E-03
 1.43604580E+03 3.33187980E-03
 1.43695040E+03 3.14752330E-03
 1.43785600E+03 3.28853220E-03
 1.43876000E+03 3.16696870E-03
 1.43966500E+03 3.25261280E-03
 1.44057130E+03 2.10536560E-03
 1.44147860E+03 3.30175810E-03
 1.44238710E+03 3.32937230E-03
 1.44329390E+03 3.32019400E-03
 1.44420190E+03 3.30920360E-03
 1.44511100E+03 3.16544780E-03
 1.44602120E+03 3.22761930E-03
 1.44693260E+03 3.31430190E-03
 1.44784220E+03 3.16275740E-03
 1.44875300E+03 2.05086740E-03
 1.44966490E+03 3.10989150E-03
 1.45057800E+03 3.07966160E-03
 1.45149230E+03 3.19943400E-03
 1.45240480E+03 3.24009430E-03
 1.45331850E+03 3.18747500E-03
 1.45423330E+03 2.50612450E-03
 1.45514930E+03 3.19974610E-03
 1.45606640E+03 2.11848990E-03
 1.45698180E+03 3.29361850E-03
 1.45789830E+03 3.18551250E-03
 1.45881600E+03 3.16605760E-03
 1.45973490E+03 1.93651550E-03
 1.46065490E+03 2.17397130E-03
 1.46157320E+03 3.27730820E-03
 1.46249260E+03 2.94675170E-03
 1.46341320E+03 3.26009890E-03
 1.46433500E+03 3.12608940E-03
 1.46525790E+03 2.77521010E-03
 1.46617910E+03 3.27621320E-03
 1.46710140E+03 3.19608590E-03
 1.46802490E+03 3.16309410E-03
 1.46894950E+03 1.77594820E-03
 1.46987540E+03 3.28096860E-03
 1.47079940E+03 3.21267260E-03
 1.47172470E+03 3.21021300E-03
 1.47265110E+03 3.22333090E-03
 1.47357860E+03 3.20098650E-03
 1.47450740E+03 3.26262510E-03
 1.47543440E+03 3.22067060E-03
 1.47636250E+03 3.21503960E-03
 1.47729190E+03 3.21528810E-03
 1.47822240E+03 3.01689550E-03
 1.47915400E+03 3.21459560E-03
 1.48008390E+03 3.27665060E-03
 1.48101500E+03 3.25804550E-03
 1.48194730E+03 3.25415500E-03
 1.48288070E+03 3.20893740E-03
 1.48381530E+03 3.25087840E-03
 1.48474810E+03 3.17618570E-03
 1.48568210E+03 3.24703030E-03
 1.48661730E+03 3.21239580E-03
 1.48755370E+03 3.25421350E-03
 1.48849130E+03 2.91182450E-03
 1.48942700E+03 3.15742310E-03
 1.49036400E+03 3.16995330E-03
 1.49130210E+03 3.25097280E-03
 1.49224140E+03 3.21503970E-03
 1.49318200E+03 3.24103700E-03
 1.49412070E+03 3.22953030E-03
 1.49506060E+03 3.23245330E-03
 1.49600170E+03 3.22915420E-03
 1.49694400E+03 2.92129810E-03
 1.49788740E+03 2.47809330E-03
 1.49882910E+03 3.07157500E-03
 1.49977200E+03 3.17683560E-03
 1.50071600E+03 3.09237820E-03
 1.50166130E+03 2.32890640E-03
 1.50260770E+03 3.24002720E-03
 1.50355240E+03 2.40215240E-03
 1.50449820E+03 3.23291120E-03
 1.50544530E+03 3.15653680E-03
 1.50639350E+03 3.21844720E-03
 1.50734290E+03 3.21400930E-03
 1.50829060E+03 3.21439900E-03
 1.50923940E+03 3.21087380E-03
 1.51018940E+03 3.20809660E-03
 1.51114060E+03 3.06805460E-03
 1.51209300E+03 3.20734480E-03
 1.51304360E+03 3.20365310E-03
 1.51399550E+03 3.11577780E-03
 1.51494850E+03 3.16065520E-03
 1.51590270E+03 3.07102680E-03
 1.51685810E+03 2.86391610E-03
 1.51781170E+03 2.21159530E-03
 1.51876650E+03 2.93476920E-03
 1.51972250E+03 2.90464670E-03
 1.52067980E+03 3.05780600E-03
 1.52163820E+03 3.18997450E-03
 1.52259480E+03 3.18721480E-03
 1.52355260E+03 3.18412100E-03
 1.52451170E+03 3.16975270E-03
 1.52547190E+03 3.18384150E-03
 1.52643330E+03 3.18048880E-03
 1.52739300E+03 3.17538770E-03
 1.52835380E+03 3.14613470E-03
 1.52931590E+03 3.17464600E-03
 1.53027910E+03 2.91969220E-03
 1.53124360E+03 2.97532970E-03
 1.53220630E+03 3.02044110E-03
 1.53317010E+03 3.06285680E-03
 1.53413520E+03 3.14571580E-03
 1.53510150E+03 2.38826710E-03
 1.53606900E+03 2.22997070E-05
 1.53703470E+03 7.74832580E-06
 1.53800160E+03 1.17986430E-05
 1.53896970E+03 2.31318460E-05
 1.53993910E+03 2.66560560E-05
 1.54090970E+03 3.80960480E-05
 1.54187840E+03 9.42538570E-05
 1.54284830E+03 2.39385530E-04
 1.54381950E+03 4.84435480E-04
 1.54479190E+03 8.18477480E-04
 1.54576550E+03 1.24199340E-03
 1.54673730E+03 1.72978890E-03
 1.54771030E+03 2.31108160E-03
 1.54868460E+03 2.95321200E-03
 1.54966000E+03 3.69130260E-03
 1.55063670E+03 4.64660290E-03
 1.55161160E+03 6.00145820E-03
 1.55258760E+03 5.57110780E-03
 1.55356500E+03 5.16275750E-03
 1.55454350E+03 4.80928660E-03
 1.55552330E+03 4.34502430E-03
 1.55650120E+03 4.21219450E-03
 1.55748030E+03 3.81803720E-03
 1.55846070E+03 3.74019490E-03
 1.55944230E+03 3.53143170E-03
 1.56042520E+03 3.35640800E-03
 1.56140620E+03 2.82593260E-03
 1.56238840E+03 3.03514500E-03
 1.56337190E+03 3.10531040E-03
 1.56435660E+03 3.08878500E-03
 1.56534260E+03 2.99724720E-03
 1.56632670E+03 3.06867900E-03
 1.56731200E+03 3.10365790E-03
 1.56829860E+03 2.58378340E-03
 1.56928640E+03 3.01201940E-03
 1.57027550E+03 2.74597380E-03
 1.57126270E+03 2.82040020E-03
 1.57225110E+03 2.25744640E-03
 1.57324080E+03 3.09941230E-03
 1.57423170E+03 2.96954080E-03
 1.57522390E+03 2.96957990E-03
 1.57621420E+03 2.31786000E-03
 1.57720570E+03 2.90929860E-03
 1.57819850E+03 3.06817460E-03
 1.57919260E+03 2.85328990E-03
 1.58018790E+03 3.02554460E-03
 1.58118130E+03 3.06397800E-03
 1.58217600E+03 3.04938800E-03
 1.58317190E+03 3.02396850E-03
 1.58416910E+03 3.04675570E-03
 1.58516760E+03 3.02451480E-03
 1.58616410E+03 2.84688580E-03
 1.58716190E+03 3.06633530E-03
 1.58816100E+03 3.06563310E-03
 1.58916130E+03 3.05692360E-03
 1.59016290E+03 3.02715460E-03
 1.59116260E+03 2.96326600E-03
 1.59216360E+03 3.05712590E-03
 1.59316580E+03 3.05137980E-03
 1.59416930E+03 3.03995560E-03
 1.59517400E+03 3.06745490E-03
 1.59617690E+03 3.04310260E-03
 1.59718100E+03 3.04557770E-03
 1.59818630E+03 3.04354790E-03
 1.59919300E+03 3.04897410E-03
 1.60020090E+03 3.05103400E-03
 1.60120690E+03 3.02192800E-03
 1.60221420E+03 3.02185840E-03
 1.60322270E+03 2.10604540E-03
 1.60423250E+03 3.03745650E-03
 1.60524360E+03 3.03685230E-03
 1.60625280E+03 2.94794800E-03
 1.60726330E+03 3.03417520E-03
 1.60827500E+03 2.99222620E-03
 1.60928800E+03 2.99048560E-03
 1.61030220E+03 2.82149150E-03
 1.61131460E+03 2.80573420E-03
 1.61232820E+03 3.01590410E-03
 1.61334320E+03 2.58570450E-03
 1.61435930E+03 2.98929420E-03
 1.61537680E+03 2.35553920E-03
 1.61639240E+03 2.99478570E-03
 1.61740920E+03 2.96568720E-03
 1.61842730E+03 2.93598280E-03
 1.61944670E+03 2.75839920E-03
 1.62046740E+03 3.00455100E-03
 1.62148610E+03 2.90725090E-03
 1.62250610E+03 2.98915840E-03
 1.62352750E+03 2.15652410E-03
 1.62455010E+03 3.00256550E-03
 1.62557400E+03 3.01309650E-03
 1.62659590E+03 3.00173100E-03
 1.62761920E+03 3.00141740E-03
 1.62864370E+03 2.99120120E-03
 1.62966950E+03 2.98805120E-03
 1.63069660E+03 2.78842310E-03
 1.63172180E+03 2.62495660E-03
 1.63274830E+03 2.96781670E-03
 1.63377610E+03 2.93389660E-03
 1.63480510E+03 2.91251890E-03
 1.63583550E+03 2.87729140E-03
 1.63686390E+03 2.83371730E-03
 1.63789360E+03 2.73339260E-03
 1.63892460E+03 2.68185150E-03
 1.63995690E+03 2.30913780E-03
 1.64099050E+03 3.28396540E-03
 1.64202210E+03 3.08916800E-03
 1.64305510E+03 3.02150070E-03
 1.64408940E+03 2.36248250E-03
 1.64512490E+03 2.98905640E-03
 1.64616180E+03 2.97973450E-03
 1.64719670E+03 2.93912770E-03
 1.64823290E+03 2.95831500E-03
 1.64927040E+03 2.96681060E-03
 1.65030920E+03 2.95843190E-03
 1.65134930E+03 2.95088660E-03
 1.65238750E+03 2.91142770E-03
 1.65342700E+03 2.75668940E-03
 1.65446770E+03 2.91915680E-03
 1.65550980E+03 2.85530630E-03
 1.65655320E+03 2.90380990E-03
 1.65759470E+03 2.48032370E-03
 1.65863740E+03 2.94613240E-03
 1.65968150E+03 2.94058190E-03
 1.66072690E+03 2.93268840E-03
 1.66177360E+03 2.93688510E-03
 1.66281830E+03 2.92314340E-03
 1.66386430E+03 2.93629270E-03
 1.66491170E+03 2.93418710E-03
 1.66596030E+03 2.93214750E-03
 1.66701030E+03 2.93030050E-03
 1.66805830E+03 2.84469580E-03
 1.66910770E+03 2.92656040E-03
 1.67015830E+03 2.92465230E-03
 1.67121030E+03 2.92039440E-03
 1.67226360E+03 2.87016050E-03
 1.67331490E+03 2.88932470E-03
 1.67436750E+03 2.91174170E-03
 1.67542150E+03 2.66918270E-03
 1.67647680E+03 2.34489460E-03
 1.67753340E+03 2.83262700E-03
 1.67858800E+03 2.90546020E-03
 1.67964400E+03 2.90946910E-03
 1.68070130E+03 2.90314940E-03
 1.68175990E+03 2.90539510E-03
 1.68281980E+03 2.90341140E-03
 1.68387780E+03 2.90169650E-03
 1.68493710E+03 2.89969950E-03
 1.68599770E+03 2.89804810E-03
 1.68705960E+03 2.84107220E-03
 1.68812290E+03 2.87196910E-03
 1.68918420E+03 2.89239930E-03
 1.69024680E+03 2.81717220E-03
 1.69131080E+03 2.88861450E-03
 1.69237610E+03 2.88682920E-03
 1.69344270E+03 2.88489340E-03
 1.69450730E+03 2.87756210E-03
 1.69557330E+03 2.87991170E-03
 1.69664060E+03 2.87118150E-03
 1.69770930E+03 2.87691330E-03
 1.69877930E+03 2.82062100E-03
 1.69984730E+03 2.64299510E-03
 1.70091660E+03 2.85942760E-03
 1.70198730E+03 2.86691550E-03
 1.70305930E+03 2.76550680E-03
 1.70413270E+03 2.86515260E-03
 1.70520400E+03 2.85753210E-03
 1.70627670E+03 2.83755290E-03
 1.70735080E+03 2.71096550E-03
 1.70842620E+03 2.80613510E-03
 1.70950290E+03 2.69165540E-03
 1.71057760E+03 2.42778370E-03
 1.71165370E+03 2.00462610E-03
 1.71273110E+03 1.51890200E-03
 1.71380990E+03 1.63162230E-03
 1.71489010E+03 1.82791390E-03
 1.71596820E+03 2.06915820E-03
 1.71704770E+03 2.30075720E-03
 1.71812850E+03 2.55904770E-03
 1.71921070E+03 3.82474010E-03
 1.72029420E+03 3.41753380E-03
 1.72137570E+03 3.29788690E-03
 1.72245860E+03 3.15827160E-03
 1.72354280E+03 3.02335680E-03
 1.72462840E+03 2.91929270E-03
 1.72571540E+03 2.79652230E-03
 1.72680030E+03 2.84204470E-03
 1.72788660E+03 2.82664490E-03
 1.72897430E+03 2.82173420E-03
 1.73006330E+03 2.77316580E-03
 1.73115370E+03 2.65716650E-03
 1.73224200E+03 2.81310070E-03
 1.73333170E+03 2.82219690E-03
 1.73442280E+03 2.81693690E-03
 1.73551520E+03 2.81375710E-03
 1.73660910E+03 2.81100160E-03
 1.73770080E+03 2.80562980E-03
 1.73879400E+03 2.47279760E-03
 1.73988850E+03 2.80489240E-03
 1.74098440E+03 2.80224990E-03
 1.74208170E+03 2.79908540E-03
 1.74317690E+03 2.79570850E-03
 1.74427350E+03 2.79078690E-03
 1.74537140E+03 2.80631040E-03
 1.74647080E+03 2.80741250E-03
 1.74757150E+03 2.61408790E-03
 1.74867020E+03 2.79429020E-03
 1.74977020E+03 2.79159110E-03
 1.75087160E+03 2.78915390E-03
 1.75197440E+03 2.78679480E-03
 1.75307860E+03 2.72978790E-03
 1.75418080E+03 2.74893110E-03
 1.75528430E+03 2.77984570E-03
 1.75638920E+03 2.77807760E-03
 1.75749550E+03 2.77559540E-03
 1.75860310E+03 2.75007920E-03
 1.75970870E+03 2.76999730E-03
 1.76081570E+03 2.61618130E-03
 1.76192410E+03 2.75584100E-03
 1.76303390E+03 2.76707630E-03
 1.76414500E+03 2.76560700E-03
 1.76525410E+03 2.72290350E-03
 1.76636460E+03 2.76603100E-03
 1.76747650E+03 2.76206210E-03
 1.76858970E+03 2.76002190E-03
 1.76970440E+03 2.75739830E-03
 1.77081700E+03 2.75582340E-03
 1.77193100E+03 2.75382830E-03
 1.77304630E+03 2.69545340E-03
 1.77416310E+03 2.63656470E-03
 1.77528130E+03 2.74734710E-03
 1.77639740E+03 2.67034320E-03
 1.77751490E+03 2.74413190E-03
 1.77863370E+03 2.74246300E-03
 1.77975400E+03 2.74055210E-03
 1.78087580E+03 2.73861980E-03
 1.78199540E+03 2.73665940E-03
 1.78311640E+03 2.73480470E-03
 1.78423880E+03 2.73226510E-03
 1.78536260E+03 2.69180250E-03
 1.78648780E+03 2.68590160E-03
 1.78761100E+03 2.72403670E-03
 1.78873550E+03 2.72599390E-03
 1.78986150E+03 2.72412620E-03
 1.79098880E+03 2.72216810E-03
 1.79211760E+03 2.55228220E-03
 1.79324430E+03 2.71803580E-03
 1.79437240E+03 2.71596690E-03
 1.79550190E+03 2.71412900E-03
 1.79663280E+03 2.71189720E-03
 1.79776510E+03 2.71014460E-03
 1.79889540E+03 2.11782800E-03
 1.80002700E+03 2.70719630E-03
 1.80116010E+03 2.70570630E-03
 1.80229450E+03 2.70375080E-03
 1.80343050E+03 2.70175240E-03
 1.80456420E+03 2.69978700E-03
 1.80569940E+03 2.69692410E-03
 1.80683610E+03 2.69430790E-03
 1.80797410E+03 2.69214050E-03
 1.80911360E+03 2.69332700E-03
 1.81025100E+03 2.66696430E-03
 1.81138980E+03 2.66209120E-03
 1.81253000E+03 2.61287610E-03
 1.81367160E+03 2.67870500E-03
 1.81481470E+03 2.68275120E-03
 1.81595560E+03 2.67961690E-03
 1.81709800E+03 2.68130500E-03
 1.81824180E+03 2.67877290E-03
 1.81938710E+03 2.67665660E-03
 1.82053370E+03 2.67107200E-03
 1.82167830E+03 2.60665930E-03
 1.82282420E+03 2.67107240E-03
 1.82397170E+03 2.66956380E-03
 1.82512050E+03 2.64823590E-03
 1.82627080E+03 2.62732220E-03
 1.82741890E+03 2.61593590E-03
 1.82856850E+03 2.66167330E-03
 1.82971950E+03 2.66024160E-03
 1.83087200E+03 2.65824820E-03
 1.83202600E+03 2.65594840E-03
 1.83317770E+03 2.65402720E-03
 1.83433090E+03 2.65261290E-03
 1.83548560E+03 2.64175170E-03
 1.83664170E+03 2.62929200E-03
 1.83779920E+03 2.65554590E-03
 1.83895460E+03 2.64608040E-03
 1.84011150E+03 2.55413280E-03
 1.84126970E+03 2.64195540E-03
 1.84242950E+03 2.65287180E-03
 1.84359070E+03 2.63833550E-03
 1.84474970E+03 2.63638540E-03
 1.84591020E+03 2.56422140E-03
 1.84707220E+03 2.55507640E-03
 1.84823560E+03 2.47712380E-03
 1.84940040E+03 2.62353750E-03
 1.85056310E+03 2.52800430E-03
 1.85172720E+03 2.62222750E-03
 1.85289290E+03 2.62256450E-03
 1.85405990E+03 2.60313480E-03
 1.85522850E+03 2.63088630E-03
 1.85639480E+03 2.61871160E-03
 1.85756260E+03 2.61511040E-03
 1.85873190E+03 2.61526830E-03
 1.85990260E+03 2.61301410E-03
 1.86107490E+03 2.61105540E-03
 1.86224490E+03 2.60914980E-03
 1.86341640E+03 2.59854210E-03
 1.86458930E+03 2.60252910E-03
 1.86576380E+03 2.60350910E-03
 1.86693970E+03 2.60187880E-03
 1.86811340E+03 2.58971110E-03
 1.86928860E+03 2.59815090E-03
 1.87046520E+03 2.59286350E-03
 1.87164340E+03 2.59463100E-03
 1.87282300E+03 2.29518460E-03
 1.87400040E+03 2.57564930E-03
 1.87517930E+03 2.64304540E-03
 1.87635960E+03 2.58749760E-03
 1.87754150E+03 2.40850010E-03
 1.87872480E+03 2.58347980E-03
 1.87990600E+03 2.58161180E-03
 1.88108860E+03 2.57872300E-03
 1.88227260E+03 2.57667170E-03
 1.88345820E+03 2.57506460E-03
 1.88464530E+03 2.57018690E-03
 1.88583010E+03 2.47941050E-03
 1.88701640E+03 2.57114540E-03
 1.88820430E+03 2.56911080E-03
 1.88939360E+03 2.56702250E-03
 1.89058440E+03 2.56488940E-03
 1.89177300E+03 2.56237660E-03
 1.89296300E+03 2.51901050E-03
 1.89415460E+03 2.55611200E-03
 1.89534760E+03 2.53086430E-03
 1.89654220E+03 2.55434800E-03
 1.89773450E+03 2.55426690E-03
 1.89892830E+03 2.54866000E-03
 1.90012360E+03 2.54987810E-03
 1.90132050E+03 2.54865350E-03
 1.90251880E+03 2.54545060E-03
 1.90371490E+03 2.54537960E-03
 1.90491240E+03 2.54358620E-03
 1.90611150E+03 2.54080140E-03
 1.90731210E+03 2.54049580E-03
 1.90851420E+03 2.36946710E-03
 1.90971410E+03 2.53630370E-03
 1.91091540E+03 2.53401570E-03
 1.91211830E+03 2.53263260E-03
 1.91332260E+03 2.53076330E-03
 1.91452850E+03 2.52856610E-03
 1.91573220E+03 2.52716420E-03
 1.91693730E+03 2.52507120E-03
 1.91814390E+03 2.52206630E-03
 1.91935210E+03 2.52178840E-03
 1.92056180E+03 2.48738080E-03
 1.92176920E+03 2.46595430E-03
 1.92297820E+03 2.36071530E-03
 1.92418860E+03 2.51428610E-03
 1.92540060E+03 2.51300750E-03
 1.92661410E+03 2.51075680E-03
 1.92782530E+03 2.51068540E-03
 1.92903810E+03 2.38880870E-03
 1.93025230E+03 2.50540110E-03
 1.93146810E+03 2.50373600E-03
 1.93268550E+03 2.50187400E-03
 1.93390050E+03 2.50001420E-03
 1.93511710E+03 2.49815430E-03
 1.93633510E+03 2.49630990E-03
 1.93755480E+03 2.49423980E-03
 1.93877590E+03 2.49185870E-03
 1.93999480E+03 2.49079040E-03
 1.94121520E+03 2.48897850E-03
 1.94243710E+03 2.49044400E-03
 1.94366060E+03 2.48535070E-03
 1.94488560E+03 2.48303860E-03
 1.94610830E+03 2.47908790E-03
 1.94733260E+03 2.48158320E-03
 1.94855840E+03 2.47798940E-03
 1.94978570E+03 2.47691770E-03
 1.95101460E+03 2.47225060E-03
 1.95224110E+03 2.47289750E-03
 1.95346920E+03 2.47102900E-03
 1.95469890E+03 2.46911570E-03
 1.95593010E+03 2.46601820E-03
 1.95716280E+03 2.46557890E-03
 1.95839320E+03 2.40419670E-03
 1.95962520E+03 2.46196230E-03
 1.96085870E+03 2.45978990E-03
 1.96209380E+03 2.45833960E-03
 1.96333040E+03 2.45481430E-03
 1.96456470E+03 2.45441380E-03
 1.96580060E+03 2.45000330E-03
 1.96703800E+03 2.44781990E-03
 1.96827700E+03 2.44952250E-03
 1.96951750E+03 2.44778110E-03
 1.97075570E+03 2.44630350E-03
 1.97199540E+03 2.44512070E-03
 1.97323680E+03 2.44692880E-03
 1.97447960E+03 2.44385620E-03
 1.97572410E+03 2.45023290E-03
 1.97696620E+03 2.43946740E-03
 1.97820980E+03 2.43582730E-03
 1.97945500E+03 2.42888490E-03
 1.98070180E+03 2.43150250E-03
 1.98195020E+03 2.42936500E-03
 1.98319620E+03 2.42781800E-03
 1.98444380E+03 2.42601990E-03
 1.98569290E+03 2.42110580E-03
 1.98694360E+03 2.42657320E-03
 1.98819590E+03 2.42188800E-03
 1.98944590E+03 2.42362810E-03
 1.99069740E+03 2.42999820E-03
 1.99195040E+03 2.45652540E-03
 1.99320510E+03 2.43364280E-03
 1.99446130E+03 2.41607600E-03
 1.99571520E+03 2.41112400E-03
 1.99697070E+03 2.39972180E-03
 1.99822770E+03 2.40646090E-03
 1.99948630E+03 2.40444300E-03
 2.00074650E+03 2.40245970E-03
 2.00200430E+03 2.39881030E-03
 2.00326370E+03 2.32902600E-03
 2.00452470E+03 2.39684730E-03
 2.00578730E+03 2.38625450E-03
 2.00705150E+03 2.39357690E-03
 2.00831330E+03 2.39174380E-03
 2.00957660E+03 2.38991720E-03
 2.01084160E+03 2.37140580E-03
 2.01210820E+03 2.38620460E-03
 2.01337630E+03 2.38446680E-03
 2.01464210E+03 2.38277970E-03
 2.01590940E+03 2.38104930E-03
 2.01717840E+03 2.37921390E-03
 2.01844890E+03 2.37750800E-03
 2.01972110E+03 2.37564960E-03
 2.02099080E+03 2.37348860E-03
 2.02226220E+03 2.36989240E-03
 2.02353510E+03 2.37033160E-03
 2.02480970E+03 2.36418310E-03
 2.02608590E+03 2.36635140E-03
 2.02735960E+03 2.31274970E-03
 2.02863500E+03 2.36276710E-03
 2.02991190E+03 2.36118580E-03
 2.03119050E+03 2.35957080E-03
 2.03247070E+03 2.35774680E-03
 2.03374850E+03 2.35599920E-03
 2.03502780E+03 2.35430830E-03
 2.03630880E+03 2.35232130E-03
 2.03759140E+03 2.35064090E-03
 2.03887560E+03 2.34873930E-03
 2.04015740E+03 2.14896600E-03
 2.04144080E+03 2.34530470E-03
 2.04272590E+03 2.34350420E-03
 2.04401250E+03 2.34165270E-03
 2.04530080E+03 2.33949640E-03
 2.04658660E+03 2.33825260E-03
 2.04787400E+03 2.33607810E-03
 2.04916310E+03 2.33461370E-03
 2.05045380E+03 2.37912530E-03
 2.05174610E+03 2.37736750E-03
 2.05303600E+03 2.37547990E-03
 2.05432750E+03 2.37385910E-03
 2.05562070E+03 2.37194920E-03
 2.05691540E+03 2.37035620E-03
 2.05821180E+03 2.36858720E-03
 2.05950580E+03 2.36679700E-03
 2.06080130E+03 2.36486560E-03
 2.06209860E+03 2.35989510E-03
 2.06339740E+03 2.36159850E-03
 2.06469790E+03 2.28300850E-03
 2.06599590E+03 2.35901760E-03
 2.06729560E+03 2.35636980E-03
 2.06859690E+03 2.35453420E-03
 2.06989980E+03 2.35264090E-03
 2.07120440E+03 2.35012400E-03
 2.07250650E+03 2.34932600E-03
 2.07381030E+03 2.34749690E-03
 2.07511570E+03 2.34568020E-03
 2.07642270E+03 2.34380090E-03
 2.07773140E+03 2.34153760E-03
 2.07903760E+03 2.33921380E-03
 2.08034550E+03 2.22783920E-03
 2.08165500E+03 2.33676650E-03
 2.08296620E+03 2.33374000E-03
 2.08427900E+03 2.21499810E-03
 2.08558930E+03 2.33138880E-03
 2.08690130E+03 2.32847940E-03
 2.08821490E+03 2.32814540E-03
 2.08953020E+03 2.32635160E-03
 2.09084720E+03 2.32453320E-03
 2.09216160E+03 2.32226360E-03
 2.09347780E+03 2.31834280E-03
 2.09479550E+03 2.31951210E-03
 2.09611500E+03 2.31764810E-03
 2.09743610E+03 2.31584560E-03
 2.09875470E+03 2.30964180E-03
 2.10007500E+03 2.31234870E-03
 2.10139690E+03 2.31025850E-03
 2.10272050E+03 2.30897940E-03
 2.10404580E+03 2.30693960E-03
 2.10536850E+03 2.30546910E-03
 2.10669290E+03 2.30325860E-03
 2.10801900E+03 2.29124520E-03
 2.10934680E+03 2.30039240E-03
 2.11067630E+03 2.29846720E-03
 2.11200320E+03 2.29665800E-03
 2.11333180E+03 2.23178370E-03
 2.11466210E+03 2.29049720E-03
 2.11599400E+03 2.27337880E-03
 2.11732760E+03 2.28677940E-03
 2.11865880E+03 2.28785160E-03
 2.11999160E+03 2.28589490E-03
 2.12132600E+03 2.26663220E-03
 2.12266220E+03 2.28272520E-03
 2.12400000E+03 2.25508830E-03
 2.12500000E+03 2.27966810E-03
 2.13923310E+03 2.26120990E-03
 2.17500000E+03 2.21559440E-03
 2.22500000E+03 2.15364360E-03
 2.23681870E+03 2.13930500E-03
 2.27500000E+03 2.09376590E-03
 2.32500000E+03 2.03590720E-03
 2.34373310E+03 2.01473810E-03
 2.37500000E+03 1.98001050E-03
 2.40111680E+03 1.95157430E-03
 2.42500000E+03 1.92601730E-03
 2.46138090E+03 1.88789290E-03
 2.46141120E+03 1.88786170E-03
 2.48000000E+03 1.86875170E-03
 2.49659840E+03 1.85189560E-03
 2.53283820E+03 1.81576290E-03
 2.57014570E+03 1.77950550E-03
 2.57500000E+03 1.77485660E-03
 2.58921460E+03 1.76133350E-03
 2.60856860E+03 1.74313460E-03
 2.60860260E+03 1.74312620E-03
 2.62500000E+03 1.72789800E-03
 2.67500000E+03 1.68251870E-03
 2.72258120E+03 1.64076990E-03
 2.77500000E+03 1.59633660E-03
 2.82500000E+03 1.55542080E-03
 2.84701560E+03 1.53784470E-03
 2.87500000E+03 1.51588180E-03
 2.95000000E+03 1.45904010E-03
 2.98336920E+03 1.43466240E-03
 3.05000000E+03 1.38759100E-03
 3.05656400E+03 1.38306630E-03
 3.13344070E+03 1.33151750E-03
 3.13348980E+03 1.33148030E-03
 3.15000000E+03 1.32074780E-03
 3.20394980E+03 1.28647780E-03
 3.25000000E+03 1.25816610E-03
 3.27770520E+03 1.24153610E-03
 3.35000000E+03 1.19951360E-03
 3.35493630E+03 1.19671460E-03
 3.39493300E+03 1.17435780E-03
 3.43589480E+03 1.15204160E-03
 3.43595380E+03 1.15209070E-03
 3.45000000E+03 1.14457050E-03
 3.48542270E+03 1.12589790E-03
 3.53639930E+03 1.09974120E-03
 3.55000000E+03 1.09290140E-03
 3.58888920E+03 1.07365840E-03
 3.61572280E+03 1.06064680E-03
 3.62000000E+03 1.05859250E-03
 3.64296070E+03 1.04765610E-03
 3.64302710E+03 1.05328290E-03
 3.64701290E+03 1.05139900E-03
 3.64707940E+03 1.13474910E-03
 3.67132800E+03 1.12347630E-03
 3.69596950E+03 1.11218500E-03
 3.69603780E+03 1.11211650E-03
 3.75000000E+03 1.08795360E-03
 3.85000000E+03 1.04513250E-03
 3.95000000E+03 1.00470000E-03
 4.05085030E+03 9.66171800E-04
 4.15000000E+03 9.30340350E-04
 4.25000000E+03 8.96114840E-04
 4.35000000E+03 8.63679160E-04
 4.48111990E+03 8.23659430E-04
 4.55000000E+03 8.03700540E-04
 4.65000000E+03 7.75942510E-04
 4.75000000E+03 7.49542740E-04
 4.85000000E+03 7.24413860E-04
 4.95000000E+03 7.00475400E-04
 5.01365590E+03 6.85823030E-04
 5.05000000E+03 6.77653240E-04
 5.15000000E+03 6.55879090E-04
 5.25000000E+03 6.35089890E-04
 5.33038740E+03 6.19052560E-04
 5.35000000E+03 6.15227480E-04
 5.45000000E+03 5.96238060E-04
 5.55000000E+03 5.78071850E-04
 5.65000000E+03 5.60682740E-04
 5.68983570E+03 5.53962470E-04
 5.68999760E+03 5.56604330E-04
 5.75000000E+03 5.46721810E-04
 5.85000000E+03 5.30800340E-04
 5.95000000E+03 5.15532870E-04
 6.05000000E+03 5.00884900E-04
 6.15000000E+03 4.86824270E-04
 6.16217930E+03 4.85150430E-04
 6.25000000E+03 4.73320920E-04
 6.35000000E+03 4.60346770E-04
 6.45000000E+03 4.47875510E-04
 6.55000000E+03 4.35882490E-04
 6.65000000E+03 4.24344530E-04
 6.72004620E+03 4.16521930E-04
 6.75000000E+03 4.13239880E-04
 6.85000000E+03 4.02548050E-04
 6.95000000E+03 3.92249720E-04
 7.05000000E+03 3.82326690E-04
 7.15000000E+03 3.72761750E-04
 7.25000000E+03 3.63538690E-04
 7.35000000E+03 3.54642110E-04
 7.38897600E+03 3.51259850E-04
 7.45000000E+03 3.46057490E-04
 7.55000000E+03 3.37771050E-04
 7.65000000E+03 3.29769750E-04
 7.75000000E+03 3.22041190E-04
 7.77599690E+03 3.20075220E-04
 7.85000000E+03 3.14573640E-04
 7.95000000E+03 3.07355960E-04
 8.05000000E+03 3.00377560E-04
 8.15000000E+03 2.93628390E-04
 8.20580150E+03 2.89958320E-04
 8.20613820E+03 2.95882630E-04
 8.25000000E+03 2.93034530E-04
 8.35000000E+03 2.86690060E-04
 8.45000000E+03 2.80545770E-04
 8.55000000E+03 2.74593640E-04
 8.65000000E+03 2.68826050E-04
 8.75000000E+03 2.63235730E-04
 8.85000000E+03 2.57815740E-04
 8.95000000E+03 2.52559460E-04
 9.05000000E+03 2.47460600E-04
 9.15000000E+03 2.42513120E-04
 9.21353280E+03 2.39445850E-04
 9.25000000E+03 2.37711270E-04
 9.35000000E+03 2.33049570E-04
 9.45000000E+03 2.28522770E-04
 9.55000000E+03 2.24125860E-04
 9.65000000E+03 2.19854040E-04
 9.75000000E+03 2.15702760E-04
 9.85000000E+03 2.11667600E-04
 9.95000000E+03 2.07744410E-04
 1.01250000E+04 2.01136240E-04
 1.03750000E+04 1.92229840E-04
 1.05034290E+04 1.87883140E-04
 1.06250000E+04 1.83903420E-04
 1.08750000E+04 1.76108610E-04
 1.11250000E+04 1.68801840E-04
 1.13750000E+04 1.61943830E-04
 1.16250000E+04 1.55499090E-04
 1.18750000E+04 1.49435470E-04
 1.21250000E+04 1.43723840E-04
 1.22132930E+04 1.41785730E-04
 1.23750000E+04 1.38337730E-04
 1.26250000E+04 1.33253060E-04
 1.28750000E+04 1.28447870E-04
 1.31250000E+04 1.23902140E-04
 1.32954860E+04 1.20941550E-04
 1.33750000E+04 1.19597550E-04
 1.36250000E+04 1.15517330E-04
 1.38750000E+04 1.11646140E-04
 1.41250000E+04 1.07969880E-04
 1.44200000E+04 1.03865040E-04
 1.45881050E+04 1.01631750E-04
 1.45882110E+04 1.02208290E-04
 1.46700000E+04 1.01145530E-04
 1.48750000E+04 9.85552490E-05
 1.51250000E+04 9.55320680E-05
 1.53750000E+04 9.26492450E-05
 1.56250000E+04 8.98981410E-05
 1.58750000E+04 8.72707580E-05
 1.60308430E+04 8.56922230E-05
 1.62000000E+04 8.40280300E-05
 1.66000000E+04 8.02850290E-05
 1.70000000E+04 7.67925210E-05
 1.74000000E+04 7.35283780E-05
 1.77902710E+04 7.05448850E-05
 1.78000000E+04 7.04728990E-05
 1.82000000E+04 6.76085080E-05
 1.86000000E+04 6.49194820E-05
 1.90000000E+04 6.23917230E-05
 1.94000000E+04 6.00125630E-05
 1.98000000E+04 5.77705830E-05
 1.99835140E+04 5.67850380E-05
 2.02500000E+04 5.53995260E-05
 2.07500000E+04 5.29373310E-05
 2.12500000E+04 5.06409120E-05
 2.12962490E+04 5.04363510E-05
 2.17500000E+04 4.84958570E-05
 2.22500000E+04 4.64892930E-05
 2.26500000E+04 4.49759570E-05
 2.27935810E+04 4.44515080E-05
 2.27938410E+04 4.45353580E-05
 2.29000000E+04 4.41535240E-05
 2.32500000E+04 4.29304330E-05
 2.37500000E+04 4.12735590E-05
 2.42500000E+04 3.97154930E-05
 2.47500000E+04 3.82485770E-05
 2.52500000E+04 3.68658540E-05
 2.57500000E+04 3.55609920E-05
 2.62500000E+04 3.43282160E-05
 2.67500000E+04 3.31622530E-05
 2.72500000E+04 3.20582830E-05
 2.77500000E+04 3.10118900E-05
 2.82500000E+04 3.00190350E-05
 2.87500000E+04 2.90760080E-05
 2.92500000E+04 2.81794080E-05
 2.97500000E+04 2.73261120E-05
 3.02500000E+04 2.65132490E-05
 3.07500000E+04 2.57381820E-05
 3.12500000E+04 2.49984850E-05
 3.17500000E+04 2.42919240E-05
 3.24000000E+04 2.34195700E-05
 3.34000000E+04 2.21707270E-05
 3.45000000E+04 2.09138610E-05
 3.50017500E+04 2.03772570E-05
 3.55000000E+04 1.98653950E-05
 3.65000000E+04 1.88967460E-05
 3.75000000E+04 1.79997380E-05
 3.85000000E+04 1.71672940E-05
 3.95000000E+04 1.63932490E-05
 4.05000000E+04 1.56722100E-05
 4.15000000E+04 1.49994250E-05
 4.25000000E+04 1.43706940E-05
 4.35000000E+04 1.37822750E-05
 4.45000000E+04 1.32308280E-05
 4.55000000E+04 1.27133540E-05
 4.65000000E+04 1.22271520E-05
 4.75000000E+04 1.17697780E-05
 4.85000000E+04 1.13390210E-05
 5.00000000E+04 1.07384380E-05
 1.20000000E+05 2.42242120E-06
 2.50000000E+05 8.00835680E-07
 5.99999990E+05 2.75885080E-07
 1.00000000E+06 1.67133710E-07
 1.20000000E+07 2.76188260E-08
 2.00000000E+08 1.81001890E-09
 6.00000000E+08 1.10303460E-10
