 Castelli and Kurucz 2004-2012 Atmosphere
 T     37000.     G    5.00000 [-1.0] VTURB=2  L/H=1.25 NOVER NEW ODF          
 Wavelength  Eddington Hnu
   (nm)    (ergs/s/cm2/Hz/sr)
  9.0900      9.20640E-27
  9.3500      3.86810E-26
  9.6100      1.50880E-25
  9.7700      3.37360E-25
  9.9600      8.49340E-25
  10.200      2.60420E-24
  10.380      5.85290E-24
  10.560      1.28210E-23
  10.770      3.10440E-23
  11.040      9.24570E-23
  11.400      3.68020E-22
  11.780      1.45770E-21
  12.130      4.83160E-21
  12.480      1.50610E-20
  12.710      3.08240E-20
  12.840      4.57320E-20
  13.050      8.52350E-20
  13.240      1.47520E-19
  13.390      2.25100E-19
  13.660      4.71730E-19
  13.980      1.09710E-18
  14.330      2.65440E-18
  14.720      6.78840E-18
  15.100      1.62770E-17
  15.520      4.08560E-17
  15.880      8.68710E-17
  16.200      1.65660E-16
  16.600      3.59890E-16
  17.030      7.98510E-16
  17.340      1.38740E-15
  17.680      2.49260E-15
  18.020      4.38790E-15
  18.170      5.59800E-15
  18.610      1.12090E-14
  19.100      2.34610E-14
  19.390      3.57570E-14
  19.840      6.72040E-14
  20.180      1.06400E-13
  20.500      1.61840E-13
  21.050      3.23910E-13
  21.620      6.41610E-13
  21.980      9.72150E-13
  22.300      1.39060E-12
  22.680      2.09910E-12
  23.000      6.59120E-10
  23.400      3.37880E-09
  24.000      8.08700E-09
  24.650      1.72390E-08
  25.240      3.10680E-08
  25.680      3.00650E-08
  26.000      7.53950E-08
  26.400      2.63700E-07
  26.850      4.50000E-07
  27.350      5.79910E-07
  27.850      4.95480E-07
  28.400      1.05600E-06
  29.000      1.24740E-06
  29.600      8.97050E-07
  30.100      5.11480E-07
  30.800      1.71330E-06
  31.800      3.76930E-06
  32.800      4.74960E-06
  33.800      5.72910E-06
  34.800      7.15920E-06
  35.700      9.51050E-06
  36.600      1.26580E-05
  37.500      1.38150E-05
  38.500      1.49450E-05
  39.500      1.81290E-05
  40.500      2.06080E-05
  41.400      2.27900E-05
  42.200      2.39690E-05
  43.000      2.54200E-05
  44.100      2.97340E-05
  45.100      3.31590E-05
  46.000      3.51460E-05
  47.000      3.93270E-05
  48.000      4.43040E-05
  49.000      4.72430E-05
  50.000      5.43590E-05
  50.600      1.08950E-04
  51.200      3.27580E-04
  52.000      3.17610E-04
  53.000      3.14430E-04
  54.000      2.93020E-04
  55.000      3.21720E-04
  56.000      3.80000E-04
  57.000      3.95940E-04
  58.000      3.84310E-04
  59.000      4.08480E-04
  60.000      3.92630E-04
  61.000      4.16430E-04
  62.000      4.66690E-04
  63.000      4.71510E-04
  64.000      4.86520E-04
  65.000      4.93870E-04
  65.800      4.80160E-04
  66.500      5.08210E-04
  67.500      5.37010E-04
  68.500      5.09280E-04
  69.500      5.56820E-04
  70.500      5.38620E-04
  71.600      5.93940E-04
  72.600      6.03000E-04
  73.500      6.21060E-04
  74.500      6.18170E-04
  75.500      6.27310E-04
  76.500      6.33090E-04
  77.500      6.49120E-04
  78.500      6.68570E-04
  79.500      6.79640E-04
  80.500      6.85670E-04
  81.500      7.01190E-04
  82.500      7.20150E-04
  83.500      6.82240E-04
  84.500      7.36320E-04
  85.500      7.44080E-04
  86.500      7.64770E-04
  87.500      7.75720E-04
  88.500      7.86100E-04
  89.500      7.97300E-04
  90.500      7.98570E-04
  91.500      7.37430E-04
  92.500      1.43310E-03
  93.500      2.09030E-03
  94.500      3.02300E-03
  95.500      3.42140E-03
  96.500      4.21830E-03
  97.500      2.71140E-03
  98.500      4.16900E-03
  99.500      3.84720E-03
  100.50      4.08920E-03
  101.50      4.12090E-03
  102.50      2.89340E-03
  103.50      4.06540E-03
  104.50      4.30330E-03
  105.50      4.27630E-03
  106.50      4.08880E-03
  107.50      4.12510E-03
  108.50      3.83250E-03
  109.50      4.13000E-03
  110.50      4.03260E-03
  111.50      4.01400E-03
  112.50      3.81030E-03
  113.50      3.98840E-03
  114.50      3.93480E-03
  115.50      3.85760E-03
  116.50      3.81200E-03
  117.50      3.30600E-03
  118.50      3.66160E-03
  119.50      3.65480E-03
  120.50      3.54730E-03
  121.50      2.56580E-03
  122.50      3.49190E-03
  123.50      3.61410E-03
  124.50      3.56890E-03
  125.50      3.59290E-03
  126.50      3.61150E-03
  127.50      3.60460E-03
  128.50      3.59520E-03
  129.50      3.48710E-03
  130.50      3.49250E-03
  131.50      3.52740E-03
  132.50      3.47430E-03
  133.50      3.43280E-03
  134.50      3.44780E-03
  135.50      3.40280E-03
  136.50      3.36090E-03
  137.50      3.32740E-03
  138.50      3.30130E-03
  139.50      3.15850E-03
  140.50      3.13310E-03
  141.50      3.23290E-03
  142.50      3.10790E-03
  143.50      3.17310E-03
  144.20      3.16220E-03
  144.70      3.14640E-03
  145.50      3.10120E-03
  146.50      3.09560E-03
  147.50      3.06610E-03
  148.50      3.07850E-03
  149.50      3.03330E-03
  150.50      3.02810E-03
  151.20      3.02230E-03
  151.70      2.99830E-03
  152.50      2.96310E-03
  153.50      2.82880E-03
  154.50      2.66950E-03
  155.50      2.67740E-03
  156.50      2.74660E-03
  157.50      2.78560E-03
  158.50      2.80180E-03
  159.50      2.78330E-03
  160.50      2.68460E-03
  161.50      2.63780E-03
  162.50      2.64770E-03
  163.50      2.62260E-03
  164.50      2.53630E-03
  165.50      2.67070E-03
  166.50      2.65190E-03
  167.20      2.57380E-03
  167.70      2.69180E-03
  168.50      2.65660E-03
  169.50      2.63750E-03
  170.50      2.60540E-03
  171.50      2.55590E-03
  172.50      2.53240E-03
  173.50      2.58400E-03
  174.50      2.56270E-03
  175.50      2.52880E-03
  176.50      2.52890E-03
  177.50      2.51530E-03
  178.50      2.50840E-03
  179.50      2.47810E-03
  180.50      2.47150E-03
  181.50      2.45260E-03
  182.50      2.43120E-03
  183.50      2.43190E-03
  184.50      2.40200E-03
  185.50      2.38190E-03
  186.50      2.36790E-03
  187.50      2.35070E-03
  188.50      2.32840E-03
  189.50      2.32260E-03
  190.50      2.32370E-03
  191.50      2.29930E-03
  192.50      2.24510E-03
  193.50      2.27530E-03
  194.50      2.26960E-03
  195.50      2.22860E-03
  196.70      2.23350E-03
  197.60      2.22700E-03
  198.40      2.21070E-03
  199.50      2.18650E-03
  200.50      2.18750E-03
  201.50      2.17510E-03
  202.50      2.16100E-03
  203.50      2.14470E-03
  204.50      2.12990E-03
  205.50      1.71810E-03
  206.50      1.66500E-03
  207.40      1.68170E-03
  207.80      1.69920E-03
  208.50      1.76710E-03
  209.50      1.91260E-03
  210.50      2.03130E-03
  211.50      2.04620E-03
  212.50      2.02880E-03
  213.50      2.01870E-03
  214.50      2.00760E-03
  215.50      2.01280E-03
  216.50      1.95750E-03
  217.50      2.00020E-03
  218.50      1.93940E-03
  219.50      1.97760E-03
  220.50      1.96910E-03
  221.50      1.89800E-03
  222.50      1.94410E-03
  223.50      1.93380E-03
  224.50      1.91820E-03
  225.50      1.85060E-03
  226.50      1.89770E-03
  227.50      1.88700E-03
  228.50      1.86980E-03
  229.50      1.82210E-03
  230.50      1.79460E-03
  231.50      1.83620E-03
  232.50      1.82880E-03
  233.50      1.81770E-03
  234.50      1.80650E-03
  235.50      1.79480E-03
  236.50      1.78410E-03
  237.50      1.77170E-03
  238.50      1.70490E-03
  239.50      1.74300E-03
  240.50      1.74060E-03
  241.50      1.73010E-03
  242.50      1.72140E-03
  243.50      1.71000E-03
  244.50      1.70030E-03
  245.50      1.68870E-03
  246.50      1.68050E-03
  247.50      1.67100E-03
  248.50      1.65990E-03
  249.50      1.56450E-03
  250.50      1.63250E-03
  251.30      1.53570E-03
  251.80      1.60710E-03
  252.50      1.62120E-03
  253.50      1.61360E-03
  254.50      1.60370E-03
  255.50      1.59410E-03
  256.50      1.58570E-03
  257.50      1.57670E-03
  258.50      1.56790E-03
  259.50      1.55730E-03
  260.50      1.55280E-03
  261.50      1.54300E-03
  262.50      1.53550E-03
  263.50      1.52690E-03
  264.50      1.51770E-03
  265.50      1.50900E-03
  266.50      1.49880E-03
  267.50      1.48720E-03
  268.50      1.48410E-03
  269.50      1.47130E-03
  270.50      1.46800E-03
  271.50      1.45900E-03
  272.50      1.44610E-03
  273.50      1.40690E-03
  274.50      1.43600E-03
  275.50      1.42820E-03
  276.50      1.41440E-03
  277.50      1.41320E-03
  278.50      1.40500E-03
  279.50      1.39200E-03
  280.50      1.38880E-03
  281.50      1.38280E-03
  282.50      1.36900E-03
  283.50      1.36390E-03
  284.50      1.36100E-03
  285.50      1.35360E-03
  286.50      1.34590E-03
  287.50      1.33910E-03
  288.50      1.33210E-03
  289.50      1.32490E-03
  291.00      1.31400E-03
  293.00      1.30110E-03
  295.00      1.28200E-03
  297.00      1.27360E-03
  299.00      1.25880E-03
  301.00      1.24670E-03
  303.00      1.23260E-03
  305.00      1.22100E-03
  307.00      1.21030E-03
  309.00      1.19680E-03
  311.00      1.18590E-03
  313.00      1.17410E-03
  315.00      1.16240E-03
  317.00      1.15080E-03
  319.00      1.13440E-03
  321.00      1.11580E-03
  323.00      1.11840E-03
  325.00      1.10780E-03
  327.00      1.09520E-03
  329.00      1.08610E-03
  331.00      1.07640E-03
  333.00      1.06600E-03
  335.00      1.05420E-03
  337.00      1.04600E-03
  339.00      1.03690E-03
  341.00      1.02720E-03
  343.00      1.01610E-03
  345.00      1.00430E-03
  347.00      9.97140E-04
  349.00      9.88150E-04
  351.00      9.79590E-04
  353.00      9.71690E-04
  355.00      9.62230E-04
  357.00      9.56840E-04
  359.00      9.43830E-04
  361.00      9.37520E-04
  363.00      9.26840E-04
  364.00      9.19390E-04
  365.00      8.74530E-04
  367.00      8.68810E-04
  369.00      8.62360E-04
  371.00      8.51730E-04
  373.00      8.48100E-04
  375.00      8.47190E-04
  377.00      8.38480E-04
  379.00      8.55250E-04
  381.00      8.78470E-04
  383.00      8.13660E-04
  385.00      8.90250E-04
  387.00      9.00840E-04
  389.00      7.84560E-04
  391.00      8.94480E-04
  393.00      8.90240E-04
  395.00      8.80390E-04
  397.00      7.55040E-04
  399.00      8.63370E-04
  401.00      8.64110E-04
  403.00      8.32730E-04
  405.00      8.56180E-04
  407.00      8.44740E-04
  409.00      7.97750E-04
  411.00      7.35570E-04
  413.00      8.19520E-04
  415.00      8.16960E-04
  417.00      8.15430E-04
  419.00      8.06110E-04
  421.00      7.95720E-04
  423.00      7.96730E-04
  425.00      7.89770E-04
  427.00      7.82620E-04
  429.00      7.76540E-04
  431.00      7.66270E-04
  433.00      7.17290E-04
  435.00      6.78650E-04
  437.00      7.47320E-04
  439.00      7.34130E-04
  441.00      7.39970E-04
  443.00      7.34290E-04
  445.00      7.29400E-04
  447.00      7.03560E-04
  449.00      7.17840E-04
  451.00      7.12170E-04
  453.00      7.06210E-04
  455.00      6.92800E-04
  457.00      6.96720E-04
  459.00      6.90980E-04
  461.00      6.85770E-04
  463.00      6.79450E-04
  465.00      6.67480E-04
  467.00      6.69520E-04
  469.00      6.48900E-04
  471.00      6.55240E-04
  473.00      6.56130E-04
  475.00      6.51240E-04
  477.00      6.46590E-04
  479.00      6.41850E-04
  481.00      6.36570E-04
  483.00      6.28960E-04
  485.00      5.96010E-04
  487.00      5.55140E-04
  489.00      6.13710E-04
  491.00      6.12600E-04
  493.00      6.00000E-04
  495.00      6.05360E-04
  497.00      6.01440E-04
  499.00      5.97190E-04
  501.00      5.88300E-04
  503.00      5.88670E-04
  505.00      5.83010E-04
  507.00      5.80620E-04
  509.00      5.76580E-04
  511.00      5.72590E-04
  513.00      5.68630E-04
  515.00      5.64680E-04
  517.00      5.60780E-04
  519.00      5.56980E-04
  521.00      5.53210E-04
  523.00      5.49460E-04
  525.00      5.45610E-04
  527.00      5.41920E-04
  529.00      5.38400E-04
  531.00      5.34790E-04
  533.00      5.31220E-04
  535.00      5.27680E-04
  537.00      5.24180E-04
  539.00      5.20690E-04
  541.00      5.10520E-04
  543.00      5.13870E-04
  545.00      5.10510E-04
  547.00      5.07170E-04
  549.00      5.03870E-04
  551.00      5.00570E-04
  553.00      4.97370E-04
  555.00      4.94160E-04
  557.00      4.90980E-04
  559.00      4.87620E-04
  561.00      4.84720E-04
  563.00      4.81640E-04
  565.00      4.78580E-04
  567.00      4.75520E-04
  569.00      4.69450E-04
  571.00      4.57360E-04
  573.00      4.54660E-04
  575.00      4.51910E-04
  577.00      4.49300E-04
  579.00      4.46650E-04
  581.00      4.43930E-04
  583.00      4.41400E-04
  585.00      4.39230E-04
  587.00      4.28720E-04
  589.00      4.34550E-04
  591.00      4.33430E-04
  593.00      4.31780E-04
  595.00      4.30210E-04
  597.00      4.28780E-04
  599.00      4.27380E-04
  601.00      4.25920E-04
  603.00      4.24210E-04
  605.00      4.23050E-04
  607.00      4.20820E-04
  609.00      4.18320E-04
  611.00      4.15840E-04
  613.00      4.13390E-04
  615.00      4.10930E-04
  617.00      4.08510E-04
  619.00      4.06150E-04
  621.00      4.03780E-04
  623.00      4.01430E-04
  625.00      3.99100E-04
  627.00      3.96790E-04
  629.00      3.94500E-04
  631.00      3.92160E-04
  633.00      3.89980E-04
  635.00      3.87750E-04
  637.00      3.85540E-04
  639.00      3.83340E-04
  641.00      3.80820E-04
  643.00      3.79010E-04
  645.00      3.76870E-04
  647.00      3.74710E-04
  649.00      3.72620E-04
  651.00      3.70210E-04
  653.00      3.66070E-04
  655.00      3.55820E-04
  657.00      3.28510E-04
  659.00      3.59520E-04
  661.00      3.59960E-04
  663.00      3.58410E-04
  665.00      3.56510E-04
  667.00      3.51660E-04
  669.00      3.48970E-04
  671.00      3.50590E-04
  673.00      3.48740E-04
  675.00      3.46870E-04
  677.00      3.45060E-04
  679.00      3.43180E-04
  681.00      3.41360E-04
  683.00      3.39530E-04
  685.00      3.37720E-04
  687.00      3.35920E-04
  689.00      3.32960E-04
  691.00      3.32290E-04
  693.00      3.30610E-04
  695.00      3.28870E-04
  697.00      3.27140E-04
  699.00      3.25420E-04
  701.00      3.23700E-04
  703.00      3.21940E-04
  705.00      3.20330E-04
  707.00      3.15480E-04
  709.00      3.17050E-04
  711.00      3.15400E-04
  713.00      3.13780E-04
  715.00      3.12170E-04
  717.00      3.09730E-04
  719.00      3.08450E-04
  721.00      3.07410E-04
  723.00      3.05730E-04
  725.00      3.04280E-04
  727.00      3.02760E-04
  729.00      2.99720E-04
  731.00      2.99690E-04
  733.00      2.98210E-04
  735.00      2.96710E-04
  737.00      2.95230E-04
  739.00      2.93760E-04
  741.00      2.92300E-04
  743.00      2.90850E-04
  745.00      2.89420E-04
  747.00      2.87990E-04
  749.00      2.86490E-04
  751.00      2.85140E-04
  753.00      2.83770E-04
  755.00      2.82390E-04
  757.00      2.81000E-04
  759.00      2.78120E-04
  761.00      2.78210E-04
  763.00      2.76940E-04
  765.00      2.75600E-04
  767.00      2.74270E-04
  769.00      2.72920E-04
  771.00      2.71630E-04
  773.00      2.70280E-04
  775.00      2.69060E-04
  777.00      2.67780E-04
  779.00      2.66510E-04
  781.00      2.65190E-04
  783.00      2.63990E-04
  785.00      2.62860E-04
  787.00      2.61600E-04
  789.00      2.60370E-04
  791.00      2.59170E-04
  793.00      2.57960E-04
  795.00      2.56760E-04
  797.00      2.55550E-04
  799.00      2.54380E-04
  801.00      2.53200E-04
  803.00      2.52020E-04
  805.00      2.50870E-04
  807.00      2.49720E-04
  809.00      2.48470E-04
  811.00      2.47370E-04
  813.00      2.46300E-04
  815.00      2.45040E-04
  817.00      2.44050E-04
  819.00      2.42500E-04
  821.00      2.38500E-04
  823.00      2.36660E-04
  825.00      2.36340E-04
  827.00      2.35210E-04
  829.00      2.34560E-04
  831.00      2.33590E-04
  833.00      2.32450E-04
  835.00      2.31060E-04
  837.00      2.30380E-04
  839.00      2.29520E-04
  841.00      2.28540E-04
  843.00      2.27510E-04
  845.00      2.25960E-04
  847.00      2.25620E-04
  849.00      2.24550E-04
  851.00      2.23640E-04
  853.00      2.22610E-04
  855.00      2.21740E-04
  857.00      2.21200E-04
  859.00      2.18770E-04
  861.00      2.18870E-04
  863.00      2.18990E-04
  865.00      2.16830E-04
  867.00      2.14590E-04
  869.00      2.16460E-04
  871.00      2.16450E-04
  873.00      2.13650E-04
  875.00      2.08530E-04
  877.00      2.11000E-04
  879.00      2.13540E-04
  881.00      2.13380E-04
  883.00      2.11820E-04
  885.00      2.05260E-04
  887.00      2.00260E-04
  889.00      2.07890E-04
  891.00      2.09490E-04
  893.00      2.09190E-04
  895.00      2.08620E-04
  897.00      2.07240E-04
  899.00      2.03140E-04
  901.00      1.92180E-04
  903.00      1.95790E-04
  905.00      2.02360E-04
  907.00      2.02120E-04
  909.00      2.02690E-04
  911.00      2.02280E-04
  913.00      2.01810E-04
  915.00      2.00640E-04
  917.00      1.99290E-04
  919.00      1.97600E-04
  921.00      1.91430E-04
  923.00      1.79610E-04
  925.00      1.89650E-04
  927.00      1.94150E-04
  929.00      1.94610E-04
  931.00      1.93870E-04
  933.00      1.93650E-04
  935.00      1.90840E-04
  937.00      1.92180E-04
  939.00      1.91500E-04
  941.00      1.90710E-04
  943.00      1.89950E-04
  945.00      1.89190E-04
  947.00      1.87470E-04
  949.00      1.86920E-04
  951.00      1.84060E-04
  953.00      1.77910E-04
  955.00      1.66980E-04
  957.00      1.78890E-04
  959.00      1.82340E-04
  961.00      1.82440E-04
  963.00      1.81800E-04
  965.00      1.81850E-04
  967.00      1.81140E-04
  969.00      1.80370E-04
  971.00      1.79050E-04
  973.00      1.78990E-04
  975.00      1.78340E-04
  977.00      1.77630E-04
  979.00      1.76960E-04
  981.00      1.76270E-04
  983.00      1.75600E-04
  985.00      1.74920E-04
  987.00      1.74250E-04
  989.00      1.73580E-04
  991.00      1.72860E-04
  993.00      1.72260E-04
  995.00      1.71600E-04
  997.00      1.70770E-04
  999.00      1.69690E-04
  1002.5      1.63160E-04
  1007.5      1.60100E-04
  1012.5      1.64050E-04
  1017.5      1.64470E-04
  1022.5      1.62920E-04
  1027.5      1.61440E-04
  1032.5      1.59520E-04
  1037.5      1.58500E-04
  1042.5      1.56980E-04
  1047.5      1.55630E-04
  1052.5      1.54230E-04
  1057.5      1.52840E-04
  1062.5      1.51480E-04
  1067.5      1.49990E-04
  1072.5      1.48800E-04
  1077.5      1.47490E-04
  1082.5      1.45280E-04
  1087.5      1.44290E-04
  1092.5      1.34910E-04
  1097.5      1.39300E-04
  1102.5      1.40520E-04
  1107.5      1.39870E-04
  1112.5      1.38770E-04
  1117.5      1.37600E-04
  1122.5      1.36390E-04
  1127.5      1.35270E-04
  1132.5      1.34130E-04
  1137.5      1.33010E-04
  1142.5      1.31900E-04
  1147.5      1.30810E-04
  1152.5      1.29730E-04
  1157.5      1.28660E-04
  1162.5      1.27060E-04
  1167.5      1.26400E-04
  1172.5      1.25530E-04
  1177.5      1.24510E-04
  1182.5      1.23500E-04
  1187.5      1.22510E-04
  1192.5      1.21530E-04
  1197.5      1.19650E-04
  1202.5      1.19600E-04
  1207.5      1.18650E-04
  1212.5      1.17720E-04
  1217.5      1.16800E-04
  1222.5      1.15880E-04
  1227.5      1.14980E-04
  1232.5      1.14090E-04
  1237.5      1.13200E-04
  1242.5      1.12330E-04
  1247.5      1.11470E-04
  1252.5      1.10480E-04
  1257.5      1.09770E-04
  1262.5      1.08940E-04
  1267.5      1.08120E-04
  1272.5      1.07200E-04
  1277.5      1.04860E-04
  1282.5      9.91620E-05
  1287.5      1.04120E-04
  1292.5      1.04070E-04
  1297.5      1.02940E-04
  1302.5      1.02610E-04
  1307.5      1.01850E-04
  1312.5      1.01110E-04
  1317.5      1.00370E-04
  1322.5      9.96460E-05
  1327.5      9.89250E-05
  1332.5      9.82120E-05
  1337.5      9.75070E-05
  1342.5      9.67680E-05
  1347.5      9.61190E-05
  1352.5      9.54360E-05
  1357.5      9.47610E-05
  1362.5      9.40920E-05
  1367.5      9.34320E-05
  1372.5      9.27750E-05
  1377.5      9.21300E-05
  1382.5      9.14900E-05
  1387.5      9.08550E-05
  1392.5      9.02270E-05
  1397.5      8.96070E-05
  1402.5      8.89910E-05
  1407.5      8.83840E-05
  1412.5      8.77820E-05
  1417.5      8.71860E-05
  1422.5      8.65960E-05
  1427.5      8.60120E-05
  1432.5      8.54340E-05
  1437.5      8.48610E-05
  1442.5      8.42950E-05
  1447.5      8.37340E-05
  1452.5      8.31780E-05
  1457.0      8.26830E-05
  1462.0      8.21330E-05
  1467.5      8.15430E-05
  1472.5      8.10020E-05
  1477.5      8.02660E-05
  1482.5      7.99630E-05
  1487.5      7.94490E-05
  1492.5      7.89390E-05
  1497.5      7.84330E-05
  1502.5      7.79310E-05
  1507.5      7.73510E-05
  1512.5      7.69420E-05
  1517.5      7.64540E-05
  1522.5      7.59720E-05
  1527.5      7.54910E-05
  1532.5      7.50130E-05
  1537.5      7.45450E-05
  1542.5      7.40660E-05
  1547.5      7.36150E-05
  1552.5      7.31500E-05
  1557.5      7.26690E-05
  1562.5      7.22640E-05
  1567.5      7.17560E-05
  1572.5      7.12880E-05
  1577.5      7.09510E-05
  1582.5      7.04890E-05
  1587.5      6.98400E-05
  1592.5      6.95690E-05
  1597.5      6.92780E-05
  1605.0      6.85270E-05
  1615.0      6.75240E-05
  1625.0      6.70910E-05
  1635.0      6.59990E-05
  1645.0      6.49140E-05
  1655.0      6.48520E-05
  1665.0      6.41420E-05
  1675.0      6.28200E-05
  1685.0      6.16550E-05
  1695.0      6.19010E-05
  1705.0      6.10030E-05
  1715.0      6.05650E-05
  1725.0      5.97640E-05
  1735.0      5.77120E-05
  1745.0      5.82340E-05
  1755.0      5.79060E-05
  1765.0      5.72700E-05
  1775.0      5.66430E-05
  1785.0      5.60260E-05
  1795.0      5.54190E-05
  1805.0      5.47460E-05
  1815.0      5.27360E-05
  1825.0      5.31850E-05
  1835.0      5.30880E-05
  1845.0      5.25290E-05
  1855.0      5.19700E-05
  1865.0      5.09010E-05
  1875.0      4.91560E-05
  1885.0      5.02980E-05
  1895.0      4.98590E-05
  1905.0      4.92170E-05
  1915.0      4.88400E-05
  1925.0      4.83530E-05
  1935.0      4.76930E-05
  1945.0      4.57340E-05
  1955.0      4.67100E-05
  1965.0      4.64490E-05
  1975.0      4.59920E-05
  1985.0      4.55400E-05
  1995.0      4.50950E-05
  2005.0      4.46560E-05
  2015.0      4.42240E-05
  2025.0      4.37980E-05
  2035.0      4.33780E-05
  2045.0      4.29570E-05
  2055.0      4.25170E-05
  2065.0      4.21540E-05
  2075.0      4.17570E-05
  2085.0      4.13660E-05
  2095.0      4.09810E-05
  2105.0      4.06000E-05
  2115.0      4.01420E-05
  2125.0      3.98560E-05
  2135.0      3.94910E-05
  2145.0      3.91250E-05
  2155.0      3.86630E-05
  2165.0      3.70100E-05
  2175.0      3.78680E-05
  2185.0      3.77260E-05
  2195.0      3.74040E-05
  2205.0      3.70730E-05
  2215.0      3.67450E-05
  2225.0      3.64200E-05
  2235.0      3.61040E-05
  2245.0      3.57890E-05
  2255.0      3.54790E-05
  2265.0      3.51720E-05
  2275.0      3.48700E-05
  2285.0      3.46320E-05
  2295.0      3.43370E-05
  2305.0      3.40360E-05
  2315.0      3.37570E-05
  2325.0      3.34720E-05
  2335.0      3.31910E-05
  2345.0      3.29140E-05
  2355.0      3.26400E-05
  2365.0      3.23700E-05
  2375.0      3.21020E-05
  2385.0      3.18390E-05
  2395.0      3.15780E-05
  2405.0      3.13200E-05
  2415.0      3.10660E-05
  2425.0      3.08130E-05
  2435.0      3.05660E-05
  2445.0      3.03210E-05
  2455.0      3.00790E-05
  2465.0      2.98390E-05
  2475.0      2.95650E-05
  2485.0      2.93690E-05
  2495.0      2.91380E-05
  2505.0      2.89100E-05
  2515.0      2.86840E-05
  2525.0      2.84250E-05
  2535.0      2.82400E-05
  2545.0      2.80220E-05
  2555.0      2.77910E-05
  2565.0      2.75210E-05
  2575.0      2.73730E-05
  2585.0      2.71750E-05
  2595.0      2.69690E-05
  2605.0      2.66840E-05
  2615.0      2.63360E-05
  2625.0      2.53530E-05
  2635.0      2.60020E-05
  2645.0      2.59590E-05
  2655.0      2.57680E-05
  2665.0      2.55320E-05
  2675.0      2.52380E-05
  2685.0      2.51540E-05
  2695.0      2.50340E-05
  2705.0      2.48530E-05
  2715.0      2.46730E-05
  2725.0      2.44940E-05
  2735.0      2.43180E-05
  2745.0      2.41060E-05
  2755.0      2.37400E-05
  2765.0      2.36620E-05
  2775.0      2.36180E-05
  2785.0      2.34650E-05
  2795.0      2.33000E-05
  2805.0      2.31370E-05
  2815.0      2.29750E-05
  2825.0      2.28150E-05
  2835.0      2.26560E-05
  2845.0      2.24990E-05
  2855.0      2.23270E-05
  2865.0      2.20500E-05
  2875.0      2.16960E-05
  2885.0      2.18200E-05
  2895.0      2.17390E-05
  2905.0      2.15920E-05
  2915.0      2.14460E-05
  2925.0      2.13020E-05
  2935.0      2.11590E-05
  2945.0      2.10170E-05
  2955.0      2.08770E-05
  2965.0      2.07380E-05
  2975.0      2.06010E-05
  2985.0      2.04650E-05
  2995.0      2.03300E-05
  3005.0      2.01970E-05
  3015.0      2.00650E-05
  3025.0      1.98890E-05
  3035.0      1.94610E-05
  3045.0      1.94400E-05
  3055.0      1.95190E-05
  3065.0      1.94230E-05
  3075.0      1.92990E-05
  3085.0      1.91760E-05
  3095.0      1.90530E-05
  3105.0      1.89320E-05
  3115.0      1.88120E-05
  3125.0      1.86940E-05
  3135.0      1.85760E-05
  3145.0      1.84590E-05
  3155.0      1.83440E-05
  3165.0      1.82300E-05
  3175.0      1.81160E-05
  3185.0      1.80040E-05
  3195.0      1.78930E-05
  3210.0      1.77280E-05
  3230.0      1.75110E-05
  3250.0      1.72990E-05
  3270.0      1.70870E-05
  3290.0      1.65900E-05
  3310.0      1.65930E-05
  3330.0      1.64970E-05
  3350.0      1.63050E-05
  3370.0      1.61140E-05
  3390.0      1.59260E-05
  3410.0      1.57420E-05
  3430.0      1.55600E-05
  3450.0      1.53820E-05
  3470.0      1.52070E-05
  3490.0      1.50350E-05
  3510.0      1.48660E-05
  3530.0      1.46990E-05
  3550.0      1.45360E-05
  3570.0      1.43750E-05
  3590.0      1.42170E-05
  3610.0      1.40610E-05
  3630.0      1.39080E-05
  3650.0      1.37570E-05
  3670.0      1.36090E-05
  3690.0      1.34630E-05
  3710.0      1.33060E-05
  3730.0      1.30300E-05
  3750.0      1.28420E-05
  3770.0      1.28970E-05
  3790.0      1.27680E-05
  3810.0      1.26350E-05
  3830.0      1.25040E-05
  3850.0      1.23760E-05
  3870.0      1.22490E-05
  3890.0      1.21240E-05
  3910.0      1.19940E-05
  3930.0      1.18810E-05
  3950.0      1.17620E-05
  3970.0      1.16440E-05
  3990.0      1.15290E-05
  4010.0      1.14000E-05
  4030.0      1.12640E-05
  4050.0      1.09510E-05
  4070.0      1.10740E-05
  4090.0      1.09750E-05
  4110.0      1.08700E-05
  4130.0      1.07600E-05
  4150.0      1.06600E-05
  4170.0      1.05140E-05
  4190.0      1.04550E-05
  4210.0      1.03620E-05
  4230.0      1.02650E-05
  4250.0      1.01670E-05
  4270.0      1.00750E-05
  4290.0      9.97430E-06
  4310.0      9.89000E-06
  4330.0      9.79930E-06
  4350.0      9.70970E-06
  4370.0      9.55760E-06
  4390.0      9.50610E-06
  4410.0      9.44880E-06
  4430.0      9.36420E-06
  4450.0      9.28070E-06
  4470.0      9.20210E-06
  4490.0      9.12070E-06
  4510.0      9.04030E-06
  4530.0      8.96110E-06
  4550.0      8.88280E-06
  4570.0      8.80560E-06
  4590.0      8.72930E-06
  4610.0      8.65270E-06
  4630.0      8.56770E-06
  4650.0      8.27980E-06
  4670.0      8.31490E-06
  4690.0      8.33050E-06
  4710.0      8.29190E-06
  4730.0      8.22230E-06
  4750.0      8.15350E-06
  4770.0      8.08560E-06
  4790.0      8.01850E-06
  4810.0      7.95220E-06
  4830.0      7.88670E-06
  4850.0      7.82200E-06
  4870.0      7.75810E-06
  4890.0      7.69500E-06
  4910.0      7.63260E-06
  4930.0      7.57100E-06
  4950.0      7.51010E-06
  4970.0      7.45000E-06
  4990.0      7.39050E-06
  5010.0      7.33180E-06
  5030.0      7.27380E-06
  5050.0      7.21640E-06
  5070.0      7.15970E-06
  5090.0      7.10360E-06
  5110.0      7.02640E-06
  5130.0      6.87810E-06
  5150.0      6.92410E-06
  5170.0      6.88600E-06
  5190.0      6.83320E-06
  5210.0      6.78090E-06
  5230.0      6.72930E-06
  5250.0      6.67820E-06
  5270.0      6.62770E-06
  5290.0      6.57770E-06
  5310.0      6.52840E-06
  5330.0      6.47950E-06
  5350.0      6.43120E-06
  5370.0      6.38340E-06
  5390.0      6.33620E-06
  5410.0      6.28950E-06
  5430.0      6.24330E-06
  5450.0      6.19770E-06
  5470.0      6.15250E-06
  5490.0      6.10770E-06
  5510.0      6.06350E-06
  5530.0      6.01970E-06
  5550.0      5.97650E-06
  5570.0      5.93370E-06
  5590.0      5.89130E-06
  5610.0      5.84940E-06
  5630.0      5.80800E-06
  5650.0      5.76690E-06
  5670.0      5.72630E-06
  5690.0      5.68610E-06
  5710.0      5.64620E-06
  5730.0      5.60700E-06
  5750.0      5.56810E-06
  5770.0      5.52960E-06
  5790.0      5.49150E-06
  5810.0      5.45370E-06
  5830.0      5.41630E-06
  5850.0      5.38070E-06
  5870.0      5.34400E-06
  5890.0      5.28440E-06
  5910.0      5.15140E-06
  5930.0      5.21780E-06
  5950.0      5.18510E-06
  5970.0      5.16000E-06
  5990.0      5.13200E-06
  6010.0      5.09790E-06
  6030.0      5.06410E-06
  6050.0      5.03070E-06
  6070.0      4.99750E-06
  6090.0      4.96470E-06
  6110.0      4.93230E-06
  6130.0      4.90010E-06
  6150.0      4.86820E-06
  6170.0      4.83670E-06
  6190.0      4.80540E-06
  6210.0      4.77450E-06
  6230.0      4.74380E-06
  6250.0      4.71340E-06
  6270.0      4.67930E-06
  6290.0      4.62960E-06
  6310.0      4.61700E-06
  6330.0      4.59480E-06
  6350.0      4.56590E-06
  6370.0      4.53730E-06
  6390.0      4.50890E-06
  6420.0      4.46680E-06
  6460.0      4.41150E-06
  6500.0      4.35730E-06
  6540.0      4.30400E-06
  6580.0      4.25170E-06
  6620.0      4.20040E-06
  6660.0      4.14990E-06
  6700.0      4.10040E-06
  6740.0      4.04740E-06
  6780.0      3.97990E-06
  6820.0      3.95690E-06
  6860.0      3.91080E-06
  6900.0      3.86550E-06
  6940.0      3.82090E-06
  6980.0      3.77710E-06
  7020.0      3.73410E-06
  7060.0      3.69170E-06
  7100.0      3.65010E-06
  7140.0      3.60920E-06
  7180.0      3.56890E-06
  7220.0      3.52940E-06
  7260.0      3.49040E-06
  7300.0      3.45210E-06
  7340.0      3.41440E-06
  7380.0      3.37740E-06
  7420.0      3.33620E-06
  7460.0      3.23370E-06
  7500.0      3.19060E-06
  7540.0      3.22540E-06
  7580.0      3.20080E-06
  7620.0      3.16720E-06
  7660.0      3.13400E-06
  7700.0      3.10140E-06
  7740.0      3.06930E-06
  7780.0      3.03760E-06
  7820.0      3.00650E-06
  7860.0      2.97590E-06
  7900.0      2.94560E-06
  7940.0      2.91590E-06
  7980.0      2.88660E-06
  8020.0      2.85770E-06
  8060.0      2.82930E-06
  8100.0      2.80120E-06
  8140.0      2.77310E-06
  8180.0      2.74640E-06
  8220.0      2.71960E-06
  8260.0      2.69320E-06
  8300.0      2.66720E-06
  8340.0      2.64150E-06
  8380.0      2.61620E-06
  8420.0      2.59120E-06
  8460.0      2.56660E-06
  8500.0      2.54240E-06
  8540.0      2.51850E-06
  8580.0      2.49490E-06
  8620.0      2.47160E-06
  8660.0      2.44330E-06
  8700.0      2.42520E-06
  8740.0      2.38310E-06
  8780.0      2.36170E-06
  8820.0      2.36010E-06
  8860.0      2.33870E-06
  8900.0      2.31760E-06
  8940.0      2.29680E-06
  8980.0      2.27620E-06
  9020.0      2.25600E-06
  9060.0      2.23590E-06
  9100.0      2.21620E-06
  9140.0      2.19670E-06
  9180.0      2.17740E-06
  9220.0      2.15850E-06
  9260.0      2.13970E-06
  9300.0      2.12120E-06
  9340.0      2.10290E-06
  9380.0      2.07610E-06
  9420.0      2.06410E-06
  9460.0      2.04950E-06
  9500.0      2.03220E-06
  9540.0      2.01500E-06
  9580.0      1.99810E-06
  9620.0      1.98140E-06
  9660.0      1.96490E-06
  9700.0      1.94860E-06
  9740.0      1.93250E-06
  9780.0      1.91660E-06
  9820.0      1.90090E-06
  9860.0      1.88530E-06
  9900.0      1.87000E-06
  9940.0      1.85490E-06
  9980.0      1.83990E-06
  10020.      1.82510E-06
  20000.      4.49760E-07
  40000.      1.09410E-07
  60000.      4.77540E-08
  80000.      2.64990E-08
 1.00000E+05  1.67810E-08
 1.20000E+05  1.15530E-08
 1.40000E+05  8.42730E-09
 1.60000E+05  6.41270E-09
