 Castelli and Kurucz 2004-2012 Atmosphere
 T     42000.     G    4.50000 [-1.0] VTURB=2  L/H=1.25 NOVER NEW ODF          
 Wavelength  Eddington Hnu
   (nm)    (ergs/s/cm2/Hz/sr)
  9.0900      6.35680E-23
  9.3500      2.07360E-22
  9.6100      6.36620E-22
  9.7700      1.24110E-21
  9.9600      2.66660E-21
  10.200      6.75650E-21
  10.380      1.32480E-20
  10.560      2.54530E-20
  10.770      5.32090E-20
  11.040      1.32440E-19
  11.400      4.21520E-19
  11.780      1.34130E-18
  12.130      3.68310E-18
  12.480      9.62540E-18
  12.710      1.76560E-17
  12.840      2.46690E-17
  13.050      4.18290E-17
  13.240      6.66180E-17
  13.390      9.54580E-17
  13.660      1.79260E-16
  13.980      3.68780E-16
  14.330      7.84940E-16
  14.720      1.74810E-15
  15.100      3.71500E-15
  15.520      8.18690E-15
  15.880      1.56490E-14
  16.200      2.72780E-14
  16.600      5.31780E-14
  17.030      1.05340E-13
  17.340      1.69160E-13
  17.680      2.80070E-13
  18.020      4.55070E-13
  18.170      5.58110E-13
  18.610      1.01660E-12
  19.100      1.91340E-12
  19.390      2.74600E-12
  19.840      4.70820E-12
  20.180      6.96770E-12
  20.500      9.98020E-12
  21.050      1.80450E-11
  21.620      3.23170E-11
  21.980      4.60700E-11
  22.300      6.24610E-11
  22.680      8.85370E-11
  23.000      2.26350E-08
  23.400      1.00820E-07
  24.000      3.18690E-07
  24.650      2.31690E-06
  25.240      7.80940E-06
  25.680      7.65820E-06
  26.000      1.80410E-05
  26.400      4.66690E-05
  26.850      6.50570E-05
  27.350      7.95200E-05
  27.850      6.80830E-05
  28.400      1.18050E-04
  29.000      1.45620E-04
  29.600      1.10320E-04
  30.100      2.97550E-05
  30.800      7.60910E-05
  31.800      9.56910E-05
  32.800      1.23730E-04
  33.800      1.11230E-04
  34.800      1.21330E-04
  35.700      2.14110E-04
  36.600      3.06710E-04
  37.500      3.56010E-04
  38.500      3.35950E-04
  39.500      4.46440E-04
  40.500      5.38110E-04
  41.400      5.64320E-04
  42.200      5.62220E-04
  43.000      5.49990E-04
  44.100      6.41220E-04
  45.100      6.81320E-04
  46.000      6.56070E-04
  47.000      6.80330E-04
  48.000      7.43430E-04
  49.000      6.92130E-04
  50.000      8.02790E-04
  50.600      7.83430E-04
  51.200      1.09340E-03
  52.000      1.07010E-03
  53.000      1.04820E-03
  54.000      9.73870E-04
  55.000      9.45750E-04
  56.000      1.17120E-03
  57.000      1.23770E-03
  58.000      1.23280E-03
  59.000      1.28080E-03
  60.000      1.22850E-03
  61.000      1.20990E-03
  62.000      1.38660E-03
  63.000      1.37140E-03
  64.000      1.45240E-03
  65.000      1.43680E-03
  65.800      1.38360E-03
  66.500      1.48800E-03
  67.500      1.54710E-03
  68.500      1.47990E-03
  69.500      1.57890E-03
  70.500      1.50570E-03
  71.600      1.64240E-03
  72.600      1.67610E-03
  73.500      1.69880E-03
  74.500      1.68570E-03
  75.500      1.69220E-03
  76.500      1.66240E-03
  77.500      1.72670E-03
  78.500      1.70910E-03
  79.500      1.76320E-03
  80.500      1.78360E-03
  81.500      1.81230E-03
  82.500      1.83750E-03
  83.500      1.74390E-03
  84.500      1.85700E-03
  85.500      1.84750E-03
  86.500      1.89630E-03
  87.500      1.91590E-03
  88.500      1.91980E-03
  89.500      1.93150E-03
  90.500      1.92320E-03
  91.500      1.56560E-03
  92.500      2.68040E-03
  93.500      3.50780E-03
  94.500      4.17230E-03
  95.500      4.56470E-03
  96.500      5.04520E-03
  97.500      4.02910E-03
  98.500      4.86750E-03
  99.500      4.56520E-03
  100.50      4.76850E-03
  101.50      4.83270E-03
  102.50      4.16280E-03
  103.50      4.88670E-03
  104.50      4.95940E-03
  105.50      4.93510E-03
  106.50      4.80340E-03
  107.50      4.83200E-03
  108.50      4.62800E-03
  109.50      4.81190E-03
  110.50      4.74290E-03
  111.50      4.70750E-03
  112.50      4.59410E-03
  113.50      4.69660E-03
  114.50      4.67730E-03
  115.50      4.58500E-03
  116.50      4.51990E-03
  117.50      4.18900E-03
  118.50      4.42850E-03
  119.50      4.39490E-03
  120.50      4.36830E-03
  121.50      3.69850E-03
  122.50      4.30520E-03
  123.50      4.27380E-03
  124.50      4.23410E-03
  125.50      4.28130E-03
  126.50      4.27460E-03
  127.50      4.25800E-03
  128.50      4.24010E-03
  129.50      4.20570E-03
  130.50      4.15550E-03
  131.50      4.14900E-03
  132.50      4.10720E-03
  133.50      4.09580E-03
  134.50      4.08270E-03
  135.50      4.00740E-03
  136.50      3.93870E-03
  137.50      3.88260E-03
  138.50      3.89690E-03
  139.50      3.83110E-03
  140.50      3.74540E-03
  141.50      3.85680E-03
  142.50      3.76150E-03
  143.50      3.80140E-03
  144.20      3.74190E-03
  144.70      3.73750E-03
  145.50      3.69510E-03
  146.50      3.69060E-03
  147.50      3.67830E-03
  148.50      3.69470E-03
  149.50      3.64940E-03
  150.50      3.64780E-03
  151.20      3.64770E-03
  151.70      3.60380E-03
  152.50      3.59170E-03
  153.50      3.48670E-03
  154.50      3.27340E-03
  155.50      3.29010E-03
  156.50      3.39180E-03
  157.50      3.42100E-03
  158.50      3.40280E-03
  159.50      3.38500E-03
  160.50      3.30280E-03
  161.50      3.27160E-03
  162.50      3.25270E-03
  163.50      3.21730E-03
  164.50      3.09690E-03
  165.50      3.25320E-03
  166.50      3.23950E-03
  167.20      3.16360E-03
  167.70      3.24960E-03
  168.50      3.22460E-03
  169.50      3.20970E-03
  170.50      3.17280E-03
  171.50      3.10070E-03
  172.50      3.10310E-03
  173.50      3.13840E-03
  174.50      3.11140E-03
  175.50      3.07880E-03
  176.50      3.07280E-03
  177.50      3.05640E-03
  178.50      3.04340E-03
  179.50      3.01040E-03
  180.50      2.99640E-03
  181.50      2.97720E-03
  182.50      2.95490E-03
  183.50      2.94390E-03
  184.50      2.92350E-03
  185.50      2.90140E-03
  186.50      2.88220E-03
  187.50      2.85990E-03
  188.50      2.84110E-03
  189.50      2.83730E-03
  190.50      2.82050E-03
  191.50      2.80160E-03
  192.50      2.75500E-03
  193.50      2.76720E-03
  194.50      2.75040E-03
  195.50      2.72510E-03
  196.70      2.71020E-03
  197.60      2.69420E-03
  198.40      2.68280E-03
  199.50      2.66290E-03
  200.50      2.64810E-03
  201.50      2.63110E-03
  202.50      2.61420E-03
  203.50      2.59690E-03
  204.50      2.57520E-03
  205.50      1.98890E-03
  206.50      1.93050E-03
  207.40      1.98380E-03
  207.80      2.03690E-03
  208.50      2.18950E-03
  209.50      2.42840E-03
  210.50      2.48250E-03
  211.50      2.47970E-03
  212.50      2.46190E-03
  213.50      2.44650E-03
  214.50      2.43570E-03
  215.50      2.46090E-03
  216.50      2.37630E-03
  217.50      2.44730E-03
  218.50      2.35930E-03
  219.50      2.41850E-03
  220.50      2.40640E-03
  221.50      2.31510E-03
  222.50      2.37620E-03
  223.50      2.36320E-03
  224.50      2.34630E-03
  225.50      2.26330E-03
  226.50      2.31960E-03
  227.50      2.30690E-03
  228.50      2.28900E-03
  229.50      2.25500E-03
  230.50      2.19840E-03
  231.50      2.24700E-03
  232.50      2.23760E-03
  233.50      2.22460E-03
  234.50      2.21010E-03
  235.50      2.19650E-03
  236.50      2.18350E-03
  237.50      2.16890E-03
  238.50      2.08950E-03
  239.50      2.13590E-03
  240.50      2.12830E-03
  241.50      2.11630E-03
  242.50      2.10800E-03
  243.50      2.09440E-03
  244.50      2.08260E-03
  245.50      2.06700E-03
  246.50      2.05830E-03
  247.50      2.04780E-03
  248.50      2.03410E-03
  249.50      1.95220E-03
  250.50      2.00450E-03
  251.30      1.88080E-03
  251.80      1.97950E-03
  252.50      1.98210E-03
  253.50      1.97790E-03
  254.50      1.96730E-03
  255.50      1.95540E-03
  256.50      1.94490E-03
  257.50      1.93360E-03
  258.50      1.92310E-03
  259.50      1.90580E-03
  260.50      1.90190E-03
  261.50      1.88890E-03
  262.50      1.88110E-03
  263.50      1.87090E-03
  264.50      1.85970E-03
  265.50      1.85010E-03
  266.50      1.83920E-03
  267.50      1.82520E-03
  268.50      1.81870E-03
  269.50      1.80790E-03
  270.50      1.80030E-03
  271.50      1.78980E-03
  272.50      1.77920E-03
  273.50      1.72270E-03
  274.50      1.76150E-03
  275.50      1.75160E-03
  276.50      1.74120E-03
  277.50      1.73280E-03
  278.50      1.72260E-03
  279.50      1.71190E-03
  280.50      1.70480E-03
  281.50      1.69600E-03
  282.50      1.68540E-03
  283.50      1.67770E-03
  284.50      1.66980E-03
  285.50      1.66100E-03
  286.50      1.65190E-03
  287.50      1.64340E-03
  288.50      1.63490E-03
  289.50      1.62620E-03
  291.00      1.61340E-03
  293.00      1.59710E-03
  295.00      1.57960E-03
  297.00      1.56360E-03
  299.00      1.54560E-03
  301.00      1.53110E-03
  303.00      1.51320E-03
  305.00      1.49880E-03
  307.00      1.48480E-03
  309.00      1.47140E-03
  311.00      1.45670E-03
  313.00      1.44190E-03
  315.00      1.42900E-03
  317.00      1.41460E-03
  319.00      1.39940E-03
  321.00      1.36730E-03
  323.00      1.37470E-03
  325.00      1.36170E-03
  327.00      1.34450E-03
  329.00      1.33520E-03
  331.00      1.32250E-03
  333.00      1.31030E-03
  335.00      1.29620E-03
  337.00      1.28570E-03
  339.00      1.27390E-03
  341.00      1.26180E-03
  343.00      1.25120E-03
  345.00      1.23810E-03
  347.00      1.22840E-03
  349.00      1.21720E-03
  351.00      1.20630E-03
  353.00      1.19480E-03
  355.00      1.18400E-03
  357.00      1.17420E-03
  359.00      1.16280E-03
  361.00      1.15270E-03
  363.00      1.14170E-03
  364.00      1.11650E-03
  365.00      1.02490E-03
  367.00      1.01740E-03
  369.00      1.01220E-03
  371.00      1.01300E-03
  373.00      1.02010E-03
  375.00      1.03530E-03
  377.00      1.04520E-03
  379.00      1.06060E-03
  381.00      1.07420E-03
  383.00      1.02910E-03
  385.00      1.07070E-03
  387.00      1.07360E-03
  389.00      9.96360E-04
  391.00      1.06020E-03
  393.00      1.04440E-03
  395.00      1.04360E-03
  397.00      9.61010E-04
  399.00      1.02580E-03
  401.00      1.02090E-03
  403.00      9.94320E-04
  405.00      1.00600E-03
  407.00      9.96730E-04
  409.00      9.68480E-04
  411.00      9.20040E-04
  413.00      9.71080E-04
  415.00      9.64200E-04
  417.00      9.57700E-04
  419.00      9.46420E-04
  421.00      9.29900E-04
  423.00      9.35190E-04
  425.00      9.27700E-04
  427.00      9.20350E-04
  429.00      9.13110E-04
  431.00      9.04990E-04
  433.00      8.74810E-04
  435.00      8.43850E-04
  437.00      8.83560E-04
  439.00      8.75010E-04
  441.00      8.70680E-04
  443.00      8.64250E-04
  445.00      8.57720E-04
  447.00      8.45020E-04
  449.00      8.44700E-04
  451.00      8.37880E-04
  453.00      8.30720E-04
  455.00      8.12600E-04
  457.00      8.19570E-04
  459.00      8.13460E-04
  461.00      8.07390E-04
  463.00      8.00530E-04
  465.00      7.90980E-04
  467.00      7.88660E-04
  469.00      7.58880E-04
  471.00      7.76630E-04
  473.00      7.72610E-04
  475.00      7.67000E-04
  477.00      7.61430E-04
  479.00      7.55940E-04
  481.00      7.50480E-04
  483.00      7.44610E-04
  485.00      7.25450E-04
  487.00      6.91080E-04
  489.00      7.28080E-04
  491.00      7.24080E-04
  493.00      7.16200E-04
  495.00      7.14020E-04
  497.00      7.09050E-04
  499.00      7.04140E-04
  501.00      6.97720E-04
  503.00      6.94360E-04
  505.00      6.89220E-04
  507.00      6.84860E-04
  509.00      6.80190E-04
  511.00      6.75550E-04
  513.00      6.70940E-04
  515.00      6.66390E-04
  517.00      6.61900E-04
  519.00      6.57440E-04
  521.00      6.53030E-04
  523.00      6.48670E-04
  525.00      6.44260E-04
  527.00      6.39910E-04
  529.00      6.35820E-04
  531.00      6.31620E-04
  533.00      6.27450E-04
  535.00      6.23350E-04
  537.00      6.19270E-04
  539.00      6.15220E-04
  541.00      6.01020E-04
  543.00      6.07260E-04
  545.00      6.03350E-04
  547.00      5.99460E-04
  549.00      5.95620E-04
  551.00      5.91730E-04
  553.00      5.88030E-04
  555.00      5.84300E-04
  557.00      5.80550E-04
  559.00      5.76480E-04
  561.00      5.73290E-04
  563.00      5.69690E-04
  565.00      5.66120E-04
  567.00      5.62580E-04
  569.00      5.52430E-04
  571.00      5.21840E-04
  573.00      5.18840E-04
  575.00      5.15880E-04
  577.00      5.13040E-04
  579.00      5.10440E-04
  581.00      5.07730E-04
  583.00      5.06670E-04
  585.00      5.05740E-04
  587.00      5.01880E-04
  589.00      5.04510E-04
  591.00      5.04400E-04
  593.00      5.04630E-04
  595.00      5.05280E-04
  597.00      5.05900E-04
  599.00      5.06880E-04
  601.00      5.05510E-04
  603.00      5.03430E-04
  605.00      5.01970E-04
  607.00      4.98530E-04
  609.00      4.96260E-04
  611.00      4.92910E-04
  613.00      4.90050E-04
  615.00      4.87900E-04
  617.00      4.83410E-04
  619.00      4.82180E-04
  621.00      4.79480E-04
  623.00      4.74840E-04
  625.00      4.73630E-04
  627.00      4.71280E-04
  629.00      4.68580E-04
  631.00      4.63310E-04
  633.00      4.63100E-04
  635.00      4.60660E-04
  637.00      4.58060E-04
  639.00      4.55310E-04
  641.00      4.49570E-04
  643.00      4.50390E-04
  645.00      4.47870E-04
  647.00      4.45360E-04
  649.00      4.42920E-04
  651.00      4.40270E-04
  653.00      4.33540E-04
  655.00      4.30630E-04
  657.00      4.06510E-04
  659.00      4.30100E-04
  661.00      4.28510E-04
  663.00      4.26180E-04
  665.00      4.23880E-04
  667.00      4.19970E-04
  669.00      4.13710E-04
  671.00      4.16940E-04
  673.00      4.14780E-04
  675.00      4.12550E-04
  677.00      4.10380E-04
  679.00      4.08200E-04
  681.00      4.06030E-04
  683.00      4.03870E-04
  685.00      4.01730E-04
  687.00      3.99610E-04
  689.00      3.92520E-04
  691.00      3.95270E-04
  693.00      3.93360E-04
  695.00      3.91310E-04
  697.00      3.89270E-04
  699.00      3.87250E-04
  701.00      3.85220E-04
  703.00      3.83180E-04
  705.00      3.81250E-04
  707.00      3.77810E-04
  709.00      3.77370E-04
  711.00      3.75430E-04
  713.00      3.73520E-04
  715.00      3.71620E-04
  717.00      3.66410E-04
  719.00      3.66050E-04
  721.00      3.66000E-04
  723.00      3.64150E-04
  725.00      3.62320E-04
  727.00      3.60510E-04
  729.00      3.58180E-04
  731.00      3.56890E-04
  733.00      3.55140E-04
  735.00      3.53370E-04
  737.00      3.51620E-04
  739.00      3.49880E-04
  741.00      3.48150E-04
  743.00      3.46450E-04
  745.00      3.44720E-04
  747.00      3.43060E-04
  749.00      3.41320E-04
  751.00      3.39710E-04
  753.00      3.38080E-04
  755.00      3.36440E-04
  757.00      3.34810E-04
  759.00      3.28530E-04
  761.00      3.31340E-04
  763.00      3.30000E-04
  765.00      3.28420E-04
  767.00      3.26850E-04
  769.00      3.25260E-04
  771.00      3.23740E-04
  773.00      3.22160E-04
  775.00      3.20690E-04
  777.00      3.19180E-04
  779.00      3.17670E-04
  781.00      3.16170E-04
  783.00      3.14700E-04
  785.00      3.13220E-04
  787.00      3.11780E-04
  789.00      3.10330E-04
  791.00      3.08890E-04
  793.00      3.07460E-04
  795.00      3.06040E-04
  797.00      3.04600E-04
  799.00      3.03220E-04
  801.00      3.01830E-04
  803.00      3.00430E-04
  805.00      2.99080E-04
  807.00      2.97710E-04
  809.00      2.96350E-04
  811.00      2.95010E-04
  813.00      2.93670E-04
  815.00      2.92340E-04
  817.00      2.91000E-04
  819.00      2.88570E-04
  821.00      2.77630E-04
  823.00      2.74870E-04
  825.00      2.74970E-04
  827.00      2.74070E-04
  829.00      2.72970E-04
  831.00      2.71820E-04
  833.00      2.70640E-04
  835.00      2.69480E-04
  837.00      2.68450E-04
  839.00      2.67400E-04
  841.00      2.66430E-04
  843.00      2.65470E-04
  845.00      2.64440E-04
  847.00      2.63620E-04
  849.00      2.62850E-04
  851.00      2.61960E-04
  853.00      2.61320E-04
  855.00      2.60260E-04
  857.00      2.60020E-04
  859.00      2.58620E-04
  861.00      2.58000E-04
  863.00      2.58190E-04
  865.00      2.57000E-04
  867.00      2.54610E-04
  869.00      2.56340E-04
  871.00      2.56210E-04
  873.00      2.54940E-04
  875.00      2.50020E-04
  877.00      2.52990E-04
  879.00      2.54100E-04
  881.00      2.53690E-04
  883.00      2.52850E-04
  885.00      2.48480E-04
  887.00      2.42790E-04
  889.00      2.49100E-04
  891.00      2.49310E-04
  893.00      2.48360E-04
  895.00      2.47890E-04
  897.00      2.46540E-04
  899.00      2.44120E-04
  901.00      2.34870E-04
  903.00      2.37980E-04
  905.00      2.41860E-04
  907.00      2.41420E-04
  909.00      2.40810E-04
  911.00      2.39410E-04
  913.00      2.39000E-04
  915.00      2.38030E-04
  917.00      2.36950E-04
  919.00      2.35550E-04
  921.00      2.32070E-04
  923.00      2.21350E-04
  925.00      2.29780E-04
  927.00      2.31640E-04
  929.00      2.31370E-04
  931.00      2.30330E-04
  933.00      2.29340E-04
  935.00      2.24150E-04
  937.00      2.26680E-04
  939.00      2.26760E-04
  941.00      2.25860E-04
  943.00      2.24980E-04
  945.00      2.24090E-04
  947.00      2.23060E-04
  949.00      2.22320E-04
  951.00      2.20480E-04
  953.00      2.16810E-04
  955.00      2.06660E-04
  957.00      2.16360E-04
  959.00      2.17560E-04
  961.00      2.17100E-04
  963.00      2.16180E-04
  965.00      2.15460E-04
  967.00      2.14630E-04
  969.00      2.13790E-04
  971.00      2.12720E-04
  973.00      2.12130E-04
  975.00      2.11090E-04
  977.00      2.09270E-04
  979.00      2.09710E-04
  981.00      2.08910E-04
  983.00      2.08110E-04
  985.00      2.07320E-04
  987.00      2.06530E-04
  989.00      2.05750E-04
  991.00      2.04970E-04
  993.00      2.04190E-04
  995.00      2.03420E-04
  997.00      2.02650E-04
  999.00      2.01890E-04
  1002.5      1.97410E-04
  1007.5      1.94120E-04
  1012.5      1.93930E-04
  1017.5      1.95040E-04
  1022.5      1.93240E-04
  1027.5      1.91470E-04
  1032.5      1.89580E-04
  1037.5      1.88010E-04
  1042.5      1.85460E-04
  1047.5      1.84640E-04
  1052.5      1.82990E-04
  1057.5      1.81360E-04
  1062.5      1.79750E-04
  1067.5      1.78140E-04
  1072.5      1.76600E-04
  1077.5      1.75060E-04
  1082.5      1.73050E-04
  1087.5      1.71950E-04
  1092.5      1.64870E-04
  1097.5      1.67780E-04
  1102.5      1.67540E-04
  1107.5      1.66190E-04
  1112.5      1.64780E-04
  1117.5      1.63470E-04
  1122.5      1.62090E-04
  1127.5      1.60740E-04
  1132.5      1.59390E-04
  1137.5      1.58070E-04
  1142.5      1.56760E-04
  1147.5      1.55460E-04
  1152.5      1.54190E-04
  1157.5      1.52920E-04
  1162.5      1.50300E-04
  1167.5      1.49480E-04
  1172.5      1.49230E-04
  1177.5      1.48030E-04
  1182.5      1.46840E-04
  1187.5      1.45670E-04
  1192.5      1.44510E-04
  1197.5      1.43120E-04
  1202.5      1.42230E-04
  1207.5      1.41110E-04
  1212.5      1.40000E-04
  1217.5      1.38910E-04
  1222.5      1.37830E-04
  1227.5      1.36760E-04
  1232.5      1.35710E-04
  1237.5      1.34660E-04
  1242.5      1.33630E-04
  1247.5      1.32610E-04
  1252.5      1.31570E-04
  1257.5      1.30610E-04
  1262.5      1.29620E-04
  1267.5      1.28650E-04
  1272.5      1.27680E-04
  1277.5      1.26080E-04
  1282.5      1.21240E-04
  1287.5      1.24650E-04
  1292.5      1.23930E-04
  1297.5      1.22930E-04
  1302.5      1.22120E-04
  1307.5      1.21230E-04
  1312.5      1.20350E-04
  1317.5      1.19470E-04
  1322.5      1.18610E-04
  1327.5      1.17760E-04
  1332.5      1.16910E-04
  1337.5      1.16080E-04
  1342.5      1.15240E-04
  1347.5      1.14430E-04
  1352.5      1.13620E-04
  1357.5      1.12820E-04
  1362.5      1.12030E-04
  1367.5      1.11250E-04
  1372.5      1.10470E-04
  1377.5      1.09700E-04
  1382.5      1.08940E-04
  1387.5      1.08190E-04
  1392.5      1.07450E-04
  1397.5      1.06710E-04
  1402.5      1.05980E-04
  1407.5      1.05260E-04
  1412.5      1.04540E-04
  1417.5      1.03840E-04
  1422.5      1.03140E-04
  1427.5      1.02440E-04
  1432.5      1.01760E-04
  1437.5      1.01080E-04
  1442.5      1.00410E-04
  1447.5      9.97400E-05
  1452.5      9.90800E-05
  1457.0      9.84930E-05
  1462.0      9.78690E-05
  1467.5      9.71630E-05
  1472.5      9.64960E-05
  1477.5      9.51260E-05
  1482.5      9.52770E-05
  1487.5      9.46720E-05
  1492.5      9.40650E-05
  1497.5      9.34630E-05
  1502.5      9.28660E-05
  1507.5      9.22530E-05
  1512.5      9.16870E-05
  1517.5      9.11060E-05
  1522.5      9.05330E-05
  1527.5      8.99570E-05
  1532.5      8.93880E-05
  1537.5      8.88330E-05
  1542.5      8.82600E-05
  1547.5      8.77280E-05
  1552.5      8.71760E-05
  1557.5      8.65940E-05
  1562.5      8.61820E-05
  1567.5      8.55290E-05
  1572.5      8.49610E-05
  1577.5      8.46770E-05
  1582.5      8.40980E-05
  1587.5      8.32580E-05
  1592.5      8.29730E-05
  1597.5      8.26880E-05
  1605.0      8.17930E-05
  1615.0      8.05780E-05
  1625.0      8.00030E-05
  1635.0      7.88330E-05
  1645.0      7.75810E-05
  1655.0      7.72190E-05
  1665.0      7.63230E-05
  1675.0      7.51640E-05
  1685.0      7.38760E-05
  1695.0      7.37270E-05
  1705.0      7.27980E-05
  1715.0      7.20700E-05
  1725.0      7.12600E-05
  1735.0      6.94320E-05
  1745.0      6.95900E-05
  1755.0      6.89170E-05
  1765.0      6.81610E-05
  1775.0      6.74170E-05
  1785.0      6.66860E-05
  1795.0      6.59660E-05
  1805.0      6.52560E-05
  1815.0      6.35200E-05
  1825.0      6.37020E-05
  1835.0      6.31990E-05
  1845.0      6.25350E-05
  1855.0      6.18900E-05
  1865.0      6.05720E-05
  1875.0      5.92560E-05
  1885.0      5.99840E-05
  1895.0      5.93750E-05
  1905.0      5.87280E-05
  1915.0      5.81730E-05
  1925.0      5.75860E-05
  1935.0      5.69700E-05
  1945.0      5.53010E-05
  1955.0      5.58310E-05
  1965.0      5.53230E-05
  1975.0      5.47790E-05
  1985.0      5.42420E-05
  1995.0      5.37120E-05
  2005.0      5.31910E-05
  2015.0      5.26770E-05
  2025.0      5.21710E-05
  2035.0      5.16710E-05
  2045.0      5.11780E-05
  2055.0      5.06790E-05
  2065.0      5.02150E-05
  2075.0      4.97430E-05
  2085.0      4.92790E-05
  2095.0      4.88200E-05
  2105.0      4.83680E-05
  2115.0      4.78930E-05
  2125.0      4.74820E-05
  2135.0      4.70480E-05
  2145.0      4.66190E-05
  2155.0      4.61790E-05
  2165.0      4.47590E-05
  2175.0      4.53110E-05
  2185.0      4.49610E-05
  2195.0      4.45650E-05
  2205.0      4.41700E-05
  2215.0      4.37800E-05
  2225.0      4.33960E-05
  2235.0      4.30160E-05
  2245.0      4.26420E-05
  2255.0      4.22720E-05
  2265.0      4.19080E-05
  2275.0      4.15470E-05
  2285.0      4.12310E-05
  2295.0      4.08800E-05
  2305.0      4.05320E-05
  2315.0      4.01900E-05
  2325.0      3.98520E-05
  2335.0      3.95180E-05
  2345.0      3.91880E-05
  2355.0      3.88630E-05
  2365.0      3.85410E-05
  2375.0      3.82230E-05
  2385.0      3.79090E-05
  2395.0      3.75990E-05
  2405.0      3.72930E-05
  2415.0      3.69910E-05
  2425.0      3.66910E-05
  2435.0      3.63960E-05
  2445.0      3.61050E-05
  2455.0      3.58160E-05
  2465.0      3.55310E-05
  2475.0      3.52370E-05
  2485.0      3.49720E-05
  2495.0      3.46970E-05
  2505.0      3.44250E-05
  2515.0      3.41570E-05
  2525.0      3.38850E-05
  2535.0      3.36290E-05
  2545.0      3.33700E-05
  2555.0      3.31130E-05
  2565.0      3.28110E-05
  2575.0      3.26090E-05
  2585.0      3.23610E-05
  2595.0      3.21160E-05
  2605.0      3.18450E-05
  2615.0      3.14830E-05
  2625.0      3.06060E-05
  2635.0      3.11130E-05
  2645.0      3.09320E-05
  2655.0      3.06990E-05
  2665.0      3.04570E-05
  2675.0      3.00840E-05
  2685.0      3.00110E-05
  2695.0      2.98120E-05
  2705.0      2.95950E-05
  2715.0      2.93810E-05
  2725.0      2.91690E-05
  2735.0      2.89590E-05
  2745.0      2.87510E-05
  2755.0      2.83260E-05
  2765.0      2.82560E-05
  2775.0      2.81410E-05
  2785.0      2.79430E-05
  2795.0      2.77460E-05
  2805.0      2.75510E-05
  2815.0      2.73590E-05
  2825.0      2.71680E-05
  2835.0      2.69790E-05
  2845.0      2.67920E-05
  2855.0      2.66060E-05
  2865.0      2.63520E-05
  2875.0      2.59340E-05
  2885.0      2.60480E-05
  2895.0      2.58870E-05
  2905.0      2.57110E-05
  2915.0      2.55370E-05
  2925.0      2.53650E-05
  2935.0      2.51950E-05
  2945.0      2.50260E-05
  2955.0      2.48590E-05
  2965.0      2.46940E-05
  2975.0      2.45300E-05
  2985.0      2.43680E-05
  2995.0      2.42080E-05
  3005.0      2.40490E-05
  3015.0      2.38910E-05
  3025.0      2.37350E-05
  3035.0      2.32850E-05
  3045.0      2.32680E-05
  3055.0      2.32770E-05
  3065.0      2.31270E-05
  3075.0      2.29790E-05
  3085.0      2.28320E-05
  3095.0      2.26860E-05
  3105.0      2.25420E-05
  3115.0      2.23990E-05
  3125.0      2.22570E-05
  3135.0      2.21170E-05
  3145.0      2.19780E-05
  3155.0      2.18410E-05
  3165.0      2.17040E-05
  3175.0      2.15690E-05
  3185.0      2.14350E-05
  3195.0      2.13030E-05
  3210.0      2.11060E-05
  3230.0      2.08480E-05
  3250.0      2.05950E-05
  3270.0      2.03460E-05
  3290.0      1.98580E-05
  3310.0      1.98250E-05
  3330.0      1.96350E-05
  3350.0      1.94040E-05
  3370.0      1.91760E-05
  3390.0      1.89520E-05
  3410.0      1.87330E-05
  3430.0      1.85170E-05
  3450.0      1.83040E-05
  3470.0      1.80960E-05
  3490.0      1.78900E-05
  3510.0      1.76890E-05
  3530.0      1.74900E-05
  3550.0      1.72950E-05
  3570.0      1.71030E-05
  3590.0      1.69150E-05
  3610.0      1.67290E-05
  3630.0      1.65470E-05
  3650.0      1.63670E-05
  3670.0      1.61900E-05
  3690.0      1.60160E-05
  3710.0      1.58410E-05
  3730.0      1.55810E-05
  3750.0      1.53500E-05
  3770.0      1.53480E-05
  3790.0      1.51880E-05
  3810.0      1.50290E-05
  3830.0      1.48740E-05
  3850.0      1.47210E-05
  3870.0      1.45700E-05
  3890.0      1.44210E-05
  3910.0      1.42650E-05
  3930.0      1.41300E-05
  3950.0      1.39890E-05
  3970.0      1.38490E-05
  3990.0      1.37110E-05
  4010.0      1.35640E-05
  4030.0      1.34130E-05
  4050.0      1.31070E-05
  4070.0      1.31790E-05
  4090.0      1.30510E-05
  4110.0      1.29250E-05
  4130.0      1.27990E-05
  4150.0      1.26780E-05
  4170.0      1.25040E-05
  4190.0      1.24380E-05
  4210.0      1.23210E-05
  4230.0      1.22050E-05
  4250.0      1.20900E-05
  4270.0      1.19780E-05
  4290.0      1.18640E-05
  4310.0      1.17570E-05
  4330.0      1.16490E-05
  4350.0      1.15420E-05
  4370.0      1.13740E-05
  4390.0      1.13150E-05
  4410.0      1.12310E-05
  4430.0      1.11300E-05
  4450.0      1.10310E-05
  4470.0      1.09350E-05
  4490.0      1.08380E-05
  4510.0      1.07430E-05
  4530.0      1.06480E-05
  4550.0      1.05550E-05
  4570.0      1.04630E-05
  4590.0      1.03720E-05
  4610.0      1.02820E-05
  4630.0      1.01930E-05
  4650.0      9.90760E-06
  4670.0      9.91230E-06
  4690.0      9.92060E-06
  4710.0      9.85040E-06
  4730.0      9.76740E-06
  4750.0      9.68530E-06
  4770.0      9.60430E-06
  4790.0      9.52430E-06
  4810.0      9.44530E-06
  4830.0      9.36720E-06
  4850.0      9.29010E-06
  4870.0      9.21400E-06
  4890.0      9.13870E-06
  4910.0      9.06440E-06
  4930.0      8.99100E-06
  4950.0      8.91840E-06
  4970.0      8.84680E-06
  4990.0      8.77600E-06
  5010.0      8.70600E-06
  5030.0      8.63680E-06
  5050.0      8.56850E-06
  5070.0      8.50090E-06
  5090.0      8.43410E-06
  5110.0      8.35940E-06
  5130.0      8.19130E-06
  5150.0      8.23490E-06
  5170.0      8.17480E-06
  5190.0      8.11190E-06
  5210.0      8.04960E-06
  5230.0      7.98810E-06
  5250.0      7.92720E-06
  5270.0      7.86700E-06
  5290.0      7.80750E-06
  5310.0      7.74870E-06
  5330.0      7.69060E-06
  5350.0      7.63300E-06
  5370.0      7.57610E-06
  5390.0      7.51980E-06
  5410.0      7.46430E-06
  5430.0      7.40930E-06
  5450.0      7.35480E-06
  5470.0      7.30100E-06
  5490.0      7.24770E-06
  5510.0      7.19500E-06
  5530.0      7.14280E-06
  5550.0      7.09140E-06
  5570.0      7.04040E-06
  5590.0      6.99000E-06
  5610.0      6.94010E-06
  5630.0      6.89070E-06
  5650.0      6.84180E-06
  5670.0      6.79350E-06
  5690.0      6.74560E-06
  5710.0      6.69380E-06
  5730.0      6.65140E-06
  5750.0      6.60510E-06
  5770.0      6.55930E-06
  5790.0      6.51390E-06
  5810.0      6.46890E-06
  5830.0      6.42440E-06
  5850.0      6.38160E-06
  5870.0      6.33800E-06
  5890.0      6.28480E-06
  5910.0      6.13550E-06
  5930.0      6.20410E-06
  5950.0      6.15290E-06
  5970.0      6.12080E-06
  5990.0      6.08550E-06
  6010.0      6.04500E-06
  6030.0      6.00480E-06
  6050.0      5.96490E-06
  6070.0      5.92550E-06
  6090.0      5.88650E-06
  6110.0      5.84780E-06
  6130.0      5.80950E-06
  6150.0      5.77160E-06
  6170.0      5.73410E-06
  6190.0      5.69690E-06
  6210.0      5.66010E-06
  6230.0      5.62360E-06
  6250.0      5.58750E-06
  6270.0      5.55060E-06
  6290.0      5.48610E-06
  6310.0      5.47720E-06
  6330.0      5.44640E-06
  6350.0      5.41200E-06
  6370.0      5.37790E-06
  6390.0      5.34410E-06
  6420.0      5.29400E-06
  6460.0      5.22820E-06
  6500.0      5.16370E-06
  6540.0      5.10040E-06
  6580.0      5.03820E-06
  6620.0      4.97710E-06
  6660.0      4.91710E-06
  6700.0      4.85820E-06
  6740.0      4.79830E-06
  6780.0      4.71900E-06
  6820.0      4.68760E-06
  6860.0      4.63270E-06
  6900.0      4.57880E-06
  6940.0      4.52580E-06
  6980.0      4.47370E-06
  7020.0      4.42250E-06
  7060.0      4.37210E-06
  7100.0      4.32260E-06
  7140.0      4.27390E-06
  7180.0      4.22610E-06
  7220.0      4.17900E-06
  7260.0      4.13270E-06
  7300.0      4.08720E-06
  7340.0      4.04240E-06
  7380.0      3.99840E-06
  7420.0      3.95350E-06
  7460.0      3.84790E-06
  7500.0      3.79300E-06
  7540.0      3.82460E-06
  7580.0      3.78850E-06
  7620.0      3.74850E-06
  7660.0      3.70910E-06
  7700.0      3.67030E-06
  7740.0      3.63220E-06
  7780.0      3.59450E-06
  7820.0      3.55760E-06
  7860.0      3.52120E-06
  7900.0      3.48530E-06
  7940.0      3.44990E-06
  7980.0      3.41510E-06
  8020.0      3.38080E-06
  8060.0      3.34700E-06
  8100.0      3.31370E-06
  8140.0      3.27870E-06
  8180.0      3.24850E-06
  8220.0      3.21680E-06
  8260.0      3.18540E-06
  8300.0      3.15450E-06
  8340.0      3.12400E-06
  8380.0      3.09390E-06
  8420.0      3.06430E-06
  8460.0      3.03510E-06
  8500.0      3.00630E-06
  8540.0      2.97790E-06
  8580.0      2.94990E-06
  8620.0      2.92230E-06
  8660.0      2.88850E-06
  8700.0      2.86820E-06
  8740.0      2.82340E-06
  8780.0      2.79770E-06
  8820.0      2.78990E-06
  8860.0      2.76450E-06
  8900.0      2.73940E-06
  8940.0      2.71470E-06
  8980.0      2.69030E-06
  9020.0      2.66620E-06
  9060.0      2.64240E-06
  9100.0      2.61900E-06
  9140.0      2.59590E-06
  9180.0      2.57300E-06
  9220.0      2.55050E-06
  9260.0      2.52820E-06
  9300.0      2.50630E-06
  9340.0      2.48460E-06
  9380.0      2.45260E-06
  9420.0      2.43940E-06
  9460.0      2.42120E-06
  9500.0      2.40060E-06
  9540.0      2.38030E-06
  9580.0      2.36020E-06
  9620.0      2.34040E-06
  9660.0      2.32080E-06
  9700.0      2.30150E-06
  9740.0      2.28240E-06
  9780.0      2.26350E-06
  9820.0      2.24480E-06
  9860.0      2.22640E-06
  9900.0      2.20830E-06
  9940.0      2.19030E-06
  9980.0      2.17260E-06
  10020.      2.15500E-06
  20000.      5.27820E-07
  40000.      1.27690E-07
  60000.      5.55850E-08
  80000.      3.07970E-08
 1.00000E+05  1.94800E-08
 1.20000E+05  1.33990E-08
 1.40000E+05  9.76620E-09
 1.60000E+05  7.42650E-09
