 Castelli and Kurucz 2004-2012 Atmosphere
 T     40000.     G    5.00000 [-1.0] VTURB=2  L/H=1.25 NOVER NEW ODF          
 Wavelength  Eddington Hnu
   (nm)    (ergs/s/cm2/Hz/sr)
  9.0900      3.52720E-24
  9.3500      1.26160E-23
  9.6100      4.24290E-23
  9.7700      8.71940E-23
  9.9600      1.99540E-22
  10.200      5.46530E-22
  10.380      1.13430E-21
  10.560      2.30400E-21
  10.770      5.13130E-21
  11.040      1.38250E-20
  11.400      4.85770E-20
  11.780      1.70220E-19
  12.130      5.07900E-19
  12.480      1.43380E-18
  12.710      2.75770E-18
  12.840      3.95390E-18
  13.050      6.97810E-18
  13.240      1.15050E-17
  13.390      1.69200E-17
  13.660      3.32370E-17
  13.980      7.18090E-17
  14.330      1.60740E-16
  14.720      3.77640E-16
  15.100      8.38390E-16
  15.520      1.93610E-15
  15.880      3.84070E-15
  16.200      6.89880E-15
  16.600      1.39430E-14
  17.030      2.86730E-14
  17.340      4.72440E-14
  17.680      8.02180E-14
  18.020      1.33640E-13
  18.170      1.66280E-13
  18.610      3.11200E-13
  19.100      6.05080E-13
  19.390      8.83850E-13
  19.840      1.55820E-12
  20.180      2.35330E-12
  20.500      3.42970E-12
  21.050      6.38970E-12
  21.620      1.17910E-11
  21.980      1.71050E-11
  22.300      2.35670E-11
  22.680      3.40550E-11
  23.000      6.54850E-09
  23.400      3.08040E-08
  24.000      7.78220E-08
  24.650      2.50060E-07
  25.240      7.27890E-07
  25.680      7.42230E-07
  26.000      2.20660E-06
  26.400      8.11710E-06
  26.850      1.34190E-05
  27.350      1.73440E-05
  27.850      1.47400E-05
  28.400      2.88020E-05
  29.000      3.50380E-05
  29.600      2.47350E-05
  30.100      6.94120E-06
  30.800      2.33770E-05
  31.800      3.80260E-05
  32.800      4.93450E-05
  33.800      4.97010E-05
  34.800      5.74320E-05
  35.700      8.83360E-05
  36.600      1.20300E-04
  37.500      1.34370E-04
  38.500      1.31390E-04
  39.500      1.63400E-04
  40.500      1.86570E-04
  41.400      1.94590E-04
  42.200      1.94330E-04
  43.000      1.92080E-04
  44.100      2.16940E-04
  45.100      2.31130E-04
  46.000      2.26270E-04
  47.000      2.35820E-04
  48.000      2.56650E-04
  49.000      2.50810E-04
  50.000      2.82290E-04
  50.600      3.65250E-04
  51.200      7.23880E-04
  52.000      7.03890E-04
  53.000      6.93350E-04
  54.000      6.47320E-04
  55.000      6.71470E-04
  56.000      8.08670E-04
  57.000      8.41830E-04
  58.000      8.27530E-04
  59.000      8.67640E-04
  60.000      8.32970E-04
  61.000      8.56740E-04
  62.000      9.64250E-04
  63.000      9.67060E-04
  64.000      1.00930E-03
  65.000      1.00780E-03
  65.800      9.75860E-04
  66.500      1.03800E-03
  67.500      1.09170E-03
  68.500      1.04300E-03
  69.500      1.11680E-03
  70.500      1.07400E-03
  71.600      1.17540E-03
  72.600      1.19640E-03
  73.500      1.22160E-03
  74.500      1.21190E-03
  75.500      1.22310E-03
  76.500      1.21990E-03
  77.500      1.25290E-03
  78.500      1.26700E-03
  79.500      1.29340E-03
  80.500      1.30500E-03
  81.500      1.32970E-03
  82.500      1.35500E-03
  83.500      1.28390E-03
  84.500      1.37500E-03
  85.500      1.37850E-03
  86.500      1.41250E-03
  87.500      1.42840E-03
  88.500      1.43800E-03
  89.500      1.44970E-03
  90.500      1.44760E-03
  91.500      1.21000E-03
  92.500      2.06820E-03
  93.500      2.82300E-03
  94.500      3.75730E-03
  95.500      4.19970E-03
  96.500      5.01880E-03
  97.500      3.57170E-03
  98.500      4.93370E-03
  99.500      4.54980E-03
  100.50      4.83250E-03
  101.50      4.88700E-03
  102.50      3.70150E-03
  103.50      4.85730E-03
  104.50      5.02640E-03
  105.50      4.99690E-03
  106.50      4.82710E-03
  107.50      4.84540E-03
  108.50      4.53130E-03
  109.50      4.83060E-03
  110.50      4.73470E-03
  111.50      4.70200E-03
  112.50      4.53250E-03
  113.50      4.67250E-03
  114.50      4.63680E-03
  115.50      4.53000E-03
  116.50      4.46520E-03
  117.50      4.02330E-03
  118.50      4.32210E-03
  119.50      4.30710E-03
  120.50      4.22480E-03
  121.50      3.26190E-03
  122.50      4.14670E-03
  123.50      4.21420E-03
  124.50      4.17300E-03
  125.50      4.20340E-03
  126.50      4.20860E-03
  127.50      4.19550E-03
  128.50      4.18030E-03
  129.50      4.10390E-03
  130.50      4.08190E-03
  131.50      4.09160E-03
  132.50      4.04120E-03
  133.50      4.01520E-03
  134.50      4.00740E-03
  135.50      3.94400E-03
  136.50      3.88970E-03
  137.50      3.84030E-03
  138.50      3.82550E-03
  139.50      3.72550E-03
  140.50      3.66290E-03
  141.50      3.76040E-03
  142.50      3.63830E-03
  143.50      3.69350E-03
  144.20      3.65830E-03
  144.70      3.64560E-03
  145.50      3.59810E-03
  146.50      3.59290E-03
  147.50      3.56560E-03
  148.50      3.57960E-03
  149.50      3.53100E-03
  150.50      3.53000E-03
  151.20      3.52400E-03
  151.70      3.48960E-03
  152.50      3.45850E-03
  153.50      3.33080E-03
  154.50      3.13020E-03
  155.50      3.14690E-03
  156.50      3.23010E-03
  157.50      3.26400E-03
  158.50      3.26670E-03
  159.50      3.24530E-03
  160.50      3.14730E-03
  161.50      3.10350E-03
  162.50      3.09760E-03
  163.50      3.05510E-03
  164.50      2.94650E-03
  165.50      3.11050E-03
  166.50      3.09200E-03
  167.20      3.00850E-03
  167.70      3.11830E-03
  168.50      3.08530E-03
  169.50      3.06710E-03
  170.50      3.03040E-03
  171.50      2.96720E-03
  172.50      2.95390E-03
  173.50      2.99940E-03
  174.50      2.97440E-03
  175.50      2.93740E-03
  176.50      2.93610E-03
  177.50      2.91870E-03
  178.50      2.90820E-03
  179.50      2.87330E-03
  180.50      2.86190E-03
  181.50      2.84240E-03
  182.50      2.81780E-03
  183.50      2.81300E-03
  184.50      2.78840E-03
  185.50      2.76690E-03
  186.50      2.74750E-03
  187.50      2.72470E-03
  188.50      2.70520E-03
  189.50      2.70310E-03
  190.50      2.69130E-03
  191.50      2.67110E-03
  192.50      2.61560E-03
  193.50      2.63870E-03
  194.50      2.62410E-03
  195.50      2.59240E-03
  196.70      2.58370E-03
  197.60      2.57030E-03
  198.40      2.55740E-03
  199.50      2.53640E-03
  200.50      2.52500E-03
  201.50      2.50860E-03
  202.50      2.49190E-03
  203.50      2.47480E-03
  204.50      2.45650E-03
  205.50      1.90040E-03
  206.50      1.83450E-03
  207.40      1.86170E-03
  207.80      1.89720E-03
  208.50      1.99490E-03
  209.50      2.20400E-03
  210.50      2.34510E-03
  211.50      2.35930E-03
  212.50      2.34040E-03
  213.50      2.32620E-03
  214.50      2.31470E-03
  215.50      2.32970E-03
  216.50      2.25180E-03
  217.50      2.31930E-03
  218.50      2.23050E-03
  219.50      2.29190E-03
  220.50      2.28290E-03
  221.50      2.18260E-03
  222.50      2.25380E-03
  223.50      2.24290E-03
  224.50      2.22360E-03
  225.50      2.12980E-03
  226.50      2.20000E-03
  227.50      2.18800E-03
  228.50      2.16910E-03
  229.50      2.12740E-03
  230.50      2.06670E-03
  231.50      2.12780E-03
  232.50      2.12050E-03
  233.50      2.10770E-03
  234.50      2.09400E-03
  235.50      2.08050E-03
  236.50      2.06790E-03
  237.50      2.05290E-03
  238.50      1.96280E-03
  239.50      2.01930E-03
  240.50      2.01630E-03
  241.50      2.00450E-03
  242.50      1.99510E-03
  243.50      1.98200E-03
  244.50      1.97060E-03
  245.50      1.95620E-03
  246.50      1.94730E-03
  247.50      1.93650E-03
  248.50      1.92370E-03
  249.50      1.83150E-03
  250.50      1.89000E-03
  251.30      1.75860E-03
  251.80      1.86420E-03
  252.50      1.87620E-03
  253.50      1.86920E-03
  254.50      1.85840E-03
  255.50      1.84710E-03
  256.50      1.83700E-03
  257.50      1.82640E-03
  258.50      1.81610E-03
  259.50      1.80200E-03
  260.50      1.79680E-03
  261.50      1.78510E-03
  262.50      1.77680E-03
  263.50      1.76690E-03
  264.50      1.75620E-03
  265.50      1.74660E-03
  266.50      1.73590E-03
  267.50      1.72230E-03
  268.50      1.71690E-03
  269.50      1.70500E-03
  270.50      1.69890E-03
  271.50      1.68850E-03
  272.50      1.67590E-03
  273.50      1.61760E-03
  274.50      1.66140E-03
  275.50      1.65240E-03
  276.50      1.63970E-03
  277.50      1.63460E-03
  278.50      1.62510E-03
  279.50      1.61270E-03
  280.50      1.60720E-03
  281.50      1.59930E-03
  282.50      1.58680E-03
  283.50      1.58010E-03
  284.50      1.57410E-03
  285.50      1.56570E-03
  286.50      1.55680E-03
  287.50      1.54890E-03
  288.50      1.54070E-03
  289.50      1.53230E-03
  291.00      1.51980E-03
  293.00      1.50460E-03
  295.00      1.48550E-03
  297.00      1.47250E-03
  299.00      1.45510E-03
  301.00      1.44150E-03
  303.00      1.42450E-03
  305.00      1.41090E-03
  307.00      1.39840E-03
  309.00      1.38430E-03
  311.00      1.37050E-03
  313.00      1.35680E-03
  315.00      1.34410E-03
  317.00      1.33030E-03
  319.00      1.31350E-03
  321.00      1.28480E-03
  323.00      1.29260E-03
  325.00      1.28030E-03
  327.00      1.26440E-03
  329.00      1.25510E-03
  331.00      1.24330E-03
  333.00      1.23150E-03
  335.00      1.21790E-03
  337.00      1.20830E-03
  339.00      1.19740E-03
  341.00      1.18610E-03
  343.00      1.17440E-03
  345.00      1.16140E-03
  347.00      1.15270E-03
  349.00      1.14310E-03
  351.00      1.13320E-03
  353.00      1.12230E-03
  355.00      1.11150E-03
  357.00      1.10370E-03
  359.00      1.09080E-03
  361.00      1.08220E-03
  363.00      1.07090E-03
  364.00      1.05280E-03
  365.00      9.77850E-04
  367.00      9.70850E-04
  369.00      9.64150E-04
  371.00      9.57960E-04
  373.00      9.60070E-04
  375.00      9.66000E-04
  377.00      9.67240E-04
  379.00      9.84280E-04
  381.00      1.00520E-03
  383.00      9.48420E-04
  385.00      1.00940E-03
  387.00      1.01780E-03
  389.00      9.14130E-04
  391.00      1.00750E-03
  393.00      9.99160E-04
  395.00      9.92120E-04
  397.00      8.80020E-04
  399.00      9.73810E-04
  401.00      9.72460E-04
  403.00      9.41910E-04
  405.00      9.61830E-04
  407.00      9.50500E-04
  409.00      9.08140E-04
  411.00      8.50400E-04
  413.00      9.23810E-04
  415.00      9.19570E-04
  417.00      9.15520E-04
  419.00      9.03370E-04
  421.00      8.88570E-04
  423.00      8.94160E-04
  425.00      8.86660E-04
  427.00      8.79320E-04
  429.00      8.72220E-04
  431.00      8.62020E-04
  433.00      8.18140E-04
  435.00      7.82090E-04
  437.00      8.40990E-04
  439.00      8.30250E-04
  441.00      8.31290E-04
  443.00      8.24970E-04
  445.00      8.19000E-04
  447.00      7.98470E-04
  449.00      8.06240E-04
  451.00      7.99540E-04
  453.00      7.92230E-04
  455.00      7.73630E-04
  457.00      7.82190E-04
  459.00      7.76100E-04
  461.00      7.70280E-04
  463.00      7.63330E-04
  465.00      7.52130E-04
  467.00      7.51800E-04
  469.00      7.23310E-04
  471.00      7.38300E-04
  473.00      7.36840E-04
  475.00      7.31410E-04
  477.00      7.26050E-04
  479.00      7.20750E-04
  481.00      7.15430E-04
  483.00      7.07610E-04
  485.00      6.78690E-04
  487.00      6.39790E-04
  489.00      6.91060E-04
  491.00      6.89410E-04
  493.00      6.78210E-04
  495.00      6.80150E-04
  497.00      6.75520E-04
  499.00      6.70770E-04
  501.00      6.62780E-04
  503.00      6.61310E-04
  505.00      6.55740E-04
  507.00      6.52210E-04
  509.00      6.47700E-04
  511.00      6.43230E-04
  513.00      6.38800E-04
  515.00      6.34410E-04
  517.00      6.30060E-04
  519.00      6.25790E-04
  521.00      6.21540E-04
  523.00      6.17340E-04
  525.00      6.13070E-04
  527.00      6.08910E-04
  529.00      6.04980E-04
  531.00      6.00940E-04
  533.00      5.96940E-04
  535.00      5.92990E-04
  537.00      5.89070E-04
  539.00      5.85180E-04
  541.00      5.70410E-04
  543.00      5.77410E-04
  545.00      5.73770E-04
  547.00      5.70030E-04
  549.00      5.66340E-04
  551.00      5.62610E-04
  553.00      5.59050E-04
  555.00      5.55460E-04
  557.00      5.51890E-04
  559.00      5.48000E-04
  561.00      5.44890E-04
  563.00      5.41430E-04
  565.00      5.38010E-04
  567.00      5.34610E-04
  569.00      5.25890E-04
  571.00      5.02130E-04
  573.00      4.99210E-04
  575.00      4.96310E-04
  577.00      4.93480E-04
  579.00      4.90700E-04
  581.00      4.87770E-04
  583.00      4.85640E-04
  585.00      4.83840E-04
  587.00      4.76570E-04
  589.00      4.80730E-04
  591.00      4.80000E-04
  593.00      4.79220E-04
  595.00      4.78630E-04
  597.00      4.78210E-04
  599.00      4.78070E-04
  601.00      4.77330E-04
  603.00      4.76180E-04
  605.00      4.75400E-04
  607.00      4.72870E-04
  609.00      4.70740E-04
  611.00      4.67840E-04
  613.00      4.65300E-04
  615.00      4.62640E-04
  617.00      4.59530E-04
  619.00      4.57250E-04
  621.00      4.54590E-04
  623.00      4.51250E-04
  625.00      4.49260E-04
  627.00      4.46750E-04
  629.00      4.44180E-04
  631.00      4.40480E-04
  633.00      4.39100E-04
  635.00      4.36600E-04
  637.00      4.34120E-04
  639.00      4.31580E-04
  641.00      4.27470E-04
  643.00      4.26790E-04
  645.00      4.24380E-04
  647.00      4.21980E-04
  649.00      4.19650E-04
  651.00      4.16800E-04
  653.00      4.11460E-04
  655.00      4.03670E-04
  657.00      3.77060E-04
  659.00      4.05900E-04
  661.00      4.05740E-04
  663.00      4.03660E-04
  665.00      4.01500E-04
  667.00      3.96730E-04
  669.00      3.92240E-04
  671.00      3.94840E-04
  673.00      3.92780E-04
  675.00      3.90660E-04
  677.00      3.88610E-04
  679.00      3.86530E-04
  681.00      3.84460E-04
  683.00      3.82410E-04
  685.00      3.80370E-04
  687.00      3.78340E-04
  689.00      3.72860E-04
  691.00      3.74170E-04
  693.00      3.72380E-04
  695.00      3.70420E-04
  697.00      3.68480E-04
  699.00      3.66550E-04
  701.00      3.64620E-04
  703.00      3.62640E-04
  705.00      3.60820E-04
  707.00      3.56450E-04
  709.00      3.57130E-04
  711.00      3.55290E-04
  713.00      3.53460E-04
  715.00      3.51650E-04
  717.00      3.47380E-04
  719.00      3.46510E-04
  721.00      3.46300E-04
  723.00      3.44530E-04
  725.00      3.42800E-04
  727.00      3.41070E-04
  729.00      3.38250E-04
  731.00      3.37630E-04
  733.00      3.35960E-04
  735.00      3.34280E-04
  737.00      3.32610E-04
  739.00      3.30960E-04
  741.00      3.29310E-04
  743.00      3.27680E-04
  745.00      3.26050E-04
  747.00      3.24470E-04
  749.00      3.22780E-04
  751.00      3.21270E-04
  753.00      3.19720E-04
  755.00      3.18160E-04
  757.00      3.16610E-04
  759.00      3.11140E-04
  761.00      3.13280E-04
  763.00      3.12040E-04
  765.00      3.10530E-04
  767.00      3.09040E-04
  769.00      3.07520E-04
  771.00      3.06070E-04
  773.00      3.04550E-04
  775.00      3.03180E-04
  777.00      3.01740E-04
  779.00      3.00310E-04
  781.00      2.98860E-04
  783.00      2.97480E-04
  785.00      2.96140E-04
  787.00      2.94740E-04
  789.00      2.93360E-04
  791.00      2.92010E-04
  793.00      2.90650E-04
  795.00      2.89300E-04
  797.00      2.87930E-04
  799.00      2.86620E-04
  801.00      2.85290E-04
  803.00      2.83960E-04
  805.00      2.82670E-04
  807.00      2.81380E-04
  809.00      2.80080E-04
  811.00      2.78800E-04
  813.00      2.77540E-04
  815.00      2.76270E-04
  817.00      2.75000E-04
  819.00      2.72910E-04
  821.00      2.64950E-04
  823.00      2.62190E-04
  825.00      2.62290E-04
  827.00      2.61460E-04
  829.00      2.60520E-04
  831.00      2.59450E-04
  833.00      2.58250E-04
  835.00      2.56970E-04
  837.00      2.56060E-04
  839.00      2.55050E-04
  841.00      2.54010E-04
  843.00      2.52950E-04
  845.00      2.51640E-04
  847.00      2.50960E-04
  849.00      2.49990E-04
  851.00      2.49060E-04
  853.00      2.48150E-04
  855.00      2.47230E-04
  857.00      2.46630E-04
  859.00      2.44910E-04
  861.00      2.44600E-04
  863.00      2.44470E-04
  865.00      2.42900E-04
  867.00      2.41050E-04
  869.00      2.42170E-04
  871.00      2.41980E-04
  873.00      2.40030E-04
  875.00      2.36000E-04
  877.00      2.37820E-04
  879.00      2.39380E-04
  881.00      2.39130E-04
  883.00      2.37950E-04
  885.00      2.32870E-04
  887.00      2.28380E-04
  889.00      2.34260E-04
  891.00      2.35250E-04
  893.00      2.34780E-04
  895.00      2.34130E-04
  897.00      2.32790E-04
  899.00      2.29360E-04
  901.00      2.19860E-04
  903.00      2.22710E-04
  905.00      2.27830E-04
  907.00      2.27530E-04
  909.00      2.27540E-04
  911.00      2.26800E-04
  913.00      2.26370E-04
  915.00      2.25390E-04
  917.00      2.23800E-04
  919.00      2.22160E-04
  921.00      2.17040E-04
  923.00      2.06280E-04
  925.00      2.14940E-04
  927.00      2.18370E-04
  929.00      2.18470E-04
  931.00      2.17770E-04
  933.00      2.17000E-04
  935.00      2.12270E-04
  937.00      2.15010E-04
  939.00      2.14750E-04
  941.00      2.13870E-04
  943.00      2.13020E-04
  945.00      2.12190E-04
  947.00      2.10890E-04
  949.00      2.09890E-04
  951.00      2.07440E-04
  953.00      2.02160E-04
  955.00      1.91870E-04
  957.00      2.02440E-04
  959.00      2.05060E-04
  961.00      2.04990E-04
  963.00      2.04380E-04
  965.00      2.03970E-04
  967.00      2.03170E-04
  969.00      2.02350E-04
  971.00      2.01100E-04
  973.00      2.00790E-04
  975.00      1.99910E-04
  977.00      1.98770E-04
  979.00      1.98500E-04
  981.00      1.97730E-04
  983.00      1.96970E-04
  985.00      1.96220E-04
  987.00      1.95470E-04
  989.00      1.94720E-04
  991.00      1.93970E-04
  993.00      1.93240E-04
  995.00      1.92510E-04
  997.00      1.91770E-04
  999.00      1.90600E-04
  1002.5      1.84770E-04
  1007.5      1.81530E-04
  1012.5      1.83440E-04
  1017.5      1.84530E-04
  1022.5      1.82810E-04
  1027.5      1.81140E-04
  1032.5      1.79160E-04
  1037.5      1.77850E-04
  1042.5      1.75800E-04
  1047.5      1.74650E-04
  1052.5      1.73080E-04
  1057.5      1.71530E-04
  1062.5      1.70000E-04
  1067.5      1.68420E-04
  1072.5      1.67000E-04
  1077.5      1.65530E-04
  1082.5      1.63330E-04
  1087.5      1.62200E-04
  1092.5      1.53550E-04
  1097.5      1.57310E-04
  1102.5      1.58120E-04
  1107.5      1.57070E-04
  1112.5      1.55770E-04
  1117.5      1.54490E-04
  1122.5      1.53160E-04
  1127.5      1.51890E-04
  1132.5      1.50610E-04
  1137.5      1.49360E-04
  1142.5      1.48110E-04
  1147.5      1.46880E-04
  1152.5      1.45670E-04
  1157.5      1.44470E-04
  1162.5      1.42090E-04
  1167.5      1.41470E-04
  1172.5      1.40970E-04
  1177.5      1.39830E-04
  1182.5      1.38700E-04
  1187.5      1.37590E-04
  1192.5      1.36490E-04
  1197.5      1.34800E-04
  1202.5      1.34330E-04
  1207.5      1.33270E-04
  1212.5      1.32220E-04
  1217.5      1.31180E-04
  1222.5      1.30160E-04
  1227.5      1.29150E-04
  1232.5      1.28150E-04
  1237.5      1.27160E-04
  1242.5      1.26180E-04
  1247.5      1.25210E-04
  1252.5      1.24180E-04
  1257.5      1.23310E-04
  1262.5      1.22380E-04
  1267.5      1.21460E-04
  1272.5      1.20520E-04
  1277.5      1.18320E-04
  1282.5      1.12800E-04
  1287.5      1.17250E-04
  1292.5      1.16990E-04
  1297.5      1.15870E-04
  1302.5      1.15280E-04
  1307.5      1.14440E-04
  1312.5      1.13600E-04
  1317.5      1.12770E-04
  1322.5      1.11960E-04
  1327.5      1.11150E-04
  1332.5      1.10350E-04
  1337.5      1.09560E-04
  1342.5      1.08750E-04
  1347.5      1.08000E-04
  1352.5      1.07240E-04
  1357.5      1.06480E-04
  1362.5      1.05730E-04
  1367.5      1.04990E-04
  1372.5      1.04250E-04
  1377.5      1.03520E-04
  1382.5      1.02810E-04
  1387.5      1.02090E-04
  1392.5      1.01390E-04
  1397.5      1.00690E-04
  1402.5      1.00000E-04
  1407.5      9.93190E-05
  1412.5      9.86430E-05
  1417.5      9.79730E-05
  1422.5      9.73110E-05
  1427.5      9.66550E-05
  1432.5      9.60060E-05
  1437.5      9.53630E-05
  1442.5      9.47270E-05
  1447.5      9.40970E-05
  1452.5      9.34730E-05
  1457.0      9.29170E-05
  1462.0      9.23140E-05
  1467.5      9.16470E-05
  1472.5      9.10160E-05
  1477.5      8.98340E-05
  1482.5      8.98650E-05
  1487.5      8.92930E-05
  1492.5      8.87210E-05
  1497.5      8.81520E-05
  1502.5      8.75880E-05
  1507.5      8.69770E-05
  1512.5      8.64760E-05
  1517.5      8.59270E-05
  1522.5      8.53850E-05
  1527.5      8.48450E-05
  1532.5      8.43090E-05
  1537.5      8.37830E-05
  1542.5      8.32490E-05
  1547.5      8.27400E-05
  1552.5      8.22200E-05
  1557.5      8.16860E-05
  1562.5      8.12180E-05
  1567.5      8.06690E-05
  1572.5      8.01510E-05
  1577.5      7.97410E-05
  1582.5      7.92320E-05
  1587.5      7.85710E-05
  1592.5      7.82220E-05
  1597.5      7.78480E-05
  1605.0      7.70500E-05
  1615.0      7.59790E-05
  1625.0      7.54670E-05
  1635.0      7.42610E-05
  1645.0      7.31190E-05
  1655.0      7.28570E-05
  1665.0      7.20160E-05
  1675.0      7.07350E-05
  1685.0      6.95370E-05
  1695.0      6.95480E-05
  1705.0      6.85800E-05
  1715.0      6.79950E-05
  1725.0      6.71580E-05
  1735.0      6.52330E-05
  1745.0      6.55120E-05
  1755.0      6.50140E-05
  1765.0      6.43010E-05
  1775.0      6.35980E-05
  1785.0      6.29060E-05
  1795.0      6.22260E-05
  1805.0      6.15140E-05
  1815.0      5.96090E-05
  1825.0      5.98850E-05
  1835.0      5.96110E-05
  1845.0      5.89840E-05
  1855.0      5.83650E-05
  1865.0      5.70710E-05
  1875.0      5.54980E-05
  1885.0      5.65270E-05
  1895.0      5.59930E-05
  1905.0      5.53290E-05
  1915.0      5.48570E-05
  1925.0      5.43040E-05
  1935.0      5.36370E-05
  1945.0      5.17600E-05
  1955.0      5.25490E-05
  1965.0      5.21680E-05
  1975.0      5.16540E-05
  1985.0      5.11470E-05
  1995.0      5.06480E-05
  2005.0      5.01560E-05
  2015.0      4.96710E-05
  2025.0      4.91930E-05
  2035.0      4.87220E-05
  2045.0      4.82530E-05
  2055.0      4.77710E-05
  2065.0      4.73480E-05
  2075.0      4.69030E-05
  2085.0      4.64640E-05
  2095.0      4.60320E-05
  2105.0      4.56050E-05
  2115.0      4.51230E-05
  2125.0      4.47690E-05
  2135.0      4.43590E-05
  2145.0      4.39520E-05
  2155.0      4.34830E-05
  2165.0      4.18590E-05
  2175.0      4.26140E-05
  2185.0      4.23870E-05
  2195.0      4.20170E-05
  2205.0      4.16440E-05
  2215.0      4.12770E-05
  2225.0      4.09130E-05
  2235.0      4.05560E-05
  2245.0      4.02030E-05
  2255.0      3.98540E-05
  2265.0      3.95100E-05
  2275.0      3.91700E-05
  2285.0      3.88840E-05
  2295.0      3.85520E-05
  2305.0      3.82210E-05
  2315.0      3.79010E-05
  2325.0      3.75820E-05
  2335.0      3.72670E-05
  2345.0      3.69560E-05
  2355.0      3.66480E-05
  2365.0      3.63450E-05
  2375.0      3.60450E-05
  2385.0      3.57490E-05
  2395.0      3.54560E-05
  2405.0      3.51670E-05
  2415.0      3.48820E-05
  2425.0      3.45990E-05
  2435.0      3.43210E-05
  2445.0      3.40460E-05
  2455.0      3.37740E-05
  2465.0      3.35050E-05
  2475.0      3.32160E-05
  2485.0      3.29770E-05
  2495.0      3.27180E-05
  2505.0      3.24620E-05
  2515.0      3.22080E-05
  2525.0      3.19580E-05
  2535.0      3.17100E-05
  2545.0      3.14660E-05
  2555.0      3.12240E-05
  2565.0      3.09510E-05
  2575.0      3.07490E-05
  2585.0      3.05150E-05
  2595.0      3.02840E-05
  2605.0      3.00100E-05
  2615.0      2.96420E-05
  2625.0      2.86190E-05
  2635.0      2.92530E-05
  2645.0      2.91670E-05
  2655.0      2.89420E-05
  2665.0      2.87080E-05
  2675.0      2.83830E-05
  2685.0      2.82810E-05
  2695.0      2.81120E-05
  2705.0      2.79070E-05
  2715.0      2.77050E-05
  2725.0      2.75050E-05
  2735.0      2.73070E-05
  2745.0      2.70930E-05
  2755.0      2.67160E-05
  2765.0      2.66110E-05
  2775.0      2.65360E-05
  2785.0      2.63490E-05
  2795.0      2.61640E-05
  2805.0      2.59800E-05
  2815.0      2.57980E-05
  2825.0      2.56190E-05
  2835.0      2.54410E-05
  2845.0      2.52640E-05
  2855.0      2.50840E-05
  2865.0      2.48020E-05
  2875.0      2.44410E-05
  2885.0      2.45340E-05
  2895.0      2.44100E-05
  2905.0      2.42450E-05
  2915.0      2.40810E-05
  2925.0      2.39190E-05
  2935.0      2.37580E-05
  2945.0      2.35990E-05
  2955.0      2.34420E-05
  2965.0      2.32860E-05
  2975.0      2.31320E-05
  2985.0      2.29790E-05
  2995.0      2.28270E-05
  3005.0      2.26780E-05
  3015.0      2.25290E-05
  3025.0      2.23530E-05
  3035.0      2.19230E-05
  3045.0      2.18860E-05
  3055.0      2.19350E-05
  3065.0      2.18090E-05
  3075.0      2.16690E-05
  3085.0      2.15300E-05
  3095.0      2.13930E-05
  3105.0      2.12570E-05
  3115.0      2.11220E-05
  3125.0      2.09890E-05
  3135.0      2.08570E-05
  3145.0      2.07260E-05
  3155.0      2.05960E-05
  3165.0      2.04680E-05
  3175.0      2.03400E-05
  3185.0      2.02140E-05
  3195.0      2.00890E-05
  3210.0      1.99040E-05
  3230.0      1.96610E-05
  3250.0      1.94220E-05
  3270.0      1.91870E-05
  3290.0      1.86760E-05
  3310.0      1.86590E-05
  3330.0      1.85180E-05
  3350.0      1.83020E-05
  3370.0      1.80870E-05
  3390.0      1.78760E-05
  3410.0      1.76690E-05
  3430.0      1.74650E-05
  3450.0      1.72650E-05
  3470.0      1.70690E-05
  3490.0      1.68750E-05
  3510.0      1.66850E-05
  3530.0      1.64980E-05
  3550.0      1.63140E-05
  3570.0      1.61330E-05
  3590.0      1.59550E-05
  3610.0      1.57800E-05
  3630.0      1.56080E-05
  3650.0      1.54390E-05
  3670.0      1.52720E-05
  3690.0      1.51080E-05
  3710.0      1.49380E-05
  3730.0      1.46510E-05
  3750.0      1.44370E-05
  3770.0      1.44780E-05
  3790.0      1.43270E-05
  3810.0      1.41780E-05
  3830.0      1.40310E-05
  3850.0      1.38870E-05
  3870.0      1.37450E-05
  3890.0      1.36040E-05
  3910.0      1.34650E-05
  3930.0      1.33310E-05
  3950.0      1.31970E-05
  3970.0      1.30650E-05
  3990.0      1.29350E-05
  4010.0      1.27980E-05
  4030.0      1.26500E-05
  4050.0      1.23040E-05
  4070.0      1.24280E-05
  4090.0      1.23140E-05
  4110.0      1.21950E-05
  4130.0      1.20740E-05
  4150.0      1.19620E-05
  4170.0      1.18030E-05
  4190.0      1.17330E-05
  4210.0      1.16250E-05
  4230.0      1.15160E-05
  4250.0      1.14060E-05
  4270.0      1.13020E-05
  4290.0      1.11910E-05
  4310.0      1.10940E-05
  4330.0      1.09920E-05
  4350.0      1.08910E-05
  4370.0      1.07310E-05
  4390.0      1.06710E-05
  4410.0      1.05980E-05
  4430.0      1.05030E-05
  4450.0      1.04090E-05
  4470.0      1.03200E-05
  4490.0      1.02280E-05
  4510.0      1.01380E-05
  4530.0      1.00490E-05
  4550.0      9.96100E-06
  4570.0      9.87420E-06
  4590.0      9.78850E-06
  4610.0      9.70290E-06
  4630.0      9.61140E-06
  4650.0      9.29720E-06
  4670.0      9.33970E-06
  4690.0      9.34920E-06
  4710.0      9.29690E-06
  4730.0      9.21860E-06
  4750.0      9.14130E-06
  4770.0      9.06490E-06
  4790.0      8.98950E-06
  4810.0      8.91500E-06
  4830.0      8.84140E-06
  4850.0      8.76870E-06
  4870.0      8.69680E-06
  4890.0      8.62590E-06
  4910.0      8.55580E-06
  4930.0      8.48660E-06
  4950.0      8.41820E-06
  4970.0      8.35060E-06
  4990.0      8.28380E-06
  5010.0      8.21790E-06
  5030.0      8.15270E-06
  5050.0      8.08820E-06
  5070.0      8.02450E-06
  5090.0      7.96150E-06
  5110.0      7.88060E-06
  5130.0      7.72050E-06
  5150.0      7.76570E-06
  5170.0      7.71700E-06
  5190.0      7.65760E-06
  5210.0      7.59900E-06
  5230.0      7.54090E-06
  5250.0      7.48350E-06
  5270.0      7.42680E-06
  5290.0      7.37070E-06
  5310.0      7.31520E-06
  5330.0      7.26040E-06
  5350.0      7.20610E-06
  5370.0      7.15240E-06
  5390.0      7.09940E-06
  5410.0      7.04690E-06
  5430.0      6.99500E-06
  5450.0      6.94370E-06
  5470.0      6.89290E-06
  5490.0      6.84270E-06
  5510.0      6.79300E-06
  5530.0      6.74380E-06
  5550.0      6.69530E-06
  5570.0      6.64720E-06
  5590.0      6.59960E-06
  5610.0      6.55260E-06
  5630.0      6.50600E-06
  5650.0      6.45990E-06
  5670.0      6.41430E-06
  5690.0      6.36910E-06
  5710.0      6.32440E-06
  5730.0      6.28030E-06
  5750.0      6.23660E-06
  5770.0      6.19330E-06
  5790.0      6.15050E-06
  5810.0      6.10810E-06
  5830.0      6.06610E-06
  5850.0      6.02590E-06
  5870.0      5.98470E-06
  5890.0      5.92370E-06
  5910.0      5.77530E-06
  5930.0      5.84750E-06
  5950.0      5.81050E-06
  5970.0      5.78000E-06
  5990.0      5.74660E-06
  6010.0      5.70830E-06
  6030.0      5.67040E-06
  6050.0      5.63290E-06
  6070.0      5.59570E-06
  6090.0      5.55880E-06
  6110.0      5.52240E-06
  6130.0      5.48630E-06
  6150.0      5.45050E-06
  6170.0      5.41510E-06
  6190.0      5.38000E-06
  6210.0      5.34530E-06
  6230.0      5.31090E-06
  6250.0      5.27680E-06
  6270.0      5.23990E-06
  6290.0      5.18510E-06
  6310.0      5.17040E-06
  6330.0      5.14370E-06
  6350.0      5.11120E-06
  6370.0      5.07900E-06
  6390.0      5.04720E-06
  6420.0      4.99990E-06
  6460.0      4.93790E-06
  6500.0      4.87700E-06
  6540.0      4.81720E-06
  6580.0      4.75850E-06
  6620.0      4.70090E-06
  6660.0      4.64430E-06
  6700.0      4.58870E-06
  6740.0      4.53050E-06
  6780.0      4.45650E-06
  6820.0      4.42770E-06
  6860.0      4.37590E-06
  6900.0      4.32510E-06
  6940.0      4.27500E-06
  6980.0      4.22590E-06
  7020.0      4.17760E-06
  7060.0      4.13010E-06
  7100.0      4.08330E-06
  7140.0      4.03740E-06
  7180.0      3.99230E-06
  7220.0      3.94780E-06
  7260.0      3.90410E-06
  7300.0      3.86120E-06
  7340.0      3.81890E-06
  7380.0      3.77730E-06
  7420.0      3.73210E-06
  7460.0      3.61570E-06
  7500.0      3.56900E-06
  7540.0      3.60810E-06
  7580.0      3.57920E-06
  7620.0      3.54150E-06
  7660.0      3.50430E-06
  7700.0      3.46780E-06
  7740.0      3.43170E-06
  7780.0      3.39620E-06
  7820.0      3.36130E-06
  7860.0      3.32690E-06
  7900.0      3.29310E-06
  7940.0      3.25970E-06
  7980.0      3.22690E-06
  8020.0      3.19450E-06
  8060.0      3.16260E-06
  8100.0      3.13120E-06
  8140.0      3.09990E-06
  8180.0      3.06960E-06
  8220.0      3.03960E-06
  8260.0      3.01000E-06
  8300.0      2.98080E-06
  8340.0      2.95200E-06
  8380.0      2.92370E-06
  8420.0      2.89570E-06
  8460.0      2.86810E-06
  8500.0      2.84090E-06
  8540.0      2.81410E-06
  8580.0      2.78770E-06
  8620.0      2.76160E-06
  8660.0      2.73060E-06
  8700.0      2.71010E-06
  8740.0      2.66390E-06
  8780.0      2.63940E-06
  8820.0      2.63660E-06
  8860.0      2.61260E-06
  8900.0      2.58900E-06
  8940.0      2.56560E-06
  8980.0      2.54260E-06
  9020.0      2.51980E-06
  9060.0      2.49740E-06
  9100.0      2.47530E-06
  9140.0      2.45340E-06
  9180.0      2.43180E-06
  9220.0      2.41060E-06
  9260.0      2.38960E-06
  9300.0      2.36880E-06
  9340.0      2.34830E-06
  9380.0      2.31890E-06
  9420.0      2.30510E-06
  9460.0      2.28850E-06
  9500.0      2.26910E-06
  9540.0      2.24990E-06
  9580.0      2.23090E-06
  9620.0      2.21220E-06
  9660.0      2.19370E-06
  9700.0      2.17540E-06
  9740.0      2.15740E-06
  9780.0      2.13960E-06
  9820.0      2.12200E-06
  9860.0      2.10460E-06
  9900.0      2.08740E-06
  9940.0      2.07050E-06
  9980.0      2.05370E-06
  10020.      2.03720E-06
  20000.      4.99500E-07
  40000.      1.20900E-07
  60000.      5.26500E-08
  80000.      2.91930E-08
 1.00000E+05  1.84830E-08
 1.20000E+05  1.27270E-08
 1.40000E+05  9.28540E-09
 1.60000E+05  7.06720E-09
