 Castelli and Kurucz 2004-2012 Atmosphere
 T     44000.     G    4.50000 [-1.0] VTURB=2  L/H=1.25 NOVER NEW ODF          
 Wavelength  Eddington Hnu
   (nm)    (ergs/s/cm2/Hz/sr)
  9.0900      2.07510E-21
  9.3500      6.20110E-21
  9.6100      1.74490E-20
  9.7700      3.23780E-20
  9.9600      6.55250E-20
  10.200      1.54210E-19
  10.380      2.86370E-19
  10.560      5.21600E-19
  10.770      1.02570E-18
  11.040      2.36370E-18
  11.400      6.80160E-18
  11.780      1.95100E-17
  12.130      4.88980E-17
  12.480      1.16950E-16
  12.710      2.02780E-16
  12.840      2.74600E-16
  13.050      4.42570E-16
  13.240      6.73850E-16
  13.390      9.32700E-16
  13.660      1.64700E-15
  13.980      3.16190E-15
  14.330      6.25470E-15
  14.720      1.28440E-14
  15.100      2.55160E-14
  15.520      5.22340E-14
  15.880      9.41070E-14
  16.200      1.56490E-13
  16.600      2.88080E-13
  17.030      5.37120E-13
  17.340      8.28330E-13
  17.680      1.31930E-12
  18.020      2.06340E-12
  18.170      2.47950E-12
  18.610      4.33150E-12
  19.100      7.77470E-12
  19.390      1.08820E-11
  19.840      1.79430E-11
  20.180      2.58170E-11
  20.500      3.61050E-11
  21.050      6.27140E-11
  21.620      1.07960E-10
  21.980      1.50460E-10
  22.300      1.99850E-10
  22.680      2.76480E-10
  23.000      5.51410E-08
  23.400      2.74560E-07
  24.000      1.46090E-06
  24.650      1.01820E-05
  25.240      2.92490E-05
  25.680      2.94710E-05
  26.000      5.64100E-05
  26.400      1.17160E-04
  26.850      1.47560E-04
  27.350      1.76420E-04
  27.850      1.56520E-04
  28.400      2.45360E-04
  29.000      3.00710E-04
  29.600      2.46430E-04
  30.100      8.55920E-05
  30.800      1.61290E-04
  31.800      1.71520E-04
  32.800      2.12720E-04
  33.800      1.83790E-04
  34.800      1.95680E-04
  35.700      3.43530E-04
  36.600      4.88620E-04
  37.500      5.66070E-04
  38.500      5.24050E-04
  39.500      7.01350E-04
  40.500      8.50670E-04
  41.400      8.93360E-04
  42.200      8.85860E-04
  43.000      8.70850E-04
  44.100      1.02150E-03
  45.100      1.08120E-03
  46.000      1.04340E-03
  47.000      1.08810E-03
  48.000      1.18560E-03
  49.000      1.10860E-03
  50.000      1.27880E-03
  50.600      1.19170E-03
  51.200      1.48380E-03
  52.000      1.46080E-03
  53.000      1.43780E-03
  54.000      1.33020E-03
  55.000      1.26480E-03
  56.000      1.55550E-03
  57.000      1.64480E-03
  58.000      1.64810E-03
  59.000      1.70230E-03
  60.000      1.64270E-03
  61.000      1.58050E-03
  62.000      1.80300E-03
  63.000      1.77010E-03
  64.000      1.88050E-03
  65.000      1.85390E-03
  65.800      1.78660E-03
  66.500      1.91870E-03
  67.500      1.97590E-03
  68.500      1.89320E-03
  69.500      2.01420E-03
  70.500      1.92230E-03
  71.600      2.07370E-03
  72.600      2.11460E-03
  73.500      2.13450E-03
  74.500      2.11890E-03
  75.500      2.11880E-03
  76.500      2.06780E-03
  77.500      2.15310E-03
  78.500      2.11660E-03
  79.500      2.18380E-03
  80.500      2.21200E-03
  81.500      2.23960E-03
  82.500      2.26370E-03
  83.500      2.15810E-03
  84.500      2.28030E-03
  85.500      2.25920E-03
  86.500      2.31710E-03
  87.500      2.33780E-03
  88.500      2.33530E-03
  89.500      2.34660E-03
  90.500      2.33150E-03
  91.500      1.86230E-03
  92.500      3.09910E-03
  93.500      3.96770E-03
  94.500      4.61440E-03
  95.500      5.04230E-03
  96.500      5.49130E-03
  97.500      4.49890E-03
  98.500      5.29890E-03
  99.500      4.97330E-03
  100.50      5.19900E-03
  101.50      5.24500E-03
  102.50      4.60870E-03
  103.50      5.32490E-03
  104.50      5.38170E-03
  105.50      5.35590E-03
  106.50      5.21660E-03
  107.50      5.25690E-03
  108.50      5.04350E-03
  109.50      5.22380E-03
  110.50      5.15570E-03
  111.50      5.11690E-03
  112.50      5.01240E-03
  113.50      5.10590E-03
  114.50      5.08650E-03
  115.50      4.99450E-03
  116.50      4.91520E-03
  117.50      4.60940E-03
  118.50      4.84350E-03
  119.50      4.79100E-03
  120.50      4.77300E-03
  121.50      4.09560E-03
  122.50      4.70660E-03
  123.50      4.63220E-03
  124.50      4.58880E-03
  125.50      4.64870E-03
  126.50      4.63350E-03
  127.50      4.60970E-03
  128.50      4.58580E-03
  129.50      4.55890E-03
  130.50      4.49480E-03
  131.50      4.48010E-03
  132.50      4.43480E-03
  133.50      4.42400E-03
  134.50      4.40660E-03
  135.50      4.32210E-03
  136.50      4.23980E-03
  137.50      4.17260E-03
  138.50      4.19990E-03
  139.50      4.13920E-03
  140.50      4.04170E-03
  141.50      4.16400E-03
  142.50      4.07650E-03
  143.50      4.10910E-03
  144.20      4.03390E-03
  144.70      4.03180E-03
  145.50      3.98910E-03
  146.50      3.98010E-03
  147.50      3.97210E-03
  148.50      3.98920E-03
  149.50      3.94250E-03
  150.50      3.93410E-03
  151.20      3.93390E-03
  151.70      3.88460E-03
  152.50      3.88140E-03
  153.50      3.78310E-03
  154.50      3.56280E-03
  155.50      3.57590E-03
  156.50      3.68550E-03
  157.50      3.70700E-03
  158.50      3.67640E-03
  159.50      3.65870E-03
  160.50      3.58200E-03
  161.50      3.55360E-03
  162.50      3.52660E-03
  163.50      3.48770E-03
  164.50      3.35190E-03
  165.50      3.51410E-03
  166.50      3.50200E-03
  167.20      3.42800E-03
  167.70      3.50000E-03
  168.50      3.47740E-03
  169.50      3.46120E-03
  170.50      3.42250E-03
  171.50      3.34250E-03
  172.50      3.34840E-03
  173.50      3.37940E-03
  174.50      3.34900E-03
  175.50      3.31690E-03
  176.50      3.30710E-03
  177.50      3.28780E-03
  178.50      3.27220E-03
  179.50      3.23920E-03
  180.50      3.22180E-03
  181.50      3.20030E-03
  182.50      3.17740E-03
  183.50      3.16150E-03
  184.50      3.14070E-03
  185.50      3.11640E-03
  186.50      3.09620E-03
  187.50      3.07310E-03
  188.50      3.05190E-03
  189.50      3.04430E-03
  190.50      3.02490E-03
  191.50      3.00440E-03
  192.50      2.95950E-03
  193.50      2.96680E-03
  194.50      2.94780E-03
  195.50      2.92300E-03
  196.70      2.90470E-03
  197.60      2.88610E-03
  198.40      2.87400E-03
  199.50      2.85230E-03
  200.50      2.83580E-03
  201.50      2.81730E-03
  202.50      2.79910E-03
  203.50      2.78010E-03
  204.50      2.75550E-03
  205.50      2.13910E-03
  206.50      2.07820E-03
  207.40      2.13400E-03
  207.80      2.19020E-03
  208.50      2.35200E-03
  209.50      2.60140E-03
  210.50      2.65460E-03
  211.50      2.65060E-03
  212.50      2.63210E-03
  213.50      2.61460E-03
  214.50      2.60210E-03
  215.50      2.62820E-03
  216.50      2.54000E-03
  217.50      2.61260E-03
  218.50      2.52060E-03
  219.50      2.58090E-03
  220.50      2.56770E-03
  221.50      2.47260E-03
  222.50      2.53560E-03
  223.50      2.52110E-03
  224.50      2.50360E-03
  225.50      2.41650E-03
  226.50      2.47400E-03
  227.50      2.46030E-03
  228.50      2.44160E-03
  229.50      2.40910E-03
  230.50      2.34620E-03
  231.50      2.39600E-03
  232.50      2.38570E-03
  233.50      2.37160E-03
  234.50      2.35600E-03
  235.50      2.34130E-03
  236.50      2.32760E-03
  237.50      2.31180E-03
  238.50      2.22950E-03
  239.50      2.27730E-03
  240.50      2.26700E-03
  241.50      2.25450E-03
  242.50      2.24580E-03
  243.50      2.23120E-03
  244.50      2.21850E-03
  245.50      2.20150E-03
  246.50      2.19220E-03
  247.50      2.18100E-03
  248.50      2.16620E-03
  249.50      2.09170E-03
  250.50      2.13530E-03
  251.30      2.00520E-03
  251.80      2.11000E-03
  252.50      2.10890E-03
  253.50      2.10570E-03
  254.50      2.09440E-03
  255.50      2.08190E-03
  256.50      2.07060E-03
  257.50      2.05820E-03
  258.50      2.04670E-03
  259.50      2.02770E-03
  260.50      2.02410E-03
  261.50      2.00960E-03
  262.50      2.00150E-03
  263.50      1.99050E-03
  264.50      1.97850E-03
  265.50      1.96820E-03
  266.50      1.95680E-03
  267.50      1.94180E-03
  268.50      1.93450E-03
  269.50      1.92300E-03
  270.50      1.91450E-03
  271.50      1.90350E-03
  272.50      1.89240E-03
  273.50      1.83250E-03
  274.50      1.87290E-03
  275.50      1.86230E-03
  276.50      1.85170E-03
  277.50      1.84200E-03
  278.50      1.83100E-03
  279.50      1.82030E-03
  280.50      1.81220E-03
  281.50      1.80260E-03
  282.50      1.79160E-03
  283.50      1.78330E-03
  284.50      1.77430E-03
  285.50      1.76490E-03
  286.50      1.75520E-03
  287.50      1.74600E-03
  288.50      1.73690E-03
  289.50      1.72760E-03
  291.00      1.71390E-03
  293.00      1.69640E-03
  295.00      1.67820E-03
  297.00      1.66060E-03
  299.00      1.64150E-03
  301.00      1.62600E-03
  303.00      1.60690E-03
  305.00      1.59150E-03
  307.00      1.57550E-03
  309.00      1.56180E-03
  311.00      1.54610E-03
  313.00      1.53010E-03
  315.00      1.51630E-03
  317.00      1.50080E-03
  319.00      1.48540E-03
  321.00      1.45040E-03
  323.00      1.45820E-03
  325.00      1.44410E-03
  327.00      1.42600E-03
  329.00      1.41590E-03
  331.00      1.40230E-03
  333.00      1.38910E-03
  335.00      1.37430E-03
  337.00      1.36290E-03
  339.00      1.35000E-03
  341.00      1.33690E-03
  343.00      1.32570E-03
  345.00      1.31200E-03
  347.00      1.30120E-03
  349.00      1.28930E-03
  351.00      1.27790E-03
  353.00      1.26570E-03
  355.00      1.25420E-03
  357.00      1.24340E-03
  359.00      1.23170E-03
  361.00      1.22070E-03
  363.00      1.20920E-03
  364.00      1.18140E-03
  365.00      1.08270E-03
  367.00      1.07460E-03
  369.00      1.06930E-03
  371.00      1.07100E-03
  373.00      1.07880E-03
  375.00      1.09530E-03
  377.00      1.10690E-03
  379.00      1.12150E-03
  381.00      1.13400E-03
  383.00      1.09030E-03
  385.00      1.12860E-03
  387.00      1.13100E-03
  389.00      1.05480E-03
  391.00      1.11600E-03
  393.00      1.09910E-03
  395.00      1.09850E-03
  397.00      1.01750E-03
  399.00      1.07980E-03
  401.00      1.07430E-03
  403.00      1.04780E-03
  405.00      1.05800E-03
  407.00      1.04860E-03
  409.00      1.02080E-03
  411.00      9.72260E-04
  413.00      1.02190E-03
  415.00      1.01450E-03
  417.00      1.00710E-03
  419.00      9.95210E-04
  421.00      9.77810E-04
  423.00      9.83190E-04
  425.00      9.75280E-04
  427.00      9.67520E-04
  429.00      9.59890E-04
  431.00      9.51580E-04
  433.00      9.21600E-04
  435.00      8.90650E-04
  437.00      9.28930E-04
  439.00      9.20810E-04
  441.00      9.15100E-04
  443.00      9.08330E-04
  445.00      9.01340E-04
  447.00      8.89750E-04
  449.00      8.87670E-04
  451.00      8.80570E-04
  453.00      8.72960E-04
  455.00      8.54000E-04
  457.00      8.61170E-04
  459.00      8.54740E-04
  461.00      8.48310E-04
  463.00      8.41190E-04
  465.00      8.32010E-04
  467.00      8.28600E-04
  469.00      7.97460E-04
  471.00      8.16420E-04
  473.00      8.11530E-04
  475.00      8.05610E-04
  477.00      7.99750E-04
  479.00      7.93950E-04
  481.00      7.88220E-04
  483.00      7.82190E-04
  485.00      7.63290E-04
  487.00      7.28710E-04
  489.00      7.64850E-04
  491.00      7.60420E-04
  493.00      7.53120E-04
  495.00      7.49780E-04
  497.00      7.44510E-04
  499.00      7.39330E-04
  501.00      7.33100E-04
  503.00      7.29030E-04
  505.00      7.23760E-04
  507.00      7.19000E-04
  509.00      7.14090E-04
  511.00      7.09200E-04
  513.00      7.04330E-04
  515.00      6.99540E-04
  517.00      6.94820E-04
  519.00      6.90110E-04
  521.00      6.85460E-04
  523.00      6.80870E-04
  525.00      6.76230E-04
  527.00      6.71660E-04
  529.00      6.67330E-04
  531.00      6.62900E-04
  533.00      6.58510E-04
  535.00      6.54190E-04
  537.00      6.49890E-04
  539.00      6.45630E-04
  541.00      6.30700E-04
  543.00      6.37200E-04
  545.00      6.33130E-04
  547.00      6.29020E-04
  549.00      6.24980E-04
  551.00      6.20890E-04
  553.00      6.16990E-04
  555.00      6.13060E-04
  557.00      6.09110E-04
  559.00      6.04870E-04
  561.00      6.01470E-04
  563.00      5.97670E-04
  565.00      5.93920E-04
  567.00      5.90190E-04
  569.00      5.79410E-04
  571.00      5.46560E-04
  573.00      5.43410E-04
  575.00      5.40300E-04
  577.00      5.37320E-04
  579.00      5.34620E-04
  581.00      5.31730E-04
  583.00      5.30830E-04
  585.00      5.29860E-04
  587.00      5.26600E-04
  589.00      5.28630E-04
  591.00      5.28550E-04
  593.00      5.28880E-04
  595.00      5.29670E-04
  597.00      5.30410E-04
  599.00      5.31610E-04
  601.00      5.30060E-04
  603.00      5.27950E-04
  605.00      5.26420E-04
  607.00      5.22640E-04
  609.00      5.20410E-04
  611.00      5.16840E-04
  613.00      5.13840E-04
  615.00      5.11630E-04
  617.00      5.06790E-04
  619.00      5.05610E-04
  621.00      5.02780E-04
  623.00      4.97750E-04
  625.00      4.96600E-04
  627.00      4.94140E-04
  629.00      4.91310E-04
  631.00      4.85490E-04
  633.00      4.85530E-04
  635.00      4.82980E-04
  637.00      4.80240E-04
  639.00      4.77340E-04
  641.00      4.71080E-04
  643.00      4.72170E-04
  645.00      4.69530E-04
  647.00      4.66890E-04
  649.00      4.64320E-04
  651.00      4.61540E-04
  653.00      4.54280E-04
  655.00      4.51850E-04
  657.00      4.27420E-04
  659.00      4.51000E-04
  661.00      4.49170E-04
  663.00      4.46720E-04
  665.00      4.44290E-04
  667.00      4.40450E-04
  669.00      4.33660E-04
  671.00      4.37020E-04
  673.00      4.34740E-04
  675.00      4.32390E-04
  677.00      4.30100E-04
  679.00      4.27800E-04
  681.00      4.25520E-04
  683.00      4.23260E-04
  685.00      4.21010E-04
  687.00      4.18780E-04
  689.00      4.11120E-04
  691.00      4.14210E-04
  693.00      4.12210E-04
  695.00      4.10050E-04
  697.00      4.07910E-04
  699.00      4.05790E-04
  701.00      4.03670E-04
  703.00      4.01530E-04
  705.00      3.99490E-04
  707.00      3.96320E-04
  709.00      3.95410E-04
  711.00      3.93370E-04
  713.00      3.91360E-04
  715.00      3.89360E-04
  717.00      3.83780E-04
  719.00      3.83450E-04
  721.00      3.83460E-04
  723.00      3.81520E-04
  725.00      3.79600E-04
  727.00      3.77690E-04
  729.00      3.75460E-04
  731.00      3.73890E-04
  733.00      3.72050E-04
  735.00      3.70200E-04
  737.00      3.68350E-04
  739.00      3.66530E-04
  741.00      3.64710E-04
  743.00      3.62920E-04
  745.00      3.61100E-04
  747.00      3.59370E-04
  749.00      3.57550E-04
  751.00      3.55850E-04
  753.00      3.54130E-04
  755.00      3.52410E-04
  757.00      3.50690E-04
  759.00      3.43970E-04
  761.00      3.47040E-04
  763.00      3.45640E-04
  765.00      3.43980E-04
  767.00      3.42340E-04
  769.00      3.40670E-04
  771.00      3.39070E-04
  773.00      3.37420E-04
  775.00      3.35870E-04
  777.00      3.34280E-04
  779.00      3.32700E-04
  781.00      3.31130E-04
  783.00      3.29570E-04
  785.00      3.28020E-04
  787.00      3.26500E-04
  789.00      3.24980E-04
  791.00      3.23470E-04
  793.00      3.21970E-04
  795.00      3.20470E-04
  797.00      3.18960E-04
  799.00      3.17520E-04
  801.00      3.16060E-04
  803.00      3.14590E-04
  805.00      3.13160E-04
  807.00      3.11730E-04
  809.00      3.10310E-04
  811.00      3.08890E-04
  813.00      3.07490E-04
  815.00      3.06100E-04
  817.00      3.04680E-04
  819.00      3.02090E-04
  821.00      2.90130E-04
  823.00      2.87240E-04
  825.00      2.87340E-04
  827.00      2.86410E-04
  829.00      2.85230E-04
  831.00      2.84030E-04
  833.00      2.82800E-04
  835.00      2.81630E-04
  837.00      2.80520E-04
  839.00      2.79420E-04
  841.00      2.78430E-04
  843.00      2.77440E-04
  845.00      2.76430E-04
  847.00      2.75550E-04
  849.00      2.74770E-04
  851.00      2.73860E-04
  853.00      2.73210E-04
  855.00      2.72130E-04
  857.00      2.71830E-04
  859.00      2.70560E-04
  861.00      2.69850E-04
  863.00      2.69940E-04
  865.00      2.68860E-04
  867.00      2.66550E-04
  869.00      2.68090E-04
  871.00      2.67900E-04
  873.00      2.66780E-04
  875.00      2.62070E-04
  877.00      2.64860E-04
  879.00      2.65760E-04
  881.00      2.65330E-04
  883.00      2.64520E-04
  885.00      2.60380E-04
  887.00      2.54720E-04
  889.00      2.60670E-04
  891.00      2.60750E-04
  893.00      2.59730E-04
  895.00      2.59250E-04
  897.00      2.57920E-04
  899.00      2.55510E-04
  901.00      2.46470E-04
  903.00      2.49420E-04
  905.00      2.53000E-04
  907.00      2.52620E-04
  909.00      2.51840E-04
  911.00      2.50290E-04
  913.00      2.49880E-04
  915.00      2.48870E-04
  917.00      2.47790E-04
  919.00      2.46370E-04
  921.00      2.43070E-04
  923.00      2.32390E-04
  925.00      2.40600E-04
  927.00      2.42280E-04
  929.00      2.41890E-04
  931.00      2.40860E-04
  933.00      2.39710E-04
  935.00      2.34240E-04
  937.00      2.36890E-04
  939.00      2.37040E-04
  941.00      2.36120E-04
  943.00      2.35200E-04
  945.00      2.34270E-04
  947.00      2.33270E-04
  949.00      2.32410E-04
  951.00      2.30730E-04
  953.00      2.27130E-04
  955.00      2.16930E-04
  957.00      2.26440E-04
  959.00      2.27520E-04
  961.00      2.26990E-04
  963.00      2.26050E-04
  965.00      2.25230E-04
  967.00      2.24360E-04
  969.00      2.23480E-04
  971.00      2.22460E-04
  973.00      2.21750E-04
  975.00      2.20630E-04
  977.00      2.18620E-04
  979.00      2.19210E-04
  981.00      2.18370E-04
  983.00      2.17530E-04
  985.00      2.16710E-04
  987.00      2.15880E-04
  989.00      2.15060E-04
  991.00      2.14240E-04
  993.00      2.13430E-04
  995.00      2.12620E-04
  997.00      2.11820E-04
  999.00      2.11020E-04
  1002.5      2.06670E-04
  1007.5      2.03230E-04
  1012.5      2.02650E-04
  1017.5      2.03840E-04
  1022.5      2.01970E-04
  1027.5      2.00110E-04
  1032.5      1.98180E-04
  1037.5      1.96490E-04
  1042.5      1.93740E-04
  1047.5      1.92960E-04
  1052.5      1.91230E-04
  1057.5      1.89530E-04
  1062.5      1.87840E-04
  1067.5      1.86170E-04
  1072.5      1.84540E-04
  1077.5      1.82930E-04
  1082.5      1.80960E-04
  1087.5      1.79680E-04
  1092.5      1.72700E-04
  1097.5      1.75480E-04
  1102.5      1.75110E-04
  1107.5      1.73650E-04
  1112.5      1.72170E-04
  1117.5      1.70810E-04
  1122.5      1.69370E-04
  1127.5      1.67950E-04
  1132.5      1.66540E-04
  1137.5      1.65150E-04
  1142.5      1.63780E-04
  1147.5      1.62430E-04
  1152.5      1.61090E-04
  1157.5      1.59770E-04
  1162.5      1.56970E-04
  1167.5      1.56110E-04
  1172.5      1.55900E-04
  1177.5      1.54650E-04
  1182.5      1.53400E-04
  1187.5      1.52180E-04
  1192.5      1.50960E-04
  1197.5      1.49610E-04
  1202.5      1.48580E-04
  1207.5      1.47410E-04
  1212.5      1.46250E-04
  1217.5      1.45110E-04
  1222.5      1.43980E-04
  1227.5      1.42860E-04
  1232.5      1.41760E-04
  1237.5      1.40660E-04
  1242.5      1.39580E-04
  1247.5      1.38520E-04
  1252.5      1.37440E-04
  1257.5      1.36420E-04
  1262.5      1.35390E-04
  1267.5      1.34370E-04
  1272.5      1.33360E-04
  1277.5      1.31830E-04
  1282.5      1.26880E-04
  1287.5      1.30210E-04
  1292.5      1.29440E-04
  1297.5      1.28440E-04
  1302.5      1.27540E-04
  1307.5      1.26610E-04
  1312.5      1.25690E-04
  1317.5      1.24770E-04
  1322.5      1.23870E-04
  1327.5      1.22980E-04
  1332.5      1.22090E-04
  1337.5      1.21220E-04
  1342.5      1.20350E-04
  1347.5      1.19500E-04
  1352.5      1.18650E-04
  1357.5      1.17820E-04
  1362.5      1.16990E-04
  1367.5      1.16170E-04
  1372.5      1.15360E-04
  1377.5      1.14550E-04
  1382.5      1.13760E-04
  1387.5      1.12970E-04
  1392.5      1.12190E-04
  1397.5      1.11420E-04
  1402.5      1.10660E-04
  1407.5      1.09910E-04
  1412.5      1.09160E-04
  1417.5      1.08420E-04
  1422.5      1.07690E-04
  1427.5      1.06960E-04
  1432.5      1.06240E-04
  1437.5      1.05540E-04
  1442.5      1.04830E-04
  1447.5      1.04140E-04
  1452.5      1.03450E-04
  1457.0      1.02830E-04
  1462.0      1.02180E-04
  1467.5      1.01440E-04
  1472.5      1.00750E-04
  1477.5      9.92700E-05
  1482.5      9.94720E-05
  1487.5      9.88400E-05
  1492.5      9.82060E-05
  1497.5      9.75760E-05
  1502.5      9.69520E-05
  1507.5      9.63200E-05
  1512.5      9.57200E-05
  1517.5      9.51120E-05
  1522.5      9.45880E-05
  1527.5      9.39480E-05
  1532.5      9.33530E-05
  1537.5      9.28090E-05
  1542.5      9.21570E-05
  1547.5      9.16510E-05
  1552.5      9.10560E-05
  1557.5      9.04000E-05
  1562.5      9.00640E-05
  1567.5      8.93050E-05
  1572.5      8.86970E-05
  1577.5      8.84210E-05
  1582.5      8.78090E-05
  1587.5      8.69320E-05
  1592.5      8.66450E-05
  1597.5      8.62910E-05
  1605.0      8.53740E-05
  1615.0      8.41260E-05
  1625.0      8.34860E-05
  1635.0      8.23020E-05
  1645.0      8.10080E-05
  1655.0      8.05780E-05
  1665.0      7.96420E-05
  1675.0      7.84620E-05
  1685.0      7.71480E-05
  1695.0      7.69300E-05
  1705.0      7.59920E-05
  1715.0      7.51990E-05
  1725.0      7.43530E-05
  1735.0      7.25300E-05
  1745.0      7.26200E-05
  1755.0      7.19050E-05
  1765.0      7.11150E-05
  1775.0      7.03380E-05
  1785.0      6.95740E-05
  1795.0      6.88220E-05
  1805.0      6.80810E-05
  1815.0      6.63530E-05
  1825.0      6.64770E-05
  1835.0      6.59330E-05
  1845.0      6.52390E-05
  1855.0      6.45670E-05
  1865.0      6.32060E-05
  1875.0      6.18770E-05
  1885.0      6.25800E-05
  1895.0      6.19400E-05
  1905.0      6.12800E-05
  1915.0      6.06850E-05
  1925.0      6.00720E-05
  1935.0      5.94410E-05
  1945.0      5.77650E-05
  1955.0      5.82470E-05
  1965.0      5.77090E-05
  1975.0      5.71400E-05
  1985.0      5.65790E-05
  1995.0      5.60270E-05
  2005.0      5.54820E-05
  2015.0      5.49460E-05
  2025.0      5.44170E-05
  2035.0      5.38950E-05
  2045.0      5.33810E-05
  2055.0      5.28650E-05
  2065.0      5.23750E-05
  2075.0      5.18800E-05
  2085.0      5.13970E-05
  2095.0      5.09180E-05
  2105.0      5.04460E-05
  2115.0      4.99620E-05
  2125.0      4.95210E-05
  2135.0      4.90680E-05
  2145.0      4.86200E-05
  2155.0      4.81700E-05
  2165.0      4.67410E-05
  2175.0      4.72610E-05
  2185.0      4.68910E-05
  2195.0      4.64750E-05
  2205.0      4.60630E-05
  2215.0      4.56560E-05
  2225.0      4.52550E-05
  2235.0      4.48590E-05
  2245.0      4.44680E-05
  2255.0      4.40820E-05
  2265.0      4.37010E-05
  2275.0      4.33250E-05
  2285.0      4.29910E-05
  2295.0      4.26240E-05
  2305.0      4.22620E-05
  2315.0      4.19040E-05
  2325.0      4.15510E-05
  2335.0      4.12030E-05
  2345.0      4.08590E-05
  2355.0      4.05190E-05
  2365.0      4.01830E-05
  2375.0      3.98510E-05
  2385.0      3.95240E-05
  2395.0      3.92000E-05
  2405.0      3.88800E-05
  2415.0      3.85650E-05
  2425.0      3.82530E-05
  2435.0      3.79450E-05
  2445.0      3.76400E-05
  2455.0      3.73390E-05
  2465.0      3.70420E-05
  2475.0      3.67390E-05
  2485.0      3.64580E-05
  2495.0      3.61710E-05
  2505.0      3.58880E-05
  2515.0      3.56070E-05
  2525.0      3.53270E-05
  2535.0      3.50560E-05
  2545.0      3.47860E-05
  2555.0      3.45180E-05
  2565.0      3.42130E-05
  2575.0      3.39920E-05
  2585.0      3.37340E-05
  2595.0      3.34780E-05
  2605.0      3.32030E-05
  2615.0      3.28350E-05
  2625.0      3.19390E-05
  2635.0      3.24420E-05
  2645.0      3.22430E-05
  2655.0      3.20010E-05
  2665.0      3.17540E-05
  2675.0      3.13700E-05
  2685.0      3.12890E-05
  2695.0      3.10740E-05
  2705.0      3.08480E-05
  2715.0      3.06240E-05
  2725.0      3.04030E-05
  2735.0      3.01840E-05
  2745.0      2.99660E-05
  2755.0      2.95390E-05
  2765.0      2.94580E-05
  2775.0      2.93310E-05
  2785.0      2.91240E-05
  2795.0      2.89180E-05
  2805.0      2.87150E-05
  2815.0      2.85140E-05
  2825.0      2.83150E-05
  2835.0      2.81180E-05
  2845.0      2.79230E-05
  2855.0      2.77300E-05
  2865.0      2.74750E-05
  2875.0      2.70480E-05
  2885.0      2.71520E-05
  2895.0      2.69780E-05
  2905.0      2.67950E-05
  2915.0      2.66140E-05
  2925.0      2.64340E-05
  2935.0      2.62570E-05
  2945.0      2.60810E-05
  2955.0      2.59060E-05
  2965.0      2.57340E-05
  2975.0      2.55630E-05
  2985.0      2.53940E-05
  2995.0      2.52270E-05
  3005.0      2.50610E-05
  3015.0      2.48970E-05
  3025.0      2.47330E-05
  3035.0      2.42820E-05
  3045.0      2.42580E-05
  3055.0      2.42550E-05
  3065.0      2.40990E-05
  3075.0      2.39450E-05
  3085.0      2.37910E-05
  3095.0      2.36390E-05
  3105.0      2.34890E-05
  3115.0      2.33400E-05
  3125.0      2.31920E-05
  3135.0      2.30460E-05
  3145.0      2.29010E-05
  3155.0      2.27570E-05
  3165.0      2.26150E-05
  3175.0      2.24740E-05
  3185.0      2.23350E-05
  3195.0      2.21960E-05
  3210.0      2.19910E-05
  3230.0      2.17220E-05
  3250.0      2.14580E-05
  3270.0      2.11980E-05
  3290.0      2.07020E-05
  3310.0      2.06580E-05
  3330.0      2.04560E-05
  3350.0      2.02150E-05
  3370.0      1.99780E-05
  3390.0      1.97440E-05
  3410.0      1.95150E-05
  3430.0      1.92900E-05
  3450.0      1.90680E-05
  3470.0      1.88510E-05
  3490.0      1.86370E-05
  3510.0      1.84270E-05
  3530.0      1.82200E-05
  3550.0      1.80160E-05
  3570.0      1.78160E-05
  3590.0      1.76200E-05
  3610.0      1.74260E-05
  3630.0      1.72360E-05
  3650.0      1.70480E-05
  3670.0      1.68640E-05
  3690.0      1.66830E-05
  3710.0      1.65010E-05
  3730.0      1.62350E-05
  3750.0      1.59970E-05
  3770.0      1.59860E-05
  3790.0      1.58180E-05
  3810.0      1.56530E-05
  3830.0      1.54910E-05
  3850.0      1.53320E-05
  3870.0      1.51740E-05
  3890.0      1.50190E-05
  3910.0      1.48570E-05
  3930.0      1.47160E-05
  3950.0      1.45680E-05
  3970.0      1.44230E-05
  3990.0      1.42790E-05
  4010.0      1.41270E-05
  4030.0      1.39750E-05
  4050.0      1.36600E-05
  4070.0      1.37250E-05
  4090.0      1.35920E-05
  4110.0      1.34600E-05
  4130.0      1.33290E-05
  4150.0      1.32020E-05
  4170.0      1.30260E-05
  4190.0      1.29520E-05
  4210.0      1.28300E-05
  4230.0      1.27090E-05
  4250.0      1.25890E-05
  4270.0      1.24720E-05
  4290.0      1.23550E-05
  4310.0      1.22420E-05
  4330.0      1.21300E-05
  4350.0      1.20180E-05
  4370.0      1.18460E-05
  4390.0      1.17840E-05
  4410.0      1.16940E-05
  4430.0      1.15890E-05
  4450.0      1.14850E-05
  4470.0      1.13850E-05
  4490.0      1.12840E-05
  4510.0      1.11840E-05
  4530.0      1.10860E-05
  4550.0      1.09890E-05
  4570.0      1.08930E-05
  4590.0      1.07980E-05
  4610.0      1.07040E-05
  4630.0      1.06120E-05
  4650.0      1.03230E-05
  4670.0      1.03250E-05
  4690.0      1.03310E-05
  4710.0      1.02550E-05
  4730.0      1.01680E-05
  4750.0      1.00830E-05
  4770.0      9.99810E-06
  4790.0      9.91480E-06
  4810.0      9.83240E-06
  4830.0      9.75110E-06
  4850.0      9.67070E-06
  4870.0      9.59140E-06
  4890.0      9.51300E-06
  4910.0      9.43560E-06
  4930.0      9.35910E-06
  4950.0      9.28350E-06
  4970.0      9.20880E-06
  4990.0      9.13500E-06
  5010.0      9.06210E-06
  5030.0      8.99000E-06
  5050.0      8.91880E-06
  5070.0      8.84850E-06
  5090.0      8.77890E-06
  5110.0      8.70170E-06
  5130.0      8.53170E-06
  5150.0      8.57160E-06
  5170.0      8.50870E-06
  5190.0      8.44320E-06
  5210.0      8.37830E-06
  5230.0      8.31420E-06
  5250.0      8.25080E-06
  5270.0      8.18810E-06
  5290.0      8.12610E-06
  5310.0      8.06490E-06
  5330.0      8.00430E-06
  5350.0      7.94440E-06
  5370.0      7.88500E-06
  5390.0      7.82640E-06
  5410.0      7.76860E-06
  5430.0      7.71130E-06
  5450.0      7.65460E-06
  5470.0      7.59850E-06
  5490.0      7.54300E-06
  5510.0      7.48810E-06
  5530.0      7.43370E-06
  5550.0      7.38020E-06
  5570.0      7.32710E-06
  5590.0      7.27450E-06
  5610.0      7.22260E-06
  5630.0      7.17110E-06
  5650.0      7.12020E-06
  5670.0      7.06990E-06
  5690.0      7.02000E-06
  5710.0      6.96620E-06
  5730.0      6.92180E-06
  5750.0      6.87360E-06
  5770.0      6.82590E-06
  5790.0      6.77860E-06
  5810.0      6.73180E-06
  5830.0      6.68540E-06
  5850.0      6.64070E-06
  5870.0      6.59530E-06
  5890.0      6.54070E-06
  5910.0      6.38960E-06
  5930.0      6.45740E-06
  5950.0      6.40340E-06
  5970.0      6.37050E-06
  5990.0      6.33240E-06
  6010.0      6.29010E-06
  6030.0      6.24830E-06
  6050.0      6.20680E-06
  6070.0      6.16570E-06
  6090.0      6.12510E-06
  6110.0      6.08480E-06
  6130.0      6.04500E-06
  6150.0      6.00550E-06
  6170.0      5.96640E-06
  6190.0      5.92770E-06
  6210.0      5.88930E-06
  6230.0      5.85140E-06
  6250.0      5.81370E-06
  6270.0      5.77590E-06
  6290.0      5.70990E-06
  6310.0      5.69920E-06
  6330.0      5.66680E-06
  6350.0      5.63100E-06
  6370.0      5.59540E-06
  6390.0      5.56030E-06
  6420.0      5.50810E-06
  6460.0      5.43960E-06
  6500.0      5.37250E-06
  6540.0      5.30650E-06
  6580.0      5.24170E-06
  6620.0      5.17820E-06
  6660.0      5.11570E-06
  6700.0      5.05440E-06
  6740.0      4.99210E-06
  6780.0      4.91090E-06
  6820.0      4.87670E-06
  6860.0      4.81960E-06
  6900.0      4.76350E-06
  6940.0      4.70830E-06
  6980.0      4.65400E-06
  7020.0      4.60070E-06
  7060.0      4.54830E-06
  7100.0      4.49680E-06
  7140.0      4.44610E-06
  7180.0      4.39630E-06
  7220.0      4.34730E-06
  7260.0      4.29910E-06
  7300.0      4.25170E-06
  7340.0      4.20510E-06
  7380.0      4.15920E-06
  7420.0      4.11300E-06
  7460.0      4.00490E-06
  7500.0      3.94870E-06
  7540.0      3.97860E-06
  7580.0      3.94070E-06
  7620.0      3.89910E-06
  7660.0      3.85810E-06
  7700.0      3.81770E-06
  7740.0      3.77800E-06
  7780.0      3.73880E-06
  7820.0      3.70040E-06
  7860.0      3.66250E-06
  7900.0      3.62510E-06
  7940.0      3.58830E-06
  7980.0      3.55210E-06
  8020.0      3.51640E-06
  8060.0      3.48120E-06
  8100.0      3.44660E-06
  8140.0      3.41020E-06
  8180.0      3.37870E-06
  8220.0      3.34560E-06
  8260.0      3.31300E-06
  8300.0      3.28080E-06
  8340.0      3.24910E-06
  8380.0      3.21780E-06
  8420.0      3.18700E-06
  8460.0      3.15660E-06
  8500.0      3.12660E-06
  8540.0      3.09710E-06
  8580.0      3.06790E-06
  8620.0      3.03920E-06
  8660.0      3.00490E-06
  8700.0      2.98290E-06
  8740.0      2.93770E-06
  8780.0      2.91050E-06
  8820.0      2.90140E-06
  8860.0      2.87500E-06
  8900.0      2.84890E-06
  8940.0      2.82310E-06
  8980.0      2.79770E-06
  9020.0      2.77270E-06
  9060.0      2.74800E-06
  9100.0      2.72360E-06
  9140.0      2.69950E-06
  9180.0      2.67570E-06
  9220.0      2.65230E-06
  9260.0      2.62910E-06
  9300.0      2.60630E-06
  9340.0      2.58370E-06
  9380.0      2.55110E-06
  9420.0      2.53690E-06
  9460.0      2.51780E-06
  9500.0      2.49630E-06
  9540.0      2.47520E-06
  9580.0      2.45430E-06
  9620.0      2.43370E-06
  9660.0      2.41330E-06
  9700.0      2.39320E-06
  9740.0      2.37330E-06
  9780.0      2.35370E-06
  9820.0      2.33430E-06
  9860.0      2.31510E-06
  9900.0      2.29620E-06
  9940.0      2.27750E-06
  9980.0      2.25900E-06
  10020.      2.24080E-06
  20000.      5.48510E-07
  40000.      1.32650E-07
  60000.      5.77190E-08
  80000.      3.19710E-08
 1.00000E+05  2.02180E-08
 1.20000E+05  1.39030E-08
 1.40000E+05  1.01300E-08
 1.60000E+05  7.70080E-09
