 Castelli and Kurucz 2004-2012 Atmosphere
 T     31000.     G    4.00000 [-1.5a] N(He)/Ntot=0.0784 VTURB=2.0  L/H=1.25 OD
 Wavelength  Eddington Hnu
   (nm)    (ergs/s/cm2/Hz/sr)
  9.0900      4.92730E-35
  9.3500      3.53790E-34
  9.6100      2.30620E-33
  9.7700      6.98830E-33
  9.9600      2.49860E-32
  10.200      1.17400E-31
  10.380      3.59130E-31
  10.560      1.06050E-30
  10.770      3.59480E-30
  11.040      1.61990E-29
  11.400      1.08600E-28
  11.780      7.19610E-28
  12.130      3.71640E-27
  12.480      1.75690E-26
  12.710      4.66290E-26
  12.840      7.97310E-26
  13.050      1.85530E-25
  13.240      3.89630E-25
  13.390      6.89840E-25
  13.660      1.87240E-24
  13.980      5.82690E-24
  14.330      1.90650E-23
  14.720      6.69440E-23
  15.100      2.14200E-22
  15.520      7.26270E-22
  15.880      1.96870E-21
  16.200      4.61210E-21
  16.600      1.27870E-20
  17.030      3.63030E-20
  17.340      7.47540E-20
  17.680      1.60480E-19
  18.020      3.35150E-19
  18.170      4.59910E-19
  18.610      1.13200E-18
  19.100      2.94700E-18
  19.390      5.08030E-18
  19.840      1.14820E-17
  20.180      2.07780E-17
  20.500      3.56920E-17
  21.050      8.71970E-17
  21.620      2.10470E-16
  21.980      3.59190E-16
  22.300      5.69600E-16
  22.680      9.68520E-16
  23.000      7.81600E-13
  23.400      2.83020E-12
  24.000      5.43700E-12
  24.650      1.05990E-11
  25.240      1.85880E-11
  25.680      2.11210E-11
  26.000      3.76870E-11
  26.400      5.09190E-11
  26.850      7.59510E-11
  27.350      1.11270E-10
  27.850      1.53900E-10
  28.400      2.71930E-10
  29.000      4.04300E-10
  29.600      5.68850E-10
  30.100      6.59690E-10
  30.800      1.06360E-09
  31.800      2.48040E-09
  32.800      3.99150E-09
  33.800      6.79910E-09
  34.800      1.07700E-08
  35.700      1.67780E-08
  36.600      2.56640E-08
  37.500      3.49090E-08
  38.500      5.16080E-08
  39.500      7.32710E-08
  40.500      9.99870E-08
  41.400      1.33730E-07
  42.200      1.64550E-07
  43.000      2.05070E-07
  44.100      2.75280E-07
  45.100      3.56480E-07
  46.000      4.35410E-07
  47.000      5.53400E-07
  48.000      6.88310E-07
  49.000      8.41250E-07
  50.000      1.05220E-06
  50.600      5.59080E-06
  51.200      2.26010E-05
  52.000      2.22840E-05
  53.000      2.27080E-05
  54.000      2.15840E-05
  55.000      2.52320E-05
  56.000      2.88120E-05
  57.000      3.08500E-05
  58.000      2.96990E-05
  59.000      3.34040E-05
  60.000      3.33270E-05
  61.000      3.64430E-05
  62.000      4.03860E-05
  63.000      4.22850E-05
  64.000      4.31660E-05
  65.000      4.60130E-05
  65.800      4.63630E-05
  66.500      4.90070E-05
  67.500      5.16370E-05
  68.500      5.12970E-05
  69.500      5.78540E-05
  70.500      5.68760E-05
  71.600      6.42270E-05
  72.600      6.61240E-05
  73.500      6.95460E-05
  74.500      7.23540E-05
  75.500      7.49200E-05
  76.500      7.83530E-05
  77.500      8.21390E-05
  78.500      8.67750E-05
  79.500      8.96500E-05
  80.500      9.24010E-05
  81.500      9.58010E-05
  82.500      1.00910E-04
  83.500      9.73080E-05
  84.500      1.07420E-04
  85.500      1.11150E-04
  86.500      1.15950E-04
  87.500      1.19990E-04
  88.500      1.24520E-04
  89.500      1.29010E-04
  90.500      1.31590E-04
  91.500      1.64720E-04
  92.500      7.15480E-04
  93.500      1.15960E-03
  94.500      1.70390E-03
  95.500      1.88220E-03
  96.500      2.18540E-03
  97.500      1.36830E-03
  98.500      2.12230E-03
  99.500      2.02220E-03
  100.50      2.10130E-03
  101.50      2.11760E-03
  102.50      1.56950E-03
  103.50      2.09920E-03
  104.50      2.25000E-03
  105.50      2.23800E-03
  106.50      2.11120E-03
  107.50      2.16420E-03
  108.50      2.06590E-03
  109.50      2.20190E-03
  110.50      2.15570E-03
  111.50      2.14740E-03
  112.50      2.00340E-03
  113.50      2.15100E-03
  114.50      2.09130E-03
  115.50      2.10020E-03
  116.50      2.10830E-03
  117.50      1.80820E-03
  118.50      2.04250E-03
  119.50      2.02610E-03
  120.50      1.95080E-03
  121.50      1.45500E-03
  122.50      1.99640E-03
  123.50      2.04760E-03
  124.50      2.01570E-03
  125.50      2.03680E-03
  126.50      2.04130E-03
  127.50      2.03960E-03
  128.50      2.03500E-03
  129.50      1.94050E-03
  130.50      1.97010E-03
  131.50      2.00520E-03
  132.50      1.97480E-03
  133.50      1.94910E-03
  134.50      1.96090E-03
  135.50      1.95990E-03
  136.50      1.93080E-03
  137.50      1.92610E-03
  138.50      1.91800E-03
  139.50      1.75400E-03
  140.50      1.77390E-03
  141.50      1.87260E-03
  142.50      1.82900E-03
  143.50      1.85500E-03
  144.20      1.86080E-03
  144.70      1.85160E-03
  145.50      1.83170E-03
  146.50      1.82470E-03
  147.50      1.81390E-03
  148.50      1.81420E-03
  149.50      1.79300E-03
  150.50      1.77350E-03
  151.20      1.77890E-03
  151.70      1.77000E-03
  152.50      1.75280E-03
  153.50      1.68010E-03
  154.50      1.63390E-03
  155.50      1.62340E-03
  156.50      1.65240E-03
  157.50      1.67680E-03
  158.50      1.68050E-03
  159.50      1.67540E-03
  160.50      1.62160E-03
  161.50      1.60190E-03
  162.50      1.60360E-03
  163.50      1.60290E-03
  164.50      1.55460E-03
  165.50      1.61810E-03
  166.50      1.60100E-03
  167.20      1.57710E-03
  167.70      1.63110E-03
  168.50      1.61270E-03
  169.50      1.59980E-03
  170.50      1.58240E-03
  171.50      1.55770E-03
  172.50      1.54260E-03
  173.50      1.57120E-03
  174.50      1.55910E-03
  175.50      1.54590E-03
  176.50      1.53800E-03
  177.50      1.53250E-03
  178.50      1.52840E-03
  179.50      1.51980E-03
  180.50      1.51860E-03
  181.50      1.50450E-03
  182.50      1.49500E-03
  183.50      1.49430E-03
  184.50      1.46450E-03
  185.50      1.45030E-03
  186.50      1.44990E-03
  187.50      1.44890E-03
  188.50      1.42470E-03
  189.50      1.40790E-03
  190.50      1.42430E-03
  191.50      1.39990E-03
  192.50      1.37850E-03
  193.50      1.39420E-03
  194.50      1.39870E-03
  195.50      1.36160E-03
  196.70      1.37790E-03
  197.60      1.38230E-03
  198.40      1.36250E-03
  199.50      1.34040E-03
  200.50      1.35570E-03
  201.50      1.35320E-03
  202.50      1.34820E-03
  203.50      1.33420E-03
  204.50      1.32640E-03
  205.50      1.16230E-03
  206.50      1.13830E-03
  207.40      1.16650E-03
  207.80      1.16790E-03
  208.50      1.21820E-03
  209.50      1.26990E-03
  210.50      1.28340E-03
  211.50      1.28480E-03
  212.50      1.27570E-03
  213.50      1.27090E-03
  214.50      1.26370E-03
  215.50      1.26590E-03
  216.50      1.24450E-03
  217.50      1.25420E-03
  218.50      1.23390E-03
  219.50      1.24190E-03
  220.50      1.23530E-03
  221.50      1.21400E-03
  222.50      1.22100E-03
  223.50      1.21400E-03
  224.50      1.20770E-03
  225.50      1.18720E-03
  226.50      1.19450E-03
  227.50      1.18820E-03
  228.50      1.17890E-03
  229.50      1.14910E-03
  230.50      1.15520E-03
  231.50      1.16080E-03
  232.50      1.15520E-03
  233.50      1.14850E-03
  234.50      1.14310E-03
  235.50      1.13690E-03
  236.50      1.13070E-03
  237.50      1.12400E-03
  238.50      1.10430E-03
  239.50      1.10890E-03
  240.50      1.10610E-03
  241.50      1.09950E-03
  242.50      1.09420E-03
  243.50      1.08720E-03
  244.50      1.08210E-03
  245.50      1.07600E-03
  246.50      1.07110E-03
  247.50      1.06510E-03
  248.50      1.05910E-03
  249.50      9.75660E-04
  250.50      1.04540E-03
  251.30      1.01650E-03
  251.80      1.03180E-03
  252.50      1.03750E-03
  253.50      1.03240E-03
  254.50      1.02310E-03
  255.50      1.01990E-03
  256.50      1.01570E-03
  257.50      1.01080E-03
  258.50      1.00580E-03
  259.50      1.00020E-03
  260.50      9.98710E-04
  261.50      9.93220E-04
  262.50      9.88210E-04
  263.50      9.82420E-04
  264.50      9.77110E-04
  265.50      9.71370E-04
  266.50      9.64860E-04
  267.50      9.59080E-04
  268.50      9.58380E-04
  269.50      9.48680E-04
  270.50      9.48330E-04
  271.50      9.43530E-04
  272.50      9.33810E-04
  273.50      9.25430E-04
  274.50      9.29600E-04
  275.50      9.24990E-04
  276.50      9.14870E-04
  277.50      9.16190E-04
  278.50      9.11200E-04
  279.50      9.00310E-04
  280.50      9.00730E-04
  281.50      8.98080E-04
  282.50      8.87620E-04
  283.50      8.85650E-04
  284.50      8.85060E-04
  285.50      8.80250E-04
  286.50      8.75890E-04
  287.50      8.71690E-04
  288.50      8.67750E-04
  289.50      8.63440E-04
  291.00      8.56710E-04
  293.00      8.48980E-04
  295.00      8.36350E-04
  297.00      8.32630E-04
  299.00      8.24310E-04
  301.00      8.16200E-04
  303.00      8.08350E-04
  305.00      8.01380E-04
  307.00      7.94670E-04
  309.00      7.84670E-04
  311.00      7.79700E-04
  313.00      7.72520E-04
  315.00      7.65150E-04
  317.00      7.58480E-04
  319.00      7.47360E-04
  321.00      7.42060E-04
  323.00      7.38070E-04
  325.00      7.31770E-04
  327.00      7.25170E-04
  329.00      7.18460E-04
  331.00      7.12950E-04
  333.00      7.06240E-04
  335.00      6.99200E-04
  337.00      6.94120E-04
  339.00      6.88580E-04
  341.00      6.82660E-04
  343.00      6.74710E-04
  345.00      6.66960E-04
  347.00      6.62780E-04
  349.00      6.57030E-04
  351.00      6.53080E-04
  353.00      6.48240E-04
  355.00      6.42720E-04
  357.00      6.39940E-04
  359.00      6.31280E-04
  361.00      6.27540E-04
  363.00      6.20900E-04
  364.00      6.20690E-04
  365.00      6.06740E-04
  367.00      6.03940E-04
  369.00      5.97930E-04
  371.00      5.86370E-04
  373.00      5.73180E-04
  375.00      5.89620E-04
  377.00      5.89000E-04
  379.00      6.09700E-04
  381.00      6.30430E-04
  383.00      5.75500E-04
  385.00      6.42720E-04
  387.00      6.43890E-04
  389.00      5.62630E-04
  391.00      6.41210E-04
  393.00      6.34020E-04
  395.00      6.30360E-04
  397.00      5.42210E-04
  399.00      6.19940E-04
  401.00      6.16450E-04
  403.00      5.96850E-04
  405.00      6.11030E-04
  407.00      6.01900E-04
  409.00      5.77330E-04
  411.00      5.28240E-04
  413.00      5.85250E-04
  415.00      5.82770E-04
  417.00      5.81770E-04
  419.00      5.76970E-04
  421.00      5.71960E-04
  423.00      5.69230E-04
  425.00      5.63900E-04
  427.00      5.58730E-04
  429.00      5.54960E-04
  431.00      5.49140E-04
  433.00      5.21610E-04
  435.00      4.88270E-04
  437.00      5.36720E-04
  439.00      5.26300E-04
  441.00      5.29570E-04
  443.00      5.25950E-04
  445.00      5.23000E-04
  447.00      5.05670E-04
  449.00      5.15160E-04
  451.00      5.11710E-04
  453.00      5.08090E-04
  455.00      5.02240E-04
  457.00      5.00270E-04
  459.00      4.96210E-04
  461.00      4.92910E-04
  463.00      4.89190E-04
  465.00      4.81270E-04
  467.00      4.81880E-04
  469.00      4.74260E-04
  471.00      4.70410E-04
  473.00      4.72620E-04
  475.00      4.69140E-04
  477.00      4.66080E-04
  479.00      4.62790E-04
  481.00      4.59390E-04
  483.00      4.54910E-04
  485.00      4.36550E-04
  487.00      4.02810E-04
  489.00      4.44950E-04
  491.00      4.43470E-04
  493.00      4.33640E-04
  495.00      4.37190E-04
  497.00      4.34760E-04
  499.00      4.31800E-04
  501.00      4.24950E-04
  503.00      4.25880E-04
  505.00      4.21440E-04
  507.00      4.20260E-04
  509.00      4.17410E-04
  511.00      4.14640E-04
  513.00      4.11880E-04
  515.00      4.09130E-04
  517.00      4.06380E-04
  519.00      4.03770E-04
  521.00      4.01130E-04
  523.00      3.98520E-04
  525.00      3.95900E-04
  527.00      3.93320E-04
  529.00      3.90790E-04
  531.00      3.88270E-04
  533.00      3.85770E-04
  535.00      3.83290E-04
  537.00      3.80840E-04
  539.00      3.78370E-04
  541.00      3.74820E-04
  543.00      3.73620E-04
  545.00      3.71250E-04
  547.00      3.68900E-04
  549.00      3.66590E-04
  551.00      3.64290E-04
  553.00      3.62020E-04
  555.00      3.59770E-04
  557.00      3.57530E-04
  559.00      3.55260E-04
  561.00      3.53120E-04
  563.00      3.50950E-04
  565.00      3.48790E-04
  567.00      3.46620E-04
  569.00      3.43860E-04
  571.00      3.40420E-04
  573.00      3.38430E-04
  575.00      3.36300E-04
  577.00      3.34440E-04
  579.00      3.32460E-04
  581.00      3.30520E-04
  583.00      3.28600E-04
  585.00      3.26840E-04
  587.00      3.18010E-04
  589.00      3.23040E-04
  591.00      3.21580E-04
  593.00      3.19880E-04
  595.00      3.18610E-04
  597.00      3.16890E-04
  599.00      3.15020E-04
  601.00      3.13210E-04
  603.00      3.11380E-04
  605.00      3.09590E-04
  607.00      3.07810E-04
  609.00      3.06040E-04
  611.00      3.04290E-04
  613.00      3.02550E-04
  615.00      3.00800E-04
  617.00      2.99100E-04
  619.00      2.97410E-04
  621.00      2.95730E-04
  623.00      2.94070E-04
  625.00      2.92410E-04
  627.00      2.90770E-04
  629.00      2.89150E-04
  631.00      2.87530E-04
  633.00      2.85940E-04
  635.00      2.84350E-04
  637.00      2.82780E-04
  639.00      2.81220E-04
  641.00      2.79670E-04
  643.00      2.78140E-04
  645.00      2.76620E-04
  647.00      2.75080E-04
  649.00      2.73580E-04
  651.00      2.72120E-04
  653.00      2.70000E-04
  655.00      2.63930E-04
  657.00      2.41760E-04
  659.00      2.65030E-04
  661.00      2.64840E-04
  663.00      2.63450E-04
  665.00      2.62120E-04
  667.00      2.58800E-04
  669.00      2.57350E-04
  671.00      2.57960E-04
  673.00      2.56580E-04
  675.00      2.55290E-04
  677.00      2.53950E-04
  679.00      2.52590E-04
  681.00      2.51300E-04
  683.00      2.49980E-04
  685.00      2.48700E-04
  687.00      2.47410E-04
  689.00      2.45990E-04
  691.00      2.44800E-04
  693.00      2.43600E-04
  695.00      2.42360E-04
  697.00      2.41120E-04
  699.00      2.39880E-04
  701.00      2.38660E-04
  703.00      2.37440E-04
  705.00      2.36240E-04
  707.00      2.32080E-04
  709.00      2.33870E-04
  711.00      2.32690E-04
  713.00      2.31530E-04
  715.00      2.30370E-04
  717.00      2.29110E-04
  719.00      2.28060E-04
  721.00      2.26950E-04
  723.00      2.25640E-04
  725.00      2.24670E-04
  727.00      2.23610E-04
  729.00      2.21040E-04
  731.00      2.21400E-04
  733.00      2.20330E-04
  735.00      2.19260E-04
  737.00      2.18190E-04
  739.00      2.17140E-04
  741.00      2.16080E-04
  743.00      2.15040E-04
  745.00      2.14020E-04
  747.00      2.12930E-04
  749.00      2.11960E-04
  751.00      2.10900E-04
  753.00      2.09950E-04
  755.00      2.08950E-04
  757.00      2.07960E-04
  759.00      2.06860E-04
  761.00      2.05970E-04
  763.00      2.05020E-04
  765.00      2.04050E-04
  767.00      2.03100E-04
  769.00      2.02130E-04
  771.00      2.01200E-04
  773.00      2.00250E-04
  775.00      1.99330E-04
  777.00      1.98400E-04
  779.00      1.97490E-04
  781.00      1.96490E-04
  783.00      1.95670E-04
  785.00      1.94900E-04
  787.00      1.93970E-04
  789.00      1.93020E-04
  791.00      1.92230E-04
  793.00      1.91360E-04
  795.00      1.90490E-04
  797.00      1.89480E-04
  799.00      1.88730E-04
  801.00      1.87750E-04
  803.00      1.86890E-04
  805.00      1.86090E-04
  807.00      1.85260E-04
  809.00      1.84200E-04
  811.00      1.83380E-04
  813.00      1.82820E-04
  815.00      1.81770E-04
  817.00      1.81210E-04
  819.00      1.80190E-04
  821.00      1.78740E-04
  823.00      1.78180E-04
  825.00      1.77580E-04
  827.00      1.76150E-04
  829.00      1.75930E-04
  831.00      1.75220E-04
  833.00      1.74400E-04
  835.00      1.73020E-04
  837.00      1.72670E-04
  839.00      1.72100E-04
  841.00      1.71350E-04
  843.00      1.70480E-04
  845.00      1.68940E-04
  847.00      1.68870E-04
  849.00      1.68040E-04
  851.00      1.67060E-04
  853.00      1.66720E-04
  855.00      1.64450E-04
  857.00      1.66650E-04
  859.00      1.62080E-04
  861.00      1.62150E-04
  863.00      1.65520E-04
  865.00      1.62400E-04
  867.00      1.55470E-04
  869.00      1.63530E-04
  871.00      1.64230E-04
  873.00      1.60930E-04
  875.00      1.49840E-04
  877.00      1.58130E-04
  879.00      1.61990E-04
  881.00      1.61620E-04
  883.00      1.60540E-04
  885.00      1.53530E-04
  887.00      1.45010E-04
  889.00      1.57450E-04
  891.00      1.58370E-04
  893.00      1.57840E-04
  895.00      1.57620E-04
  897.00      1.56660E-04
  899.00      1.53820E-04
  901.00      1.41010E-04
  903.00      1.46990E-04
  905.00      1.53430E-04
  907.00      1.52540E-04
  909.00      1.52890E-04
  911.00      1.52660E-04
  913.00      1.52120E-04
  915.00      1.51510E-04
  917.00      1.50510E-04
  919.00      1.49640E-04
  921.00      1.45100E-04
  923.00      1.31950E-04
  925.00      1.44280E-04
  927.00      1.47130E-04
  929.00      1.47170E-04
  931.00      1.46210E-04
  933.00      1.46080E-04
  935.00      1.45280E-04
  937.00      1.44970E-04
  939.00      1.44400E-04
  941.00      1.43830E-04
  943.00      1.43260E-04
  945.00      1.42700E-04
  947.00      1.41490E-04
  949.00      1.41420E-04
  951.00      1.39350E-04
  953.00      1.35210E-04
  955.00      1.23670E-04
  957.00      1.36500E-04
  959.00      1.38250E-04
  961.00      1.37900E-04
  963.00      1.37230E-04
  965.00      1.37250E-04
  967.00      1.36720E-04
  969.00      1.36110E-04
  971.00      1.35300E-04
  973.00      1.35150E-04
  975.00      1.34640E-04
  977.00      1.34120E-04
  979.00      1.33610E-04
  981.00      1.33100E-04
  983.00      1.32600E-04
  985.00      1.32100E-04
  987.00      1.31600E-04
  989.00      1.31100E-04
  991.00      1.30550E-04
  993.00      1.30120E-04
  995.00      1.29630E-04
  997.00      1.29150E-04
  999.00      1.28580E-04
  1002.5      1.23820E-04
  1007.5      1.21280E-04
  1012.5      1.24960E-04
  1017.5      1.24330E-04
  1022.5      1.23160E-04
  1027.5      1.22080E-04
  1032.5      1.20590E-04
  1037.5      1.19880E-04
  1042.5      1.18810E-04
  1047.5      1.17750E-04
  1052.5      1.16700E-04
  1057.5      1.15670E-04
  1062.5      1.14650E-04
  1067.5      1.13490E-04
  1072.5      1.12660E-04
  1077.5      1.11680E-04
  1082.5      1.09770E-04
  1087.5      1.09590E-04
  1092.5      1.02090E-04
  1097.5      1.06290E-04
  1102.5      1.06500E-04
  1107.5      1.06010E-04
  1112.5      1.05160E-04
  1117.5      1.04280E-04
  1122.5      1.03370E-04
  1127.5      1.02550E-04
  1132.5      1.01690E-04
  1137.5      1.00850E-04
  1142.5      1.00020E-04
  1147.5      9.92040E-05
  1152.5      9.83950E-05
  1157.5      9.75940E-05
  1162.5      9.67620E-05
  1167.5      9.60070E-05
  1172.5      9.52520E-05
  1177.5      9.44890E-05
  1182.5      9.37350E-05
  1187.5      9.29910E-05
  1192.5      9.22550E-05
  1197.5      9.08500E-05
  1202.5      9.08100E-05
  1207.5      9.01000E-05
  1212.5      8.93980E-05
  1217.5      8.87050E-05
  1222.5      8.80190E-05
  1227.5      8.73420E-05
  1232.5      8.66710E-05
  1237.5      8.60090E-05
  1242.5      8.53550E-05
  1247.5      8.47050E-05
  1252.5      8.39290E-05
  1257.5      8.34320E-05
  1262.5      8.28070E-05
  1267.5      8.21890E-05
  1272.5      8.15760E-05
  1277.5      7.98970E-05
  1282.5      7.54560E-05
  1287.5      7.94640E-05
  1292.5      7.91960E-05
  1297.5      7.82020E-05
  1302.5      7.80410E-05
  1307.5      7.74790E-05
  1312.5      7.69190E-05
  1317.5      7.63650E-05
  1322.5      7.58170E-05
  1327.5      7.52750E-05
  1332.5      7.47380E-05
  1337.5      7.42050E-05
  1342.5      7.36290E-05
  1347.5      7.31610E-05
  1352.5      7.26460E-05
  1357.5      7.21380E-05
  1362.5      7.16290E-05
  1367.5      7.11370E-05
  1372.5      7.06390E-05
  1377.5      7.01560E-05
  1382.5      6.96730E-05
  1387.5      6.91940E-05
  1392.5      6.87200E-05
  1397.5      6.82530E-05
  1402.5      6.77860E-05
  1407.5      6.73300E-05
  1412.5      6.68750E-05
  1417.5      6.64260E-05
  1422.5      6.59810E-05
  1427.5      6.55400E-05
  1432.5      6.51040E-05
  1437.5      6.46720E-05
  1442.5      6.42440E-05
  1447.5      6.38210E-05
  1452.5      6.34010E-05
  1457.0      6.30270E-05
  1462.0      6.25990E-05
  1467.5      6.21550E-05
  1472.5      6.17560E-05
  1477.5      6.13490E-05
  1482.5      6.09680E-05
  1487.5      6.05790E-05
  1492.5      6.01950E-05
  1497.5      5.98130E-05
  1502.5      5.94330E-05
  1507.5      5.89670E-05
  1512.5      5.86850E-05
  1517.5      5.83100E-05
  1522.5      5.79450E-05
  1527.5      5.75660E-05
  1532.5      5.71940E-05
  1537.5      5.68600E-05
  1542.5      5.64330E-05
  1547.5      5.61510E-05
  1552.5      5.57880E-05
  1557.5      5.52830E-05
  1562.5      5.52200E-05
  1567.5      5.46520E-05
  1572.5      5.41590E-05
  1577.5      5.42700E-05
  1582.5      5.39060E-05
  1587.5      5.27430E-05
  1592.5      5.30900E-05
  1597.5      5.30590E-05
  1605.0      5.23860E-05
  1615.0      5.12250E-05
  1625.0      5.15040E-05
  1635.0      5.04910E-05
  1645.0      4.92270E-05
  1655.0      4.97380E-05
  1665.0      4.91630E-05
  1675.0      4.81460E-05
  1685.0      4.68480E-05
  1695.0      4.74930E-05
  1705.0      4.67580E-05
  1715.0      4.64340E-05
  1725.0      4.58830E-05
  1735.0      4.38810E-05
  1745.0      4.47590E-05
  1755.0      4.44090E-05
  1765.0      4.39240E-05
  1775.0      4.34460E-05
  1785.0      4.29750E-05
  1795.0      4.25140E-05
  1805.0      4.20430E-05
  1815.0      4.02440E-05
  1825.0      4.09180E-05
  1835.0      4.07360E-05
  1845.0      4.03100E-05
  1855.0      3.98780E-05
  1865.0      3.92160E-05
  1875.0      3.77700E-05
  1885.0      3.86400E-05
  1895.0      3.82720E-05
  1905.0      3.77670E-05
  1915.0      3.74970E-05
  1925.0      3.71220E-05
  1935.0      3.66900E-05
  1945.0      3.49930E-05
  1955.0      3.59220E-05
  1965.0      3.56680E-05
  1975.0      3.53180E-05
  1985.0      3.49730E-05
  1995.0      3.46320E-05
  2005.0      3.42970E-05
  2015.0      3.39670E-05
  2025.0      3.36410E-05
  2035.0      3.33200E-05
  2045.0      3.29940E-05
  2055.0      3.26430E-05
  2065.0      3.23830E-05
  2075.0      3.20800E-05
  2085.0      3.17810E-05
  2095.0      3.14860E-05
  2105.0      3.11940E-05
  2115.0      3.08150E-05
  2125.0      3.06240E-05
  2135.0      3.03450E-05
  2145.0      3.00630E-05
  2155.0      2.97590E-05
  2165.0      2.83840E-05
  2175.0      2.91730E-05
  2185.0      2.89890E-05
  2195.0      2.87470E-05
  2205.0      2.84930E-05
  2215.0      2.82420E-05
  2225.0      2.79920E-05
  2235.0      2.77510E-05
  2245.0      2.75100E-05
  2255.0      2.72720E-05
  2265.0      2.70370E-05
  2275.0      2.68050E-05
  2285.0      2.65740E-05
  2295.0      2.63490E-05
  2305.0      2.61210E-05
  2315.0      2.59070E-05
  2325.0      2.56900E-05
  2335.0      2.54760E-05
  2345.0      2.52640E-05
  2355.0      2.50550E-05
  2365.0      2.48490E-05
  2375.0      2.46450E-05
  2385.0      2.44430E-05
  2395.0      2.42440E-05
  2405.0      2.40470E-05
  2415.0      2.38520E-05
  2425.0      2.36600E-05
  2435.0      2.34690E-05
  2445.0      2.32780E-05
  2455.0      2.30970E-05
  2465.0      2.29060E-05
  2475.0      2.26960E-05
  2485.0      2.25580E-05
  2495.0      2.23440E-05
  2505.0      2.22080E-05
  2515.0      2.20370E-05
  2525.0      2.17990E-05
  2535.0      2.16910E-05
  2545.0      2.15820E-05
  2555.0      2.13600E-05
  2565.0      2.10840E-05
  2575.0      2.10520E-05
  2585.0      2.09310E-05
  2595.0      2.07710E-05
  2605.0      2.05200E-05
  2615.0      2.01560E-05
  2625.0      1.95180E-05
  2635.0      2.00670E-05
  2645.0      2.00080E-05
  2655.0      1.98440E-05
  2665.0      1.96550E-05
  2675.0      1.92130E-05
  2685.0      1.93570E-05
  2695.0      1.92850E-05
  2705.0      1.91450E-05
  2715.0      1.90060E-05
  2725.0      1.88690E-05
  2735.0      1.87340E-05
  2745.0      1.85760E-05
  2755.0      1.80800E-05
  2765.0      1.81720E-05
  2775.0      1.82060E-05
  2785.0      1.80780E-05
  2795.0      1.79510E-05
  2805.0      1.78250E-05
  2815.0      1.77000E-05
  2825.0      1.75770E-05
  2835.0      1.74550E-05
  2845.0      1.73350E-05
  2855.0      1.72080E-05
  2865.0      1.69790E-05
  2875.0      1.65130E-05
  2885.0      1.68310E-05
  2895.0      1.67500E-05
  2905.0      1.66360E-05
  2915.0      1.65240E-05
  2925.0      1.64130E-05
  2935.0      1.63030E-05
  2945.0      1.61940E-05
  2955.0      1.60860E-05
  2965.0      1.59800E-05
  2975.0      1.58740E-05
  2985.0      1.57690E-05
  2995.0      1.56650E-05
  3005.0      1.55630E-05
  3015.0      1.54610E-05
  3025.0      1.53450E-05
  3035.0      1.48890E-05
  3045.0      1.49420E-05
  3055.0      1.50580E-05
  3065.0      1.49680E-05
  3075.0      1.48720E-05
  3085.0      1.47770E-05
  3095.0      1.46830E-05
  3105.0      1.45900E-05
  3115.0      1.44970E-05
  3125.0      1.44060E-05
  3135.0      1.43150E-05
  3145.0      1.42260E-05
  3155.0      1.41370E-05
  3165.0      1.40490E-05
  3175.0      1.39620E-05
  3185.0      1.38750E-05
  3195.0      1.37900E-05
  3210.0      1.36630E-05
  3230.0      1.34960E-05
  3250.0      1.33330E-05
  3270.0      1.31720E-05
  3290.0      1.27470E-05
  3310.0      1.27980E-05
  3330.0      1.26970E-05
  3350.0      1.25750E-05
  3370.0      1.24280E-05
  3390.0      1.22830E-05
  3410.0      1.21410E-05
  3430.0      1.20010E-05
  3450.0      1.18640E-05
  3470.0      1.17290E-05
  3490.0      1.15970E-05
  3510.0      1.14660E-05
  3530.0      1.13380E-05
  3550.0      1.12120E-05
  3570.0      1.10880E-05
  3590.0      1.09660E-05
  3610.0      1.08460E-05
  3630.0      1.07280E-05
  3650.0      1.06080E-05
  3670.0      1.04970E-05
  3690.0      1.03710E-05
  3710.0      1.02610E-05
  3730.0      1.00520E-05
  3750.0      9.89770E-06
  3770.0      9.94910E-06
  3790.0      9.84920E-06
  3810.0      9.72930E-06
  3830.0      9.63230E-06
  3850.0      9.54730E-06
  3870.0      9.44980E-06
  3890.0      9.34780E-06
  3910.0      9.21800E-06
  3930.0      9.16580E-06
  3950.0      9.07410E-06
  3970.0      8.98370E-06
  3990.0      8.89460E-06
  4010.0      8.77620E-06
  4030.0      8.66240E-06
  4050.0      8.47010E-06
  4070.0      8.54750E-06
  4090.0      8.46840E-06
  4110.0      8.38690E-06
  4130.0      8.30160E-06
  4150.0      8.22170E-06
  4170.0      8.06160E-06
  4190.0      8.06390E-06
  4210.0      7.99610E-06
  4230.0      7.92120E-06
  4250.0      7.84480E-06
  4270.0      7.77460E-06
  4290.0      7.69420E-06
  4310.0      7.63200E-06
  4330.0      7.56210E-06
  4350.0      7.49300E-06
  4370.0      7.33310E-06
  4390.0      7.32960E-06
  4410.0      7.29200E-06
  4430.0      7.22680E-06
  4450.0      7.16240E-06
  4470.0      7.10390E-06
  4490.0      7.04110E-06
  4510.0      6.97920E-06
  4530.0      6.91810E-06
  4550.0      6.85780E-06
  4570.0      6.79820E-06
  4590.0      6.73940E-06
  4610.0      6.67980E-06
  4630.0      6.61810E-06
  4650.0      6.40970E-06
  4670.0      6.38830E-06
  4690.0      6.43300E-06
  4710.0      6.40220E-06
  4730.0      6.34850E-06
  4750.0      6.29550E-06
  4770.0      6.24310E-06
  4790.0      6.19140E-06
  4810.0      6.14020E-06
  4830.0      6.08980E-06
  4850.0      6.03990E-06
  4870.0      5.99070E-06
  4890.0      5.94200E-06
  4910.0      5.89390E-06
  4930.0      5.84640E-06
  4950.0      5.79950E-06
  4970.0      5.75320E-06
  4990.0      5.70740E-06
  5010.0      5.66210E-06
  5030.0      5.61740E-06
  5050.0      5.57320E-06
  5070.0      5.52950E-06
  5090.0      5.48630E-06
  5110.0      5.43040E-06
  5130.0      5.29270E-06
  5150.0      5.35210E-06
  5170.0      5.31860E-06
  5190.0      5.27790E-06
  5210.0      5.23760E-06
  5230.0      5.19780E-06
  5250.0      5.15840E-06
  5270.0      5.11950E-06
  5290.0      5.08110E-06
  5310.0      5.04300E-06
  5330.0      5.00540E-06
  5350.0      4.96820E-06
  5370.0      4.92960E-06
  5390.0      4.89410E-06
  5410.0      4.85900E-06
  5430.0      4.82350E-06
  5450.0      4.78830E-06
  5470.0      4.75350E-06
  5490.0      4.71900E-06
  5510.0      4.68400E-06
  5530.0      4.64270E-06
  5550.0      4.61780E-06
  5570.0      4.58490E-06
  5590.0      4.55230E-06
  5610.0      4.52000E-06
  5630.0      4.48800E-06
  5650.0      4.45640E-06
  5670.0      4.42510E-06
  5690.0      4.39410E-06
  5710.0      4.34700E-06
  5730.0      4.33150E-06
  5750.0      4.30320E-06
  5770.0      4.27350E-06
  5790.0      4.24420E-06
  5810.0      4.21510E-06
  5830.0      4.18630E-06
  5850.0      4.15940E-06
  5870.0      4.13120E-06
  5890.0      4.09160E-06
  5910.0      3.98340E-06
  5930.0      4.03690E-06
  5950.0      3.99630E-06
  5970.0      3.98230E-06
  5990.0      3.96770E-06
  6010.0      3.94140E-06
  6030.0      3.91540E-06
  6050.0      3.88960E-06
  6070.0      3.86410E-06
  6090.0      3.83880E-06
  6110.0      3.81380E-06
  6130.0      3.78900E-06
  6150.0      3.76450E-06
  6170.0      3.74020E-06
  6190.0      3.71610E-06
  6210.0      3.69220E-06
  6230.0      3.66860E-06
  6250.0      3.64520E-06
  6270.0      3.61720E-06
  6290.0      3.56060E-06
  6310.0      3.56800E-06
  6330.0      3.55380E-06
  6350.0      3.53150E-06
  6370.0      3.50940E-06
  6390.0      3.48750E-06
  6420.0      3.45510E-06
  6460.0      3.41250E-06
  6500.0      3.37070E-06
  6540.0      3.32970E-06
  6580.0      3.28940E-06
  6620.0      3.24980E-06
  6660.0      3.21090E-06
  6700.0      3.17270E-06
  6740.0      3.13190E-06
  6780.0      3.07160E-06
  6820.0      3.06210E-06
  6860.0      3.02660E-06
  6900.0      2.99160E-06
  6940.0      2.95720E-06
  6980.0      2.92350E-06
  7020.0      2.89030E-06
  7060.0      2.85760E-06
  7100.0      2.82550E-06
  7140.0      2.79390E-06
  7180.0      2.76290E-06
  7220.0      2.73240E-06
  7260.0      2.70230E-06
  7300.0      2.67280E-06
  7340.0      2.64370E-06
  7380.0      2.61510E-06
  7420.0      2.58400E-06
  7460.0      2.52060E-06
  7500.0      2.47920E-06
  7540.0      2.50090E-06
  7580.0      2.47900E-06
  7620.0      2.45300E-06
  7660.0      2.42750E-06
  7700.0      2.40230E-06
  7740.0      2.37750E-06
  7780.0      2.35090E-06
  7820.0      2.32910E-06
  7860.0      2.30550E-06
  7900.0      2.28220E-06
  7940.0      2.25920E-06
  7980.0      2.23660E-06
  8020.0      2.21440E-06
  8060.0      2.19240E-06
  8100.0      2.17080E-06
  8140.0      2.14560E-06
  8180.0      2.12710E-06
  8220.0      2.10780E-06
  8260.0      2.08750E-06
  8300.0      2.06740E-06
  8340.0      2.04760E-06
  8380.0      2.02810E-06
  8420.0      2.00880E-06
  8460.0      1.98990E-06
  8500.0      1.97110E-06
  8540.0      1.95270E-06
  8580.0      1.93450E-06
  8620.0      1.91660E-06
  8660.0      1.89040E-06
  8700.0      1.88070E-06
  8740.0      1.85090E-06
  8780.0      1.83400E-06
  8820.0      1.83050E-06
  8860.0      1.81400E-06
  8900.0      1.79770E-06
  8940.0      1.78170E-06
  8980.0      1.76580E-06
  9020.0      1.75010E-06
  9060.0      1.73470E-06
  9100.0      1.71940E-06
  9140.0      1.70440E-06
  9180.0      1.68950E-06
  9220.0      1.67490E-06
  9260.0      1.66040E-06
  9300.0      1.64610E-06
  9340.0      1.63200E-06
  9380.0      1.60720E-06
  9420.0      1.60160E-06
  9460.0      1.59080E-06
  9500.0      1.57740E-06
  9540.0      1.56420E-06
  9580.0      1.55110E-06
  9620.0      1.53820E-06
  9660.0      1.52550E-06
  9700.0      1.51290E-06
  9740.0      1.50040E-06
  9780.0      1.48810E-06
  9820.0      1.47600E-06
  9860.0      1.46400E-06
  9900.0      1.45220E-06
  9940.0      1.44050E-06
  9980.0      1.42890E-06
  10020.      1.41750E-06
  20000.      3.52620E-07
  40000.      8.65140E-08
  60000.      3.79130E-08
  80000.      2.11020E-08
 1.00000E+05  1.33940E-08
 1.20000E+05  9.23940E-09
 1.40000E+05  6.75100E-09
 1.60000E+05  5.14460E-09
