 Castelli and Kurucz 2004-2012 Atmosphere
 T     36000.     G    5.00000 [-1.5a] N(He)/Ntot=0.0784 VTURB=2.0  L/H=1.25 OD
 Wavelength  Eddington Hnu
   (nm)    (ergs/s/cm2/Hz/sr)
  9.0900      8.90690E-28
  9.3500      4.08950E-27
  9.6100      1.73880E-26
  9.7700      4.09070E-26
  9.9600      1.09250E-25
  10.200      3.59910E-25
  10.380      8.51720E-25
  10.560      1.96100E-24
  10.770      5.01960E-24
  11.040      1.59980E-23
  11.400      6.92340E-23
  11.780      2.97200E-22
  12.130      1.05410E-21
  12.480      3.49390E-21
  12.710      7.42690E-21
  12.840      1.12410E-20
  13.050      2.15950E-20
  13.240      3.83360E-20
  13.390      5.96560E-20
  13.660      1.29350E-19
  13.980      3.12250E-19
  14.330      7.84400E-19
  14.720      2.08500E-18
  15.100      5.16900E-18
  15.520      1.34270E-17
  15.880      2.93240E-17
  16.200      5.71750E-17
  16.600      1.27430E-16
  17.030      2.89950E-16
  17.340      5.12450E-16
  17.680      9.37020E-16
  18.020      1.67730E-15
  18.170      2.15490E-15
  18.610      4.39930E-15
  19.100      9.39720E-15
  19.390      1.44790E-14
  19.840      2.76710E-14
  20.180      4.43380E-14
  20.500      6.81810E-14
  21.050      1.38870E-13
  21.620      2.79910E-13
  21.980      4.28440E-13
  22.300      6.18530E-13
  22.680      9.43330E-13
  23.000      2.36000E-10
  23.400      1.47850E-09
  24.000      4.63560E-09
  24.650      1.29240E-08
  25.240      2.69460E-08
  25.680      2.10990E-08
  26.000      6.29040E-08
  26.400      1.40220E-07
  26.850      2.48440E-07
  27.350      3.28520E-07
  27.850      3.15410E-07
  28.400      6.25620E-07
  29.000      7.09490E-07
  29.600      5.12110E-07
  30.100      2.14500E-07
  30.800      5.66650E-07
  31.800      1.29730E-06
  32.800      1.59470E-06
  33.800      1.94530E-06
  34.800      2.42630E-06
  35.700      3.01090E-06
  36.600      3.89030E-06
  37.500      4.32140E-06
  38.500      5.11790E-06
  39.500      6.16610E-06
  40.500      7.17610E-06
  41.400      8.37290E-06
  42.200      9.14320E-06
  43.000      1.01740E-05
  44.100      1.21560E-05
  45.100      1.40750E-05
  46.000      1.56110E-05
  47.000      1.80760E-05
  48.000      2.06610E-05
  49.000      2.28660E-05
  50.000      2.66510E-05
  50.600      6.85730E-05
  51.200      2.31420E-04
  52.000      2.26920E-04
  53.000      2.31040E-04
  54.000      2.16690E-04
  55.000      2.37500E-04
  56.000      2.70080E-04
  57.000      2.80720E-04
  58.000      2.73000E-04
  59.000      2.91830E-04
  60.000      2.84260E-04
  61.000      2.97590E-04
  62.000      3.26110E-04
  63.000      3.32680E-04
  64.000      3.38910E-04
  65.000      3.45770E-04
  65.800      3.38670E-04
  66.500      3.55160E-04
  67.500      3.72700E-04
  68.500      3.61180E-04
  69.500      3.90610E-04
  70.500      3.78110E-04
  71.600      4.14050E-04
  72.600      4.21470E-04
  73.500      4.34910E-04
  74.500      4.36110E-04
  75.500      4.43020E-04
  76.500      4.50800E-04
  77.500      4.62990E-04
  78.500      4.76720E-04
  79.500      4.85220E-04
  80.500      4.91170E-04
  81.500      5.03120E-04
  82.500      5.18220E-04
  83.500      4.95430E-04
  84.500      5.34020E-04
  85.500      5.42030E-04
  86.500      5.56690E-04
  87.500      5.65550E-04
  88.500      5.75010E-04
  89.500      5.84900E-04
  90.500      5.88510E-04
  91.500      5.67420E-04
  92.500      1.20810E-03
  93.500      1.82190E-03
  94.500      2.77320E-03
  95.500      3.17440E-03
  96.500      3.97970E-03
  97.500      2.55140E-03
  98.500      4.03300E-03
  99.500      3.72820E-03
  100.50      3.98570E-03
  101.50      3.97450E-03
  102.50      2.62550E-03
  103.50      3.88710E-03
  104.50      4.08870E-03
  105.50      4.07070E-03
  106.50      3.90080E-03
  107.50      3.92850E-03
  108.50      3.65530E-03
  109.50      3.94340E-03
  110.50      3.85380E-03
  111.50      3.83060E-03
  112.50      3.64330E-03
  113.50      3.80590E-03
  114.50      3.74550E-03
  115.50      3.69400E-03
  116.50      3.68080E-03
  117.50      3.27450E-03
  118.50      3.56070E-03
  119.50      3.53900E-03
  120.50      3.41730E-03
  121.50      2.36490E-03
  122.50      3.39410E-03
  123.50      3.48460E-03
  124.50      3.43720E-03
  125.50      3.46420E-03
  126.50      3.45460E-03
  127.50      3.43770E-03
  128.50      3.41940E-03
  129.50      3.31270E-03
  130.50      3.32030E-03
  131.50      3.34500E-03
  132.50      3.30270E-03
  133.50      3.25600E-03
  134.50      3.26120E-03
  135.50      3.23760E-03
  136.50      3.19910E-03
  137.50      3.17130E-03
  138.50      3.15080E-03
  139.50      2.99200E-03
  140.50      2.98400E-03
  141.50      3.07460E-03
  142.50      3.00690E-03
  143.50      3.02900E-03
  144.20      3.01900E-03
  144.70      3.00510E-03
  145.50      2.97460E-03
  146.50      2.95990E-03
  147.50      2.93370E-03
  148.50      2.92940E-03
  149.50      2.89680E-03
  150.50      2.87610E-03
  151.20      2.87380E-03
  151.70      2.85500E-03
  152.50      2.82590E-03
  153.50      2.73870E-03
  154.50      2.63700E-03
  155.50      2.63580E-03
  156.50      2.66690E-03
  157.50      2.68310E-03
  158.50      2.68270E-03
  159.50      2.66660E-03
  160.50      2.59570E-03
  161.50      2.56160E-03
  162.50      2.54760E-03
  163.50      2.51470E-03
  164.50      2.41870E-03
  165.50      2.55030E-03
  166.50      2.52770E-03
  167.20      2.48810E-03
  167.70      2.54590E-03
  168.50      2.52230E-03
  169.50      2.50380E-03
  170.50      2.47810E-03
  171.50      2.43450E-03
  172.50      2.41190E-03
  173.50      2.44670E-03
  174.50      2.42500E-03
  175.50      2.39940E-03
  176.50      2.39300E-03
  177.50      2.38040E-03
  178.50      2.36780E-03
  179.50      2.34680E-03
  180.50      2.33670E-03
  181.50      2.31950E-03
  182.50      2.30090E-03
  183.50      2.29350E-03
  184.50      2.26900E-03
  185.50      2.24770E-03
  186.50      2.23420E-03
  187.50      2.22150E-03
  188.50      2.20370E-03
  189.50      2.19050E-03
  190.50      2.18650E-03
  191.50      2.16420E-03
  192.50      2.12830E-03
  193.50      2.14030E-03
  194.50      2.13180E-03
  195.50      2.10480E-03
  196.70      2.09930E-03
  197.60      2.09090E-03
  198.40      2.07600E-03
  199.50      2.05610E-03
  200.50      2.05170E-03
  201.50      2.03950E-03
  202.50      2.02640E-03
  203.50      2.01190E-03
  204.50      1.99870E-03
  205.50      1.64860E-03
  206.50      1.60210E-03
  207.40      1.61190E-03
  207.80      1.62570E-03
  208.50      1.67960E-03
  209.50      1.80200E-03
  210.50      1.90550E-03
  211.50      1.91670E-03
  212.50      1.90080E-03
  213.50      1.89130E-03
  214.50      1.88070E-03
  215.50      1.88230E-03
  216.50      1.83980E-03
  217.50      1.86860E-03
  218.50      1.81850E-03
  219.50      1.84670E-03
  220.50      1.83830E-03
  221.50      1.77920E-03
  222.50      1.81480E-03
  223.50      1.80510E-03
  224.50      1.79160E-03
  225.50      1.73420E-03
  226.50      1.77140E-03
  227.50      1.76080E-03
  228.50      1.74530E-03
  229.50      1.71040E-03
  230.50      1.68130E-03
  231.50      1.71440E-03
  232.50      1.70670E-03
  233.50      1.69650E-03
  234.50      1.68620E-03
  235.50      1.67590E-03
  236.50      1.66560E-03
  237.50      1.65480E-03
  238.50      1.59890E-03
  239.50      1.62930E-03
  240.50      1.62570E-03
  241.50      1.61520E-03
  242.50      1.60630E-03
  243.50      1.59600E-03
  244.50      1.58710E-03
  245.50      1.57650E-03
  246.50      1.56860E-03
  247.50      1.55940E-03
  248.50      1.55010E-03
  249.50      1.46440E-03
  250.50      1.52550E-03
  251.30      1.44470E-03
  251.80      1.50230E-03
  252.50      1.51410E-03
  253.50      1.50590E-03
  254.50      1.49610E-03
  255.50      1.48760E-03
  256.50      1.47980E-03
  257.50      1.47150E-03
  258.50      1.46330E-03
  259.50      1.45380E-03
  260.50      1.44980E-03
  261.50      1.44110E-03
  262.50      1.43340E-03
  263.50      1.42520E-03
  264.50      1.41680E-03
  265.50      1.40850E-03
  266.50      1.39910E-03
  267.50      1.38900E-03
  268.50      1.38560E-03
  269.50      1.37330E-03
  270.50      1.37050E-03
  271.50      1.36270E-03
  272.50      1.34890E-03
  273.50      1.31820E-03
  274.50      1.34060E-03
  275.50      1.33330E-03
  276.50      1.31920E-03
  277.50      1.31910E-03
  278.50      1.31160E-03
  279.50      1.29950E-03
  280.50      1.29660E-03
  281.50      1.29070E-03
  282.50      1.27650E-03
  283.50      1.27250E-03
  284.50      1.27030E-03
  285.50      1.26330E-03
  286.50      1.25640E-03
  287.50      1.24980E-03
  288.50      1.24340E-03
  289.50      1.23670E-03
  291.00      1.22660E-03
  293.00      1.21430E-03
  295.00      1.19560E-03
  297.00      1.18890E-03
  299.00      1.17590E-03
  301.00      1.16410E-03
  303.00      1.15130E-03
  305.00      1.14030E-03
  307.00      1.13000E-03
  309.00      1.11700E-03
  311.00      1.10710E-03
  313.00      1.09620E-03
  315.00      1.08510E-03
  317.00      1.07460E-03
  319.00      1.05800E-03
  321.00      1.04370E-03
  323.00      1.04390E-03
  325.00      1.03400E-03
  327.00      1.02310E-03
  329.00      1.01380E-03
  331.00      1.00500E-03
  333.00      9.95250E-04
  335.00      9.84450E-04
  337.00      9.76720E-04
  339.00      9.68050E-04
  341.00      9.59030E-04
  343.00      9.48210E-04
  345.00      9.37070E-04
  347.00      9.30450E-04
  349.00      9.22060E-04
  351.00      9.14160E-04
  353.00      9.06950E-04
  355.00      8.98210E-04
  357.00      8.93790E-04
  359.00      8.80830E-04
  361.00      8.75840E-04
  363.00      8.65200E-04
  364.00      8.61200E-04
  365.00      8.27600E-04
  367.00      8.22490E-04
  369.00      8.16270E-04
  371.00      8.04360E-04
  373.00      7.98370E-04
  375.00      7.95310E-04
  377.00      7.83650E-04
  379.00      8.00490E-04
  381.00      8.24380E-04
  383.00      7.57400E-04
  385.00      8.39290E-04
  387.00      8.51430E-04
  389.00      7.30320E-04
  391.00      8.46220E-04
  393.00      8.43920E-04
  395.00      8.33120E-04
  397.00      7.02900E-04
  399.00      8.16350E-04
  401.00      8.18380E-04
  403.00      7.86300E-04
  405.00      8.11830E-04
  407.00      8.00290E-04
  409.00      7.51520E-04
  411.00      6.87680E-04
  413.00      7.75610E-04
  415.00      7.74150E-04
  417.00      7.73220E-04
  419.00      7.64760E-04
  421.00      7.56120E-04
  423.00      7.55360E-04
  425.00      7.48620E-04
  427.00      7.42010E-04
  429.00      7.35760E-04
  431.00      7.25740E-04
  433.00      6.74750E-04
  435.00      6.35360E-04
  437.00      7.07540E-04
  439.00      6.93780E-04
  441.00      7.01270E-04
  443.00      6.95670E-04
  445.00      6.91340E-04
  447.00      6.63530E-04
  449.00      6.80240E-04
  451.00      6.75460E-04
  453.00      6.69860E-04
  455.00      6.58440E-04
  457.00      6.60180E-04
  459.00      6.54710E-04
  461.00      6.49850E-04
  463.00      6.44370E-04
  465.00      6.35200E-04
  467.00      6.34820E-04
  469.00      6.17220E-04
  471.00      6.20050E-04
  473.00      6.21680E-04
  475.00      6.17010E-04
  477.00      6.12580E-04
  479.00      6.08080E-04
  481.00      6.02870E-04
  483.00      5.95270E-04
  485.00      5.60730E-04
  487.00      5.19650E-04
  489.00      5.80580E-04
  491.00      5.80020E-04
  493.00      5.66780E-04
  495.00      5.73410E-04
  497.00      5.69730E-04
  499.00      5.65690E-04
  501.00      5.56770E-04
  503.00      5.57610E-04
  505.00      5.51950E-04
  507.00      5.49950E-04
  509.00      5.46110E-04
  511.00      5.42320E-04
  513.00      5.38570E-04
  515.00      5.34850E-04
  517.00      5.31110E-04
  519.00      5.27520E-04
  521.00      5.23930E-04
  523.00      5.20370E-04
  525.00      5.16810E-04
  527.00      5.13290E-04
  529.00      5.09880E-04
  531.00      5.06460E-04
  533.00      5.03070E-04
  535.00      4.99710E-04
  537.00      4.96390E-04
  539.00      4.93080E-04
  541.00      4.84890E-04
  543.00      4.86620E-04
  545.00      4.83430E-04
  547.00      4.80260E-04
  549.00      4.77140E-04
  551.00      4.74020E-04
  553.00      4.70970E-04
  555.00      4.67930E-04
  557.00      4.64920E-04
  559.00      4.61810E-04
  561.00      4.58990E-04
  563.00      4.56060E-04
  565.00      4.53160E-04
  567.00      4.50280E-04
  569.00      4.45620E-04
  571.00      4.36750E-04
  573.00      4.34130E-04
  575.00      4.31460E-04
  577.00      4.28940E-04
  579.00      4.26380E-04
  581.00      4.23820E-04
  583.00      4.21320E-04
  585.00      4.18980E-04
  587.00      4.07550E-04
  589.00      4.13940E-04
  591.00      4.12720E-04
  593.00      4.10850E-04
  595.00      4.09010E-04
  597.00      4.07270E-04
  599.00      4.05570E-04
  601.00      4.03840E-04
  603.00      4.01980E-04
  605.00      4.00650E-04
  607.00      3.98300E-04
  609.00      3.95930E-04
  611.00      3.93580E-04
  613.00      3.91260E-04
  615.00      3.88950E-04
  617.00      3.86660E-04
  619.00      3.84400E-04
  621.00      3.82160E-04
  623.00      3.79930E-04
  625.00      3.77720E-04
  627.00      3.75540E-04
  629.00      3.73370E-04
  631.00      3.71210E-04
  633.00      3.69090E-04
  635.00      3.66970E-04
  637.00      3.64880E-04
  639.00      3.62800E-04
  641.00      3.60730E-04
  643.00      3.58700E-04
  645.00      3.56680E-04
  647.00      3.54650E-04
  649.00      3.52660E-04
  651.00      3.50380E-04
  653.00      3.46590E-04
  655.00      3.35540E-04
  657.00      3.08400E-04
  659.00      3.39870E-04
  661.00      3.40550E-04
  663.00      3.39200E-04
  665.00      3.37410E-04
  667.00      3.32630E-04
  669.00      3.30420E-04
  671.00      3.31840E-04
  673.00      3.30100E-04
  675.00      3.28340E-04
  677.00      3.26580E-04
  679.00      3.24820E-04
  681.00      3.23080E-04
  683.00      3.21340E-04
  685.00      3.19630E-04
  687.00      3.17920E-04
  689.00      3.15640E-04
  691.00      3.14500E-04
  693.00      3.12900E-04
  695.00      3.11250E-04
  697.00      3.09610E-04
  699.00      3.07980E-04
  701.00      3.06370E-04
  703.00      3.04750E-04
  705.00      3.03170E-04
  707.00      2.98250E-04
  709.00      3.00050E-04
  711.00      2.98500E-04
  713.00      2.96960E-04
  715.00      2.95440E-04
  717.00      2.93480E-04
  719.00      2.92140E-04
  721.00      2.90930E-04
  723.00      2.89380E-04
  725.00      2.87960E-04
  727.00      2.86520E-04
  729.00      2.83460E-04
  731.00      2.83620E-04
  733.00      2.82220E-04
  735.00      2.80800E-04
  737.00      2.79400E-04
  739.00      2.78010E-04
  741.00      2.76620E-04
  743.00      2.75250E-04
  745.00      2.73910E-04
  747.00      2.72540E-04
  749.00      2.71190E-04
  751.00      2.69840E-04
  753.00      2.68560E-04
  755.00      2.67250E-04
  757.00      2.65940E-04
  759.00      2.63860E-04
  761.00      2.63340E-04
  763.00      2.62090E-04
  765.00      2.60820E-04
  767.00      2.59570E-04
  769.00      2.58300E-04
  771.00      2.57080E-04
  773.00      2.55820E-04
  775.00      2.54630E-04
  777.00      2.53420E-04
  779.00      2.52220E-04
  781.00      2.50960E-04
  783.00      2.49840E-04
  785.00      2.48790E-04
  787.00      2.47600E-04
  789.00      2.46430E-04
  791.00      2.45300E-04
  793.00      2.44160E-04
  795.00      2.43020E-04
  797.00      2.41850E-04
  799.00      2.40770E-04
  801.00      2.39650E-04
  803.00      2.38540E-04
  805.00      2.37450E-04
  807.00      2.36350E-04
  809.00      2.35160E-04
  811.00      2.34020E-04
  813.00      2.33120E-04
  815.00      2.31900E-04
  817.00      2.30990E-04
  819.00      2.29550E-04
  821.00      2.26730E-04
  823.00      2.25320E-04
  825.00      2.24800E-04
  827.00      2.23560E-04
  829.00      2.23000E-04
  831.00      2.22080E-04
  833.00      2.21010E-04
  835.00      2.19590E-04
  837.00      2.18980E-04
  839.00      2.18180E-04
  841.00      2.17230E-04
  843.00      2.16230E-04
  845.00      2.14610E-04
  847.00      2.14410E-04
  849.00      2.13320E-04
  851.00      2.12550E-04
  853.00      2.11390E-04
  855.00      2.10560E-04
  857.00      2.10070E-04
  859.00      2.07390E-04
  861.00      2.07670E-04
  863.00      2.07910E-04
  865.00      2.05550E-04
  867.00      2.03160E-04
  869.00      2.05360E-04
  871.00      2.05460E-04
  873.00      2.02370E-04
  875.00      1.96830E-04
  877.00      1.99590E-04
  879.00      2.02540E-04
  881.00      2.02450E-04
  883.00      2.00780E-04
  885.00      1.93710E-04
  887.00      1.88510E-04
  889.00      1.96770E-04
  891.00      1.98630E-04
  893.00      1.98410E-04
  895.00      1.97880E-04
  897.00      1.96480E-04
  899.00      1.92180E-04
  901.00      1.80750E-04
  903.00      1.84580E-04
  905.00      1.91670E-04
  907.00      1.91490E-04
  909.00      1.92230E-04
  911.00      1.91930E-04
  913.00      1.91310E-04
  915.00      1.90350E-04
  917.00      1.88980E-04
  919.00      1.87280E-04
  921.00      1.80800E-04
  923.00      1.68670E-04
  925.00      1.79110E-04
  927.00      1.83980E-04
  929.00      1.84570E-04
  931.00      1.83790E-04
  933.00      1.83800E-04
  935.00      1.81730E-04
  937.00      1.82420E-04
  939.00      1.81720E-04
  941.00      1.80980E-04
  943.00      1.80260E-04
  945.00      1.79510E-04
  947.00      1.77740E-04
  949.00      1.77270E-04
  951.00      1.74300E-04
  953.00      1.67880E-04
  955.00      1.56820E-04
  957.00      1.69070E-04
  959.00      1.72810E-04
  961.00      1.73000E-04
  963.00      1.72360E-04
  965.00      1.72560E-04
  967.00      1.71880E-04
  969.00      1.71120E-04
  971.00      1.70110E-04
  973.00      1.69870E-04
  975.00      1.69220E-04
  977.00      1.68560E-04
  979.00      1.67910E-04
  981.00      1.67260E-04
  983.00      1.66620E-04
  985.00      1.65970E-04
  987.00      1.65340E-04
  989.00      1.64700E-04
  991.00      1.64030E-04
  993.00      1.63440E-04
  995.00      1.62820E-04
  997.00      1.61950E-04
  999.00      1.60920E-04
  1002.5      1.54180E-04
  1007.5      1.51240E-04
  1012.5      1.55880E-04
  1017.5      1.56050E-04
  1022.5      1.54560E-04
  1027.5      1.53180E-04
  1032.5      1.51300E-04
  1037.5      1.50380E-04
  1042.5      1.49010E-04
  1047.5      1.47660E-04
  1052.5      1.46330E-04
  1057.5      1.45020E-04
  1062.5      1.43720E-04
  1067.5      1.42280E-04
  1072.5      1.41180E-04
  1077.5      1.39930E-04
  1082.5      1.37760E-04
  1087.5      1.36810E-04
  1092.5      1.27260E-04
  1097.5      1.31810E-04
  1102.5      1.33210E-04
  1107.5      1.32670E-04
  1112.5      1.31650E-04
  1117.5      1.30540E-04
  1122.5      1.29390E-04
  1127.5      1.28340E-04
  1132.5      1.27250E-04
  1137.5      1.26190E-04
  1142.5      1.25140E-04
  1147.5      1.24090E-04
  1152.5      1.23070E-04
  1157.5      1.22050E-04
  1162.5      1.20730E-04
  1167.5      1.19990E-04
  1172.5      1.19080E-04
  1177.5      1.18120E-04
  1182.5      1.17160E-04
  1187.5      1.16220E-04
  1192.5      1.15290E-04
  1197.5      1.13390E-04
  1202.5      1.13460E-04
  1207.5      1.12560E-04
  1212.5      1.11670E-04
  1217.5      1.10800E-04
  1222.5      1.09930E-04
  1227.5      1.09070E-04
  1232.5      1.08230E-04
  1237.5      1.07390E-04
  1242.5      1.06560E-04
  1247.5      1.05740E-04
  1252.5      1.04790E-04
  1257.5      1.04130E-04
  1262.5      1.03340E-04
  1267.5      1.02560E-04
  1272.5      1.01660E-04
  1277.5      9.92900E-05
  1282.5      9.35810E-05
  1287.5      9.86670E-05
  1292.5      9.86990E-05
  1297.5      9.75590E-05
  1302.5      9.73320E-05
  1307.5      9.66210E-05
  1312.5      9.59140E-05
  1317.5      9.52160E-05
  1322.5      9.45250E-05
  1327.5      9.38410E-05
  1332.5      9.31650E-05
  1337.5      9.24960E-05
  1342.5      9.17880E-05
  1347.5      9.11790E-05
  1352.5      9.05310E-05
  1357.5      8.98910E-05
  1362.5      8.92550E-05
  1367.5      8.86300E-05
  1372.5      8.80060E-05
  1377.5      8.73950E-05
  1382.5      8.67870E-05
  1387.5      8.61850E-05
  1392.5      8.55890E-05
  1397.5      8.50000E-05
  1402.5      8.44160E-05
  1407.5      8.38400E-05
  1412.5      8.32690E-05
  1417.5      8.27030E-05
  1422.5      8.21440E-05
  1427.5      8.15890E-05
  1432.5      8.10410E-05
  1437.5      8.04980E-05
  1442.5      7.99600E-05
  1447.5      7.94280E-05
  1452.5      7.89010E-05
  1457.0      7.84310E-05
  1462.0      7.79060E-05
  1467.5      7.73470E-05
  1472.5      7.68400E-05
  1477.5      7.62320E-05
  1482.5      7.58510E-05
  1487.5      7.53630E-05
  1492.5      7.48790E-05
  1497.5      7.43990E-05
  1502.5      7.39240E-05
  1507.5      7.33600E-05
  1512.5      7.29860E-05
  1517.5      7.25240E-05
  1522.5      7.20670E-05
  1527.5      7.16110E-05
  1532.5      7.11580E-05
  1537.5      7.07140E-05
  1542.5      7.02590E-05
  1547.5      6.98310E-05
  1552.5      6.93890E-05
  1557.5      6.89310E-05
  1562.5      6.85510E-05
  1567.5      6.80620E-05
  1572.5      6.76170E-05
  1577.5      6.73080E-05
  1582.5      6.68650E-05
  1587.5      6.62250E-05
  1592.5      6.59850E-05
  1597.5      6.57280E-05
  1605.0      6.49980E-05
  1615.0      6.40250E-05
  1625.0      6.36630E-05
  1635.0      6.25860E-05
  1645.0      6.15240E-05
  1655.0      6.15430E-05
  1665.0      6.08630E-05
  1675.0      5.95540E-05
  1685.0      5.84050E-05
  1695.0      5.87400E-05
  1705.0      5.78820E-05
  1715.0      5.74930E-05
  1725.0      5.67060E-05
  1735.0      5.46220E-05
  1745.0      5.52260E-05
  1755.0      5.49680E-05
  1765.0      5.43640E-05
  1775.0      5.37690E-05
  1785.0      5.31830E-05
  1795.0      5.26070E-05
  1805.0      5.19570E-05
  1815.0      4.99190E-05
  1825.0      5.04240E-05
  1835.0      5.03900E-05
  1845.0      4.98630E-05
  1855.0      4.93310E-05
  1865.0      4.83400E-05
  1875.0      4.65600E-05
  1885.0      4.77320E-05
  1895.0      4.73270E-05
  1905.0      4.67020E-05
  1915.0      4.63580E-05
  1925.0      4.58970E-05
  1935.0      4.52470E-05
  1945.0      4.32800E-05
  1955.0      4.43020E-05
  1965.0      4.40900E-05
  1975.0      4.36550E-05
  1985.0      4.32270E-05
  1995.0      4.28040E-05
  2005.0      4.23880E-05
  2015.0      4.19780E-05
  2025.0      4.15730E-05
  2035.0      4.11750E-05
  2045.0      4.07740E-05
  2055.0      4.03530E-05
  2065.0      4.00130E-05
  2075.0      3.96360E-05
  2085.0      3.92650E-05
  2095.0      3.88990E-05
  2105.0      3.85380E-05
  2115.0      3.80940E-05
  2125.0      3.78310E-05
  2135.0      3.74850E-05
  2145.0      3.71370E-05
  2155.0      3.66760E-05
  2165.0      3.50470E-05
  2175.0      3.59100E-05
  2185.0      3.58080E-05
  2195.0      3.55050E-05
  2205.0      3.51900E-05
  2215.0      3.48800E-05
  2225.0      3.45710E-05
  2235.0      3.42710E-05
  2245.0      3.39720E-05
  2255.0      3.36770E-05
  2265.0      3.33860E-05
  2275.0      3.30990E-05
  2285.0      3.28150E-05
  2295.0      3.25350E-05
  2305.0      3.22560E-05
  2315.0      3.19870E-05
  2325.0      3.17810E-05
  2335.0      3.15140E-05
  2345.0      3.12510E-05
  2355.0      3.09900E-05
  2365.0      3.07340E-05
  2375.0      3.04800E-05
  2385.0      3.02290E-05
  2395.0      2.99820E-05
  2405.0      2.97370E-05
  2415.0      2.94960E-05
  2425.0      2.92550E-05
  2435.0      2.90220E-05
  2445.0      2.87890E-05
  2455.0      2.85590E-05
  2465.0      2.83310E-05
  2475.0      2.80620E-05
  2485.0      2.78850E-05
  2495.0      2.76440E-05
  2505.0      2.74490E-05
  2515.0      2.72340E-05
  2525.0      2.69680E-05
  2535.0      2.68030E-05
  2545.0      2.66070E-05
  2555.0      2.63740E-05
  2565.0      2.61240E-05
  2575.0      2.59790E-05
  2585.0      2.58020E-05
  2595.0      2.55920E-05
  2605.0      2.53260E-05
  2615.0      2.49830E-05
  2625.0      2.40410E-05
  2635.0      2.46680E-05
  2645.0      2.46360E-05
  2655.0      2.44610E-05
  2665.0      2.42300E-05
  2675.0      2.39490E-05
  2685.0      2.38670E-05
  2695.0      2.37700E-05
  2705.0      2.35980E-05
  2715.0      2.34270E-05
  2725.0      2.32580E-05
  2735.0      2.30910E-05
  2745.0      2.28790E-05
  2755.0      2.25230E-05
  2765.0      2.24520E-05
  2775.0      2.24200E-05
  2785.0      2.22810E-05
  2795.0      2.21240E-05
  2805.0      2.19690E-05
  2815.0      2.18160E-05
  2825.0      2.16640E-05
  2835.0      2.15130E-05
  2845.0      2.13640E-05
  2855.0      2.11940E-05
  2865.0      2.09210E-05
  2875.0      2.05770E-05
  2885.0      2.07070E-05
  2895.0      2.06430E-05
  2905.0      2.05030E-05
  2915.0      2.03650E-05
  2925.0      2.02280E-05
  2935.0      2.00920E-05
  2945.0      1.99580E-05
  2955.0      1.98250E-05
  2965.0      1.96930E-05
  2975.0      1.95630E-05
  2985.0      1.94330E-05
  2995.0      1.93060E-05
  3005.0      1.91790E-05
  3015.0      1.90530E-05
  3025.0      1.88780E-05
  3035.0      1.84610E-05
  3045.0      1.84420E-05
  3055.0      1.85280E-05
  3065.0      1.84450E-05
  3075.0      1.83270E-05
  3085.0      1.82100E-05
  3095.0      1.80940E-05
  3105.0      1.79790E-05
  3115.0      1.78650E-05
  3125.0      1.77520E-05
  3135.0      1.76410E-05
  3145.0      1.75300E-05
  3155.0      1.74200E-05
  3165.0      1.73120E-05
  3175.0      1.72040E-05
  3185.0      1.70980E-05
  3195.0      1.69920E-05
  3210.0      1.68360E-05
  3230.0      1.66300E-05
  3250.0      1.64290E-05
  3270.0      1.62240E-05
  3290.0      1.57460E-05
  3310.0      1.57500E-05
  3330.0      1.56640E-05
  3350.0      1.54870E-05
  3370.0      1.53050E-05
  3390.0      1.51270E-05
  3410.0      1.49520E-05
  3430.0      1.47800E-05
  3450.0      1.46110E-05
  3470.0      1.44450E-05
  3490.0      1.42820E-05
  3510.0      1.41210E-05
  3530.0      1.39630E-05
  3550.0      1.38080E-05
  3570.0      1.36550E-05
  3590.0      1.35050E-05
  3610.0      1.33570E-05
  3630.0      1.32120E-05
  3650.0      1.30690E-05
  3670.0      1.29280E-05
  3690.0      1.27900E-05
  3710.0      1.26380E-05
  3730.0      1.23730E-05
  3750.0      1.21980E-05
  3770.0      1.22500E-05
  3790.0      1.21300E-05
  3810.0      1.20040E-05
  3830.0      1.18800E-05
  3850.0      1.17580E-05
  3870.0      1.16380E-05
  3890.0      1.15190E-05
  3910.0      1.13960E-05
  3930.0      1.12880E-05
  3950.0      1.11750E-05
  3970.0      1.10640E-05
  3990.0      1.09540E-05
  4010.0      1.08310E-05
  4030.0      1.07000E-05
  4050.0      1.04090E-05
  4070.0      1.05200E-05
  4090.0      1.04290E-05
  4110.0      1.03290E-05
  4130.0      1.02250E-05
  4150.0      1.01280E-05
  4170.0      9.98970E-06
  4190.0      9.93440E-06
  4210.0      9.84730E-06
  4230.0      9.75520E-06
  4250.0      9.66210E-06
  4270.0      9.57460E-06
  4290.0      9.47880E-06
  4310.0      9.39900E-06
  4330.0      9.31290E-06
  4350.0      9.22630E-06
  4370.0      9.08230E-06
  4390.0      9.03320E-06
  4410.0      8.98030E-06
  4430.0      8.90010E-06
  4450.0      8.82080E-06
  4470.0      8.74640E-06
  4490.0      8.66920E-06
  4510.0      8.59290E-06
  4530.0      8.51770E-06
  4550.0      8.44340E-06
  4570.0      8.37010E-06
  4590.0      8.29770E-06
  4610.0      8.22490E-06
  4630.0      8.14170E-06
  4650.0      7.87820E-06
  4670.0      7.90370E-06
  4690.0      7.91590E-06
  4710.0      7.88250E-06
  4730.0      7.81640E-06
  4750.0      7.75110E-06
  4770.0      7.68660E-06
  4790.0      7.62290E-06
  4810.0      7.56000E-06
  4830.0      7.49780E-06
  4850.0      7.43640E-06
  4870.0      7.37580E-06
  4890.0      7.31590E-06
  4910.0      7.25670E-06
  4930.0      7.19820E-06
  4950.0      7.14050E-06
  4970.0      7.08340E-06
  4990.0      7.02700E-06
  5010.0      6.97120E-06
  5030.0      6.91620E-06
  5050.0      6.86170E-06
  5070.0      6.80790E-06
  5090.0      6.75470E-06
  5110.0      6.67920E-06
  5130.0      6.54280E-06
  5150.0      6.58360E-06
  5170.0      6.54810E-06
  5190.0      6.49800E-06
  5210.0      6.44850E-06
  5230.0      6.39950E-06
  5250.0      6.35100E-06
  5270.0      6.30300E-06
  5290.0      6.25570E-06
  5310.0      6.20880E-06
  5330.0      6.16250E-06
  5350.0      6.11670E-06
  5370.0      6.07130E-06
  5390.0      6.02650E-06
  5410.0      5.98220E-06
  5430.0      5.93840E-06
  5450.0      5.89500E-06
  5470.0      5.85210E-06
  5490.0      5.80970E-06
  5510.0      5.76770E-06
  5530.0      5.72610E-06
  5550.0      5.68510E-06
  5570.0      5.64450E-06
  5590.0      5.60430E-06
  5610.0      5.56450E-06
  5630.0      5.52510E-06
  5650.0      5.48620E-06
  5670.0      5.44760E-06
  5690.0      5.40940E-06
  5710.0      5.37160E-06
  5730.0      5.33430E-06
  5750.0      5.29740E-06
  5770.0      5.26090E-06
  5790.0      5.22470E-06
  5810.0      5.18880E-06
  5830.0      5.15330E-06
  5850.0      5.11950E-06
  5870.0      5.08460E-06
  5890.0      5.02760E-06
  5910.0      4.90740E-06
  5930.0      4.96430E-06
  5950.0      4.93390E-06
  5970.0      4.91000E-06
  5990.0      4.88330E-06
  6010.0      4.85100E-06
  6030.0      4.81890E-06
  6050.0      4.78710E-06
  6070.0      4.75570E-06
  6090.0      4.72450E-06
  6110.0      4.69370E-06
  6130.0      4.66320E-06
  6150.0      4.63290E-06
  6170.0      4.60300E-06
  6190.0      4.57330E-06
  6210.0      4.54390E-06
  6230.0      4.51480E-06
  6250.0      4.48590E-06
  6270.0      4.45350E-06
  6290.0      4.40710E-06
  6310.0      4.39450E-06
  6330.0      4.37330E-06
  6350.0      4.34590E-06
  6370.0      4.31860E-06
  6390.0      4.29170E-06
  6420.0      4.25170E-06
  6460.0      4.19920E-06
  6500.0      4.14770E-06
  6540.0      4.09720E-06
  6580.0      4.04750E-06
  6620.0      3.99870E-06
  6660.0      3.95090E-06
  6700.0      3.90380E-06
  6740.0      3.85350E-06
  6780.0      3.79020E-06
  6820.0      3.76750E-06
  6860.0      3.72380E-06
  6900.0      3.68070E-06
  6940.0      3.63840E-06
  6980.0      3.59680E-06
  7020.0      3.55590E-06
  7060.0      3.51570E-06
  7100.0      3.47610E-06
  7140.0      3.43730E-06
  7180.0      3.39900E-06
  7220.0      3.36140E-06
  7260.0      3.32440E-06
  7300.0      3.28810E-06
  7340.0      3.25230E-06
  7380.0      3.21700E-06
  7420.0      3.17800E-06
  7460.0      3.08550E-06
  7500.0      3.04490E-06
  7540.0      3.07300E-06
  7580.0      3.04930E-06
  7620.0      3.01730E-06
  7660.0      2.98580E-06
  7700.0      2.95480E-06
  7740.0      2.92430E-06
  7780.0      2.89420E-06
  7820.0      2.86470E-06
  7860.0      2.83550E-06
  7900.0      2.80680E-06
  7940.0      2.77860E-06
  7980.0      2.75070E-06
  8020.0      2.72330E-06
  8060.0      2.69630E-06
  8100.0      2.66960E-06
  8140.0      2.64330E-06
  8180.0      2.61750E-06
  8220.0      2.59200E-06
  8260.0      2.56690E-06
  8300.0      2.54220E-06
  8340.0      2.51780E-06
  8380.0      2.49370E-06
  8420.0      2.47000E-06
  8460.0      2.44670E-06
  8500.0      2.42360E-06
  8540.0      2.40090E-06
  8580.0      2.37850E-06
  8620.0      2.35640E-06
  8660.0      2.33000E-06
  8700.0      2.31260E-06
  8740.0      2.27380E-06
  8780.0      2.25310E-06
  8820.0      2.25030E-06
  8860.0      2.23000E-06
  8900.0      2.20990E-06
  8940.0      2.19010E-06
  8980.0      2.17060E-06
  9020.0      2.15130E-06
  9060.0      2.13230E-06
  9100.0      2.11350E-06
  9140.0      2.09500E-06
  9180.0      2.07670E-06
  9220.0      2.05860E-06
  9260.0      2.04080E-06
  9300.0      2.02320E-06
  9340.0      2.00580E-06
  9380.0      1.98080E-06
  9420.0      1.96900E-06
  9460.0      1.95500E-06
  9500.0      1.93850E-06
  9540.0      1.92220E-06
  9580.0      1.90610E-06
  9620.0      1.89020E-06
  9660.0      1.87450E-06
  9700.0      1.85900E-06
  9740.0      1.84370E-06
  9780.0      1.82850E-06
  9820.0      1.81360E-06
  9860.0      1.79880E-06
  9900.0      1.78420E-06
  9940.0      1.76980E-06
  9980.0      1.75560E-06
  10020.      1.74150E-06
  20000.      4.30930E-07
  40000.      1.05170E-07
  60000.      4.59990E-08
  80000.      2.55730E-08
 1.00000E+05  1.62190E-08
 1.20000E+05  1.11810E-08
 1.40000E+05  8.16380E-09
 1.60000E+05  6.21700E-09
