 Castelli and Kurucz 2004-2012 Atmosphere
 T     50000.     G    5.00000 [-1.5a] N(He)/Ntot=0.0784 VTURB=2.0  L/H=1.25 OD
 Wavelength  Eddington Hnu
   (nm)    (ergs/s/cm2/Hz/sr)
  9.0900      6.40190E-18
  9.3500      1.66320E-17
  9.6100      4.06080E-17
  9.7700      6.94220E-17
  9.9600      1.27160E-16
  10.200      2.64160E-16
  10.380      4.46900E-16
  10.560      7.42610E-16
  10.770      1.31320E-15
  11.040      2.64560E-15
  11.400      6.38680E-15
  11.780      1.52720E-14
  12.130      3.25730E-14
  12.480      6.64690E-14
  12.710      1.04170E-13
  12.840      1.33980E-13
  13.050      1.97320E-13
  13.240      2.77500E-13
  13.390      3.60980E-13
  13.660      5.70620E-13
  13.980      9.65050E-13
  14.330      1.66670E-12
  14.720      2.93090E-12
  15.100      5.10800E-12
  15.520      9.02620E-12
  15.880      1.44020E-11
  16.200      2.17930E-11
  16.600      3.53160E-11
  17.030      5.72070E-11
  17.340      8.03490E-11
  17.680      1.16330E-10
  18.020      1.65540E-10
  18.170      1.89500E-10
  18.610      2.95620E-10
  19.100      4.64630E-10
  19.390      6.08780E-10
  19.840      8.98960E-10
  20.180      1.19680E-09
  20.500      1.55680E-09
  21.050      2.39780E-09
  21.620      3.66940E-09
  21.980      4.77250E-09
  22.300      5.95840E-09
  22.680      7.65640E-09
  23.000      4.33950E-07
  23.400      4.34950E-06
  24.000      3.59830E-05
  24.650      1.66120E-04
  25.240      3.56510E-04
  25.680      3.31740E-04
  26.000      5.40620E-04
  26.400      7.79130E-04
  26.850      8.46510E-04
  27.350      9.88080E-04
  27.850      9.57170E-04
  28.400      1.16790E-03
  29.000      1.32000E-03
  29.600      1.21560E-03
  30.100      6.87750E-04
  30.800      8.30540E-04
  31.800      7.88960E-04
  32.800      8.86060E-04
  33.800      7.58710E-04
  34.800      7.74670E-04
  35.700      1.16710E-03
  36.600      1.48220E-03
  37.500      1.63810E-03
  38.500      1.54980E-03
  39.500      1.87250E-03
  40.500      2.13800E-03
  41.400      2.19860E-03
  42.200      2.16780E-03
  43.000      2.17960E-03
  44.100      2.40250E-03
  45.100      2.48920E-03
  46.000      2.41370E-03
  47.000      2.49130E-03
  48.000      2.61080E-03
  49.000      2.52880E-03
  50.000      2.75740E-03
  50.600      2.61380E-03
  51.200      2.87670E-03
  52.000      2.85430E-03
  53.000      2.89160E-03
  54.000      2.73280E-03
  55.000      2.57130E-03
  56.000      2.93830E-03
  57.000      3.05740E-03
  58.000      3.07140E-03
  59.000      3.13900E-03
  60.000      3.07050E-03
  61.000      2.91720E-03
  62.000      3.14810E-03
  63.000      3.08810E-03
  64.000      3.24060E-03
  65.000      3.18470E-03
  65.800      3.09060E-03
  66.500      3.26780E-03
  67.500      3.30890E-03
  68.500      3.19860E-03
  69.500      3.35190E-03
  70.500      3.20360E-03
  71.600      3.37430E-03
  72.600      3.42550E-03
  73.500      3.43680E-03
  74.500      3.41560E-03
  75.500      3.38740E-03
  76.500      3.33020E-03
  77.500      3.43050E-03
  78.500      3.36350E-03
  79.500      3.42530E-03
  80.500      3.46480E-03
  81.500      3.48120E-03
  82.500      3.50050E-03
  83.500      3.37840E-03
  84.500      3.50330E-03
  85.500      3.45600E-03
  86.500      3.52220E-03
  87.500      3.54450E-03
  88.500      3.52340E-03
  89.500      3.53040E-03
  90.500      3.49530E-03
  91.500      2.66990E-03
  92.500      4.14560E-03
  93.500      5.15940E-03
  94.500      6.20650E-03
  95.500      6.86220E-03
  96.500      7.69660E-03
  97.500      6.26430E-03
  98.500      7.53540E-03
  99.500      7.03730E-03
  100.50      7.47110E-03
  101.50      7.41730E-03
  102.50      6.17060E-03
  103.50      7.38250E-03
  104.50      7.44810E-03
  105.50      7.40610E-03
  106.50      7.17050E-03
  107.50      7.24040E-03
  108.50      6.81700E-03
  109.50      7.15860E-03
  110.50      7.05300E-03
  111.50      6.98620E-03
  112.50      6.86430E-03
  113.50      6.92470E-03
  114.50      6.87350E-03
  115.50      6.75690E-03
  116.50      6.64410E-03
  117.50      6.39710E-03
  118.50      6.59600E-03
  119.50      6.49000E-03
  120.50      6.44740E-03
  121.50      5.34730E-03
  122.50      6.33250E-03
  123.50      6.21470E-03
  124.50      6.16140E-03
  125.50      6.21690E-03
  126.50      6.16340E-03
  127.50      6.11320E-03
  128.50      6.05980E-03
  129.50      6.01430E-03
  130.50      5.93830E-03
  131.50      5.89360E-03
  132.50      5.82470E-03
  133.50      5.79460E-03
  134.50      5.75030E-03
  135.50      5.66600E-03
  136.50      5.57050E-03
  137.50      5.45360E-03
  138.50      5.49210E-03
  139.50      5.41060E-03
  140.50      5.29680E-03
  141.50      5.39040E-03
  142.50      5.32780E-03
  143.50      5.31310E-03
  144.20      5.22650E-03
  144.70      5.21730E-03
  145.50      5.17250E-03
  146.50      5.13630E-03
  147.50      5.12100E-03
  148.50      5.11540E-03
  149.50      5.06460E-03
  150.50      5.03220E-03
  151.20      5.01150E-03
  151.70      4.97140E-03
  152.50      4.95520E-03
  153.50      4.88520E-03
  154.50      4.69790E-03
  155.50      4.68020E-03
  156.50      4.76260E-03
  157.50      4.74300E-03
  158.50      4.68680E-03
  159.50      4.65950E-03
  160.50      4.60350E-03
  161.50      4.57050E-03
  162.50      4.51560E-03
  163.50      4.41890E-03
  164.50      4.22990E-03
  165.50      4.44770E-03
  166.50      4.41970E-03
  167.20      4.37000E-03
  167.70      4.38320E-03
  168.50      4.35890E-03
  169.50      4.32850E-03
  170.50      4.28900E-03
  171.50      4.20460E-03
  172.50      4.19160E-03
  173.50      4.19840E-03
  174.50      4.16270E-03
  175.50      4.12950E-03
  176.50      4.09960E-03
  177.50      4.07120E-03
  178.50      4.04340E-03
  179.50      4.00940E-03
  180.50      3.97970E-03
  181.50      3.95060E-03
  182.50      3.92130E-03
  183.50      3.89260E-03
  184.50      3.86400E-03
  185.50      3.83360E-03
  186.50      3.80640E-03
  187.50      3.77700E-03
  188.50      3.74870E-03
  189.50      3.72520E-03
  190.50      3.69770E-03
  191.50      3.67000E-03
  192.50      3.63240E-03
  193.50      3.61810E-03
  194.50      3.59250E-03
  195.50      3.56550E-03
  196.70      3.53570E-03
  197.60      3.50980E-03
  198.40      3.49320E-03
  199.50      3.46450E-03
  200.50      3.44170E-03
  201.50      3.41750E-03
  202.50      3.39350E-03
  203.50      3.36940E-03
  204.50      3.34190E-03
  205.50      2.58830E-03
  206.50      2.50010E-03
  207.40      2.53690E-03
  207.80      2.58430E-03
  208.50      2.71640E-03
  209.50      3.00490E-03
  210.50      3.18330E-03
  211.50      3.19320E-03
  212.50      3.17060E-03
  213.50      3.14420E-03
  214.50      3.12790E-03
  215.50      3.15360E-03
  216.50      3.04740E-03
  217.50      3.13730E-03
  218.50      3.01000E-03
  219.50      3.09740E-03
  220.50      3.08350E-03
  221.50      2.94270E-03
  222.50      3.04260E-03
  223.50      3.02640E-03
  224.50      3.00120E-03
  225.50      2.86960E-03
  226.50      2.96530E-03
  227.50      2.94770E-03
  228.50      2.92480E-03
  229.50      2.89310E-03
  230.50      2.78090E-03
  231.50      2.86420E-03
  232.50      2.85220E-03
  233.50      2.83410E-03
  234.50      2.81540E-03
  235.50      2.79700E-03
  236.50      2.77900E-03
  237.50      2.75990E-03
  238.50      2.63980E-03
  239.50      2.71790E-03
  240.50      2.70590E-03
  241.50      2.68760E-03
  242.50      2.67490E-03
  243.50      2.65720E-03
  244.50      2.64090E-03
  245.50      2.61930E-03
  246.50      2.60790E-03
  247.50      2.59240E-03
  248.50      2.57570E-03
  249.50      2.50800E-03
  250.50      2.52960E-03
  251.30      2.34930E-03
  251.80      2.50490E-03
  252.50      2.50590E-03
  253.50      2.49770E-03
  254.50      2.48270E-03
  255.50      2.46740E-03
  256.50      2.45290E-03
  257.50      2.43790E-03
  258.50      2.42290E-03
  259.50      2.40180E-03
  260.50      2.39450E-03
  261.50      2.37690E-03
  262.50      2.36610E-03
  263.50      2.35220E-03
  264.50      2.33770E-03
  265.50      2.32450E-03
  266.50      2.31050E-03
  267.50      2.29340E-03
  268.50      2.28290E-03
  269.50      2.26950E-03
  270.50      2.25740E-03
  271.50      2.24420E-03
  272.50      2.22950E-03
  273.50      2.14480E-03
  274.50      2.20550E-03
  275.50      2.19270E-03
  276.50      2.18000E-03
  277.50      2.16750E-03
  278.50      2.15430E-03
  279.50      2.14200E-03
  280.50      2.13090E-03
  281.50      2.11900E-03
  282.50      2.10600E-03
  283.50      2.09510E-03
  284.50      2.08380E-03
  285.50      2.07220E-03
  286.50      2.06070E-03
  287.50      2.04910E-03
  288.50      2.03790E-03
  289.50      2.02620E-03
  291.00      2.00970E-03
  293.00      1.98790E-03
  295.00      1.96590E-03
  297.00      1.94430E-03
  299.00      1.92190E-03
  301.00      1.90230E-03
  303.00      1.88030E-03
  305.00      1.86080E-03
  307.00      1.84030E-03
  309.00      1.82370E-03
  311.00      1.80460E-03
  313.00      1.78520E-03
  315.00      1.76780E-03
  317.00      1.74930E-03
  319.00      1.73050E-03
  321.00      1.68480E-03
  323.00      1.69720E-03
  325.00      1.68010E-03
  327.00      1.65960E-03
  329.00      1.64620E-03
  331.00      1.62990E-03
  333.00      1.61380E-03
  335.00      1.59660E-03
  337.00      1.58240E-03
  339.00      1.56640E-03
  341.00      1.55060E-03
  343.00      1.53710E-03
  345.00      1.52130E-03
  347.00      1.50780E-03
  349.00      1.49360E-03
  351.00      1.47960E-03
  353.00      1.46540E-03
  355.00      1.45160E-03
  357.00      1.43830E-03
  359.00      1.42460E-03
  361.00      1.41170E-03
  363.00      1.39820E-03
  364.00      1.36420E-03
  365.00      1.24710E-03
  367.00      1.23730E-03
  369.00      1.22900E-03
  371.00      1.22660E-03
  373.00      1.23210E-03
  375.00      1.24540E-03
  377.00      1.25880E-03
  379.00      1.27790E-03
  381.00      1.29650E-03
  383.00      1.24760E-03
  385.00      1.28970E-03
  387.00      1.29590E-03
  389.00      1.19940E-03
  391.00      1.27740E-03
  393.00      1.26270E-03
  395.00      1.25820E-03
  397.00      1.15500E-03
  399.00      1.23490E-03
  401.00      1.23130E-03
  403.00      1.20060E-03
  405.00      1.21390E-03
  407.00      1.20190E-03
  409.00      1.16220E-03
  411.00      1.10480E-03
  413.00      1.16990E-03
  415.00      1.16330E-03
  417.00      1.15410E-03
  419.00      1.13750E-03
  421.00      1.11670E-03
  423.00      1.12560E-03
  425.00      1.11640E-03
  427.00      1.10720E-03
  429.00      1.09820E-03
  431.00      1.08730E-03
  433.00      1.04560E-03
  435.00      1.01010E-03
  437.00      1.06050E-03
  439.00      1.05330E-03
  441.00      1.04600E-03
  443.00      1.03780E-03
  445.00      1.02950E-03
  447.00      1.01710E-03
  449.00      1.01340E-03
  451.00      1.00550E-03
  453.00      9.95200E-04
  455.00      9.70430E-04
  457.00      9.82290E-04
  459.00      9.74790E-04
  461.00      9.67250E-04
  463.00      9.59320E-04
  465.00      9.51080E-04
  467.00      9.44110E-04
  469.00      9.06250E-04
  471.00      9.30350E-04
  473.00      9.24190E-04
  475.00      9.17280E-04
  477.00      9.10440E-04
  479.00      9.03630E-04
  481.00      8.96990E-04
  483.00      8.88900E-04
  485.00      8.62200E-04
  487.00      8.23180E-04
  489.00      8.68380E-04
  491.00      8.64610E-04
  493.00      8.56940E-04
  495.00      8.52230E-04
  497.00      8.46110E-04
  499.00      8.40070E-04
  501.00      8.33380E-04
  503.00      8.28140E-04
  505.00      8.22160E-04
  507.00      8.16480E-04
  509.00      8.10740E-04
  511.00      8.05070E-04
  513.00      7.99440E-04
  515.00      7.93880E-04
  517.00      7.88380E-04
  519.00      7.82930E-04
  521.00      7.77540E-04
  523.00      7.72210E-04
  525.00      7.66910E-04
  527.00      7.61610E-04
  529.00      7.56520E-04
  531.00      7.51400E-04
  533.00      7.46330E-04
  535.00      7.41310E-04
  537.00      7.36340E-04
  539.00      7.31410E-04
  541.00      7.11480E-04
  543.00      7.21380E-04
  545.00      7.16950E-04
  547.00      7.12220E-04
  549.00      7.07540E-04
  551.00      7.02850E-04
  553.00      6.98320E-04
  555.00      6.93770E-04
  557.00      6.89260E-04
  559.00      6.84530E-04
  561.00      6.80400E-04
  563.00      6.76020E-04
  565.00      6.71690E-04
  567.00      6.67400E-04
  569.00      6.55180E-04
  571.00      6.16870E-04
  573.00      6.13250E-04
  575.00      6.09660E-04
  577.00      6.06160E-04
  579.00      6.02840E-04
  581.00      5.99430E-04
  583.00      5.97350E-04
  585.00      5.95400E-04
  587.00      5.92060E-04
  589.00      5.92830E-04
  591.00      5.92230E-04
  593.00      5.91940E-04
  595.00      5.92160E-04
  597.00      5.92670E-04
  599.00      5.93950E-04
  601.00      5.93410E-04
  603.00      5.93320E-04
  605.00      5.92410E-04
  607.00      5.88840E-04
  609.00      5.85950E-04
  611.00      5.82870E-04
  613.00      5.79630E-04
  615.00      5.77070E-04
  617.00      5.71760E-04
  619.00      5.69930E-04
  621.00      5.66910E-04
  623.00      5.61460E-04
  625.00      5.59590E-04
  627.00      5.57020E-04
  629.00      5.53770E-04
  631.00      5.47540E-04
  633.00      5.46890E-04
  635.00      5.44230E-04
  637.00      5.41100E-04
  639.00      5.37490E-04
  641.00      5.30980E-04
  643.00      5.31770E-04
  645.00      5.28840E-04
  647.00      5.25840E-04
  649.00      5.22870E-04
  651.00      5.19240E-04
  653.00      5.11250E-04
  655.00      5.06520E-04
  657.00      4.79180E-04
  659.00      5.06880E-04
  661.00      5.05540E-04
  663.00      5.02740E-04
  665.00      4.99970E-04
  667.00      4.95530E-04
  669.00      4.87890E-04
  671.00      4.91680E-04
  673.00      4.89070E-04
  675.00      4.86400E-04
  677.00      4.83760E-04
  679.00      4.81140E-04
  681.00      4.78530E-04
  683.00      4.75950E-04
  685.00      4.73390E-04
  687.00      4.70800E-04
  689.00      4.61370E-04
  691.00      4.65300E-04
  693.00      4.63340E-04
  695.00      4.60880E-04
  697.00      4.58440E-04
  699.00      4.56020E-04
  701.00      4.53610E-04
  703.00      4.51220E-04
  705.00      4.48850E-04
  707.00      4.45760E-04
  709.00      4.44190E-04
  711.00      4.41870E-04
  713.00      4.39580E-04
  715.00      4.37300E-04
  717.00      4.30300E-04
  719.00      4.29740E-04
  721.00      4.30580E-04
  723.00      4.28380E-04
  725.00      4.26190E-04
  727.00      4.24020E-04
  729.00      4.21680E-04
  731.00      4.19720E-04
  733.00      4.17610E-04
  735.00      4.15500E-04
  737.00      4.13400E-04
  739.00      4.11330E-04
  741.00      4.09270E-04
  743.00      4.07230E-04
  745.00      4.05180E-04
  747.00      4.03190E-04
  749.00      4.01180E-04
  751.00      3.99200E-04
  753.00      3.97240E-04
  755.00      3.95280E-04
  757.00      3.93340E-04
  759.00      3.84500E-04
  761.00      3.88840E-04
  763.00      3.87600E-04
  765.00      3.85720E-04
  767.00      3.83850E-04
  769.00      3.81970E-04
  771.00      3.80150E-04
  773.00      3.78290E-04
  775.00      3.76510E-04
  777.00      3.74700E-04
  779.00      3.72910E-04
  781.00      3.71130E-04
  783.00      3.69370E-04
  785.00      3.67610E-04
  787.00      3.65870E-04
  789.00      3.64150E-04
  791.00      3.62440E-04
  793.00      3.60730E-04
  795.00      3.59040E-04
  797.00      3.57350E-04
  799.00      3.55690E-04
  801.00      3.54040E-04
  803.00      3.52390E-04
  805.00      3.50760E-04
  807.00      3.49130E-04
  809.00      3.47520E-04
  811.00      3.45920E-04
  813.00      3.44330E-04
  815.00      3.42760E-04
  817.00      3.41160E-04
  819.00      3.38210E-04
  821.00      3.24590E-04
  823.00      3.21220E-04
  825.00      3.21270E-04
  827.00      3.20390E-04
  829.00      3.19040E-04
  831.00      3.17670E-04
  833.00      3.16300E-04
  835.00      3.14970E-04
  837.00      3.13660E-04
  839.00      3.12370E-04
  841.00      3.11140E-04
  843.00      3.09920E-04
  845.00      3.08710E-04
  847.00      3.07630E-04
  849.00      3.06630E-04
  851.00      3.05590E-04
  853.00      3.04650E-04
  855.00      3.03540E-04
  857.00      3.02830E-04
  859.00      3.01690E-04
  861.00      3.00840E-04
  863.00      3.00420E-04
  865.00      2.99350E-04
  867.00      2.97690E-04
  869.00      2.98090E-04
  871.00      2.97650E-04
  873.00      2.96540E-04
  875.00      2.93390E-04
  877.00      2.94650E-04
  879.00      2.95150E-04
  881.00      2.94800E-04
  883.00      2.93930E-04
  885.00      2.90300E-04
  887.00      2.86150E-04
  889.00      2.90150E-04
  891.00      2.90480E-04
  893.00      2.89820E-04
  895.00      2.88890E-04
  897.00      2.87420E-04
  899.00      2.84710E-04
  901.00      2.76690E-04
  903.00      2.78530E-04
  905.00      2.81920E-04
  907.00      2.81640E-04
  909.00      2.80940E-04
  911.00      2.79440E-04
  913.00      2.78950E-04
  915.00      2.77820E-04
  917.00      2.76430E-04
  919.00      2.74450E-04
  921.00      2.70650E-04
  923.00      2.60600E-04
  925.00      2.67740E-04
  927.00      2.69860E-04
  929.00      2.69660E-04
  931.00      2.68810E-04
  933.00      2.67160E-04
  935.00      2.60410E-04
  937.00      2.64430E-04
  939.00      2.64370E-04
  941.00      2.63470E-04
  943.00      2.62420E-04
  945.00      2.61360E-04
  947.00      2.60270E-04
  949.00      2.59060E-04
  951.00      2.56980E-04
  953.00      2.52560E-04
  955.00      2.42450E-04
  957.00      2.51670E-04
  959.00      2.53250E-04
  961.00      2.53080E-04
  963.00      2.52140E-04
  965.00      2.51200E-04
  967.00      2.50210E-04
  969.00      2.49230E-04
  971.00      2.48240E-04
  973.00      2.47290E-04
  975.00      2.45890E-04
  977.00      2.43970E-04
  979.00      2.44420E-04
  981.00      2.43480E-04
  983.00      2.42540E-04
  985.00      2.41610E-04
  987.00      2.40680E-04
  989.00      2.39750E-04
  991.00      2.38840E-04
  993.00      2.37920E-04
  995.00      2.37010E-04
  997.00      2.36110E-04
  999.00      2.35120E-04
  1002.5      2.29810E-04
  1007.5      2.26040E-04
  1012.5      2.25520E-04
  1017.5      2.27150E-04
  1022.5      2.25040E-04
  1027.5      2.22960E-04
  1032.5      2.20850E-04
  1037.5      2.18890E-04
  1042.5      2.15750E-04
  1047.5      2.14930E-04
  1052.5      2.12990E-04
  1057.5      2.11080E-04
  1062.5      2.09190E-04
  1067.5      2.07320E-04
  1072.5      2.05480E-04
  1077.5      2.03670E-04
  1082.5      2.01630E-04
  1087.5      1.99900E-04
  1092.5      1.91860E-04
  1097.5      1.94780E-04
  1102.5      1.94920E-04
  1107.5      1.93260E-04
  1112.5      1.91610E-04
  1117.5      1.90080E-04
  1122.5      1.88460E-04
  1127.5      1.86860E-04
  1132.5      1.85290E-04
  1137.5      1.83730E-04
  1142.5      1.82200E-04
  1147.5      1.80680E-04
  1152.5      1.79180E-04
  1157.5      1.77700E-04
  1162.5      1.74220E-04
  1167.5      1.73330E-04
  1172.5      1.73370E-04
  1177.5      1.71960E-04
  1182.5      1.70570E-04
  1187.5      1.69190E-04
  1192.5      1.67830E-04
  1197.5      1.66430E-04
  1202.5      1.65170E-04
  1207.5      1.63850E-04
  1212.5      1.62560E-04
  1217.5      1.61280E-04
  1222.5      1.60010E-04
  1227.5      1.58760E-04
  1232.5      1.57530E-04
  1237.5      1.56310E-04
  1242.5      1.55100E-04
  1247.5      1.53910E-04
  1252.5      1.52720E-04
  1257.5      1.51560E-04
  1262.5      1.50410E-04
  1267.5      1.49270E-04
  1272.5      1.48140E-04
  1277.5      1.46340E-04
  1282.5      1.40510E-04
  1287.5      1.44480E-04
  1292.5      1.43760E-04
  1297.5      1.42680E-04
  1302.5      1.41640E-04
  1307.5      1.40600E-04
  1312.5      1.39570E-04
  1317.5      1.38550E-04
  1322.5      1.37550E-04
  1327.5      1.36550E-04
  1332.5      1.35560E-04
  1337.5      1.34590E-04
  1342.5      1.33620E-04
  1347.5      1.32670E-04
  1352.5      1.31720E-04
  1357.5      1.30790E-04
  1362.5      1.29860E-04
  1367.5      1.28950E-04
  1372.5      1.28040E-04
  1377.5      1.27150E-04
  1382.5      1.26260E-04
  1387.5      1.25380E-04
  1392.5      1.24510E-04
  1397.5      1.23650E-04
  1402.5      1.22800E-04
  1407.5      1.21960E-04
  1412.5      1.21130E-04
  1417.5      1.20300E-04
  1422.5      1.19490E-04
  1427.5      1.18680E-04
  1432.5      1.17880E-04
  1437.5      1.17090E-04
  1442.5      1.16300E-04
  1447.5      1.15530E-04
  1452.5      1.14760E-04
  1457.0      1.14070E-04
  1462.0      1.13560E-04
  1467.5      1.12650E-04
  1472.5      1.11710E-04
  1477.5      1.09930E-04
  1482.5      1.10380E-04
  1487.5      1.09820E-04
  1492.5      1.09110E-04
  1497.5      1.08400E-04
  1502.5      1.07700E-04
  1507.5      1.06990E-04
  1512.5      1.06330E-04
  1517.5      1.05650E-04
  1522.5      1.04970E-04
  1527.5      1.04310E-04
  1532.5      1.03650E-04
  1537.5      1.03000E-04
  1542.5      1.02350E-04
  1547.5      1.01710E-04
  1552.5      1.01070E-04
  1557.5      1.00340E-04
  1562.5      9.98200E-05
  1567.5      9.90970E-05
  1572.5      9.84320E-05
  1577.5      9.79840E-05
  1582.5      9.73670E-05
  1587.5      9.64940E-05
  1592.5      9.60690E-05
  1597.5      9.56150E-05
  1605.0      9.46240E-05
  1615.0      9.33530E-05
  1625.0      9.24940E-05
  1635.0      9.11990E-05
  1645.0      8.99080E-05
  1655.0      8.92600E-05
  1665.0      8.82200E-05
  1675.0      8.69090E-05
  1685.0      8.55920E-05
  1695.0      8.52040E-05
  1705.0      8.41960E-05
  1715.0      8.32800E-05
  1725.0      8.23250E-05
  1735.0      8.04570E-05
  1745.0      8.03770E-05
  1755.0      7.96190E-05
  1765.0      7.87420E-05
  1775.0      7.78790E-05
  1785.0      7.70300E-05
  1795.0      7.61940E-05
  1805.0      7.53700E-05
  1815.0      7.35120E-05
  1825.0      7.35380E-05
  1835.0      7.29830E-05
  1845.0      7.22130E-05
  1855.0      7.14660E-05
  1865.0      6.99130E-05
  1875.0      6.83800E-05
  1885.0      6.92450E-05
  1895.0      6.85470E-05
  1905.0      6.78340E-05
  1915.0      6.71540E-05
  1925.0      6.64730E-05
  1935.0      6.57460E-05
  1945.0      6.39050E-05
  1955.0      6.44220E-05
  1965.0      6.38500E-05
  1975.0      6.32190E-05
  1985.0      6.25960E-05
  1995.0      6.19830E-05
  2005.0      6.13790E-05
  2015.0      6.07840E-05
  2025.0      6.01970E-05
  2035.0      5.96190E-05
  2045.0      5.90480E-05
  2055.0      5.84830E-05
  2065.0      5.79330E-05
  2075.0      5.73860E-05
  2085.0      5.68480E-05
  2095.0      5.63170E-05
  2105.0      5.57930E-05
  2115.0      5.52690E-05
  2125.0      5.47670E-05
  2135.0      5.42650E-05
  2145.0      5.37690E-05
  2155.0      5.32440E-05
  2165.0      5.16290E-05
  2175.0      5.22270E-05
  2185.0      5.18520E-05
  2195.0      5.13900E-05
  2205.0      5.09330E-05
  2215.0      5.04820E-05
  2225.0      5.00370E-05
  2235.0      4.95980E-05
  2245.0      4.91640E-05
  2255.0      4.87360E-05
  2265.0      4.83140E-05
  2275.0      4.78970E-05
  2285.0      4.75200E-05
  2295.0      4.71130E-05
  2305.0      4.67120E-05
  2315.0      4.63160E-05
  2325.0      4.59250E-05
  2335.0      4.55380E-05
  2345.0      4.51570E-05
  2355.0      4.47800E-05
  2365.0      4.44080E-05
  2375.0      4.40400E-05
  2385.0      4.36770E-05
  2395.0      4.33190E-05
  2405.0      4.29650E-05
  2415.0      4.26150E-05
  2425.0      4.22690E-05
  2435.0      4.19280E-05
  2445.0      4.15910E-05
  2455.0      4.12570E-05
  2465.0      4.09280E-05
  2475.0      4.05990E-05
  2485.0      4.02810E-05
  2495.0      3.99630E-05
  2505.0      3.96490E-05
  2515.0      3.93390E-05
  2525.0      3.90320E-05
  2535.0      3.87290E-05
  2545.0      3.84290E-05
  2555.0      3.81330E-05
  2565.0      3.78400E-05
  2575.0      3.75510E-05
  2585.0      3.72650E-05
  2595.0      3.69820E-05
  2605.0      3.66880E-05
  2615.0      3.62990E-05
  2625.0      3.51940E-05
  2635.0      3.58040E-05
  2645.0      3.56140E-05
  2655.0      3.53490E-05
  2665.0      3.50850E-05
  2675.0      3.47130E-05
  2685.0      3.45700E-05
  2695.0      3.43200E-05
  2705.0      3.40700E-05
  2715.0      3.38230E-05
  2725.0      3.35780E-05
  2735.0      3.33350E-05
  2745.0      3.30950E-05
  2755.0      3.26920E-05
  2765.0      3.25490E-05
  2775.0      3.23910E-05
  2785.0      3.21620E-05
  2795.0      3.19350E-05
  2805.0      3.17100E-05
  2815.0      3.14880E-05
  2825.0      3.12670E-05
  2835.0      3.10490E-05
  2845.0      3.08340E-05
  2855.0      3.06200E-05
  2865.0      3.03330E-05
  2875.0      2.99410E-05
  2885.0      2.99730E-05
  2895.0      2.97880E-05
  2905.0      2.95850E-05
  2915.0      2.93850E-05
  2925.0      2.91860E-05
  2935.0      2.89890E-05
  2945.0      2.87950E-05
  2955.0      2.86020E-05
  2965.0      2.84110E-05
  2975.0      2.82220E-05
  2985.0      2.80350E-05
  2995.0      2.78500E-05
  3005.0      2.76660E-05
  3015.0      2.74840E-05
  3025.0      2.72940E-05
  3035.0      2.68520E-05
  3045.0      2.67800E-05
  3055.0      2.67750E-05
  3065.0      2.66030E-05
  3075.0      2.64310E-05
  3085.0      2.62620E-05
  3095.0      2.60940E-05
  3105.0      2.59270E-05
  3115.0      2.57620E-05
  3125.0      2.55990E-05
  3135.0      2.54370E-05
  3145.0      2.52770E-05
  3155.0      2.51180E-05
  3165.0      2.49610E-05
  3175.0      2.48050E-05
  3185.0      2.46510E-05
  3195.0      2.44980E-05
  3210.0      2.42710E-05
  3230.0      2.39740E-05
  3250.0      2.36810E-05
  3270.0      2.33940E-05
  3290.0      2.28550E-05
  3310.0      2.27850E-05
  3330.0      2.25730E-05
  3350.0      2.23060E-05
  3370.0      2.20430E-05
  3390.0      2.17860E-05
  3410.0      2.15320E-05
  3430.0      2.12830E-05
  3450.0      2.10390E-05
  3470.0      2.07980E-05
  3490.0      2.05620E-05
  3510.0      2.03290E-05
  3530.0      2.01010E-05
  3550.0      1.98760E-05
  3570.0      1.96550E-05
  3590.0      1.94370E-05
  3610.0      1.92230E-05
  3630.0      1.90130E-05
  3650.0      1.88060E-05
  3670.0      1.86020E-05
  3690.0      1.84020E-05
  3710.0      1.82030E-05
  3730.0      1.78940E-05
  3750.0      1.76370E-05
  3770.0      1.76320E-05
  3790.0      1.74470E-05
  3810.0      1.72640E-05
  3830.0      1.70850E-05
  3850.0      1.69090E-05
  3870.0      1.67350E-05
  3890.0      1.65630E-05
  3910.0      1.63950E-05
  3930.0      1.62290E-05
  3950.0      1.60650E-05
  3970.0      1.59040E-05
  3990.0      1.57450E-05
  4010.0      1.55830E-05
  4030.0      1.54210E-05
  4050.0      1.50270E-05
  4070.0      1.51320E-05
  4090.0      1.49860E-05
  4110.0      1.48400E-05
  4130.0      1.46970E-05
  4150.0      1.45560E-05
  4170.0      1.43840E-05
  4190.0      1.42790E-05
  4210.0      1.41440E-05
  4230.0      1.40110E-05
  4250.0      1.38790E-05
  4270.0      1.37500E-05
  4290.0      1.36210E-05
  4310.0      1.34960E-05
  4330.0      1.33710E-05
  4350.0      1.32480E-05
  4370.0      1.30760E-05
  4390.0      1.29920E-05
  4410.0      1.28900E-05
  4430.0      1.27740E-05
  4450.0      1.26590E-05
  4470.0      1.25490E-05
  4490.0      1.24370E-05
  4510.0      1.23270E-05
  4530.0      1.22180E-05
  4550.0      1.21110E-05
  4570.0      1.20050E-05
  4590.0      1.19010E-05
  4610.0      1.17970E-05
  4630.0      1.16930E-05
  4650.0      1.13510E-05
  4670.0      1.13890E-05
  4690.0      1.13820E-05
  4710.0      1.13010E-05
  4730.0      1.12050E-05
  4750.0      1.11110E-05
  4770.0      1.10180E-05
  4790.0      1.09260E-05
  4810.0      1.08350E-05
  4830.0      1.07450E-05
  4850.0      1.06560E-05
  4870.0      1.05690E-05
  4890.0      1.04820E-05
  4910.0      1.03970E-05
  4930.0      1.03120E-05
  4950.0      1.02290E-05
  4970.0      1.01460E-05
  4990.0      1.00650E-05
  5010.0      9.98440E-06
  5030.0      9.90490E-06
  5050.0      9.82630E-06
  5070.0      9.74860E-06
  5090.0      9.67180E-06
  5110.0      9.58310E-06
  5130.0      9.41100E-06
  5150.0      9.44040E-06
  5170.0      9.37370E-06
  5190.0      9.30140E-06
  5210.0      9.22990E-06
  5230.0      9.15910E-06
  5250.0      9.08910E-06
  5270.0      9.02000E-06
  5290.0      8.95160E-06
  5310.0      8.88400E-06
  5330.0      8.81720E-06
  5350.0      8.75110E-06
  5370.0      8.68570E-06
  5390.0      8.62100E-06
  5410.0      8.55710E-06
  5430.0      8.49390E-06
  5450.0      8.43140E-06
  5470.0      8.36950E-06
  5490.0      8.30830E-06
  5510.0      8.24780E-06
  5530.0      8.18790E-06
  5550.0      8.12870E-06
  5570.0      8.07010E-06
  5590.0      8.01220E-06
  5610.0      7.95480E-06
  5630.0      7.89810E-06
  5650.0      7.84190E-06
  5670.0      7.78640E-06
  5690.0      7.73140E-06
  5710.0      7.67690E-06
  5730.0      7.62310E-06
  5750.0      7.56990E-06
  5770.0      7.51720E-06
  5790.0      7.46510E-06
  5810.0      7.41340E-06
  5830.0      7.36230E-06
  5850.0      7.31280E-06
  5870.0      7.26270E-06
  5890.0      7.19780E-06
  5910.0      7.03620E-06
  5930.0      7.10600E-06
  5950.0      7.05680E-06
  5970.0      7.01710E-06
  5990.0      6.97270E-06
  6010.0      6.92610E-06
  6030.0      6.87990E-06
  6050.0      6.83420E-06
  6070.0      6.78890E-06
  6090.0      6.74400E-06
  6110.0      6.69960E-06
  6130.0      6.65570E-06
  6150.0      6.61210E-06
  6170.0      6.56900E-06
  6190.0      6.52630E-06
  6210.0      6.48400E-06
  6230.0      6.44210E-06
  6250.0      6.40060E-06
  6270.0      6.35940E-06
  6290.0      6.29600E-06
  6310.0      6.27590E-06
  6330.0      6.23860E-06
  6350.0      6.19910E-06
  6370.0      6.15990E-06
  6390.0      6.12110E-06
  6420.0      6.06360E-06
  6460.0      5.98810E-06
  6500.0      5.91400E-06
  6540.0      5.84130E-06
  6580.0      5.76990E-06
  6620.0      5.69980E-06
  6660.0      5.63090E-06
  6700.0      5.56330E-06
  6740.0      5.49450E-06
  6780.0      5.41010E-06
  6820.0      5.36740E-06
  6860.0      5.30450E-06
  6900.0      5.24260E-06
  6940.0      5.18170E-06
  6980.0      5.12200E-06
  7020.0      5.06320E-06
  7060.0      5.00540E-06
  7100.0      4.94860E-06
  7140.0      4.89280E-06
  7180.0      4.83780E-06
  7220.0      4.78380E-06
  7260.0      4.73070E-06
  7300.0      4.67850E-06
  7340.0      4.62710E-06
  7380.0      4.57650E-06
  7420.0      4.52570E-06
  7460.0      4.39110E-06
  7500.0      4.33900E-06
  7540.0      4.37510E-06
  7580.0      4.33560E-06
  7620.0      4.28970E-06
  7660.0      4.24460E-06
  7700.0      4.20010E-06
  7740.0      4.15630E-06
  7780.0      4.11310E-06
  7820.0      4.07070E-06
  7860.0      4.02890E-06
  7900.0      3.98780E-06
  7940.0      3.94720E-06
  7980.0      3.90730E-06
  8020.0      3.86790E-06
  8060.0      3.82920E-06
  8100.0      3.79100E-06
  8140.0      3.75330E-06
  8180.0      3.71630E-06
  8220.0      3.67980E-06
  8260.0      3.64380E-06
  8300.0      3.60830E-06
  8340.0      3.57340E-06
  8380.0      3.53890E-06
  8420.0      3.50490E-06
  8460.0      3.47140E-06
  8500.0      3.43840E-06
  8540.0      3.40590E-06
  8580.0      3.37380E-06
  8620.0      3.34210E-06
  8660.0      3.30690E-06
  8700.0      3.28010E-06
  8740.0      3.22970E-06
  8780.0      3.19980E-06
  8820.0      3.19030E-06
  8860.0      3.16120E-06
  8900.0      3.13240E-06
  8940.0      3.10410E-06
  8980.0      3.07610E-06
  9020.0      3.04850E-06
  9060.0      3.02130E-06
  9100.0      2.99440E-06
  9140.0      2.96790E-06
  9180.0      2.94170E-06
  9220.0      2.91590E-06
  9260.0      2.89040E-06
  9300.0      2.86520E-06
  9340.0      2.84030E-06
  9380.0      2.80780E-06
  9420.0      2.78950E-06
  9460.0      2.76770E-06
  9500.0      2.74410E-06
  9540.0      2.72080E-06
  9580.0      2.69780E-06
  9620.0      2.67510E-06
  9660.0      2.65260E-06
  9700.0      2.63050E-06
  9740.0      2.60860E-06
  9780.0      2.58700E-06
  9820.0      2.56560E-06
  9860.0      2.54450E-06
  9900.0      2.52370E-06
  9940.0      2.50310E-06
  9980.0      2.48280E-06
  10020.      2.46270E-06
  20000.      6.00860E-07
  40000.      1.44810E-07
  60000.      6.28950E-08
  80000.      3.48070E-08
 1.00000E+05  2.20010E-08
 1.20000E+05  1.51270E-08
 1.40000E+05  1.10220E-08
 1.60000E+05  8.37970E-09
