 Castelli and Kurucz 2004-2012 Atmosphere
 T     32000.     G    5.00000 [-1.5a] N(He)/Ntot=0.0784 VTURB=2.0  L/H=1.25 OD
 Wavelength  Eddington Hnu
   (nm)    (ergs/s/cm2/Hz/sr)
  9.0900      1.23590E-33
  9.3500      8.18830E-33
  9.6100      4.92720E-32
  9.7700      1.42240E-31
  9.9600      4.80760E-31
  10.200      2.10860E-30
  10.380      6.13750E-30
  10.560      1.72750E-29
  10.770      5.54990E-29
  11.040      2.34320E-28
  11.400      1.44970E-27
  11.780      8.89510E-27
  12.130      4.30690E-26
  12.480      1.91670E-25
  12.710      4.90080E-25
  12.840      8.21390E-25
  13.050      1.85260E-24
  13.240      3.78660E-24
  13.390      6.56690E-24
  13.660      1.71960E-23
  13.980      5.13810E-23
  14.330      1.61110E-22
  14.720      5.40850E-22
  15.100      1.65950E-21
  15.520      5.38150E-21
  15.880      1.40560E-20
  16.200      3.18790E-20
  16.600      8.49320E-20
  17.030      2.31470E-19
  17.340      4.62750E-19
  17.680      9.62230E-19
  18.020      1.94720E-18
  18.170      2.63550E-18
  18.610      6.23590E-18
  19.100      1.55490E-17
  19.390      2.61350E-17
  19.840      5.68170E-17
  20.180      9.99030E-17
  20.500      1.67110E-16
  21.050      3.90710E-16
  21.620      9.01340E-16
  21.980      1.49600E-15
  22.300      2.31630E-15
  22.680      3.83260E-15
  23.000      9.71030E-13
  23.400      3.79540E-12
  24.000      7.29790E-12
  24.650      1.35730E-11
  25.240      2.30670E-11
  25.680      2.77980E-11
  26.000      4.39340E-11
  26.400      5.75020E-11
  26.850      8.37150E-11
  27.350      1.21290E-10
  27.850      1.68790E-10
  28.400      2.69530E-10
  29.000      3.96350E-10
  29.600      5.66570E-10
  30.100      7.17710E-10
  30.800      1.03290E-09
  31.800      2.13490E-09
  32.800      3.46850E-09
  33.800      5.81950E-09
  34.800      9.19670E-09
  35.700      1.43680E-08
  36.600      2.16590E-08
  37.500      2.96620E-08
  38.500      4.37230E-08
  39.500      6.21500E-08
  40.500      8.53450E-08
  41.400      1.14310E-07
  42.200      1.41720E-07
  43.000      1.77650E-07
  44.100      2.39090E-07
  45.100      3.11590E-07
  46.000      3.83200E-07
  47.000      4.88710E-07
  48.000      6.09740E-07
  49.000      7.51740E-07
  50.000      9.36000E-07
  50.600      3.97910E-06
  51.200      1.80490E-05
  52.000      1.84440E-05
  53.000      2.02170E-05
  54.000      1.90880E-05
  55.000      2.27270E-05
  56.000      2.49700E-05
  57.000      2.68780E-05
  58.000      2.61270E-05
  59.000      2.95920E-05
  60.000      3.04960E-05
  61.000      3.27310E-05
  62.000      3.54060E-05
  63.000      3.74790E-05
  64.000      3.82070E-05
  65.000      4.11830E-05
  65.800      4.23900E-05
  66.500      4.41980E-05
  67.500      4.59270E-05
  68.500      4.64960E-05
  69.500      5.20910E-05
  70.500      5.24170E-05
  71.600      5.76330E-05
  72.600      5.96620E-05
  73.500      6.28260E-05
  74.500      6.59320E-05
  75.500      6.86440E-05
  76.500      7.17790E-05
  77.500      7.52930E-05
  78.500      7.94810E-05
  79.500      8.21180E-05
  80.500      8.52640E-05
  81.500      8.84310E-05
  82.500      9.29530E-05
  83.500      9.12680E-05
  84.500      9.95110E-05
  85.500      1.02950E-04
  86.500      1.07370E-04
  87.500      1.11410E-04
  88.500      1.15690E-04
  89.500      1.19860E-04
  90.500      1.22610E-04
  91.500      1.31190E-04
  92.500      4.34740E-04
  93.500      8.32840E-04
  94.500      1.65160E-03
  95.500      2.02940E-03
  96.500      2.69340E-03
  97.500      1.35490E-03
  98.500      2.86060E-03
  99.500      2.66000E-03
  100.50      2.85980E-03
  101.50      2.75620E-03
  102.50      1.39070E-03
  103.50      2.65770E-03
  104.50      2.98470E-03
  105.50      2.96610E-03
  106.50      2.77210E-03
  107.50      2.84460E-03
  108.50      2.62520E-03
  109.50      2.87090E-03
  110.50      2.79660E-03
  111.50      2.77700E-03
  112.50      2.58740E-03
  113.50      2.75930E-03
  114.50      2.65010E-03
  115.50      2.67460E-03
  116.50      2.67100E-03
  117.50      2.30480E-03
  118.50      2.57910E-03
  119.50      2.52520E-03
  120.50      2.33650E-03
  121.50      1.27610E-03
  122.50      2.35140E-03
  123.50      2.51480E-03
  124.50      2.48190E-03
  125.50      2.50230E-03
  126.50      2.49430E-03
  127.50      2.48640E-03
  128.50      2.47060E-03
  129.50      2.33380E-03
  130.50      2.37220E-03
  131.50      2.41130E-03
  132.50      2.36330E-03
  133.50      2.32680E-03
  134.50      2.32940E-03
  135.50      2.33450E-03
  136.50      2.28430E-03
  137.50      2.28060E-03
  138.50      2.26360E-03
  139.50      2.08310E-03
  140.50      2.10420E-03
  141.50      2.19380E-03
  142.50      2.15180E-03
  143.50      2.16490E-03
  144.20      2.16990E-03
  144.70      2.15690E-03
  145.50      2.13470E-03
  146.50      2.11800E-03
  147.50      2.09860E-03
  148.50      2.09130E-03
  149.50      2.06810E-03
  150.50      2.02670E-03
  151.20      2.03170E-03
  151.70      2.02340E-03
  152.50      2.00330E-03
  153.50      1.92650E-03
  154.50      1.88170E-03
  155.50      1.86540E-03
  156.50      1.89180E-03
  157.50      1.90410E-03
  158.50      1.90240E-03
  159.50      1.89450E-03
  160.50      1.84120E-03
  161.50      1.81530E-03
  162.50      1.81640E-03
  163.50      1.80430E-03
  164.50      1.74350E-03
  165.50      1.81230E-03
  166.50      1.79660E-03
  167.20      1.77460E-03
  167.70      1.81160E-03
  168.50      1.79280E-03
  169.50      1.77470E-03
  170.50      1.75400E-03
  171.50      1.72700E-03
  172.50      1.70750E-03
  173.50      1.72860E-03
  174.50      1.71340E-03
  175.50      1.69950E-03
  176.50      1.68160E-03
  177.50      1.67260E-03
  178.50      1.66540E-03
  179.50      1.65960E-03
  180.50      1.65410E-03
  181.50      1.63600E-03
  182.50      1.62530E-03
  183.50      1.61790E-03
  184.50      1.58140E-03
  185.50      1.56310E-03
  186.50      1.56360E-03
  187.50      1.56420E-03
  188.50      1.53150E-03
  189.50      1.50690E-03
  190.50      1.52580E-03
  191.50      1.49580E-03
  192.50      1.47400E-03
  193.50      1.48740E-03
  194.50      1.49220E-03
  195.50      1.45000E-03
  196.70      1.46660E-03
  197.60      1.47210E-03
  198.40      1.44730E-03
  199.50      1.42170E-03
  200.50      1.43770E-03
  201.50      1.43460E-03
  202.50      1.42910E-03
  203.50      1.41140E-03
  204.50      1.40220E-03
  205.50      1.27420E-03
  206.50      1.25180E-03
  207.40      1.26550E-03
  207.80      1.25180E-03
  208.50      1.27030E-03
  209.50      1.29390E-03
  210.50      1.34150E-03
  211.50      1.34920E-03
  212.50      1.34150E-03
  213.50      1.33390E-03
  214.50      1.32400E-03
  215.50      1.32050E-03
  216.50      1.30480E-03
  217.50      1.30660E-03
  218.50      1.28980E-03
  219.50      1.29200E-03
  220.50      1.28450E-03
  221.50      1.26480E-03
  222.50      1.26820E-03
  223.50      1.26010E-03
  224.50      1.25300E-03
  225.50      1.23310E-03
  226.50      1.23800E-03
  227.50      1.23070E-03
  228.50      1.22100E-03
  229.50      1.19370E-03
  230.50      1.19570E-03
  231.50      1.19990E-03
  232.50      1.19340E-03
  233.50      1.18580E-03
  234.50      1.17980E-03
  235.50      1.17280E-03
  236.50      1.16590E-03
  237.50      1.15840E-03
  238.50      1.13980E-03
  239.50      1.14310E-03
  240.50      1.13850E-03
  241.50      1.13140E-03
  242.50      1.12530E-03
  243.50      1.11740E-03
  244.50      1.11190E-03
  245.50      1.10550E-03
  246.50      1.09970E-03
  247.50      1.09320E-03
  248.50      1.08700E-03
  249.50      1.02930E-03
  250.50      1.07270E-03
  251.30      1.04530E-03
  251.80      1.05980E-03
  252.50      1.06280E-03
  253.50      1.05710E-03
  254.50      1.04660E-03
  255.50      1.04320E-03
  256.50      1.03890E-03
  257.50      1.03360E-03
  258.50      1.02810E-03
  259.50      1.02240E-03
  260.50      1.02120E-03
  261.50      1.01540E-03
  262.50      1.01000E-03
  263.50      1.00420E-03
  264.50      9.98290E-04
  265.50      9.92160E-04
  266.50      9.84650E-04
  267.50      9.78000E-04
  268.50      9.77570E-04
  269.50      9.65670E-04
  270.50      9.66450E-04
  271.50      9.61530E-04
  272.50      9.49470E-04
  273.50      9.44390E-04
  274.50      9.46350E-04
  275.50      9.41550E-04
  276.50      9.29080E-04
  277.50      9.32120E-04
  278.50      9.26880E-04
  279.50      9.14730E-04
  280.50      9.15400E-04
  281.50      9.12900E-04
  282.50      8.99440E-04
  283.50      8.96720E-04
  284.50      8.98970E-04
  285.50      8.93880E-04
  286.50      8.89300E-04
  287.50      8.84870E-04
  288.50      8.80660E-04
  289.50      8.76140E-04
  291.00      8.69060E-04
  293.00      8.60750E-04
  295.00      8.45480E-04
  297.00      8.43710E-04
  299.00      8.35210E-04
  301.00      8.26450E-04
  303.00      8.18620E-04
  305.00      8.11140E-04
  307.00      8.03800E-04
  309.00      7.93520E-04
  311.00      7.88260E-04
  313.00      7.80730E-04
  315.00      7.73310E-04
  317.00      7.66230E-04
  319.00      7.52670E-04
  321.00      7.50090E-04
  323.00      7.44750E-04
  325.00      7.38080E-04
  327.00      7.31720E-04
  329.00      7.24330E-04
  331.00      7.18800E-04
  333.00      7.12040E-04
  335.00      7.04620E-04
  337.00      6.99430E-04
  339.00      6.93550E-04
  341.00      6.87450E-04
  343.00      6.78940E-04
  345.00      6.70730E-04
  347.00      6.66540E-04
  349.00      6.60780E-04
  351.00      6.55750E-04
  353.00      6.50680E-04
  355.00      6.45340E-04
  357.00      6.43780E-04
  359.00      6.33090E-04
  361.00      6.30830E-04
  363.00      6.22680E-04
  364.00      6.24950E-04
  365.00      6.14890E-04
  367.00      6.12310E-04
  369.00      6.07810E-04
  371.00      5.95010E-04
  373.00      5.85030E-04
  375.00      5.80420E-04
  377.00      5.67370E-04
  379.00      5.85710E-04
  381.00      6.09400E-04
  383.00      5.45810E-04
  385.00      6.31610E-04
  387.00      6.46470E-04
  389.00      5.26530E-04
  391.00      6.45960E-04
  393.00      6.48440E-04
  395.00      6.36700E-04
  397.00      5.07610E-04
  399.00      6.22070E-04
  401.00      6.28720E-04
  403.00      5.97040E-04
  405.00      6.26280E-04
  407.00      6.14310E-04
  409.00      5.65090E-04
  411.00      5.04730E-04
  413.00      5.93810E-04
  415.00      5.95410E-04
  417.00      5.97180E-04
  419.00      5.92380E-04
  421.00      5.88180E-04
  423.00      5.84100E-04
  425.00      5.78360E-04
  427.00      5.72270E-04
  429.00      5.67350E-04
  431.00      5.58300E-04
  433.00      5.06240E-04
  435.00      4.69220E-04
  437.00      5.43790E-04
  439.00      5.30500E-04
  441.00      5.41250E-04
  443.00      5.37600E-04
  445.00      5.34660E-04
  447.00      5.05220E-04
  449.00      5.25880E-04
  451.00      5.23210E-04
  453.00      5.19300E-04
  455.00      5.13990E-04
  457.00      5.10940E-04
  459.00      5.06740E-04
  461.00      5.03260E-04
  463.00      4.99590E-04
  465.00      4.92110E-04
  467.00      4.91750E-04
  469.00      4.85350E-04
  471.00      4.78070E-04
  473.00      4.81900E-04
  475.00      4.78220E-04
  477.00      4.75100E-04
  479.00      4.71570E-04
  481.00      4.66590E-04
  483.00      4.59520E-04
  485.00      4.24160E-04
  487.00      3.85640E-04
  489.00      4.47760E-04
  491.00      4.48990E-04
  493.00      4.35690E-04
  495.00      4.44730E-04
  497.00      4.42320E-04
  499.00      4.39210E-04
  501.00      4.30600E-04
  503.00      4.33040E-04
  505.00      4.27820E-04
  507.00      4.27190E-04
  509.00      4.24210E-04
  511.00      4.21320E-04
  513.00      4.18450E-04
  515.00      4.15570E-04
  517.00      4.12720E-04
  519.00      4.10010E-04
  521.00      4.07260E-04
  523.00      4.04560E-04
  525.00      4.01850E-04
  527.00      3.99170E-04
  529.00      3.96540E-04
  531.00      3.93920E-04
  533.00      3.91330E-04
  535.00      3.88750E-04
  537.00      3.86220E-04
  539.00      3.83670E-04
  541.00      3.80510E-04
  543.00      3.78740E-04
  545.00      3.76280E-04
  547.00      3.73860E-04
  549.00      3.71480E-04
  551.00      3.69110E-04
  553.00      3.66750E-04
  555.00      3.64430E-04
  557.00      3.62110E-04
  559.00      3.59810E-04
  561.00      3.57560E-04
  563.00      3.55320E-04
  565.00      3.53090E-04
  567.00      3.50840E-04
  569.00      3.48380E-04
  571.00      3.46400E-04
  573.00      3.44350E-04
  575.00      3.42030E-04
  577.00      3.40170E-04
  579.00      3.38090E-04
  581.00      3.36030E-04
  583.00      3.33930E-04
  585.00      3.31850E-04
  587.00      3.19140E-04
  589.00      3.26690E-04
  591.00      3.25940E-04
  593.00      3.24000E-04
  595.00      3.22060E-04
  597.00      3.20220E-04
  599.00      3.18290E-04
  601.00      3.16420E-04
  603.00      3.14550E-04
  605.00      3.12720E-04
  607.00      3.10890E-04
  609.00      3.09070E-04
  611.00      3.07270E-04
  613.00      3.05490E-04
  615.00      3.03690E-04
  617.00      3.01960E-04
  619.00      3.00230E-04
  621.00      2.98510E-04
  623.00      2.96800E-04
  625.00      2.95100E-04
  627.00      2.93420E-04
  629.00      2.91760E-04
  631.00      2.90100E-04
  633.00      2.88470E-04
  635.00      2.86830E-04
  637.00      2.85240E-04
  639.00      2.83640E-04
  641.00      2.82050E-04
  643.00      2.80490E-04
  645.00      2.78930E-04
  647.00      2.77350E-04
  649.00      2.75800E-04
  651.00      2.73840E-04
  653.00      2.70930E-04
  655.00      2.58920E-04
  657.00      2.33060E-04
  659.00      2.64550E-04
  661.00      2.65990E-04
  663.00      2.65430E-04
  665.00      2.64120E-04
  667.00      2.59770E-04
  669.00      2.58420E-04
  671.00      2.59910E-04
  673.00      2.58480E-04
  675.00      2.57170E-04
  677.00      2.55800E-04
  679.00      2.54390E-04
  681.00      2.53100E-04
  683.00      2.51750E-04
  685.00      2.50440E-04
  687.00      2.49130E-04
  689.00      2.47790E-04
  691.00      2.46470E-04
  693.00      2.45250E-04
  695.00      2.43980E-04
  697.00      2.42720E-04
  699.00      2.41460E-04
  701.00      2.40220E-04
  703.00      2.38980E-04
  705.00      2.37760E-04
  707.00      2.32970E-04
  709.00      2.35340E-04
  711.00      2.34140E-04
  713.00      2.32960E-04
  715.00      2.31780E-04
  717.00      2.30590E-04
  719.00      2.29450E-04
  721.00      2.28300E-04
  723.00      2.26930E-04
  725.00      2.25990E-04
  727.00      2.24900E-04
  729.00      2.22030E-04
  731.00      2.22660E-04
  733.00      2.21570E-04
  735.00      2.20480E-04
  737.00      2.19400E-04
  739.00      2.18320E-04
  741.00      2.17250E-04
  743.00      2.16190E-04
  745.00      2.15160E-04
  747.00      2.14050E-04
  749.00      2.13080E-04
  751.00      2.11990E-04
  753.00      2.11020E-04
  755.00      2.10010E-04
  757.00      2.09000E-04
  759.00      2.08000E-04
  761.00      2.06980E-04
  763.00      2.06020E-04
  765.00      2.05040E-04
  767.00      2.04070E-04
  769.00      2.03100E-04
  771.00      2.02140E-04
  773.00      2.01190E-04
  775.00      2.00250E-04
  777.00      1.99300E-04
  779.00      1.98380E-04
  781.00      1.97370E-04
  783.00      1.96530E-04
  785.00      1.95770E-04
  787.00      1.94820E-04
  789.00      1.93870E-04
  791.00      1.93070E-04
  793.00      1.92180E-04
  795.00      1.91290E-04
  797.00      1.90290E-04
  799.00      1.89530E-04
  801.00      1.88680E-04
  803.00      1.87720E-04
  805.00      1.86860E-04
  807.00      1.86010E-04
  809.00      1.84880E-04
  811.00      1.84110E-04
  813.00      1.83460E-04
  815.00      1.82500E-04
  817.00      1.81850E-04
  819.00      1.80760E-04
  821.00      1.79590E-04
  823.00      1.79060E-04
  825.00      1.78360E-04
  827.00      1.76950E-04
  829.00      1.76760E-04
  831.00      1.76060E-04
  833.00      1.75190E-04
  835.00      1.73820E-04
  837.00      1.73500E-04
  839.00      1.72950E-04
  841.00      1.72200E-04
  843.00      1.71390E-04
  845.00      1.69720E-04
  847.00      1.69930E-04
  849.00      1.68900E-04
  851.00      1.68410E-04
  853.00      1.67300E-04
  855.00      1.66570E-04
  857.00      1.66460E-04
  859.00      1.63310E-04
  861.00      1.64010E-04
  863.00      1.64870E-04
  865.00      1.62150E-04
  867.00      1.59270E-04
  869.00      1.62660E-04
  871.00      1.63190E-04
  873.00      1.59650E-04
  875.00      1.52930E-04
  877.00      1.56880E-04
  879.00      1.60850E-04
  881.00      1.61010E-04
  883.00      1.59270E-04
  885.00      1.51370E-04
  887.00      1.45510E-04
  889.00      1.55450E-04
  891.00      1.57890E-04
  893.00      1.57920E-04
  895.00      1.57600E-04
  897.00      1.56260E-04
  899.00      1.51710E-04
  901.00      1.39310E-04
  903.00      1.43830E-04
  905.00      1.51940E-04
  907.00      1.51990E-04
  909.00      1.53080E-04
  911.00      1.53090E-04
  913.00      1.52560E-04
  915.00      1.51810E-04
  917.00      1.50490E-04
  919.00      1.48860E-04
  921.00      1.42030E-04
  923.00      1.29170E-04
  925.00      1.40690E-04
  927.00      1.46170E-04
  929.00      1.47100E-04
  931.00      1.46430E-04
  933.00      1.46660E-04
  935.00      1.46050E-04
  937.00      1.45720E-04
  939.00      1.45150E-04
  941.00      1.44560E-04
  943.00      1.43980E-04
  945.00      1.43200E-04
  947.00      1.41540E-04
  949.00      1.41320E-04
  951.00      1.38260E-04
  953.00      1.31590E-04
  955.00      1.20060E-04
  957.00      1.33270E-04
  959.00      1.37470E-04
  961.00      1.37870E-04
  963.00      1.37340E-04
  965.00      1.37810E-04
  967.00      1.37360E-04
  969.00      1.36720E-04
  971.00      1.35900E-04
  973.00      1.35770E-04
  975.00      1.35250E-04
  977.00      1.34730E-04
  979.00      1.34220E-04
  981.00      1.33690E-04
  983.00      1.33190E-04
  985.00      1.32680E-04
  987.00      1.32180E-04
  989.00      1.31660E-04
  991.00      1.31090E-04
  993.00      1.30680E-04
  995.00      1.30080E-04
  997.00      1.29290E-04
  999.00      1.28430E-04
  1002.5      1.21480E-04
  1007.5      1.18800E-04
  1012.5      1.25010E-04
  1017.5      1.24810E-04
  1022.5      1.23620E-04
  1027.5      1.22540E-04
  1032.5      1.20890E-04
  1037.5      1.20320E-04
  1042.5      1.19230E-04
  1047.5      1.18160E-04
  1052.5      1.17100E-04
  1057.5      1.16060E-04
  1062.5      1.15030E-04
  1067.5      1.13810E-04
  1072.5      1.13010E-04
  1077.5      1.12020E-04
  1082.5      1.09900E-04
  1087.5      1.09290E-04
  1092.5      9.94620E-05
  1097.5      1.04550E-04
  1102.5      1.06360E-04
  1107.5      1.06180E-04
  1112.5      1.05440E-04
  1117.5      1.04550E-04
  1122.5      1.03620E-04
  1127.5      1.02800E-04
  1132.5      1.01930E-04
  1137.5      1.01090E-04
  1142.5      1.00250E-04
  1147.5      9.94270E-05
  1152.5      9.86110E-05
  1157.5      9.78020E-05
  1162.5      9.69940E-05
  1167.5      9.62080E-05
  1172.5      9.54410E-05
  1177.5      9.46720E-05
  1182.5      9.39120E-05
  1187.5      9.31620E-05
  1192.5      9.24200E-05
  1197.5      9.05460E-05
  1202.5      9.09640E-05
  1207.5      9.02490E-05
  1212.5      8.95420E-05
  1217.5      8.88430E-05
  1222.5      8.81520E-05
  1227.5      8.74700E-05
  1232.5      8.67950E-05
  1237.5      8.61280E-05
  1242.5      8.54690E-05
  1247.5      8.48130E-05
  1252.5      8.39900E-05
  1257.5      8.35310E-05
  1262.5      8.29030E-05
  1267.5      8.22800E-05
  1272.5      8.14370E-05
  1277.5      7.91060E-05
  1282.5      7.32510E-05
  1287.5      7.88570E-05
  1292.5      7.90950E-05
  1297.5      7.80390E-05
  1302.5      7.81050E-05
  1307.5      7.75410E-05
  1312.5      7.69780E-05
  1317.5      7.64200E-05
  1322.5      7.58680E-05
  1327.5      7.53230E-05
  1332.5      7.47830E-05
  1337.5      7.42470E-05
  1342.5      7.36620E-05
  1347.5      7.31970E-05
  1352.5      7.26790E-05
  1357.5      7.21680E-05
  1362.5      7.16560E-05
  1367.5      7.11610E-05
  1372.5      7.06610E-05
  1377.5      7.01750E-05
  1382.5      6.96890E-05
  1387.5      6.92090E-05
  1392.5      6.87320E-05
  1397.5      6.82620E-05
  1402.5      6.77940E-05
  1407.5      6.73360E-05
  1412.5      6.68790E-05
  1417.5      6.64270E-05
  1422.5      6.59800E-05
  1427.5      6.55370E-05
  1432.5      6.50980E-05
  1437.5      6.46640E-05
  1442.5      6.42350E-05
  1447.5      6.38090E-05
  1452.5      6.33880E-05
  1457.0      6.30120E-05
  1462.0      6.25850E-05
  1467.5      6.21390E-05
  1472.5      6.17380E-05
  1477.5      6.13380E-05
  1482.5      6.09480E-05
  1487.5      6.05590E-05
  1492.5      6.01730E-05
  1497.5      5.97900E-05
  1502.5      5.94110E-05
  1507.5      5.89170E-05
  1512.5      5.86640E-05
  1517.5      5.82940E-05
  1522.5      5.79290E-05
  1527.5      5.75640E-05
  1532.5      5.72030E-05
  1537.5      5.68450E-05
  1542.5      5.64740E-05
  1547.5      5.61350E-05
  1552.5      5.57730E-05
  1557.5      5.53940E-05
  1562.5      5.51250E-05
  1567.5      5.46900E-05
  1572.5      5.43160E-05
  1577.5      5.41370E-05
  1582.5      5.37650E-05
  1587.5      5.31130E-05
  1592.5      5.30170E-05
  1597.5      5.28960E-05
  1605.0      5.22390E-05
  1615.0      5.13530E-05
  1625.0      5.12810E-05
  1635.0      5.02590E-05
  1645.0      4.92460E-05
  1655.0      4.95710E-05
  1665.0      4.90510E-05
  1675.0      4.77830E-05
  1685.0      4.66540E-05
  1695.0      4.73120E-05
  1705.0      4.66040E-05
  1715.0      4.63970E-05
  1725.0      4.56890E-05
  1735.0      4.34420E-05
  1745.0      4.44290E-05
  1755.0      4.43490E-05
  1765.0      4.38800E-05
  1775.0      4.34010E-05
  1785.0      4.29290E-05
  1795.0      4.24660E-05
  1805.0      4.18800E-05
  1815.0      3.97110E-05
  1825.0      4.05030E-05
  1835.0      4.06480E-05
  1845.0      4.02570E-05
  1855.0      3.98200E-05
  1865.0      3.89730E-05
  1875.0      3.70480E-05
  1885.0      3.84800E-05
  1895.0      3.82140E-05
  1905.0      3.76520E-05
  1915.0      3.74240E-05
  1925.0      3.70600E-05
  1935.0      3.64410E-05
  1945.0      3.43370E-05
  1955.0      3.56700E-05
  1965.0      3.56050E-05
  1975.0      3.52550E-05
  1985.0      3.49090E-05
  1995.0      3.45690E-05
  2005.0      3.42330E-05
  2015.0      3.39020E-05
  2025.0      3.35760E-05
  2035.0      3.32540E-05
  2045.0      3.29270E-05
  2055.0      3.25720E-05
  2065.0      3.23170E-05
  2075.0      3.20130E-05
  2085.0      3.17130E-05
  2095.0      3.14180E-05
  2105.0      3.11270E-05
  2115.0      3.07270E-05
  2125.0      3.05560E-05
  2135.0      3.02770E-05
  2145.0      2.99890E-05
  2155.0      2.95500E-05
  2165.0      2.78190E-05
  2175.0      2.89030E-05
  2185.0      2.88960E-05
  2195.0      2.86770E-05
  2205.0      2.84230E-05
  2215.0      2.81730E-05
  2225.0      2.79220E-05
  2235.0      2.76810E-05
  2245.0      2.74400E-05
  2255.0      2.72020E-05
  2265.0      2.69670E-05
  2275.0      2.67350E-05
  2285.0      2.65040E-05
  2295.0      2.62790E-05
  2305.0      2.60510E-05
  2315.0      2.58370E-05
  2325.0      2.56200E-05
  2335.0      2.54060E-05
  2345.0      2.51940E-05
  2355.0      2.49860E-05
  2365.0      2.47790E-05
  2375.0      2.45760E-05
  2385.0      2.43740E-05
  2395.0      2.41750E-05
  2405.0      2.39790E-05
  2415.0      2.37850E-05
  2425.0      2.35930E-05
  2435.0      2.34030E-05
  2445.0      2.32150E-05
  2455.0      2.30310E-05
  2465.0      2.28460E-05
  2475.0      2.26260E-05
  2485.0      2.24870E-05
  2495.0      2.23020E-05
  2505.0      2.21360E-05
  2515.0      2.19620E-05
  2525.0      2.17720E-05
  2535.0      2.16200E-05
  2545.0      2.14620E-05
  2555.0      2.12810E-05
  2565.0      2.10820E-05
  2575.0      2.09600E-05
  2585.0      2.08150E-05
  2595.0      2.06480E-05
  2605.0      2.04300E-05
  2615.0      2.00840E-05
  2625.0      1.91200E-05
  2635.0      1.98590E-05
  2645.0      1.98800E-05
  2655.0      1.97290E-05
  2665.0      1.95470E-05
  2675.0      1.92680E-05
  2685.0      1.92540E-05
  2695.0      1.92010E-05
  2705.0      1.90820E-05
  2715.0      1.89440E-05
  2725.0      1.88070E-05
  2735.0      1.86640E-05
  2745.0      1.84600E-05
  2755.0      1.80840E-05
  2765.0      1.80710E-05
  2775.0      1.81010E-05
  2785.0      1.80160E-05
  2795.0      1.78890E-05
  2805.0      1.77630E-05
  2815.0      1.76390E-05
  2825.0      1.75160E-05
  2835.0      1.73940E-05
  2845.0      1.72740E-05
  2855.0      1.71080E-05
  2865.0      1.68350E-05
  2875.0      1.64670E-05
  2885.0      1.66990E-05
  2895.0      1.66750E-05
  2905.0      1.65760E-05
  2915.0      1.64640E-05
  2925.0      1.63540E-05
  2935.0      1.62440E-05
  2945.0      1.61350E-05
  2955.0      1.60270E-05
  2965.0      1.59210E-05
  2975.0      1.58150E-05
  2985.0      1.57110E-05
  2995.0      1.56070E-05
  3005.0      1.55040E-05
  3015.0      1.53940E-05
  3025.0      1.52250E-05
  3035.0      1.47710E-05
  3045.0      1.47880E-05
  3055.0      1.49470E-05
  3065.0      1.49090E-05
  3075.0      1.48150E-05
  3085.0      1.47200E-05
  3095.0      1.46260E-05
  3105.0      1.45330E-05
  3115.0      1.44410E-05
  3125.0      1.43500E-05
  3135.0      1.42590E-05
  3145.0      1.41700E-05
  3155.0      1.40810E-05
  3165.0      1.39930E-05
  3175.0      1.39060E-05
  3185.0      1.38200E-05
  3195.0      1.37350E-05
  3210.0      1.36080E-05
  3230.0      1.34420E-05
  3250.0      1.32780E-05
  3270.0      1.31030E-05
  3290.0      1.26100E-05
  3310.0      1.26800E-05
  3330.0      1.26360E-05
  3350.0      1.24960E-05
  3370.0      1.23520E-05
  3390.0      1.22320E-05
  3410.0      1.20910E-05
  3430.0      1.19510E-05
  3450.0      1.18140E-05
  3470.0      1.16800E-05
  3490.0      1.15470E-05
  3510.0      1.14170E-05
  3530.0      1.12890E-05
  3550.0      1.11640E-05
  3570.0      1.10400E-05
  3590.0      1.09180E-05
  3610.0      1.07990E-05
  3630.0      1.06810E-05
  3650.0      1.05650E-05
  3670.0      1.04510E-05
  3690.0      1.03290E-05
  3710.0      1.01910E-05
  3730.0      9.93950E-06
  3750.0      9.79370E-06
  3770.0      9.88400E-06
  3790.0      9.80480E-06
  3810.0      9.68990E-06
  3830.0      9.59240E-06
  3850.0      9.50380E-06
  3870.0      9.40650E-06
  3890.0      9.30490E-06
  3910.0      9.19040E-06
  3930.0      9.12340E-06
  3950.0      9.03200E-06
  3970.0      8.94180E-06
  3990.0      8.85290E-06
  4010.0      8.73710E-06
  4030.0      8.62450E-06
  4050.0      8.35280E-06
  4070.0      8.49090E-06
  4090.0      8.42810E-06
  4110.0      8.34680E-06
  4130.0      8.26070E-06
  4150.0      8.17430E-06
  4170.0      8.04940E-06
  4190.0      8.01660E-06
  4210.0      7.95730E-06
  4230.0      7.88270E-06
  4250.0      7.80630E-06
  4270.0      7.73660E-06
  4290.0      7.65600E-06
  4310.0      7.59450E-06
  4330.0      7.52480E-06
  4350.0      7.44660E-06
  4370.0      7.30890E-06
  4390.0      7.27890E-06
  4410.0      7.25440E-06
  4430.0      7.19070E-06
  4450.0      7.12660E-06
  4470.0      7.06860E-06
  4490.0      7.00610E-06
  4510.0      6.94440E-06
  4530.0      6.88350E-06
  4550.0      6.82340E-06
  4570.0      6.76410E-06
  4590.0      6.70550E-06
  4610.0      6.64390E-06
  4630.0      6.56450E-06
  4650.0      6.31560E-06
  4670.0      6.34060E-06
  4690.0      6.37840E-06
  4710.0      6.36100E-06
  4730.0      6.31620E-06
  4750.0      6.26340E-06
  4770.0      6.21120E-06
  4790.0      6.15970E-06
  4810.0      6.10880E-06
  4830.0      6.05850E-06
  4850.0      6.00880E-06
  4870.0      5.95980E-06
  4890.0      5.91130E-06
  4910.0      5.86340E-06
  4930.0      5.81610E-06
  4950.0      5.76940E-06
  4970.0      5.72320E-06
  4990.0      5.67760E-06
  5010.0      5.63250E-06
  5030.0      5.58800E-06
  5050.0      5.54400E-06
  5070.0      5.50040E-06
  5090.0      5.45280E-06
  5110.0      5.38230E-06
  5130.0      5.24960E-06
  5150.0      5.30610E-06
  5170.0      5.28830E-06
  5190.0      5.24980E-06
  5210.0      5.20970E-06
  5230.0      5.17010E-06
  5250.0      5.13090E-06
  5270.0      5.09210E-06
  5290.0      5.05380E-06
  5310.0      5.01600E-06
  5330.0      4.97850E-06
  5350.0      4.94150E-06
  5370.0      4.90480E-06
  5390.0      4.86860E-06
  5410.0      4.83280E-06
  5430.0      4.79730E-06
  5450.0      4.76230E-06
  5470.0      4.72760E-06
  5490.0      4.69330E-06
  5510.0      4.65940E-06
  5530.0      4.62580E-06
  5550.0      4.59260E-06
  5570.0      4.55980E-06
  5590.0      4.52740E-06
  5610.0      4.49520E-06
  5630.0      4.46340E-06
  5650.0      4.43190E-06
  5670.0      4.40080E-06
  5690.0      4.36990E-06
  5710.0      4.33380E-06
  5730.0      4.30930E-06
  5750.0      4.27950E-06
  5770.0      4.24990E-06
  5790.0      4.22070E-06
  5810.0      4.19170E-06
  5830.0      4.16310E-06
  5850.0      4.13640E-06
  5870.0      4.10350E-06
  5890.0      4.05100E-06
  5910.0      3.94050E-06
  5930.0      4.00170E-06
  5950.0      3.98020E-06
  5970.0      3.95970E-06
  5990.0      3.94560E-06
  6010.0      3.91950E-06
  6030.0      3.89360E-06
  6050.0      3.86800E-06
  6070.0      3.84260E-06
  6090.0      3.81740E-06
  6110.0      3.79250E-06
  6130.0      3.76780E-06
  6150.0      3.74340E-06
  6170.0      3.71920E-06
  6190.0      3.69520E-06
  6210.0      3.67150E-06
  6230.0      3.64800E-06
  6250.0      3.62470E-06
  6270.0      3.59270E-06
  6290.0      3.55370E-06
  6310.0      3.54450E-06
  6330.0      3.53370E-06
  6350.0      3.51160E-06
  6370.0      3.48960E-06
  6390.0      3.46780E-06
  6420.0      3.43550E-06
  6460.0      3.39310E-06
  6500.0      3.35150E-06
  6540.0      3.31070E-06
  6580.0      3.27060E-06
  6620.0      3.23120E-06
  6660.0      3.19250E-06
  6700.0      3.15450E-06
  6740.0      3.11060E-06
  6780.0      3.05540E-06
  6820.0      3.04320E-06
  6860.0      3.00910E-06
  6900.0      2.97430E-06
  6940.0      2.94010E-06
  6980.0      2.90650E-06
  7020.0      2.87350E-06
  7060.0      2.84100E-06
  7100.0      2.80910E-06
  7140.0      2.77770E-06
  7180.0      2.74680E-06
  7220.0      2.71650E-06
  7260.0      2.68660E-06
  7300.0      2.65720E-06
  7340.0      2.62830E-06
  7380.0      2.59980E-06
  7420.0      2.56580E-06
  7460.0      2.48750E-06
  7500.0      2.45280E-06
  7540.0      2.47830E-06
  7580.0      2.46440E-06
  7620.0      2.43860E-06
  7660.0      2.41320E-06
  7700.0      2.38820E-06
  7740.0      2.36350E-06
  7780.0      2.33930E-06
  7820.0      2.31540E-06
  7860.0      2.29190E-06
  7900.0      2.26870E-06
  7940.0      2.24590E-06
  7980.0      2.22340E-06
  8020.0      2.20130E-06
  8060.0      2.17950E-06
  8100.0      2.15790E-06
  8140.0      2.13540E-06
  8180.0      2.11590E-06
  8220.0      2.09530E-06
  8260.0      2.07510E-06
  8300.0      2.05510E-06
  8340.0      2.03540E-06
  8380.0      2.01600E-06
  8420.0      1.99690E-06
  8460.0      1.97800E-06
  8500.0      1.95940E-06
  8540.0      1.94110E-06
  8580.0      1.92300E-06
  8620.0      1.90510E-06
  8660.0      1.88170E-06
  8700.0      1.86800E-06
  8740.0      1.83480E-06
  8780.0      1.81820E-06
  8820.0      1.81950E-06
  8860.0      1.80310E-06
  8900.0      1.78700E-06
  8940.0      1.77100E-06
  8980.0      1.75520E-06
  9020.0      1.73960E-06
  9060.0      1.72430E-06
  9100.0      1.70910E-06
  9140.0      1.69420E-06
  9180.0      1.67940E-06
  9220.0      1.66480E-06
  9260.0      1.65040E-06
  9300.0      1.63620E-06
  9340.0      1.62220E-06
  9380.0      1.60030E-06
  9420.0      1.59120E-06
  9460.0      1.58120E-06
  9500.0      1.56790E-06
  9540.0      1.55480E-06
  9580.0      1.54180E-06
  9620.0      1.52900E-06
  9660.0      1.51630E-06
  9700.0      1.50380E-06
  9740.0      1.49140E-06
  9780.0      1.47920E-06
  9820.0      1.46710E-06
  9860.0      1.45520E-06
  9900.0      1.44350E-06
  9940.0      1.43180E-06
  9980.0      1.42040E-06
  10020.      1.40900E-06
  20000.      3.50700E-07
  40000.      8.61980E-08
  60000.      3.78370E-08
  80000.      2.10900E-08
 1.00000E+05  1.34030E-08
 1.20000E+05  9.25540E-09
 1.40000E+05  6.76840E-09
 1.60000E+05  5.16160E-09
