 WMBASIC, Moont, Westmoquette 2004 (Pauldrach 2003) after SNC 2002
 Z/Z0 0.05 Teff 45.70 logg 4.00 R/R0 10.36 R 7.2055E+11
   Wavelength   Eddington Hnu
 (Angstroms) (erg/s/cm2/Hz/sr)
 5.00000000E+01 2.59006410E-29
 5.53001880E+01 2.03265760E-27
 6.18572940E+01 3.32342190E-24
 7.01785730E+01 5.31314180E-21
 7.14852590E+01 1.43660270E-20
 7.28415280E+01 3.87516170E-20
 7.35391460E+01 6.35841430E-20
 7.42502560E+01 1.04258450E-19
 7.42530130E+01 5.07491680E-20
 7.72377550E+01 3.77755110E-19
 8.04757400E+01 2.80341950E-18
 8.39970920E+01 2.06915630E-17
 8.58759150E+01 5.60909870E-17
 8.78407110E+01 1.51821020E-16
 8.78445690E+01 1.46921900E-16
 8.87928230E+01 2.33564190E-16
 8.97658010E+01 3.71868150E-16
 8.97698300E+01 3.72649110E-16
 9.03282960E+01 4.84377280E-16
 9.08978860E+01 6.30725370E-16
 9.09020170E+01 6.29474370E-16
 9.25243130E+01 1.31048970E-15
 9.42100040E+01 2.73077950E-15
 9.42144420E+01 2.73556580E-15
 9.60831740E+01 5.98328510E-15
 9.80323440E+01 1.30970720E-14
 9.80371490E+01 1.01174150E-14
 9.83013530E+01 1.12189450E-14
 9.83061840E+01 1.12401400E-14
 9.92180430E+01 1.59862700E-14
 9.92229650E+01 1.59001980E-14
 1.00018170E+02 2.14903220E-14
 1.00831310E+02 2.90935660E-14
 1.00831820E+02 2.90801960E-14
 1.00955720E+02 3.04399160E-14
 1.00956230E+02 2.89820590E-14
 1.01176410E+02 3.14223170E-14
 1.01176920E+02 3.13571140E-14
 1.02009210E+02 4.24185000E-14
 1.02009730E+02 4.23673730E-14
 1.03240150E+02 6.55963190E-14
 1.04501150E+02 1.01520090E-13
 1.04501690E+02 1.01461490E-13
 1.05314160E+02 1.33647790E-13
 1.06139920E+02 1.76034000E-13
 1.06140480E+02 1.76064280E-13
 1.06715730E+02 2.12742570E-13
 1.07297830E+02 2.57078940E-13
 1.07298410E+02 2.56020880E-13
 1.08067960E+02 3.27725280E-13
 1.08849220E+02 4.19501410E-13
 1.08849820E+02 4.06731420E-13
 1.11066990E+02 8.03095740E-13
 1.13377010E+02 1.58208170E-12
 1.13377660E+02 1.47275680E-12
 1.14496000E+02 2.03249560E-12
 1.15637300E+02 2.80455520E-12
 1.15637960E+02 2.80508190E-12
 1.16979650E+02 4.06124830E-12
 1.18353530E+02 5.87840450E-12
 1.18354230E+02 5.87538900E-12
 1.18360690E+02 5.88548480E-12
 1.18361390E+02 5.88657580E-12
 1.18952510E+02 6.88257600E-12
 1.19550290E+02 8.04794400E-12
 1.19551000E+02 7.53827360E-12
 1.21713390E+02 1.31016490E-11
 1.23956210E+02 2.27502930E-11
 1.23956980E+02 2.23834650E-11
 1.24737770E+02 2.69807340E-11
 1.24738550E+02 2.69698540E-11
 1.25689800E+02 3.37492350E-11
 1.26656480E+02 4.22310470E-11
 1.26657280E+02 2.97575090E-11
 1.26797720E+02 3.07343330E-11
 1.26798530E+02 3.04698160E-11
 1.27081660E+02 3.25106410E-11
 1.27082470E+02 3.22100210E-11
 1.27447660E+02 3.50015830E-11
 1.27448480E+02 1.79616780E-11
 1.27598120E+02 1.85861890E-11
 1.27598940E+02 1.85711430E-11
 1.27944040E+02 2.00876240E-11
 1.27944860E+02 1.99283200E-11
 1.28310670E+02 2.16462180E-11
 1.28311500E+02 2.13613640E-11
 1.29932340E+02 3.06250350E-11
 1.31595520E+02 4.38886100E-11
 1.31596380E+02 4.36327960E-11
 1.32580630E+02 5.37415230E-11
 1.33580600E+02 6.61909500E-11
 1.33581490E+02 6.32680940E-11
 1.34475920E+02 7.60370320E-11
 1.35383330E+02 9.13852160E-11
 1.35384240E+02 7.25832850E-11
 1.37035540E+02 1.01026180E-10
 1.38728580E+02 1.40569480E-10
 1.38729540E+02 1.40595540E-10
 1.39886210E+02 1.75329940E-10
 1.41063320E+02 2.18634330E-10
 1.41064320E+02 1.79280000E-10
 1.43355700E+02 2.71781330E-10
 1.45723810E+02 4.11716290E-10
 1.48171480E+02 6.23133090E-10
 1.49426410E+02 7.66340660E-10
 1.50702770E+02 9.42240380E-10
 1.50703910E+02 9.41480750E-10
 1.52594350E+02 1.26995590E-09
 1.54534020E+02 1.71249050E-09
 1.54535210E+02 1.66401360E-09
 1.55996320E+02 2.07517230E-09
 1.57486560E+02 2.58767240E-09
 1.57487800E+02 2.36996900E-09
 1.58750220E+02 2.85022580E-09
 1.60034310E+02 3.42778540E-09
 1.60035590E+02 3.41012490E-09
 1.60176710E+02 3.47936680E-09
 1.60224390E+02 3.50305180E-09
 1.60225670E+02 2.02815190E-09
 1.60470520E+02 1.91022980E-09
 1.60764870E+02 2.02876950E-09
 1.61059770E+02 2.35384680E-09
 1.61355200E+02 2.60705710E-09
 1.61651180E+02 2.30658830E-09
 1.61947700E+02 2.39605830E-09
 1.62147230E+02 2.39815180E-09
 1.62244760E+02 2.39856000E-09
 1.62542370E+02 4.81955020E-08
 1.62840520E+02 3.31490200E-09
 1.63139220E+02 2.34433970E-09
 1.63438470E+02 2.97746500E-09
 1.63738270E+02 3.19231970E-09
 1.64038610E+02 3.13617250E-09
 1.64116780E+02 3.10632700E-09
 1.64118130E+02 3.05878130E-09
 1.64339510E+02 2.97056690E-09
 1.64640960E+02 4.01992570E-09
 1.64942970E+02 3.86748920E-09
 1.65245520E+02 4.06084370E-09
 1.65548640E+02 4.01180380E-09
 1.65852300E+02 4.01464590E-09
 1.66156530E+02 6.50199140E-09
 1.66461310E+02 4.52603090E-09
 1.66766660E+02 4.30087090E-09
 1.67072560E+02 6.65851980E-09
 1.67379020E+02 4.57810200E-09
 1.67480830E+02 5.34581880E-09
 1.67686050E+02 6.94872560E-09
 1.67993640E+02 9.41340710E-09
 1.68301790E+02 4.46424750E-09
 1.68610510E+02 6.12583720E-09
 1.68919790E+02 6.29656880E-09
 1.69229640E+02 6.46596600E-09
 1.69540060E+02 6.72373980E-09
 1.69851050E+02 6.97203420E-09
 1.70162610E+02 7.24925750E-09
 1.70474750E+02 7.24195120E-09
 1.70787450E+02 7.54910260E-09
 1.70985680E+02 3.03793460E-09
 1.70987140E+02 3.00288290E-09
 1.71100730E+02 3.22744240E-10
 1.71113420E+02 3.31671040E-10
 1.71114880E+02 3.32523490E-10
 1.71414580E+02 5.50723000E-10
 1.71458910E+02 7.85722720E-10
 1.71460380E+02 7.92644830E-10
 1.71729010E+02 2.26659550E-09
 1.72044010E+02 1.04214280E-08
 1.72359600E+02 1.13471630E-08
 1.72433830E+02 1.24396170E-08
 1.72435320E+02 1.24458420E-08
 1.72510760E+02 1.35728480E-08
 1.72512240E+02 1.33950270E-08
 1.72675760E+02 1.58647390E-08
 1.72992500E+02 1.23937420E-08
 1.73309820E+02 1.06548500E-08
 1.73627730E+02 1.05944490E-08
 1.73946220E+02 1.33654440E-08
 1.74265290E+02 1.12476260E-08
 1.74584940E+02 1.24478340E-08
 1.74905190E+02 1.27049870E-08
 1.75226020E+02 1.30757280E-08
 1.75547440E+02 1.31978320E-08
 1.75869450E+02 1.34036640E-08
 1.75871380E+02 1.34042370E-08
 1.76192050E+02 1.34934330E-08
 1.76515240E+02 1.37500460E-08
 1.76839020E+02 1.15938340E-08
 1.77163400E+02 1.62648960E-08
 1.77488380E+02 1.60649430E-08
 1.77813940E+02 1.63997710E-08
 1.78140110E+02 1.66756240E-08
 1.78466880E+02 1.76622360E-08
 1.78794240E+02 2.30565630E-08
 1.79122210E+02 2.10852600E-08
 1.79365540E+02 2.03812340E-08
 1.79367150E+02 2.02386350E-08
 1.79450770E+02 1.99865620E-08
 1.79779940E+02 2.01385880E-08
 1.80109710E+02 2.09021910E-08
 1.80440090E+02 2.10696970E-08
 1.80771080E+02 2.08987480E-08
 1.81102670E+02 2.37069360E-08
 1.81434870E+02 2.31346630E-08
 1.81767670E+02 2.06773600E-08
 1.81856170E+02 2.22517240E-08
 1.82101090E+02 2.67461740E-08
 1.82435120E+02 2.75016920E-08
 1.82769770E+02 3.07137150E-08
 1.83105020E+02 2.78845560E-08
 1.83440900E+02 2.82158910E-08
 1.83777390E+02 2.99639630E-08
 1.84114490E+02 3.00760150E-08
 1.84416950E+02 3.35048060E-08
 1.84418650E+02 3.35061910E-08
 1.84452210E+02 3.38971590E-08
 1.84790560E+02 3.66496380E-08
 1.85129520E+02 3.80506460E-08
 1.85469110E+02 3.83283050E-08
 1.85778830E+02 4.04086020E-08
 1.85809320E+02 4.06179200E-08
 1.86150150E+02 2.98976850E-07
 1.86491610E+02 4.43951290E-08
 1.86833690E+02 3.96791390E-08
 1.87160980E+02 4.44487790E-08
 1.87162730E+02 4.44479000E-08
 1.87176400E+02 4.46524950E-08
 1.87519740E+02 5.19161310E-08
 1.87863710E+02 5.08099590E-08
 1.88208310E+02 5.19897630E-08
 1.88553550E+02 5.92885350E-08
 1.88738970E+02 5.63833400E-08
 1.88740750E+02 5.63393320E-08
 1.88899410E+02 5.37579140E-08
 1.89245910E+02 5.47073460E-08
 1.89593050E+02 5.35131920E-08
 1.89940820E+02 5.99597700E-08
 1.90123900E+02 6.66937280E-08
 1.90125710E+02 6.67068860E-08
 1.90289240E+02 7.28928450E-08
 1.90638290E+02 6.11413520E-08
 1.90853060E+02 6.28402590E-08
 1.90854880E+02 6.28522920E-08
 1.90987980E+02 6.39252060E-08
 1.91338310E+02 6.47336290E-08
 1.91689280E+02 5.25003120E-08
 1.92040900E+02 5.09734240E-08
 1.92241740E+02 4.59223620E-08
 1.92243590E+02 4.57693480E-08
 1.92393160E+02 4.18859070E-08
 1.92746070E+02 5.26834560E-08
 1.93099630E+02 1.01170330E-07
 1.93453840E+02 9.09040910E-08
 1.93566170E+02 8.99977970E-08
 1.93568040E+02 8.99755660E-08
 1.93808690E+02 8.79392670E-08
 1.94164200E+02 8.83031330E-08
 1.94520360E+02 8.79276550E-08
 1.94617540E+02 8.85871280E-08
 1.94619430E+02 8.84955980E-08
 1.94836520E+02 8.99819780E-08
 1.94838420E+02 8.99935010E-08
 1.94877170E+02 9.02609690E-08
 1.95234630E+02 9.68685730E-08
 1.95592750E+02 9.85727090E-08
 1.95951530E+02 1.08987260E-07
 1.95961030E+02 1.09006330E-07
 1.96310970E+02 1.09673940E-07
 1.96671070E+02 9.72449650E-08
 1.97031820E+02 1.12720340E-07
 1.97098590E+02 1.13403320E-07
 1.97100530E+02 1.13423240E-07
 1.97393240E+02 1.16460940E-07
 1.97755320E+02 1.15661570E-07
 1.98118070E+02 1.17432380E-07
 1.98481480E+02 1.32731980E-07
 1.98845560E+02 1.34420880E-07
 1.98877180E+02 1.34938090E-07
 1.99210300E+02 1.40487570E-07
 1.99575720E+02 1.44683490E-07
 1.99941800E+02 1.49259550E-07
 2.00308560E+02 1.53849580E-07
 2.00675980E+02 1.57225450E-07
 2.00688160E+02 1.57461900E-07
 2.00690170E+02 1.57501050E-07
 2.01044090E+02 1.64504370E-07
 2.01412870E+02 1.66185920E-07
 2.01590960E+02 1.67510740E-07
 2.01592990E+02 1.67525850E-07
 2.01782320E+02 1.68933430E-07
 2.02152450E+02 1.72558960E-07
 2.02358650E+02 1.67356900E-07
 2.02360700E+02 1.67281620E-07
 2.02518850E+02 1.63139730E-07
 2.02520900E+02 1.63085070E-07
 2.02523260E+02 1.63022130E-07
 2.02894750E+02 3.47669020E-07
 2.03266930E+02 1.97329320E-07
 2.03639780E+02 1.99906010E-07
 2.04013320E+02 2.10525770E-07
 2.04387550E+02 2.15635950E-07
 2.04762460E+02 2.21494190E-07
 2.05138060E+02 2.26359320E-07
 2.05514340E+02 2.36344360E-07
 2.05891320E+02 2.25336710E-07
 2.06268990E+02 2.47376620E-07
 2.06647350E+02 2.60130930E-07
 2.06664650E+02 2.59700410E-07
 2.07026410E+02 2.50316800E-07
 2.07406160E+02 2.66603940E-07
 2.07786610E+02 2.41554420E-07
 2.08167760E+02 1.93663360E-07
 2.08549600E+02 2.43627690E-07
 2.08932150E+02 2.68125200E-07
 2.09315390E+02 2.46017320E-06
 2.09699340E+02 3.98301490E-07
 2.10084000E+02 3.73764540E-07
 2.10469360E+02 3.61680280E-07
 2.10855420E+02 3.64558220E-07
 2.10983730E+02 3.67514980E-07
 2.10985950E+02 3.67566430E-07
 2.11242200E+02 3.73528710E-07
 2.11629680E+02 3.84426670E-07
 2.12017880E+02 3.92523370E-07
 2.12406790E+02 4.99248280E-07
 2.12796410E+02 3.98829720E-07
 2.13186740E+02 4.27152520E-07
 2.13577790E+02 4.43782200E-07
 2.13969560E+02 9.10241620E-07
 2.14362050E+02 4.67806970E-07
 2.14755260E+02 4.31969000E-07
 2.15147970E+02 4.61501080E-07
 2.15149190E+02 4.61594830E-07
 2.15543840E+02 5.20590620E-07
 2.15939210E+02 5.21303160E-07
 2.16335310E+02 5.41263060E-07
 2.16732140E+02 7.39242340E-07
 2.17129700E+02 5.84262570E-07
 2.17527980E+02 5.98017820E-07
 2.17926990E+02 6.12720150E-07
 2.18326740E+02 6.29652120E-07
 2.18727220E+02 6.47695590E-07
 2.19128440E+02 6.65089880E-07
 2.19479890E+02 6.76067550E-07
 2.19482300E+02 6.75801620E-07
 2.19530390E+02 6.77310050E-07
 2.19933070E+02 6.69812710E-07
 2.20336500E+02 5.49268650E-07
 2.20740670E+02 7.47376550E-07
 2.21145570E+02 7.60951160E-07
 2.21382200E+02 7.80588960E-07
 2.21551220E+02 7.94857720E-07
 2.21957620E+02 8.27136340E-07
 2.22364760E+02 8.45253440E-07
 2.22772650E+02 8.91486310E-07
 2.23181280E+02 8.81781500E-07
 2.23317770E+02 8.90324860E-07
 2.23320260E+02 8.90481600E-07
 2.23590670E+02 9.07620490E-07
 2.24000800E+02 9.30552330E-07
 2.24411690E+02 9.56505700E-07
 2.24823330E+02 9.77416240E-07
 2.25139830E+02 1.00668310E-06
 2.25235730E+02 1.01569010E-06
 2.25648880E+02 1.04444350E-06
 2.26062790E+02 1.05976670E-06
 2.26477460E+02 1.10554800E-06
 2.26892890E+02 1.21055430E-06
 2.26991880E+02 1.24833850E-06
 2.26994450E+02 1.24932720E-06
 2.27309090E+02 1.37216620E-06
 2.27607100E+02 1.56884820E-06
 2.27609690E+02 1.57058650E-06
 2.27726040E+02 1.64918320E-06
 2.27837820E+02 1.22134540E-06
 2.27840410E+02 6.03032610E-06
 2.28143760E+02 6.05433310E-06
 2.28562250E+02 1.26831440E-04
 2.28981500E+02 3.62803150E-04
 2.29401530E+02 3.43901960E-04
 2.29822320E+02 8.67374230E-05
 2.30243890E+02 6.67517750E-07
 2.30666230E+02 1.62393500E-06
 2.30721440E+02 2.07144630E-06
 2.31089340E+02 5.06444210E-06
 2.31513230E+02 2.70993350E-06
 2.31937900E+02 1.42720410E-06
 2.32363350E+02 2.97606650E-06
 2.32789580E+02 1.49098060E-06
 2.33216590E+02 1.48794650E-05
 2.33644380E+02 1.55033350E-05
 2.33678980E+02 1.43416010E-05
 2.33681710E+02 1.42499590E-05
 2.34072960E+02 1.06852660E-06
 2.34502320E+02 1.03046320E-04
 2.34932470E+02 1.77295890E-06
 2.35363410E+02 3.73817350E-04
 2.35795140E+02 3.19448690E-04
 2.36227660E+02 1.52013520E-05
 2.36660980E+02 1.46131940E-06
 2.37095090E+02 4.86094570E-05
 2.37530000E+02 3.06254890E-04
 2.37965700E+02 1.91349140E-05
 2.38402200E+02 1.17930370E-04
 2.38580320E+02 1.27092980E-04
 2.38839510E+02 1.40470950E-04
 2.39277620E+02 1.37616540E-05
 2.39716530E+02 7.96326640E-06
 2.40156240E+02 1.88279020E-06
 2.40596760E+02 5.83373370E-05
 2.41038090E+02 1.12594800E-04
 2.41480230E+02 3.22669140E-04
 2.41923180E+02 8.11809610E-07
 2.42366950E+02 1.15850230E-06
 2.42811520E+02 2.40995960E-04
 2.43256920E+02 3.17828480E-04
 2.43691680E+02 1.95729650E-05
 2.43703130E+02 1.16907040E-05
 2.44150150E+02 6.19519300E-05
 2.44598000E+02 2.28118560E-04
 2.45046670E+02 5.95748290E-06
 2.45496160E+02 2.26026080E-06
 2.45946480E+02 3.86878980E-04
 2.46397630E+02 6.84784910E-06
 2.46849600E+02 3.95579770E-05
 2.47302400E+02 3.44323080E-06
 2.47756030E+02 3.34651690E-04
 2.48210490E+02 4.69962340E-06
 2.48665780E+02 2.02388280E-06
 2.49026830E+02 2.40672760E-04
 2.49121920E+02 3.03726770E-04
 2.49578880E+02 3.26423270E-04
 2.50036690E+02 1.24769270E-04
 2.50495340E+02 9.88275980E-06
 2.50954820E+02 3.97008670E-05
 2.51415150E+02 4.52403850E-04
 2.51782990E+02 4.43511590E-04
 2.51876330E+02 4.41246700E-04
 2.52338350E+02 2.22683030E-04
 2.52801220E+02 1.09166820E-04
 2.53264930E+02 4.03715140E-04
 2.53729500E+02 2.67306230E-04
 2.54194920E+02 4.98805250E-04
 2.54600830E+02 1.99502140E-04
 2.54604070E+02 1.98636100E-04
 2.54661190E+02 1.56050250E-04
 2.55128320E+02 4.69008410E-04
 2.55596310E+02 2.25200000E-04
 2.56065150E+02 1.06347910E-05
 2.56534850E+02 5.58028490E-05
 2.56735220E+02 2.50971430E-04
 2.57005420E+02 5.14987970E-04
 2.57476850E+02 2.78360000E-04
 2.57949140E+02 2.51614890E-05
 2.58422300E+02 5.11790250E-04
 2.58896330E+02 1.74362410E-05
 2.58905710E+02 2.54632860E-05
 2.58909060E+02 2.84284590E-05
 2.59371230E+02 4.26560820E-04
 2.59847000E+02 1.02201380E-04
 2.60323640E+02 5.10838220E-04
 2.60801150E+02 3.82285320E-04
 2.61279540E+02 5.44335360E-04
 2.61378120E+02 4.35974880E-04
 2.61381530E+02 4.38532400E-04
 2.61758810E+02 1.64120550E-05
 2.62238960E+02 2.86646770E-05
 2.62719990E+02 1.96372440E-04
 2.63201900E+02 5.38804220E-04
 2.63684690E+02 5.32586020E-04
 2.64168370E+02 8.63564700E-05
 2.64575530E+02 8.70586840E-05
 2.64652940E+02 8.71924470E-05
 2.65138400E+02 2.69085150E-05
 2.65624750E+02 7.62762950E-05
 2.66111990E+02 1.31715880E-04
 2.66600120E+02 5.78979890E-04
 2.67089150E+02 1.25642170E-04
 2.67579070E+02 5.45889760E-05
 2.67852140E+02 3.65013300E-05
 2.68069900E+02 2.20341060E-05
 2.68561620E+02 2.32776650E-04
 2.69054250E+02 2.48660090E-04
 2.69547780E+02 2.45392420E-05
 2.70042210E+02 2.14274320E-04
 2.70537560E+02 1.78578900E-04
 2.71033810E+02 1.84622750E-04
 2.71210930E+02 1.30709000E-04
 2.71530970E+02 3.30060920E-05
 2.72029040E+02 4.34669520E-04
 2.72528030E+02 5.10646940E-04
 2.72922110E+02 2.62410420E-04
 2.73027930E+02 1.95560020E-04
 2.73528750E+02 4.09851750E-04
 2.74030490E+02 6.26248290E-04
 2.74533140E+02 5.78266300E-04
 2.74655030E+02 5.65629960E-04
 2.74658800E+02 5.65908120E-04
 2.75036720E+02 5.26558780E-04
 2.75541230E+02 5.01581440E-04
 2.76046660E+02 6.39206300E-04
 2.76553010E+02 5.44393680E-04
 2.77060300E+02 3.07906920E-04
 2.77568510E+02 9.61707280E-05
 2.78077660E+02 3.46771620E-04
 2.78587740E+02 6.52099780E-04
 2.79098760E+02 2.81729260E-04
 2.79610720E+02 1.66169660E-04
 2.80123610E+02 6.41876560E-04
 2.80459440E+02 5.94788000E-04
 2.80637440E+02 5.69755550E-04
 2.81152220E+02 5.03237500E-04
 2.81667940E+02 5.63652500E-04
 2.82184610E+02 5.36875870E-04
 2.82702230E+02 6.00946630E-04
 2.83220790E+02 4.46429220E-04
 2.83740310E+02 4.13660640E-04
 2.84260780E+02 4.49348860E-04
 2.84782200E+02 5.87267160E-04
 2.85304580E+02 3.01511720E-04
 2.85827920E+02 1.34123480E-04
 2.86352220E+02 1.71749930E-04
 2.86514480E+02 3.32039850E-04
 2.86518580E+02 3.36584460E-04
 2.86877480E+02 6.92599810E-04
 2.87403700E+02 1.92611250E-04
 2.87930890E+02 2.96050000E-04
 2.88459040E+02 1.53071760E-04
 2.88988170E+02 6.58888580E-04
 2.89518260E+02 1.04098710E-04
 2.90049330E+02 1.66759310E-04
 2.90581370E+02 1.33577900E-04
 2.90909890E+02 3.20897850E-04
 2.91114390E+02 4.37808940E-04
 2.91648390E+02 1.97272150E-04
 2.92183360E+02 2.63706230E-04
 2.92719320E+02 1.24280840E-04
 2.93256260E+02 6.70993740E-04
 2.93794180E+02 3.35691810E-04
 2.94333090E+02 1.53658280E-04
 2.94872990E+02 3.78313680E-04
 2.95413880E+02 4.93437590E-04
 2.95442270E+02 4.84472290E-04
 2.95446640E+02 4.83095380E-04
 2.95691420E+02 4.05692850E-04
 2.95695790E+02 4.04311410E-04
 2.95955760E+02 3.21903530E-04
 2.96498640E+02 7.58921800E-04
 2.97042510E+02 6.80595960E-04
 2.97587380E+02 1.88988220E-04
 2.97613730E+02 2.17303040E-04
 2.98133250E+02 7.76881530E-04
 2.98680120E+02 7.78074810E-04
 2.99227990E+02 3.89114310E-04
 2.99561200E+02 5.19302740E-04
 2.99565690E+02 5.24405560E-04
 2.99776870E+02 6.07652650E-04
 2.99930480E+02 4.64476310E-04
 2.99934970E+02 4.60317830E-04
 3.00326750E+02 9.41841680E-05
 3.00877650E+02 7.95410040E-04
 3.01429550E+02 2.44036200E-04
 3.01982470E+02 2.05910980E-04
 3.02141460E+02 2.58827570E-04
 3.02536400E+02 3.90599880E-04
 3.03091350E+02 8.92831760E-05
 3.03647310E+02 6.94830770E-04
 3.04204290E+02 2.97379940E-04
 3.04385280E+02 4.54875370E-04
 3.04389910E+02 4.58911120E-04
 3.04762300E+02 7.83768020E-04
 3.05321330E+02 7.41739470E-04
 3.05881390E+02 8.00133150E-04
 3.06442470E+02 7.86095260E-04
 3.07004580E+02 4.26571890E-04
 3.07567720E+02 8.28658850E-04
 3.08131900E+02 7.16678000E-04
 3.08697110E+02 2.68038190E-04
 3.08844150E+02 3.85731110E-04
 3.09263360E+02 7.22052500E-04
 3.09830640E+02 8.22301720E-04
 3.10398970E+02 8.42778230E-04
 3.10968340E+02 8.59957120E-04
 3.11538750E+02 1.71478670E-04
 3.12110210E+02 8.27217000E-04
 3.12682720E+02 5.75090610E-04
 3.13256280E+02 5.51194630E-05
 3.13435610E+02 3.01588310E-04
 3.13440520E+02 3.08369500E-04
 3.13830890E+02 8.46192860E-04
 3.14406550E+02 2.85856030E-04
 3.14983280E+02 8.62219250E-04
 3.15561050E+02 5.09302990E-04
 3.16139890E+02 4.54276050E-04
 3.16273590E+02 4.45164770E-04
 3.16719790E+02 4.14684870E-04
 3.17300760E+02 1.92939360E-04
 3.17882780E+02 3.05029990E-04
 3.18465880E+02 9.01287720E-04
 3.19050050E+02 6.39285810E-04
 3.19163430E+02 5.25981040E-04
 3.19168530E+02 5.21253690E-04
 3.19635290E+02 5.34612950E-05
 3.20221600E+02 7.08322670E-04
 3.20800100E+02 4.37951640E-04
 3.20805250E+02 4.35599310E-04
 3.20808980E+02 4.33848270E-04
 3.21397450E+02 7.43127660E-04
 3.21986990E+02 8.78722600E-04
 3.22577620E+02 1.97535150E-04
 3.23169330E+02 3.45911560E-04
 3.23762120E+02 9.72634520E-04
 3.24233030E+02 7.66677800E-04
 3.24356000E+02 7.12778880E-04
 3.24950970E+02 6.19117250E-04
 3.25547040E+02 9.53149860E-04
 3.26144190E+02 9.51696120E-04
 3.26742440E+02 9.67451240E-04
 3.27341790E+02 8.42206530E-04
 3.27740230E+02 9.06250500E-04
 3.27745600E+02 9.07224020E-04
 3.27942240E+02 9.38898610E-04
 3.27954120E+02 9.33265110E-04
 3.27959500E+02 9.30925080E-04
 3.28543790E+02 6.53259250E-04
 3.28839200E+02 6.99507330E-04
 3.28844600E+02 7.00446810E-04
 3.29146440E+02 7.47801670E-04
 3.29750200E+02 9.07643330E-04
 3.30355060E+02 4.21002180E-04
 3.30961040E+02 1.42542620E-04
 3.31568120E+02 5.66394670E-05
 3.32176330E+02 6.64432100E-04
 3.32785640E+02 2.21338860E-04
 3.33396070E+02 9.04858570E-04
 3.34007630E+02 9.62396370E-04
 3.34620300E+02 6.05026140E-04
 3.35234000E+02 8.58656080E-04
 3.35234100E+02 8.58656620E-04
 3.35849030E+02 1.42619400E-04
 3.36465080E+02 7.76325070E-04
 3.37082260E+02 9.05665010E-04
 3.37700580E+02 1.69274300E-04
 3.38320030E+02 1.00352770E-03
 3.38940610E+02 3.88980110E-04
 3.39562330E+02 6.58286910E-04
 3.40185200E+02 1.83358250E-04
 3.40809200E+02 1.05030660E-03
 3.41434360E+02 1.04936820E-03
 3.41882450E+02 6.95022310E-04
 3.41888290E+02 6.90668510E-04
 3.42060650E+02 5.54053480E-04
 3.42688100E+02 1.04752750E-03
 3.43316700E+02 9.46194640E-04
 3.43946450E+02 8.05175260E-05
 3.44577350E+02 8.34766290E-05
 3.45209420E+02 1.69439100E-04
 3.45842640E+02 2.99314340E-04
 3.46477020E+02 1.07880590E-03
 3.46988970E+02 1.02386000E-03
 3.47112570E+02 1.01056860E-03
 3.47749290E+02 1.09221730E-03
 3.48387170E+02 6.89602690E-04
 3.49026220E+02 7.48634950E-05
 3.49666440E+02 5.63563200E-04
 3.50307840E+02 1.11751270E-04
 3.50950420E+02 9.66243810E-04
 3.51594170E+02 9.94800490E-04
 3.52239100E+02 3.52285650E-04
 3.52250350E+02 3.50288020E-04
 3.52256560E+02 3.49290750E-04
 3.52885220E+02 2.37419310E-04
 3.53532520E+02 1.13289720E-03
 3.54181010E+02 2.77054530E-05
 3.54830690E+02 8.33314180E-04
 3.55481560E+02 9.79802420E-04
 3.56133630E+02 5.12367820E-04
 3.56567800E+02 4.94442070E-04
 3.56786890E+02 4.85380240E-04
 3.57441350E+02 3.60065240E-04
 3.58097010E+02 8.04888650E-04
 3.58753870E+02 6.98755280E-04
 3.59411940E+02 6.57484080E-04
 3.60071210E+02 1.21451830E-03
 3.60731700E+02 5.91126560E-04
 3.60992390E+02 8.30992810E-04
 3.61393390E+02 1.20053180E-03
 3.62056300E+02 8.25414200E-05
 3.62720420E+02 8.01691640E-04
 3.63385770E+02 7.52211350E-04
 3.64052330E+02 2.39398180E-04
 3.64720120E+02 9.27065450E-04
 3.65389130E+02 1.09792390E-03
 3.65528170E+02 9.65678900E-04
 3.66059370E+02 4.59682920E-04
 3.66730840E+02 1.21352210E-03
 3.67403540E+02 4.21573070E-05
 3.67839080E+02 8.02472450E-04
 3.68077470E+02 1.21924500E-03
 3.68752640E+02 1.20454890E-03
 3.69429050E+02 9.52045800E-04
 3.70106700E+02 7.76538740E-04
 3.70179390E+02 8.23553190E-04
 3.70186240E+02 8.27985600E-04
 3.70785590E+02 1.21619630E-03
 3.71465730E+02 5.33266200E-04
 3.72147110E+02 7.42263570E-04
 3.72829740E+02 1.24503210E-03
 3.73513630E+02 6.94271280E-04
 3.74198770E+02 3.27364690E-04
 3.74885170E+02 5.28479580E-05
 3.75000000E+02 2.55318270E-04
 3.75572830E+02 1.26674050E-03
 3.76261750E+02 1.25446280E-03
 3.76951930E+02 9.84925160E-05
 3.77643380E+02 1.89041480E-04
 3.78336090E+02 1.40029580E-04
 3.79030080E+02 1.72954490E-04
 3.79725340E+02 1.28499010E-03
 3.80421880E+02 7.22291480E-04
 3.81119690E+02 5.84952380E-04
 3.81818780E+02 3.20636190E-05
 3.82519160E+02 1.19617940E-04
 3.83220820E+02 1.31149180E-03
 3.83923770E+02 7.21434880E-04
 3.84628000E+02 1.17444840E-03
 3.85333530E+02 1.26497110E-03
 3.86040360E+02 1.18128020E-03
 3.86748470E+02 3.99715150E-04
 3.87457890E+02 1.18387200E-03
 3.87886570E+02 1.10509760E-03
 3.88168610E+02 1.05320420E-03
 3.88880640E+02 1.32978140E-03
 3.89593970E+02 6.79346970E-04
 3.90308600E+02 1.10507310E-03
 3.91024550E+02 1.32212700E-03
 3.91741810E+02 1.28507830E-03
 3.92460390E+02 9.71661770E-04
 3.93180290E+02 1.32922070E-03
 3.93901500E+02 7.24021270E-05
 3.94624040E+02 3.45723180E-04
 3.95000000E+02 7.18986340E-04
 3.95347910E+02 1.06478880E-03
 3.96073100E+02 1.20842590E-03
 3.96799620E+02 1.33128890E-03
 3.97527480E+02 1.34156980E-03
 3.98256670E+02 3.35369300E-04
 3.98987190E+02 1.41017470E-03
 3.99719060E+02 1.39336780E-03
 4.00452270E+02 1.29718370E-03
 4.01186830E+02 6.61551400E-04
 4.01922730E+02 1.12355860E-03
 4.02659980E+02 1.54012130E-04
 4.03398590E+02 1.42553680E-03
 4.04138550E+02 1.43015580E-03
 4.04879870E+02 6.15167440E-04
 4.05622540E+02 1.33514900E-03
 4.06366580E+02 1.44210950E-03
 4.07111990E+02 1.43869960E-03
 4.07372880E+02 1.32557480E-03
 4.07858760E+02 1.11468100E-03
 4.08606900E+02 3.23257370E-04
 4.09356410E+02 1.08578260E-03
 4.10107300E+02 9.42411200E-04
 4.10859570E+02 1.46225600E-03
 4.11613210E+02 1.46227280E-03
 4.12368240E+02 1.47957040E-03
 4.13124650E+02 1.48189460E-03
 4.13882450E+02 1.14888930E-03
 4.14000000E+02 1.16287540E-03
 4.14641640E+02 1.23928490E-03
 4.15402230E+02 1.18335390E-03
 4.16164200E+02 8.70190530E-04
 4.16927580E+02 5.60441760E-04
 4.17692360E+02 1.61318280E-03
 4.18458540E+02 3.46481740E-04
 4.19226120E+02 1.51681930E-03
 4.19995110E+02 1.51844750E-03
 4.20765520E+02 7.14943730E-04
 4.21537330E+02 1.13558350E-03
 4.22000000E+02 1.24899360E-03
 4.22310560E+02 1.32518120E-03
 4.23085210E+02 1.53552820E-03
 4.23861280E+02 1.53864330E-03
 4.24638780E+02 1.43614070E-03
 4.25417700E+02 1.53960630E-03
 4.26198050E+02 1.31556290E-03
 4.26979830E+02 4.46326560E-04
 4.27763050E+02 1.46173610E-03
 4.28547700E+02 1.07661530E-03
 4.28920620E+02 1.24485830E-03
 4.29333790E+02 1.43140530E-03
 4.30121320E+02 1.13222370E-03
 4.30910300E+02 1.30546200E-03
 4.31700730E+02 1.58076740E-03
 4.32492600E+02 3.12643080E-04
 4.33285930E+02 5.29929010E-04
 4.34080710E+02 1.18063410E-03
 4.34876950E+02 1.59719450E-03
 4.35674650E+02 1.55008100E-03
 4.36473820E+02 5.70262890E-04
 4.37274450E+02 1.58271620E-03
 4.38076540E+02 1.57957460E-03
 4.38880110E+02 7.92948030E-04
 4.39685160E+02 3.09564550E-04
 4.40491680E+02 3.15803770E-04
 4.40572520E+02 4.30422370E-04
 4.41299680E+02 1.46208110E-03
 4.42109160E+02 1.43737250E-03
 4.42920130E+02 1.49714450E-03
 4.43732580E+02 7.33259270E-04
 4.44546530E+02 1.53414620E-03
 4.45361970E+02 1.63025760E-04
 4.46178900E+02 1.52339930E-03
 4.46997330E+02 1.65470810E-03
 4.47817270E+02 1.65952620E-03
 4.48638700E+02 3.58952430E-04
 4.49461650E+02 1.65175530E-03
 4.50286100E+02 1.42708580E-03
 4.51112070E+02 1.67759280E-03
 4.51939550E+02 1.68194800E-03
 4.52768550E+02 1.49130520E-03
 4.52875170E+02 1.51620040E-03
 4.52885420E+02 1.51860810E-03
 4.53599070E+02 1.68533470E-03
 4.54431110E+02 1.68398310E-03
 4.55264680E+02 1.68990040E-03
 4.56099780E+02 1.06504100E-03
 4.56474270E+02 1.30422820E-03
 4.56936410E+02 1.59956210E-03
 4.57774580E+02 9.63556180E-04
 4.58614280E+02 1.33095560E-03
 4.59455520E+02 1.12199120E-03
 4.60131030E+02 1.12662790E-03
 4.60141610E+02 1.12688700E-03
 4.60298310E+02 1.12796240E-03
 4.60500780E+02 1.16161180E-03
 4.60511380E+02 1.16337430E-03
 4.61142640E+02 1.26833740E-03
 4.61988520E+02 2.86769270E-04
 4.62835950E+02 1.74883460E-03
 4.63684940E+02 1.66851350E-03
 4.63872020E+02 1.68654290E-03
 4.63882780E+02 1.68758370E-03
 4.64535480E+02 1.75051080E-03
 4.65387590E+02 1.75040850E-03
 4.66241250E+02 1.75223380E-03
 4.67096490E+02 1.74886970E-03
 4.67953290E+02 1.75052660E-03
 4.68011200E+02 1.75138780E-03
 4.68811660E+02 1.76329010E-03
 4.69671610E+02 1.71449280E-03
 4.70533130E+02 1.75743380E-03
 4.71396240E+02 1.77258870E-03
 4.72224910E+02 1.54120820E-03
 4.72236060E+02 1.53809350E-03
 4.72260930E+02 1.53114700E-03
 4.73127200E+02 1.78281720E-03
 4.73995070E+02 1.78735510E-03
 4.74864520E+02 1.78988530E-03
 4.75735570E+02 1.45066370E-03
 4.76608220E+02 1.80023140E-03
 4.77482470E+02 1.68740220E-03
 4.78358320E+02 1.52135930E-03
 4.78684420E+02 1.51780910E-03
 4.79235780E+02 1.51180090E-03
 4.80114850E+02 1.27775010E-03
 4.80995530E+02 1.51177060E-03
 4.81877830E+02 1.61119350E-03
 4.82761750E+02 1.93551580E-03
 4.83647280E+02 2.19837860E-03
 4.84534440E+02 1.94572860E-03
 4.85323100E+02 1.22259120E-03
 4.85334880E+02 1.21178900E-03
 4.85423230E+02 1.13074560E-03
 4.86313650E+02 1.86981760E-03
 4.87205700E+02 1.78325850E-03
 4.88083090E+02 5.51420490E-04
 4.88099390E+02 5.28518080E-04
 4.88994720E+02 1.85809090E-03
 4.89891690E+02 7.02985280E-04
 4.90790310E+02 1.86401790E-03
 4.90874640E+02 1.86444460E-03
 4.90886690E+02 1.86454310E-03
 4.91690570E+02 1.86860680E-03
 4.92592480E+02 1.73810140E-03
 4.93496050E+02 1.84104410E-03
 4.94401280E+02 1.87940030E-03
 4.95263790E+02 1.87155410E-03
 4.95308170E+02 1.87115010E-03
 4.96216720E+02 1.88860810E-03
 4.97126940E+02 1.89258200E-03
 4.98038820E+02 1.89647500E-03
 4.98952380E+02 1.90027070E-03
 4.99732140E+02 1.90243330E-03
 4.99744630E+02 1.90318420E-03
 4.99867620E+02 1.90352460E-03
 5.00784530E+02 1.90691030E-03
 5.01703130E+02 1.90897630E-03
 5.02623410E+02 1.91703530E-03
 5.03545380E+02 1.90085560E-03
 5.04273720E+02 1.90517180E-03
 5.04286430E+02 1.91694380E-03
 5.04469040E+02 1.91798800E-03
 5.05394390E+02 1.92235660E-03
 5.06321450E+02 1.88735460E-03
 5.07250200E+02 2.03130630E-03
 5.08180660E+02 1.95722540E-03
 5.08589050E+02 1.94083660E-03
 5.08601990E+02 1.94031760E-03
 5.09112820E+02 1.91981310E-03
 5.10046690E+02 1.91952440E-03
 5.10982280E+02 1.87828230E-03
 5.11919580E+02 1.59695130E-03
 5.12052960E+02 1.65538210E-03
 5.12066070E+02 1.66165080E-03
 5.12858600E+02 2.00897480E-03
 5.13799340E+02 1.98906890E-03
 5.14741810E+02 1.98554480E-03
 5.15686010E+02 1.94707720E-03
 5.16631940E+02 1.98668170E-03
 5.17579610E+02 1.87586650E-03
 5.18529010E+02 1.26634790E-03
 5.19480160E+02 1.99558300E-03
 5.20433050E+02 2.00155550E-03
 5.21387680E+02 2.00406370E-03
 5.22344070E+02 2.00856320E-03
 5.22811300E+02 2.01058460E-03
 5.23302220E+02 2.01270610E-03
 5.24262120E+02 2.01639970E-03
 5.25223780E+02 2.01390510E-03
 5.26187200E+02 1.22613530E-03
 5.27152400E+02 2.02757010E-03
 5.28119360E+02 2.03005030E-03
 5.29088100E+02 2.03507600E-03
 5.30000000E+02 2.01942410E-03
 5.30058610E+02 2.01841780E-03
 5.31030900E+02 2.04235590E-03
 5.32004980E+02 2.04166700E-03
 5.32980850E+02 2.04565340E-03
 5.33958500E+02 2.04409290E-03
 5.34031420E+02 2.04392250E-03
 5.34045680E+02 2.04388910E-03
 5.34937950E+02 2.04179960E-03
 5.35919190E+02 1.14847770E-03
 5.36902240E+02 2.04641220E-03
 5.37887080E+02 1.90931370E-03
 5.38873740E+02 1.52186140E-03
 5.39862200E+02 1.56610600E-03
 5.40852480E+02 9.87666720E-04
 5.41844570E+02 8.19950110E-04
 5.42838490E+02 1.63852860E-03
 5.43834220E+02 6.87893830E-04
 5.44831780E+02 2.32989960E-03
 5.44984220E+02 2.30827690E-03
 5.45831180E+02 2.18814800E-03
 5.46832400E+02 2.15258830E-03
 5.47835470E+02 2.07857000E-03
 5.48840370E+02 1.82190640E-03
 5.49847110E+02 1.94647430E-03
 5.50000000E+02 1.81307760E-03
 5.50855710E+02 1.06653630E-03
 5.51866150E+02 1.77377860E-03
 5.52878440E+02 1.85475960E-03
 5.53892600E+02 1.96897490E-03
 5.54908610E+02 2.50048690E-03
 5.55926490E+02 2.40369950E-03
 5.56395710E+02 2.34756670E-03
 5.56411190E+02 2.34571630E-03
 5.56946230E+02 2.28171690E-03
 5.57967850E+02 2.20147520E-03
 5.58991330E+02 1.98155140E-03
 5.60016700E+02 2.13833540E-03
 5.61043950E+02 2.13631060E-03
 5.62073080E+02 1.29093760E-03
 5.63104100E+02 2.11192520E-03
 5.64137010E+02 2.19015180E-03
 5.65161420E+02 2.07838800E-03
 5.65171810E+02 2.07725410E-03
 5.66208510E+02 1.84116480E-03
 5.67247120E+02 1.83906740E-03
 5.68287630E+02 7.28873210E-04
 5.69330040E+02 1.67265440E-03
 5.70374380E+02 2.09931510E-03
 5.71420620E+02 1.95444930E-03
 5.72468790E+02 2.89831740E-03
 5.73518870E+02 2.40980760E-03
 5.74207740E+02 2.30327250E-03
 5.74224220E+02 2.30072330E-03
 5.74570890E+02 2.24712060E-03
 5.75624830E+02 2.22090170E-03
 5.76680710E+02 2.20505700E-03
 5.77738520E+02 2.20909220E-03
 5.78798280E+02 2.21261880E-03
 5.79498500E+02 2.21489690E-03
 5.79515290E+02 2.21495540E-03
 5.79859970E+02 2.21607520E-03
 5.80923620E+02 2.21963300E-03
 5.81989220E+02 1.87077590E-03
 5.83056770E+02 1.85191060E-03
 5.83639650E+02 1.84988150E-03
 5.84126280E+02 1.84818630E-03
 5.85197750E+02 2.15895470E-03
 5.86271180E+02 2.69084170E-03
 5.87346590E+02 2.41570740E-03
 5.87840400E+02 2.36199150E-03
 5.87857680E+02 2.36011210E-03
 5.88423970E+02 2.29852740E-03
 5.89503320E+02 2.26630780E-03
 5.90584660E+02 2.25181710E-03
 5.91667970E+02 2.23578600E-03
 5.92753280E+02 2.25421960E-03
 5.93840570E+02 2.25675410E-03
 5.94929860E+02 2.26442210E-03
 5.96021150E+02 2.24255300E-03
 5.97114440E+02 2.24503010E-03
 5.98209740E+02 2.18854410E-03
 5.99307040E+02 2.19745910E-03
 6.00406360E+02 2.12942830E-03
 6.01507700E+02 2.09706570E-03
 6.02611050E+02 2.33902020E-03
 6.03379230E+02 2.31990050E-03
 6.03716430E+02 2.31150920E-03
 6.04823830E+02 2.18904800E-03
 6.05933270E+02 2.08776630E-03
 6.07044740E+02 2.20031510E-03
 6.08158250E+02 2.15421940E-03
 6.09273810E+02 2.14832740E-03
 6.10391410E+02 2.42672080E-03
 6.11511060E+02 2.37297360E-03
 6.12632760E+02 2.34923080E-03
 6.13756520E+02 2.33489990E-03
 6.14882340E+02 2.31915130E-03
 6.16010230E+02 2.32972920E-03
 6.17140190E+02 2.32671780E-03
 6.18272210E+02 2.33815030E-03
 6.19406320E+02 2.34125200E-03
 6.19761850E+02 2.34154500E-03
 6.20542510E+02 2.34218580E-03
 6.21680780E+02 2.34676690E-03
 6.22821130E+02 2.34762400E-03
 6.23963580E+02 2.34143260E-03
 6.25000000E+02 6.33194710E-04
 6.25108130E+02 4.55043360E-04
 6.26254770E+02 2.08371640E-04
 6.27403520E+02 7.04116720E-04
 6.28554380E+02 1.70525670E-03
 6.29707340E+02 2.13741440E-03
 6.30862420E+02 3.46310400E-03
 6.32019620E+02 2.95792430E-03
 6.33178950E+02 1.28052990E-03
 6.34340400E+02 2.53041420E-03
 6.35503980E+02 2.41198220E-03
 6.36669690E+02 2.38875210E-03
 6.37058930E+02 2.36632160E-03
 6.37837540E+02 2.32146950E-03
 6.39007540E+02 2.31728810E-03
 6.40179680E+02 2.29206630E-03
 6.41353970E+02 2.23772150E-03
 6.42530410E+02 2.49081620E-03
 6.43709020E+02 2.44065010E-03
 6.44889780E+02 2.42968260E-03
 6.46072710E+02 2.42093220E-03
 6.46074650E+02 2.42093380E-03
 6.47257810E+02 2.42185590E-03
 6.48445090E+02 2.42669860E-03
 6.49634540E+02 2.42927340E-03
 6.50826170E+02 2.43240520E-03
 6.52019990E+02 2.40621780E-03
 6.53216000E+02 2.43937960E-03
 6.54414200E+02 2.33420320E-03
 6.55349220E+02 2.41866640E-03
 6.55370700E+02 2.42060550E-03
 6.55614610E+02 2.44262710E-03
 6.56817210E+02 2.44344180E-03
 6.58022020E+02 2.45143080E-03
 6.59229040E+02 2.45448690E-03
 6.60438270E+02 2.45923160E-03
 6.61649720E+02 2.46224330E-03
 6.62863390E+02 2.46547210E-03
 6.64079290E+02 2.46897650E-03
 6.65297420E+02 2.47238640E-03
 6.65523740E+02 2.47296030E-03
 6.66517790E+02 2.47547760E-03
 6.67740390E+02 2.47259540E-03
 6.68965240E+02 2.47810080E-03
 6.70192330E+02 2.44292690E-03
 6.71421670E+02 8.99402400E-04
 6.72653270E+02 1.59929770E-03
 6.73887130E+02 2.19130480E-03
 6.75123250E+02 2.49826010E-03
 6.76019170E+02 2.50212640E-03
 6.76042020E+02 2.50222490E-03
 6.76361640E+02 2.50360260E-03
 6.77602300E+02 2.49841560E-03
 6.78845230E+02 2.50809530E-03
 6.80090450E+02 2.51137440E-03
 6.81098690E+02 2.43899560E-03
 6.81337950E+02 2.42182900E-03
 6.82587740E+02 2.49680360E-03
 6.83839820E+02 2.51953020E-03
 6.85094190E+02 2.52415960E-03
 6.86255130E+02 1.56863510E-03
 6.86278680E+02 1.54926310E-03
 6.86350870E+02 1.48987900E-03
 6.87609860E+02 2.53072650E-03
 6.88871150E+02 2.50656840E-03
 6.90134750E+02 2.53718410E-03
 6.91400680E+02 2.57151770E-03
 6.92668920E+02 2.54350300E-03
 6.93939500E+02 2.54629340E-03
 6.94942120E+02 2.54829270E-03
 6.95212400E+02 2.54883060E-03
 6.96487640E+02 2.55288580E-03
 6.97765220E+02 2.55628820E-03
 6.99045140E+02 2.53904790E-03
 7.00000000E+02 2.55661840E-03
 7.00327400E+02 2.56263860E-03
 7.01612030E+02 2.56578460E-03
 7.02899000E+02 2.56885030E-03
 7.03851860E+02 2.57095670E-03
 7.04188340E+02 2.57169910E-03
 7.05480040E+02 2.55606760E-03
 7.06774110E+02 2.58518060E-03
 7.08070560E+02 2.58083030E-03
 7.09369380E+02 2.58274750E-03
 7.10670590E+02 2.58594890E-03
 7.11974180E+02 2.56154510E-03
 7.12993030E+02 2.58824440E-03
 7.13280170E+02 2.59576340E-03
 7.14588550E+02 2.58486340E-03
 7.15899330E+02 2.60308640E-03
 7.17212510E+02 2.60395950E-03
 7.17653240E+02 2.57975470E-03
 7.18528110E+02 2.53173550E-03
 7.19846110E+02 2.60796760E-03
 7.21166540E+02 2.60996340E-03
 7.22374760E+02 2.61213140E-03
 7.22400860E+02 2.61217810E-03
 7.22489380E+02 2.61233660E-03
 7.23814650E+02 2.60085690E-03
 7.25142360E+02 2.63155310E-03
 7.26472500E+02 2.62681390E-03
 7.27805080E+02 2.62878460E-03
 7.29140100E+02 2.63095850E-03
 7.30000000E+02 1.93959800E-03
 7.30477570E+02 1.55588890E-03
 7.31817500E+02 2.34735740E-03
 7.33159880E+02 2.63579590E-03
 7.34504730E+02 2.63640580E-03
 7.35852040E+02 2.64566750E-03
 7.37201820E+02 2.64816840E-03
 7.38554080E+02 2.65221040E-03
 7.39908820E+02 2.65504470E-03
 7.41266050E+02 2.65778770E-03
 7.42625760E+02 2.65483240E-03
 7.43987970E+02 2.64871740E-03
 7.45352680E+02 2.64090160E-03
 7.46719890E+02 2.67013350E-03
 7.48089610E+02 2.67282810E-03
 7.49461840E+02 2.67577670E-03
 7.50000000E+02 2.67663130E-03
 7.50836590E+02 2.67795660E-03
 7.52213860E+02 2.63376780E-03
 7.53593660E+02 2.67788940E-03
 7.54975980E+02 1.61152630E-03
 7.56360850E+02 1.97256940E-03
 7.57748250E+02 1.20425790E-03
 7.59138200E+02 1.33990490E-03
 7.60530700E+02 1.59353620E-03
 7.61848460E+02 2.12726480E-03
 7.61925750E+02 2.15854600E-03
 7.63323360E+02 1.97511790E-03
 7.64723530E+02 2.88251970E-03
 7.66126280E+02 2.84134940E-03
 7.67531590E+02 2.81486270E-03
 7.68939490E+02 2.81519180E-03
 7.70000000E+02 2.41592890E-03
 7.70349970E+02 2.28427480E-03
 7.71763030E+02 2.70858450E-03
 7.73178690E+02 2.55221040E-03
 7.74596940E+02 2.79450090E-03
 7.76017790E+02 2.74004650E-03
 7.77441250E+02 2.73453170E-03
 7.78867320E+02 2.73473090E-03
 7.80296010E+02 2.74187210E-03
 7.81727320E+02 2.74288180E-03
 7.83161250E+02 2.46654320E-03
 7.84597820E+02 2.58677210E-03
 7.86037020E+02 2.43271230E-03
 7.87478850E+02 2.38502660E-03
 7.88923340E+02 2.74288210E-03
 7.90000000E+02 3.12717480E-03
 7.90370470E+02 3.25929690E-03
 7.91820260E+02 2.93157480E-03
 7.93272710E+02 2.85514540E-03
 7.94727820E+02 2.80561410E-03
 7.96185600E+02 2.76175710E-03
 7.97646050E+02 2.77292430E-03
 7.99109190E+02 2.77576860E-03
 8.00575000E+02 2.77846040E-03
 8.02043510E+02 2.77863020E-03
 8.03514710E+02 2.78390920E-03
 8.04988610E+02 2.78617620E-03
 8.05885540E+02 2.78792510E-03
 8.06465210E+02 2.78905290E-03
 8.07944520E+02 2.79204230E-03
 8.09426550E+02 2.79286800E-03
 8.10000000E+02 2.79231990E-03
 8.10911290E+02 2.79144750E-03
 8.12398750E+02 2.79851610E-03
 8.13888950E+02 2.80226720E-03
 8.15381880E+02 2.80545340E-03
 8.16877540E+02 2.79999780E-03
 8.18375950E+02 2.81062130E-03
 8.19877110E+02 2.81330970E-03
 8.21381020E+02 2.81590310E-03
 8.22887700E+02 2.81749890E-03
 8.24397130E+02 2.81901750E-03
 8.25909330E+02 2.82370700E-03
 8.27424310E+02 2.82604150E-03
 8.28942070E+02 2.82869330E-03
 8.30000000E+02 2.81261680E-03
 8.30462610E+02 2.80559230E-03
 8.31985940E+02 2.83339550E-03
 8.33512060E+02 2.82579870E-03
 8.35040980E+02 2.83911280E-03
 8.36572710E+02 2.84144970E-03
 8.38107250E+02 2.84412430E-03
 8.39644600E+02 2.84647180E-03
 8.41184770E+02 2.84915000E-03
 8.42727770E+02 2.84521200E-03
 8.44273600E+02 2.85419480E-03
 8.45822260E+02 2.85482810E-03
 8.47373760E+02 2.85919900E-03
 8.48928110E+02 2.86112610E-03
 8.50000000E+02 2.86274630E-03
 8.50485320E+02 2.86347790E-03
 8.52045370E+02 2.86646330E-03
 8.53608290E+02 2.86697130E-03
 8.55174080E+02 2.87147660E-03
 8.55325900E+02 2.87170380E-03
 8.56742740E+02 2.87381720E-03
 8.58314270E+02 2.87584070E-03
 8.59888690E+02 2.87849480E-03
 8.61465990E+02 2.86998590E-03
 8.63046190E+02 2.88341010E-03
 8.64629290E+02 2.88583750E-03
 8.66215290E+02 2.88805850E-03
 8.67804200E+02 2.89036750E-03
 8.69396030E+02 2.89281420E-03
 8.70000000E+02 2.89372600E-03
 8.70990780E+02 2.89521750E-03
 8.72588450E+02 2.89563390E-03
 8.74189050E+02 2.89974840E-03
 8.75792590E+02 2.71436330E-03
 8.77399060E+02 2.90429150E-03
 8.79008490E+02 2.90645770E-03
 8.80620870E+02 2.90022420E-03
 8.82236200E+02 2.90995080E-03
 8.82392910E+02 2.91029220E-03
 8.83854500E+02 2.91347000E-03
 8.85475770E+02 2.91585470E-03
 8.87100010E+02 2.91803510E-03
 8.88727230E+02 2.92049780E-03
 8.90000000E+02 2.92184510E-03
 8.90357430E+02 2.92222210E-03
 8.91990630E+02 2.92494320E-03
 8.93626820E+02 2.92711280E-03
 8.95266010E+02 2.92939770E-03
 8.96908210E+02 2.93144880E-03
 8.98553420E+02 2.93377230E-03
 9.00000000E+02 2.93560130E-03
 9.00440900E+02 2.93622800E-03
 9.00882220E+02 2.93536140E-03
 9.01323990E+02 2.92310990E-03
 9.01766180E+02 2.93801330E-03
 9.02208810E+02 2.93859130E-03
 9.02650790E+02 2.93774710E-03
 9.03093200E+02 2.93948070E-03
 9.03536040E+02 2.94025000E-03
 9.03979320E+02 2.94036540E-03
 9.04423040E+02 2.94043400E-03
 9.04866100E+02 2.92713630E-03
 9.05309600E+02 2.94089530E-03
 9.05753530E+02 2.94196620E-03
 9.06197900E+02 2.80005490E-03
 9.06642700E+02 2.94414330E-03
 9.07086850E+02 2.94482850E-03
 9.07531440E+02 2.94547940E-03
 9.07976460E+02 2.94624810E-03
 9.08421920E+02 2.94660920E-03
 9.08867810E+02 2.94344270E-03
 9.09313050E+02 2.94775290E-03
 9.09758730E+02 2.90854480E-03
 9.10204840E+02 2.94888820E-03
 9.10651390E+02 2.94941080E-03
 9.11098380E+02 2.94992450E-03
 9.11544720E+02 3.11354190E-03
 9.11991490E+02 5.11297440E-03
 9.12438700E+02 5.11312720E-03
 9.12886340E+02 5.07778050E-03
 9.13334430E+02 5.11524870E-03
 9.13781860E+02 5.11408100E-03
 9.14229720E+02 4.41344140E-03
 9.14678030E+02 5.10863660E-03
 9.15126780E+02 5.10716110E-03
 9.15575960E+02 5.10562930E-03
 9.16024490E+02 5.10377030E-03
 9.16473460E+02 5.10138500E-03
 9.16922860E+02 5.09848460E-03
 9.17372710E+02 5.09580700E-03
 9.17823000E+02 5.08977540E-03
 9.18272630E+02 5.09424780E-03
 9.18722690E+02 5.09511870E-03
 9.19173200E+02 5.09679620E-03
 9.19624150E+02 4.71486340E-03
 9.20075550E+02 5.09981850E-03
 9.20526280E+02 5.08073520E-03
 9.20977450E+02 2.22203440E-03
 9.21429070E+02 2.24699690E-03
 9.21881120E+02 3.82537650E-03
 9.22333630E+02 5.04999280E-03
 9.22785460E+02 5.05728200E-03
 9.23237740E+02 9.40464070E-04
 9.23690470E+02 1.10256980E-03
 9.24143630E+02 3.85948630E-03
 9.24597250E+02 5.07597260E-03
 9.25050190E+02 5.08534380E-03
 9.25503580E+02 5.07611350E-03
 9.25957420E+02 4.99205080E-03
 9.26411700E+02 3.77072290E-03
 9.26866420E+02 4.52752100E-03
 9.27320480E+02 4.48831810E-03
 9.27774980E+02 4.75109100E-03
 9.28229930E+02 4.97739350E-03
 9.28685330E+02 5.07951800E-03
 9.29141170E+02 5.09813510E-03
 9.29596340E+02 5.00424400E-03
 9.30051960E+02 4.84060380E-03
 9.30508020E+02 4.36145320E-03
 9.30964530E+02 3.94940800E-03
 9.31421490E+02 4.27259290E-03
 9.31877780E+02 4.09594790E-03
 9.32334520E+02 3.92825820E-03
 9.32791700E+02 4.18496680E-03
 9.33249340E+02 4.54344190E-03
 9.33707420E+02 6.15546330E-03
 9.34164830E+02 5.72976620E-03
 9.34622680E+02 5.45522870E-03
 9.35080990E+02 5.29704820E-03
 9.35539750E+02 5.19298070E-03
 9.35998950E+02 5.15952450E-03
 9.36457480E+02 5.08434650E-03
 9.36916460E+02 5.10994980E-03
 9.37375890E+02 2.58483720E-03
 9.37835780E+02 2.07636100E-03
 9.38296110E+02 4.83578650E-03
 9.38755770E+02 4.67444920E-03
 9.39215870E+02 5.02972430E-03
 9.39676430E+02 5.07148580E-03
 9.40137440E+02 5.05740130E-03
 9.40598910E+02 4.99633270E-03
 9.41059690E+02 4.88428480E-03
 9.41520930E+02 4.75813180E-03
 9.41982620E+02 4.63153680E-03
 9.42444760E+02 3.68290560E-03
 9.42907350E+02 4.58051480E-03
 9.43369270E+02 4.48084230E-03
 9.43831640E+02 4.58438960E-03
 9.44294460E+02 5.06698820E-03
 9.44757730E+02 5.69722800E-03
 9.45221470E+02 5.46559280E-03
 9.45684510E+02 5.27006640E-03
 9.46148020E+02 5.18500160E-03
 9.46611980E+02 5.14031750E-03
 9.47076390E+02 5.10962320E-03
 9.47541260E+02 5.08446270E-03
 9.48005440E+02 5.06231530E-03
 9.48470080E+02 5.06698760E-03
 9.48935180E+02 5.24224670E-03
 9.49400730E+02 2.24503220E-03
 9.49866740E+02 2.27244330E-03
 9.50332070E+02 5.15499140E-03
 9.50797850E+02 5.08973160E-03
 9.51264090E+02 4.82706810E-03
 9.51730780E+02 5.04357410E-03
 9.52197940E+02 5.04099610E-03
 9.52664400E+02 4.99176210E-03
 9.53131330E+02 5.03907700E-03
 9.53598710E+02 5.03704480E-03
 9.54066550E+02 4.97782410E-03
 9.54534850E+02 5.03966670E-03
 9.55002460E+02 5.03869980E-03
 9.55470530E+02 5.03821550E-03
 9.55939060E+02 5.03718120E-03
 9.56408050E+02 5.03612720E-03
 9.56877500E+02 5.02577300E-03
 9.57346260E+02 5.03348770E-03
 9.57815480E+02 5.03127680E-03
 9.58285160E+02 5.03163110E-03
 9.58755300E+02 2.22447400E-03
 9.59225900E+02 5.03291500E-03
 9.59695810E+02 4.83996290E-03
 9.60166180E+02 5.03219400E-03
 9.60637010E+02 5.00964630E-03
 9.61108300E+02 5.02792770E-03
 9.61580060E+02 5.02579780E-03
 9.62051120E+02 5.02977910E-03
 9.62522650E+02 5.03404980E-03
 9.62994630E+02 5.03214120E-03
 9.63467090E+02 5.04043510E-03
 9.63940000E+02 4.92505750E-03
 9.64412220E+02 5.02842370E-03
 9.64884900E+02 5.01778000E-03
 9.65358050E+02 5.00475050E-03
 9.65831660E+02 5.01017070E-03
 9.66305730E+02 4.98220720E-03
 9.66779110E+02 4.97910170E-03
 9.67252950E+02 4.96962170E-03
 9.67727260E+02 5.00303270E-03
 9.68202030E+02 4.85790930E-03
 9.68677270E+02 5.01147280E-03
 9.69151810E+02 5.01042300E-03
 9.69626810E+02 5.00936390E-03
 9.70102280E+02 5.00548200E-03
 9.70578220E+02 5.02112060E-03
 9.71054630E+02 5.07458340E-03
 9.71530330E+02 5.04804060E-03
 9.72006500E+02 4.34007010E-03
 9.72483140E+02 2.17419320E-03
 9.72960250E+02 5.12681580E-03
 9.73437820E+02 4.81917670E-03
 9.73914690E+02 5.01080560E-03
 9.74392030E+02 5.00171400E-03
 9.74869840E+02 5.00308640E-03
 9.75348120E+02 5.00447440E-03
 9.75826860E+02 5.00561620E-03
 9.76304900E+02 5.00322690E-03
 9.76783410E+02 4.92425430E-03
 9.77262390E+02 4.99960800E-03
 9.77741850E+02 4.99453060E-03
 9.78221770E+02 4.25057370E-03
 9.78700980E+02 4.99302930E-03
 9.79180670E+02 4.97868070E-03
 9.79660820E+02 4.96798510E-03
 9.80141450E+02 4.99585100E-03
 9.80622550E+02 5.00100530E-03
 9.81102940E+02 4.99458560E-03
 9.81583800E+02 5.00109960E-03
 9.82065140E+02 4.99505320E-03
 9.82546940E+02 4.98949640E-03
 9.83029220E+02 4.98450360E-03
 9.83510790E+02 4.98541250E-03
 9.83992840E+02 4.81704830E-03
 9.84475350E+02 4.98930800E-03
 9.84958340E+02 4.99143170E-03
 9.85441800E+02 4.98329400E-03
 9.85924560E+02 4.99840290E-03
 9.86407780E+02 4.83922900E-03
 9.86891480E+02 3.93651770E-03
 9.87375660E+02 4.85553510E-03
 9.87860310E+02 5.00040570E-03
 9.88344240E+02 4.99914770E-03
 9.88828660E+02 4.99565930E-03
 9.89313540E+02 4.92129670E-03
 9.89798900E+02 2.80110010E-03
 9.90284740E+02 4.85656240E-03
 9.90769870E+02 4.98150860E-03
 9.91255470E+02 4.74898100E-03
 9.91741550E+02 4.96698970E-03
 9.92228100E+02 4.95745140E-03
 9.92715130E+02 4.83381140E-03
 9.93201450E+02 4.91680760E-03
 9.93688240E+02 4.91503250E-03
 9.94175510E+02 4.91871560E-03
 9.94663260E+02 4.46723280E-03
 9.95151480E+02 4.64003770E-03
 9.95638990E+02 4.95583210E-03
 9.96126980E+02 4.54004710E-03
 9.96615450E+02 4.95513470E-03
 9.97104390E+02 4.91518380E-03
 9.97593820E+02 4.95065840E-03
 9.98082520E+02 4.94985020E-03
 9.98571710E+02 4.93965270E-03
 9.99061370E+02 4.90778130E-03
 9.99551520E+02 4.92184020E-03
 1.00004210E+03 4.94692790E-03
 1.00053200E+03 4.94574360E-03
 1.00102240E+03 4.94472290E-03
 1.00151330E+03 4.94403640E-03
 1.00200460E+03 4.94287350E-03
 1.00249650E+03 4.94176540E-03
 1.00298760E+03 4.94048690E-03
 1.00347920E+03 4.93941160E-03
 1.00397120E+03 4.92864010E-03
 1.00446380E+03 4.92389800E-03
 1.00495680E+03 4.93629960E-03
 1.00544910E+03 4.93522830E-03
 1.00594190E+03 4.87500180E-03
 1.00643520E+03 4.92663810E-03
 1.00692900E+03 4.93018110E-03
 1.00742320E+03 4.93086830E-03
 1.00791680E+03 4.16619380E-03
 1.00841080E+03 4.92869140E-03
 1.00890520E+03 4.92758780E-03
 1.00940020E+03 4.92423800E-03
 1.00989570E+03 4.92503930E-03
 1.01039040E+03 3.95020060E-03
 1.01088560E+03 4.90123100E-03
 1.01138130E+03 4.46316000E-03
 1.01187750E+03 4.92053820E-03
 1.01237420E+03 4.91963480E-03
 1.01287010E+03 3.62238140E-03
 1.01336660E+03 4.91776900E-03
 1.01386350E+03 4.87145070E-03
 1.01436090E+03 4.91526830E-03
 1.01485880E+03 4.59598600E-03
 1.01535600E+03 4.85537450E-03
 1.01585360E+03 4.91225230E-03
 1.01635180E+03 4.90825620E-03
 1.01685040E+03 4.85088100E-03
 1.01734950E+03 4.55443000E-03
 1.01784790E+03 3.98488740E-03
 1.01834680E+03 4.90660550E-03
 1.01884610E+03 4.70163060E-03
 1.01934600E+03 4.90390190E-03
 1.01984630E+03 4.90318250E-03
 1.02034590E+03 4.72472010E-03
 1.02084600E+03 4.90108480E-03
 1.02134660E+03 4.83707770E-03
 1.02184770E+03 4.85555140E-03
 1.02234920E+03 4.89791040E-03
 1.02285010E+03 4.89673580E-03
 1.02335140E+03 4.89528890E-03
 1.02385320E+03 4.70329820E-03
 1.02435550E+03 4.87789110E-03
 1.02485830E+03 4.73929890E-03
 1.02536040E+03 2.37345790E-03
 1.02586290E+03 2.53551280E-03
 1.02636600E+03 4.82801770E-03
 1.02686950E+03 4.81507910E-03
 1.02737360E+03 4.79057710E-03
 1.02787690E+03 4.74585370E-03
 1.02838070E+03 4.68832150E-03
 1.02888490E+03 4.49837790E-03
 1.02938970E+03 4.25376290E-03
 1.02989500E+03 3.98730850E-03
 1.03039950E+03 3.98829220E-03
 1.03090450E+03 4.29451160E-03
 1.03141010E+03 4.46431770E-03
 1.03191610E+03 3.99442640E-03
 1.03242260E+03 5.49077190E-03
 1.03292830E+03 5.21889660E-03
 1.03343460E+03 5.03433960E-03
 1.03394140E+03 4.89961410E-03
 1.03444860E+03 4.76343220E-03
 1.03495640E+03 4.58641270E-03
 1.03546340E+03 4.45456590E-03
 1.03597090E+03 4.42763070E-03
 1.03647890E+03 4.40427460E-03
 1.03698740E+03 4.62505470E-03
 1.03749640E+03 4.86492600E-03
 1.03800470E+03 5.29591230E-03
 1.03851340E+03 5.10683910E-03
 1.03902270E+03 4.99642910E-03
 1.03953240E+03 4.92725630E-03
 1.04004270E+03 4.89263690E-03
 1.04055220E+03 4.87778070E-03
 1.04106220E+03 4.86999380E-03
 1.04157270E+03 4.86472490E-03
 1.04208370E+03 4.86077690E-03
 1.04259520E+03 4.85807730E-03
 1.04310590E+03 4.85562560E-03
 1.04361720E+03 4.85333250E-03
 1.04412890E+03 4.85072880E-03
 1.04464120E+03 4.84920310E-03
 1.04515390E+03 4.84742200E-03
 1.04566590E+03 4.83748950E-03
 1.04617840E+03 4.84450500E-03
 1.04669150E+03 4.84003420E-03
 1.04720500E+03 4.84241610E-03
 1.04771900E+03 4.84114750E-03
 1.04823220E+03 4.83351250E-03
 1.04874600E+03 4.83885220E-03
 1.04926030E+03 4.83765540E-03
 1.04977510E+03 4.83541320E-03
 1.05029030E+03 4.83522770E-03
 1.05080490E+03 4.83406360E-03
 1.05131990E+03 4.82720760E-03
 1.05183540E+03 4.83166830E-03
 1.05235140E+03 4.82885860E-03
 1.05286800E+03 4.82932300E-03
 1.05338380E+03 4.82811460E-03
 1.05390010E+03 4.82690180E-03
 1.05441690E+03 4.82569840E-03
 1.05493420E+03 4.82431040E-03
 1.05545200E+03 4.75046200E-03
 1.05596900E+03 4.67714360E-03
 1.05648660E+03 4.82085920E-03
 1.05700460E+03 4.81929230E-03
 1.05752320E+03 4.81858570E-03
 1.05804230E+03 4.79853500E-03
 1.05856060E+03 4.81607040E-03
 1.05907940E+03 4.81335600E-03
 1.05959880E+03 4.81350260E-03
 1.06011860E+03 4.69304660E-03
 1.06063900E+03 4.65270130E-03
 1.06115860E+03 4.78650570E-03
 1.06167870E+03 4.80656780E-03
 1.06219930E+03 4.65996850E-03
 1.06272040E+03 4.55736070E-03
 1.06324200E+03 4.80107780E-03
 1.06376290E+03 4.80478990E-03
 1.06428430E+03 4.80296370E-03
 1.06480620E+03 4.80149250E-03
 1.06532860E+03 4.80016570E-03
 1.06585150E+03 4.79886550E-03
 1.06637360E+03 4.79756640E-03
 1.06689630E+03 4.79596300E-03
 1.06741940E+03 4.79470520E-03
 1.06794310E+03 4.56580310E-03
 1.06846730E+03 4.79261630E-03
 1.06899070E+03 4.79094630E-03
 1.06951470E+03 4.79009040E-03
 1.07003910E+03 4.63780190E-03
 1.07056410E+03 4.78757760E-03
 1.07108960E+03 4.78630620E-03
 1.07161430E+03 4.78504080E-03
 1.07213950E+03 4.75220670E-03
 1.07266530E+03 4.78257980E-03
 1.07319150E+03 4.78132750E-03
 1.07371830E+03 4.78005060E-03
 1.07424430E+03 4.77878990E-03
 1.07477080E+03 4.77757940E-03
 1.07529780E+03 4.77629860E-03
 1.07582540E+03 4.75589610E-03
 1.07635340E+03 4.77377720E-03
 1.07688070E+03 4.77255700E-03
 1.07740850E+03 4.77128850E-03
 1.07793690E+03 4.77001580E-03
 1.07846570E+03 4.76518600E-03
 1.07899510E+03 4.59922940E-03
 1.07952360E+03 4.76629970E-03
 1.08005270E+03 4.76501370E-03
 1.08058240E+03 4.74335800E-03
 1.08111250E+03 4.74990560E-03
 1.08164320E+03 4.59459550E-03
 1.08217300E+03 4.75983410E-03
 1.08270340E+03 4.74539440E-03
 1.08323440E+03 4.75725780E-03
 1.08376580E+03 4.75299670E-03
 1.08429780E+03 4.68720710E-03
 1.08482890E+03 4.01471190E-03
 1.08536060E+03 4.75226330E-03
 1.08589290E+03 4.75082790E-03
 1.08642560E+03 4.74925370E-03
 1.08695890E+03 4.74814030E-03
 1.08749140E+03 4.74672380E-03
 1.08802440E+03 4.74548890E-03
 1.08855790E+03 4.71446900E-03
 1.08909200E+03 4.74289640E-03
 1.08962650E+03 4.74142580E-03
 1.09016030E+03 4.74037450E-03
 1.09069460E+03 4.73901690E-03
 1.09122950E+03 4.56106520E-03
 1.09176480E+03 4.73624660E-03
 1.09230070E+03 4.73501040E-03
 1.09283580E+03 4.73350080E-03
 1.09337140E+03 4.70402010E-03
 1.09390760E+03 4.73108420E-03
 1.09444430E+03 4.72970370E-03
 1.09498150E+03 4.72803260E-03
 1.09551790E+03 4.72708600E-03
 1.09605480E+03 4.72573520E-03
 1.09659230E+03 4.72451890E-03
 1.09713030E+03 4.72317820E-03
 1.09766880E+03 4.72187830E-03
 1.09820650E+03 4.72057830E-03
 1.09874480E+03 4.71924130E-03
 1.09928360E+03 4.71787610E-03
 1.09982290E+03 4.70287950E-03
 1.10036280E+03 4.71529910E-03
 1.10090180E+03 4.71396210E-03
 1.10144140E+03 4.71236580E-03
 1.10198150E+03 4.68289940E-03
 1.10252210E+03 4.70997450E-03
 1.10306330E+03 4.70863500E-03
 1.10360370E+03 4.70731440E-03
 1.10414460E+03 4.70597590E-03
 1.10468600E+03 4.70461060E-03
 1.10522800E+03 4.69552260E-03
 1.10577050E+03 4.70203130E-03
 1.10631220E+03 4.70068150E-03
 1.10685440E+03 4.68442450E-03
 1.10739720E+03 4.69794260E-03
 1.10794050E+03 2.97449340E-03
 1.10848430E+03 4.40669660E-03
 1.10902730E+03 4.69403340E-03
 1.10957090E+03 4.69261810E-03
 1.11011500E+03 4.69123080E-03
 1.11065960E+03 4.66378070E-03
 1.11120480E+03 4.68865170E-03
 1.11174910E+03 4.67506840E-03
 1.11229400E+03 4.65732060E-03
 1.11283940E+03 4.68466850E-03
 1.11338540E+03 4.68330180E-03
 1.11393190E+03 4.68183600E-03
 1.11447760E+03 4.68056770E-03
 1.11502380E+03 4.52669130E-03
 1.11557060E+03 4.67787790E-03
 1.11611790E+03 4.45368060E-03
 1.11666580E+03 4.67514400E-03
 1.11721280E+03 4.67379390E-03
 1.11776040E+03 4.66498260E-03
 1.11830850E+03 4.65546160E-03
 1.11885710E+03 4.66972140E-03
 1.11940630E+03 4.66826680E-03
 1.11995470E+03 4.66690820E-03
 1.12050360E+03 4.66538800E-03
 1.12105310E+03 4.66310220E-03
 1.12160310E+03 4.66291700E-03
 1.12215360E+03 4.65901090E-03
 1.12270330E+03 4.66006190E-03
 1.12325360E+03 4.65864390E-03
 1.12380440E+03 4.54007020E-03
 1.12435570E+03 4.65596710E-03
 1.12490760E+03 4.65439490E-03
 1.12545870E+03 4.65313340E-03
 1.12601030E+03 4.65171380E-03
 1.12656250E+03 4.65027350E-03
 1.12711520E+03 4.64889170E-03
 1.12766840E+03 4.64735780E-03
 1.12822080E+03 4.20517080E-03
 1.12877380E+03 3.81212150E-03
 1.12932730E+03 4.64334070E-03
 1.12988140E+03 4.64186520E-03
 1.13043600E+03 4.63258020E-03
 1.13098980E+03 4.58772370E-03
 1.13154410E+03 4.63024090E-03
 1.13209890E+03 4.63636980E-03
 1.13265440E+03 4.63470730E-03
 1.13321030E+03 4.60213980E-03
 1.13376550E+03 4.63218670E-03
 1.13432110E+03 4.63077730E-03
 1.13487740E+03 4.62934830E-03
 1.13543420E+03 4.62801180E-03
 1.13599150E+03 4.62652260E-03
 1.13654800E+03 4.62515330E-03
 1.13710500E+03 4.62374570E-03
 1.13766260E+03 4.62115840E-03
 1.13822080E+03 4.61749430E-03
 1.13877950E+03 4.61958830E-03
 1.13933730E+03 4.61816970E-03
 1.13989580E+03 4.61090160E-03
 1.14045470E+03 4.61545020E-03
 1.14101420E+03 4.61398150E-03
 1.14157430E+03 4.61253690E-03
 1.14213350E+03 4.60733290E-03
 1.14269330E+03 4.60968730E-03
 1.14325370E+03 4.60820830E-03
 1.14381450E+03 4.60660120E-03
 1.14437600E+03 4.60157130E-03
 1.14493660E+03 4.60401200E-03
 1.14549780E+03 4.60261510E-03
 1.14605950E+03 4.60113700E-03
 1.14662170E+03 4.59960660E-03
 1.14718450E+03 4.59823390E-03
 1.14774650E+03 4.59676470E-03
 1.14830910E+03 4.59533710E-03
 1.14887220E+03 4.56620580E-03
 1.14943580E+03 4.57504700E-03
 1.15000000E+03 4.55737370E-03
 1.15000000E+03 4.55737370E-03
 1.15072300E+03 4.58907660E-03
 1.15144690E+03 4.58708920E-03
 1.15217170E+03 4.58504500E-03
 1.15289740E+03 4.58490910E-03
 1.15362400E+03 4.58211570E-03
 1.15434930E+03 4.57986110E-03
 1.15507540E+03 4.57817970E-03
 1.15580250E+03 4.57606630E-03
 1.15653050E+03 4.57436140E-03
 1.15725940E+03 4.57236000E-03
 1.15798700E+03 4.57052290E-03
 1.15871540E+03 4.56581340E-03
 1.15944480E+03 4.56658430E-03
 1.16017510E+03 4.56112330E-03
 1.16090630E+03 4.56306610E-03
 1.16163620E+03 4.56091010E-03
 1.16236690E+03 4.55908630E-03
 1.16309860E+03 4.55691240E-03
 1.16383120E+03 4.55511160E-03
 1.16456470E+03 4.07263640E-03
 1.16529680E+03 4.55049750E-03
 1.16602990E+03 4.55028840E-03
 1.16676390E+03 4.54784700E-03
 1.16749880E+03 4.51689490E-03
 1.16823460E+03 4.54541190E-03
 1.16896900E+03 2.70085730E-03
 1.16970440E+03 4.54069510E-03
 1.17044070E+03 4.53904650E-03
 1.17117790E+03 4.53711190E-03
 1.17191610E+03 4.53515220E-03
 1.17265280E+03 4.52901670E-03
 1.17339050E+03 4.53129420E-03
 1.17412910E+03 4.52939620E-03
 1.17486870E+03 3.52999210E-03
 1.17560910E+03 3.16117410E-03
 1.17634820E+03 3.06534670E-03
 1.17708820E+03 4.52191470E-03
 1.17782920E+03 4.43674940E-03
 1.17857100E+03 4.51802770E-03
 1.17931380E+03 4.51606490E-03
 1.18005520E+03 4.51351610E-03
 1.18079760E+03 4.51222270E-03
 1.18154090E+03 4.51039650E-03
 1.18228510E+03 4.50844240E-03
 1.18303020E+03 4.21942340E-03
 1.18377400E+03 4.50451500E-03
 1.18451860E+03 3.92080740E-03
 1.18526430E+03 4.50076740E-03
 1.18601080E+03 4.48807030E-03
 1.18675830E+03 4.49686400E-03
 1.18750440E+03 4.49487600E-03
 1.18825140E+03 4.49284010E-03
 1.18899940E+03 4.49085610E-03
 1.18974830E+03 4.48913910E-03
 1.19049820E+03 4.45550580E-03
 1.19124660E+03 4.48506580E-03
 1.19199600E+03 4.48320580E-03
 1.19274630E+03 4.48127200E-03
 1.19349760E+03 4.47931160E-03
 1.19424980E+03 4.47734590E-03
 1.19500060E+03 4.47427160E-03
 1.19575230E+03 4.43015780E-03
 1.19650500E+03 4.46917810E-03
 1.19725870E+03 4.45496340E-03
 1.19801320E+03 4.46691870E-03
 1.19876640E+03 4.46584990E-03
 1.19952050E+03 4.45567940E-03
 1.20027560E+03 4.45870310E-03
 1.20103160E+03 4.45976590E-03
 1.20178860E+03 4.45746110E-03
 1.20254410E+03 4.45568390E-03
 1.20330060E+03 4.45339980E-03
 1.20405800E+03 4.37989050E-03
 1.20481640E+03 4.44957410E-03
 1.20557580E+03 4.43660140E-03
 1.20633370E+03 4.42560010E-03
 1.20709250E+03 4.44357880E-03
 1.20785240E+03 4.44121970E-03
 1.20861320E+03 4.43945130E-03
 1.20937490E+03 4.43711990E-03
 1.21013520E+03 4.43400020E-03
 1.21089650E+03 4.43021990E-03
 1.21165870E+03 4.43253860E-03
 1.21242190E+03 4.42928980E-03
 1.21318600E+03 4.24344730E-03
 1.21394870E+03 4.42451030E-03
 1.21471240E+03 4.42106550E-03
 1.21547700E+03 3.51510720E-03
 1.21624260E+03 4.42147150E-03
 1.21700910E+03 4.41781300E-03
 1.21777420E+03 4.32702050E-03
 1.21854030E+03 4.41565150E-03
 1.21930730E+03 4.41207850E-03
 1.22007530E+03 4.40838560E-03
 1.22084430E+03 4.09406120E-03
 1.22161180E+03 4.40618660E-03
 1.22238030E+03 4.40326330E-03
 1.22314980E+03 4.40224480E-03
 1.22392020E+03 4.13922260E-03
 1.22469160E+03 4.39835750E-03
 1.22546150E+03 4.39593270E-03
 1.22623240E+03 4.39331900E-03
 1.22700430E+03 4.39041010E-03
 1.22777710E+03 4.22537710E-03
 1.22855100E+03 3.88901110E-03
 1.22932330E+03 3.72641270E-03
 1.23009670E+03 1.83711630E-03
 1.23087100E+03 1.02583380E-03
 1.23164620E+03 8.96199520E-04
 1.23242250E+03 9.74779170E-04
 1.23319730E+03 1.11385790E-03
 1.23397310E+03 1.13345090E-03
 1.23474980E+03 1.06983650E-03
 1.23552750E+03 1.27685980E-03
 1.23630620E+03 1.62508670E-03
 1.23708350E+03 2.10623880E-03
 1.23786170E+03 2.73966520E-03
 1.23864090E+03 3.39722720E-03
 1.23942110E+03 4.19627260E-03
 1.24020220E+03 4.06107370E-03
 1.24098190E+03 4.18307120E-03
 1.24176260E+03 4.77103840E-03
 1.24254420E+03 5.34425500E-03
 1.24332690E+03 7.30463270E-03
 1.24411050E+03 6.35536550E-03
 1.24489260E+03 6.09617510E-03
 1.24567580E+03 5.63943870E-03
 1.24645990E+03 5.28626790E-03
 1.24724500E+03 4.99853220E-03
 1.24803110E+03 4.78507020E-03
 1.24881570E+03 4.64081510E-03
 1.24960130E+03 4.52675500E-03
 1.25038790E+03 3.89302220E-03
 1.25117540E+03 4.37832350E-03
 1.25196400E+03 4.33569640E-03
 1.25275110E+03 3.52172270E-03
 1.25353920E+03 4.25914470E-03
 1.25432820E+03 4.32083600E-03
 1.25511830E+03 4.27696040E-03
 1.25590930E+03 4.31495570E-03
 1.25669890E+03 4.31303040E-03
 1.25748940E+03 4.30807790E-03
 1.25828100E+03 4.30934650E-03
 1.25907350E+03 4.28591120E-03
 1.25986710E+03 4.30163570E-03
 1.26065910E+03 4.23781720E-03
 1.26145220E+03 4.30431460E-03
 1.26224620E+03 4.30081580E-03
 1.26304130E+03 4.29788900E-03
 1.26383730E+03 4.29531750E-03
 1.26463190E+03 4.29247420E-03
 1.26542740E+03 4.28963580E-03
 1.26622400E+03 4.29034750E-03
 1.26702150E+03 4.28786330E-03
 1.26782010E+03 4.13814430E-03
 1.26861710E+03 4.28213190E-03
 1.26941520E+03 4.21377880E-03
 1.27021420E+03 4.11576000E-03
 1.27101430E+03 4.23636410E-03
 1.27181540E+03 4.26350980E-03
 1.27261490E+03 4.27179520E-03
 1.27341550E+03 4.16281080E-03
 1.27421710E+03 4.24452850E-03
 1.27501960E+03 4.26574680E-03
 1.27582320E+03 4.26301850E-03
 1.27662530E+03 4.25786720E-03
 1.27742840E+03 4.26144390E-03
 1.27823250E+03 3.97240900E-03
 1.27903760E+03 4.25067900E-03
 1.27984380E+03 4.25398200E-03
 1.28064840E+03 4.13649030E-03
 1.28145400E+03 4.23918310E-03
 1.28226060E+03 4.13002860E-03
 1.28306830E+03 4.24496530E-03
 1.28387690E+03 4.19679610E-03
 1.28468410E+03 4.23840590E-03
 1.28549220E+03 4.23959650E-03
 1.28630140E+03 4.19817390E-03
 1.28711160E+03 3.95334900E-03
 1.28792280E+03 4.23355900E-03
 1.28873250E+03 4.22874820E-03
 1.28954320E+03 4.21907200E-03
 1.29035490E+03 4.22662160E-03
 1.29116770E+03 4.05437450E-03
 1.29198150E+03 4.22218990E-03
 1.29279370E+03 4.21961710E-03
 1.29360700E+03 4.21721420E-03
 1.29442130E+03 4.21331450E-03
 1.29523660E+03 3.92195980E-03
 1.29605290E+03 4.20930640E-03
 1.29686770E+03 3.30408630E-03
 1.29768350E+03 4.19413170E-03
 1.29850040E+03 4.20621450E-03
 1.29931830E+03 4.20356330E-03
 1.30013720E+03 4.20110210E-03
 1.30095450E+03 3.91670310E-03
 1.30177290E+03 3.71665700E-03
 1.30259240E+03 4.19542020E-03
 1.30341280E+03 4.11811860E-03
 1.30423430E+03 4.19084410E-03
 1.30505420E+03 4.18855100E-03
 1.30587520E+03 4.18375550E-03
 1.30669720E+03 4.07828780E-03
 1.30752030E+03 4.13636000E-03
 1.30834440E+03 4.17639370E-03
 1.30916690E+03 4.17543720E-03
 1.30999040E+03 4.12701960E-03
 1.31081500E+03 4.17351240E-03
 1.31164070E+03 4.17214900E-03
 1.31246730E+03 4.16986410E-03
 1.31329250E+03 3.92084310E-03
 1.31411860E+03 4.16539870E-03
 1.31494580E+03 4.14351680E-03
 1.31577410E+03 4.14794860E-03
 1.31660330E+03 4.15850080E-03
 1.31743110E+03 3.94589880E-03
 1.31825980E+03 4.11126110E-03
 1.31908960E+03 4.15252380E-03
 1.31992050E+03 4.09679600E-03
 1.32075240E+03 4.09155940E-03
 1.32158270E+03 4.08611690E-03
 1.32241410E+03 4.14340090E-03
 1.32324650E+03 2.72589300E-03
 1.32407990E+03 4.13136980E-03
 1.32491450E+03 4.13748070E-03
 1.32574740E+03 3.83872320E-03
 1.32658140E+03 4.12858690E-03
 1.32741640E+03 4.13039810E-03
 1.32825250E+03 4.12780710E-03
 1.32908970E+03 4.05519260E-03
 1.32992520E+03 4.12430620E-03
 1.33076190E+03 4.12148440E-03
 1.33159950E+03 3.45726590E-03
 1.33243830E+03 4.11573730E-03
 1.33327810E+03 4.09153160E-03
 1.33411630E+03 4.08652880E-03
 1.33495550E+03 4.02646960E-03
 1.33579580E+03 3.91861780E-03
 1.33663720E+03 4.10476440E-03
 1.33747960E+03 4.10177720E-03
 1.33832050E+03 4.09755340E-03
 1.33916240E+03 4.10076020E-03
 1.34000530E+03 4.09808010E-03
 1.34084940E+03 4.09586930E-03
 1.34169440E+03 4.09343410E-03
 1.34253790E+03 4.09003080E-03
 1.34338250E+03 3.26597450E-03
 1.34422810E+03 4.08774310E-03
 1.34507480E+03 4.08540320E-03
 1.34592250E+03 4.08310370E-03
 1.34676870E+03 4.08093690E-03
 1.34761590E+03 4.07706700E-03
 1.34846420E+03 4.07660090E-03
 1.34931350E+03 4.07430630E-03
 1.35016400E+03 4.07034040E-03
 1.35101280E+03 4.06759410E-03
 1.35186270E+03 4.06584820E-03
 1.35271360E+03 4.06558730E-03
 1.35356560E+03 4.06330440E-03
 1.35441870E+03 4.06114290E-03
 1.35527020E+03 4.02296290E-03
 1.35612280E+03 4.05677510E-03
 1.35697640E+03 4.02675650E-03
 1.35783110E+03 3.81502720E-03
 1.35868690E+03 3.98304550E-03
 1.35954110E+03 4.04764910E-03
 1.36039640E+03 4.04556240E-03
 1.36125270E+03 3.43195630E-03
 1.36211010E+03 4.04171800E-03
 1.36296860E+03 3.85044360E-03
 1.36382540E+03 3.64269150E-03
 1.36468340E+03 4.01347640E-03
 1.36554240E+03 3.07064780E-03
 1.36640250E+03 3.94724630E-03
 1.36726370E+03 3.87092210E-03
 1.36812330E+03 3.77639550E-03
 1.36898390E+03 3.54628570E-03
 1.36984570E+03 3.42611350E-03
 1.37070850E+03 3.10779910E-03
 1.37157240E+03 4.52452750E-03
 1.37243470E+03 4.22171180E-03
 1.37329800E+03 4.08916400E-03
 1.37416250E+03 3.26878490E-03
 1.37502800E+03 4.02634650E-03
 1.37589460E+03 4.01037040E-03
 1.37675960E+03 4.00766870E-03
 1.37762570E+03 3.98668820E-03
 1.37849290E+03 3.25122670E-03
 1.37936110E+03 3.99746670E-03
 1.38023050E+03 3.98383460E-03
 1.38109820E+03 3.99291780E-03
 1.38196700E+03 3.99070150E-03
 1.38283690E+03 3.98848720E-03
 1.38370790E+03 3.98616410E-03
 1.38458000E+03 3.98296400E-03
 1.38545050E+03 3.98118320E-03
 1.38632200E+03 3.97960390E-03
 1.38719470E+03 3.89241510E-03
 1.38806840E+03 3.77471600E-03
 1.38894330E+03 3.58014980E-03
 1.38981650E+03 3.97042640E-03
 1.39069080E+03 3.01467420E-03
 1.39156620E+03 3.96632900E-03
 1.39244270E+03 3.96398880E-03
 1.39332030E+03 3.96181120E-03
 1.39419620E+03 3.66499930E-03
 1.39507330E+03 3.95160490E-03
 1.39595140E+03 3.95526220E-03
 1.39683070E+03 3.95301430E-03
 1.39771100E+03 3.74411350E-03
 1.39858980E+03 3.94857470E-03
 1.39946960E+03 3.94633110E-03
 1.40035050E+03 3.92096970E-03
 1.40123250E+03 3.79597760E-03
 1.40211570E+03 3.93944570E-03
 1.40299710E+03 3.93742500E-03
 1.40387970E+03 3.93518140E-03
 1.40476340E+03 3.82726300E-03
 1.40564820E+03 3.93068520E-03
 1.40653420E+03 3.89960300E-03
 1.40741840E+03 3.63376260E-03
 1.40830380E+03 3.92394960E-03
 1.40919030E+03 2.46497450E-03
 1.41007790E+03 3.91950860E-03
 1.41096660E+03 3.91723340E-03
 1.41185360E+03 3.91499300E-03
 1.41274180E+03 3.91273300E-03
 1.41363110E+03 3.91047160E-03
 1.41452150E+03 3.90818670E-03
 1.41541300E+03 3.90437490E-03
 1.41630280E+03 3.73058030E-03
 1.41719380E+03 3.90142240E-03
 1.41808590E+03 2.51117100E-03
 1.41897910E+03 3.89643770E-03
 1.41987340E+03 3.89462360E-03
 1.42076600E+03 3.78356850E-03
 1.42165980E+03 3.88343980E-03
 1.42255470E+03 3.78237580E-03
 1.42345070E+03 3.88574880E-03
 1.42434790E+03 3.88348580E-03
 1.42524330E+03 3.88127720E-03
 1.42613990E+03 3.87905230E-03
 1.42703760E+03 3.87680380E-03
 1.42793640E+03 3.87449940E-03
 1.42883640E+03 3.87217480E-03
 1.42973470E+03 3.86453410E-03
 1.43063410E+03 2.52579590E-03
 1.43153460E+03 3.86503300E-03
 1.43243630E+03 3.86346100E-03
 1.43333910E+03 3.85860740E-03
 1.43424020E+03 3.85891890E-03
 1.43514250E+03 3.81617000E-03
 1.43604580E+03 3.85440220E-03
 1.43695040E+03 3.81401760E-03
 1.43785600E+03 3.84987630E-03
 1.43876000E+03 3.84760380E-03
 1.43966500E+03 3.84533850E-03
 1.44057130E+03 2.39234970E-03
 1.44147860E+03 3.83968510E-03
 1.44238710E+03 3.83859910E-03
 1.44329390E+03 3.83571200E-03
 1.44420190E+03 3.83404910E-03
 1.44511100E+03 3.83177390E-03
 1.44602120E+03 3.82668970E-03
 1.44693260E+03 3.82484280E-03
 1.44784220E+03 3.82488480E-03
 1.44875300E+03 3.48075160E-03
 1.44966490E+03 3.80745990E-03
 1.45057800E+03 3.81818450E-03
 1.45149230E+03 3.81590220E-03
 1.45240480E+03 3.81361390E-03
 1.45331850E+03 3.80838700E-03
 1.45423330E+03 3.59842840E-03
 1.45514930E+03 3.80608640E-03
 1.45606640E+03 3.56220590E-03
 1.45698180E+03 3.80222970E-03
 1.45789830E+03 3.79994840E-03
 1.45881600E+03 3.79762870E-03
 1.45973490E+03 2.91940040E-03
 1.46065490E+03 3.44708490E-03
 1.46157320E+03 3.79086320E-03
 1.46249260E+03 3.78525540E-03
 1.46341320E+03 3.78635730E-03
 1.46433500E+03 3.77822530E-03
 1.46525790E+03 3.76723940E-03
 1.46617910E+03 3.77957460E-03
 1.46710140E+03 3.77735400E-03
 1.46802490E+03 3.77507200E-03
 1.46894950E+03 2.54152330E-03
 1.46987540E+03 3.77055080E-03
 1.47079940E+03 3.76829120E-03
 1.47172470E+03 3.76598980E-03
 1.47265110E+03 3.76070410E-03
 1.47357860E+03 3.76150920E-03
 1.47450740E+03 3.75921900E-03
 1.47543440E+03 3.75661290E-03
 1.47636250E+03 3.75466360E-03
 1.47729190E+03 3.75233150E-03
 1.47822240E+03 3.71884870E-03
 1.47915400E+03 3.74778960E-03
 1.48008390E+03 3.74568130E-03
 1.48101500E+03 3.74337310E-03
 1.48194730E+03 3.74108470E-03
 1.48288070E+03 3.73827720E-03
 1.48381530E+03 3.73651010E-03
 1.48474810E+03 3.72470520E-03
 1.48568210E+03 3.73194540E-03
 1.48661730E+03 3.72620320E-03
 1.48755370E+03 3.72737070E-03
 1.48849130E+03 3.65084310E-03
 1.48942700E+03 3.72278090E-03
 1.49036400E+03 3.70320540E-03
 1.49130210E+03 3.71820780E-03
 1.49224140E+03 3.70435400E-03
 1.49318200E+03 3.71361220E-03
 1.49412070E+03 3.71131660E-03
 1.49506060E+03 3.70901960E-03
 1.49600170E+03 3.70671880E-03
 1.49694400E+03 3.68115940E-03
 1.49788740E+03 3.65562600E-03
 1.49882910E+03 3.69980800E-03
 1.49977200E+03 3.69749770E-03
 1.50071600E+03 3.69511090E-03
 1.50166130E+03 2.72101970E-03
 1.50260770E+03 3.69070390E-03
 1.50355240E+03 3.52162400E-03
 1.50449820E+03 3.68606730E-03
 1.50544530E+03 3.68391090E-03
 1.50639350E+03 3.68164330E-03
 1.50734290E+03 3.67937070E-03
 1.50829060E+03 3.67710240E-03
 1.50923940E+03 3.67483160E-03
 1.51018940E+03 3.67255910E-03
 1.51114060E+03 3.67028020E-03
 1.51209300E+03 3.66800090E-03
 1.51304360E+03 3.66572150E-03
 1.51399550E+03 3.64593620E-03
 1.51494850E+03 3.66050050E-03
 1.51590270E+03 3.65889210E-03
 1.51685810E+03 3.60120630E-03
 1.51781170E+03 3.29631180E-03
 1.51876650E+03 3.63911700E-03
 1.51972250E+03 3.64974670E-03
 1.52067980E+03 3.64745540E-03
 1.52163820E+03 3.64516140E-03
 1.52259480E+03 3.64287170E-03
 1.52355260E+03 3.64057910E-03
 1.52451170E+03 3.63828310E-03
 1.52547190E+03 3.63598570E-03
 1.52643330E+03 3.63368380E-03
 1.52739300E+03 3.63138390E-03
 1.52835380E+03 3.62832750E-03
 1.52931590E+03 3.62677940E-03
 1.53027910E+03 3.62429230E-03
 1.53124360E+03 3.62216690E-03
 1.53220630E+03 3.61820560E-03
 1.53317010E+03 3.61749950E-03
 1.53413520E+03 3.61517530E-03
 1.53510150E+03 3.61274200E-03
 1.53606900E+03 3.60694280E-03
 1.53703470E+03 3.58664040E-03
 1.53800160E+03 3.56992280E-03
 1.53896970E+03 3.57599170E-03
 1.53993910E+03 3.57452410E-03
 1.54090970E+03 3.57164670E-03
 1.54187840E+03 3.58318490E-03
 1.54284830E+03 3.58573960E-03
 1.54381950E+03 3.58209240E-03
 1.54479190E+03 3.58330630E-03
 1.54576550E+03 3.58556660E-03
 1.54673730E+03 3.58487290E-03
 1.54771030E+03 3.55278620E-03
 1.54868460E+03 3.59973740E-03
 1.54966000E+03 3.59197090E-03
 1.55063670E+03 2.08830320E-03
 1.55161160E+03 3.59029600E-03
 1.55258760E+03 3.58424910E-03
 1.55356500E+03 3.57980060E-03
 1.55454350E+03 3.57586180E-03
 1.55552330E+03 3.53725230E-03
 1.55650120E+03 3.56972520E-03
 1.55748030E+03 3.56630720E-03
 1.55846070E+03 3.56236250E-03
 1.55944230E+03 3.55834370E-03
 1.56042520E+03 3.55481270E-03
 1.56140620E+03 3.47251240E-03
 1.56238840E+03 3.54870940E-03
 1.56337190E+03 3.54623910E-03
 1.56435660E+03 3.54383780E-03
 1.56534260E+03 3.52773880E-03
 1.56632670E+03 3.53952110E-03
 1.56731200E+03 3.53721730E-03
 1.56829860E+03 3.53465380E-03
 1.56928640E+03 3.53261970E-03
 1.57027550E+03 3.48013630E-03
 1.57126270E+03 3.52807900E-03
 1.57225110E+03 3.21422880E-03
 1.57324080E+03 3.52347550E-03
 1.57423170E+03 3.52117850E-03
 1.57522390E+03 3.51888000E-03
 1.57621420E+03 3.03100120E-03
 1.57720570E+03 3.51492570E-03
 1.57819850E+03 3.51203420E-03
 1.57919260E+03 3.50972140E-03
 1.58018790E+03 3.50740240E-03
 1.58118130E+03 3.50500910E-03
 1.58217600E+03 3.50258580E-03
 1.58317190E+03 3.48739070E-03
 1.58416910E+03 3.49828810E-03
 1.58516760E+03 3.49596500E-03
 1.58616410E+03 3.40844070E-03
 1.58716190E+03 3.49138560E-03
 1.58816100E+03 3.48906900E-03
 1.58916130E+03 3.48675130E-03
 1.59016290E+03 3.48443740E-03
 1.59116260E+03 3.48212500E-03
 1.59216360E+03 3.47981080E-03
 1.59316580E+03 3.47749230E-03
 1.59416930E+03 3.47516850E-03
 1.59517400E+03 3.47224930E-03
 1.59617690E+03 3.47053360E-03
 1.59718100E+03 3.46812000E-03
 1.59818630E+03 3.46588890E-03
 1.59919300E+03 3.46356760E-03
 1.60020090E+03 3.46125450E-03
 1.60120690E+03 3.45899300E-03
 1.60221420E+03 3.45672890E-03
 1.60322270E+03 3.07625100E-03
 1.60423250E+03 3.45219070E-03
 1.60524360E+03 3.44992130E-03
 1.60625280E+03 3.44764920E-03
 1.60726330E+03 3.44538050E-03
 1.60827500E+03 3.42991180E-03
 1.60928800E+03 3.43827750E-03
 1.61030220E+03 3.43856340E-03
 1.61131460E+03 3.43623870E-03
 1.61232820E+03 3.43400540E-03
 1.61334320E+03 3.33605670E-03
 1.61435930E+03 3.42943910E-03
 1.61537680E+03 3.34482320E-03
 1.61639240E+03 3.42412350E-03
 1.61740920E+03 3.41903570E-03
 1.61842730E+03 3.42030020E-03
 1.61944670E+03 3.38023860E-03
 1.62046740E+03 3.41557130E-03
 1.62148610E+03 3.41342580E-03
 1.62250610E+03 3.41112590E-03
 1.62352750E+03 2.47536170E-03
 1.62455010E+03 3.40653820E-03
 1.62557400E+03 3.40424180E-03
 1.62659590E+03 3.40194320E-03
 1.62761920E+03 3.39964730E-03
 1.62864370E+03 3.39740200E-03
 1.62966950E+03 3.39522510E-03
 1.63069660E+03 3.39328190E-03
 1.63172180E+03 3.29756430E-03
 1.63274830E+03 3.38936250E-03
 1.63377610E+03 3.38735330E-03
 1.63480510E+03 3.38549710E-03
 1.63583550E+03 3.38405800E-03
 1.63686390E+03 3.38220020E-03
 1.63789360E+03 3.38066210E-03
 1.63892460E+03 3.37693630E-03
 1.63995690E+03 3.35595410E-03
 1.64099050E+03 3.37514400E-03
 1.64202210E+03 3.37143220E-03
 1.64305510E+03 3.36829630E-03
 1.64408940E+03 3.20786780E-03
 1.64512490E+03 3.35942380E-03
 1.64616180E+03 3.35951320E-03
 1.64719670E+03 3.35699070E-03
 1.64823290E+03 3.35425220E-03
 1.64927040E+03 3.35177620E-03
 1.65030920E+03 3.34918870E-03
 1.65134930E+03 3.34664380E-03
 1.65238750E+03 3.34418070E-03
 1.65342700E+03 3.34190480E-03
 1.65446770E+03 3.33960300E-03
 1.65550980E+03 3.33637350E-03
 1.65655320E+03 3.33507220E-03
 1.65759470E+03 3.22129120E-03
 1.65863740E+03 3.33052530E-03
 1.65968150E+03 3.32824430E-03
 1.66072690E+03 3.32596730E-03
 1.66177360E+03 3.32368250E-03
 1.66281830E+03 3.32140520E-03
 1.66386430E+03 3.31912340E-03
 1.66491170E+03 3.31683890E-03
 1.66596030E+03 3.31455150E-03
 1.66701030E+03 3.31226120E-03
 1.66805830E+03 3.30997530E-03
 1.66910770E+03 3.30768650E-03
 1.67015830E+03 3.30539480E-03
 1.67121030E+03 3.30310020E-03
 1.67226360E+03 3.30080270E-03
 1.67331490E+03 3.29850930E-03
 1.67436750E+03 3.29621120E-03
 1.67542150E+03 3.25215830E-03
 1.67647680E+03 3.03318070E-03
 1.67753340E+03 3.28930890E-03
 1.67858800E+03 3.28700830E-03
 1.67964400E+03 3.28470460E-03
 1.68070130E+03 3.28187520E-03
 1.68175990E+03 3.28009000E-03
 1.68281980E+03 3.27777550E-03
 1.68387780E+03 3.27547040E-03
 1.68493710E+03 3.27313150E-03
 1.68599770E+03 3.27084650E-03
 1.68705960E+03 3.26852650E-03
 1.68812290E+03 3.26621100E-03
 1.68918420E+03 3.26389610E-03
 1.69024680E+03 3.26159290E-03
 1.69131080E+03 3.25931370E-03
 1.69237610E+03 3.25707410E-03
 1.69344270E+03 3.25481060E-03
 1.69450730E+03 3.25255120E-03
 1.69557330E+03 3.25028900E-03
 1.69664060E+03 3.24799010E-03
 1.69770930E+03 3.24574100E-03
 1.69877930E+03 3.24143140E-03
 1.69984730E+03 3.24121870E-03
 1.70091660E+03 3.23894690E-03
 1.70198730E+03 3.23667690E-03
 1.70305930E+03 3.23439880E-03
 1.70413270E+03 3.23212370E-03
 1.70520400E+03 3.22985010E-03
 1.70627670E+03 3.22756120E-03
 1.70735080E+03 3.22525620E-03
 1.70842620E+03 3.22296710E-03
 1.70950290E+03 3.22071220E-03
 1.71057760E+03 3.21843760E-03
 1.71165370E+03 3.21608110E-03
 1.71273110E+03 3.21380480E-03
 1.71380990E+03 3.21155100E-03
 1.71489010E+03 3.20931470E-03
 1.71596820E+03 3.20705960E-03
 1.71704770E+03 3.20472850E-03
 1.71812850E+03 3.20186350E-03
 1.71921070E+03 3.20049800E-03
 1.72029420E+03 3.19807710E-03
 1.72137570E+03 3.19572700E-03
 1.72245860E+03 3.17547010E-03
 1.72354280E+03 3.19107720E-03
 1.72462840E+03 3.18875330E-03
 1.72571540E+03 3.18644290E-03
 1.72680030E+03 3.18411910E-03
 1.72788660E+03 3.18178860E-03
 1.72897430E+03 3.17944400E-03
 1.73006330E+03 3.17692990E-03
 1.73115370E+03 3.14849510E-03
 1.73224200E+03 3.17252850E-03
 1.73333170E+03 3.17038130E-03
 1.73442280E+03 3.16810870E-03
 1.73551520E+03 3.16584610E-03
 1.73660910E+03 3.16359040E-03
 1.73770080E+03 3.16134400E-03
 1.73879400E+03 3.00225590E-03
 1.73988850E+03 3.15683630E-03
 1.74098440E+03 3.15456410E-03
 1.74208170E+03 3.15229300E-03
 1.74317690E+03 3.15001440E-03
 1.74427350E+03 3.14770620E-03
 1.74537140E+03 3.14530170E-03
 1.74647080E+03 3.14336330E-03
 1.74757150E+03 3.05909080E-03
 1.74867020E+03 3.13876620E-03
 1.74977020E+03 3.13649310E-03
 1.75087160E+03 3.13421690E-03
 1.75197440E+03 3.13194060E-03
 1.75307860E+03 3.12966240E-03
 1.75418080E+03 3.11323610E-03
 1.75528430E+03 3.12511340E-03
 1.75638920E+03 3.12283490E-03
 1.75749550E+03 3.12053950E-03
 1.75860310E+03 3.11826190E-03
 1.75970870E+03 3.11597550E-03
 1.76081570E+03 3.11367010E-03
 1.76192410E+03 3.11132390E-03
 1.76303390E+03 3.10916960E-03
 1.76414500E+03 3.10684340E-03
 1.76525410E+03 3.10451320E-03
 1.76636460E+03 3.10230920E-03
 1.76747650E+03 3.10000940E-03
 1.76858970E+03 3.09771110E-03
 1.76970440E+03 3.09541210E-03
 1.77081700E+03 3.09311820E-03
 1.77193100E+03 3.09082170E-03
 1.77304630E+03 3.06174890E-03
 1.77416310E+03 3.08628760E-03
 1.77528130E+03 3.08405670E-03
 1.77639740E+03 3.05582450E-03
 1.77751490E+03 3.07960100E-03
 1.77863370E+03 3.07736910E-03
 1.77975400E+03 3.07512960E-03
 1.78087580E+03 3.07289720E-03
 1.78199540E+03 3.07066400E-03
 1.78311640E+03 3.06842810E-03
 1.78423880E+03 3.06618930E-03
 1.78536260E+03 3.06394770E-03
 1.78648780E+03 3.05514310E-03
 1.78761100E+03 3.05946310E-03
 1.78873550E+03 3.05722010E-03
 1.78986150E+03 3.05497420E-03
 1.79098880E+03 3.05272560E-03
 1.79211760E+03 3.05047410E-03
 1.79324430E+03 3.04822680E-03
 1.79437240E+03 3.04595390E-03
 1.79550190E+03 3.04372380E-03
 1.79663280E+03 3.04146790E-03
 1.79776510E+03 3.03920880E-03
 1.79889540E+03 2.82508810E-03
 1.80002700E+03 3.03468400E-03
 1.80116010E+03 3.03243820E-03
 1.80229450E+03 3.03017530E-03
 1.80343050E+03 3.02790950E-03
 1.80456420E+03 3.02564780E-03
 1.80569940E+03 3.02338280E-03
 1.80683610E+03 3.02111370E-03
 1.80797410E+03 3.01884370E-03
 1.80911360E+03 3.01656860E-03
 1.81025100E+03 3.01123230E-03
 1.81138980E+03 3.01201370E-03
 1.81253000E+03 3.00971990E-03
 1.81367160E+03 3.00743960E-03
 1.81481470E+03 3.00528590E-03
 1.81595560E+03 3.00294370E-03
 1.81709800E+03 3.00065390E-03
 1.81824180E+03 2.99836900E-03
 1.81938710E+03 2.99608360E-03
 1.82053370E+03 2.99382970E-03
 1.82167830E+03 2.99161880E-03
 1.82282420E+03 2.98940530E-03
 1.82397170E+03 2.98718880E-03
 1.82512050E+03 2.98496940E-03
 1.82627080E+03 2.98274660E-03
 1.82741890E+03 2.98052840E-03
 1.82856850E+03 2.97831140E-03
 1.82971950E+03 2.97609140E-03
 1.83087200E+03 2.97386260E-03
 1.83202600E+03 2.97163330E-03
 1.83317770E+03 2.96909960E-03
 1.83433090E+03 2.96718180E-03
 1.83548560E+03 2.96495090E-03
 1.83664170E+03 2.96271890E-03
 1.83779920E+03 2.96048330E-03
 1.83895460E+03 2.95825180E-03
 1.84011150E+03 2.95601750E-03
 1.84126970E+03 2.95378010E-03
 1.84242950E+03 2.95738700E-03
 1.84359070E+03 2.94929690E-03
 1.84474970E+03 2.94705940E-03
 1.84591020E+03 2.94351420E-03
 1.84707220E+03 2.91758180E-03
 1.84823560E+03 2.94032690E-03
 1.84940040E+03 2.93807700E-03
 1.85056310E+03 2.93583150E-03
 1.85172720E+03 2.93358270E-03
 1.85289290E+03 2.93133190E-03
 1.85405990E+03 2.92907810E-03
 1.85522850E+03 2.92957940E-03
 1.85639480E+03 2.92456850E-03
 1.85756260E+03 2.92231270E-03
 1.85873190E+03 2.92005480E-03
 1.85990260E+03 2.91779340E-03
 1.86107490E+03 2.91559500E-03
 1.86224490E+03 2.91340680E-03
 1.86341640E+03 2.91121570E-03
 1.86458930E+03 2.90902180E-03
 1.86576380E+03 2.90682510E-03
 1.86693970E+03 2.90462560E-03
 1.86811340E+03 2.90243020E-03
 1.86928860E+03 2.90023170E-03
 1.87046520E+03 2.89802230E-03
 1.87164340E+03 2.89582830E-03
 1.87282300E+03 2.89362200E-03
 1.87400040E+03 2.89142000E-03
 1.87517930E+03 2.90605850E-03
 1.87635960E+03 2.88700710E-03
 1.87754150E+03 2.88479650E-03
 1.87872480E+03 2.88258290E-03
 1.87990600E+03 2.88037390E-03
 1.88108860E+03 2.87816160E-03
 1.88227260E+03 2.87594530E-03
 1.88345820E+03 2.87372340E-03
 1.88464530E+03 2.87149060E-03
 1.88583010E+03 2.82854290E-03
 1.88701640E+03 2.86707540E-03
 1.88820430E+03 2.86485310E-03
 1.88939360E+03 2.86262860E-03
 1.89058440E+03 2.86038740E-03
 1.89177300E+03 2.85817730E-03
 1.89296300E+03 2.85595000E-03
 1.89415460E+03 2.85371690E-03
 1.89534760E+03 2.84923370E-03
 1.89654220E+03 2.84852600E-03
 1.89773450E+03 2.84702800E-03
 1.89892830E+03 2.84479430E-03
 1.90012360E+03 2.84255670E-03
 1.90132050E+03 2.84032100E-03
 1.90251880E+03 2.83807940E-03
 1.90371490E+03 2.83584280E-03
 1.90491240E+03 2.83360280E-03
 1.90611150E+03 2.83143040E-03
 1.90731210E+03 2.82926120E-03
 1.90851420E+03 2.74572810E-03
 1.90971410E+03 2.82492100E-03
 1.91091540E+03 2.82275020E-03
 1.91211830E+03 2.82057670E-03
 1.91332260E+03 2.81840040E-03
 1.91452850E+03 2.81622140E-03
 1.91573220E+03 2.81404650E-03
 1.91693730E+03 2.81186840E-03
 1.91814390E+03 2.80968860E-03
 1.91935210E+03 2.80750550E-03
 1.92056180E+03 2.80531960E-03
 1.92176920E+03 2.79330280E-03
 1.92297820E+03 2.77366620E-03
 1.92418860E+03 2.79876630E-03
 1.92540060E+03 2.79657630E-03
 1.92661410E+03 2.79438360E-03
 1.92782530E+03 2.79304090E-03
 1.92903810E+03 2.79000360E-03
 1.93025230E+03 2.78780500E-03
 1.93146810E+03 2.78561270E-03
 1.93268550E+03 2.78341300E-03
 1.93390050E+03 2.78121750E-03
 1.93511710E+03 2.77901920E-03
 1.93633510E+03 2.77681820E-03
 1.93755480E+03 2.77461370E-03
 1.93877590E+03 2.77228270E-03
 1.93999480E+03 2.77020540E-03
 1.94121520E+03 2.76800030E-03
 1.94243710E+03 2.76579230E-03
 1.94366060E+03 2.76358150E-03
 1.94488560E+03 2.76136800E-03
 1.94610830E+03 2.75892600E-03
 1.94733260E+03 2.75694590E-03
 1.94855840E+03 2.75473170E-03
 1.94978570E+03 2.75251400E-03
 1.95101460E+03 2.75035980E-03
 1.95224110E+03 2.74822380E-03
 1.95346920E+03 2.74608500E-03
 1.95469890E+03 2.74394360E-03
 1.95593010E+03 2.74179940E-03
 1.95716280E+03 2.73965260E-03
 1.95839320E+03 2.73750980E-03
 1.95962520E+03 2.73536430E-03
 1.96085870E+03 2.73321610E-03
 1.96209380E+03 2.73106520E-03
 1.96333040E+03 2.72891160E-03
 1.96456470E+03 2.72676200E-03
 1.96580060E+03 2.72460980E-03
 1.96703800E+03 2.72245490E-03
 1.96827700E+03 2.72029730E-03
 1.96951750E+03 2.71813690E-03
 1.97075570E+03 2.71598070E-03
 1.97199540E+03 2.71382080E-03
 1.97323680E+03 2.71166260E-03
 1.97447960E+03 2.70949800E-03
 1.97572410E+03 2.70733820E-03
 1.97696620E+03 2.70516660E-03
 1.97820980E+03 2.70299950E-03
 1.97945500E+03 2.69857340E-03
 1.98070180E+03 2.69865930E-03
 1.98195020E+03 2.69648510E-03
 1.98319620E+03 2.69431520E-03
 1.98444380E+03 2.69214270E-03
 1.98569290E+03 2.68996750E-03
 1.98694360E+03 2.68778940E-03
 1.98819590E+03 2.68560890E-03
 1.98944590E+03 2.68343420E-03
 1.99069740E+03 2.68126040E-03
 1.99195040E+03 2.67905500E-03
 1.99320510E+03 2.67688260E-03
 1.99446130E+03 2.67469970E-03
 1.99571520E+03 2.67251410E-03
 1.99697070E+03 2.67032730E-03
 1.99822770E+03 2.66813810E-03
 1.99948630E+03 2.66594610E-03
 2.00074650E+03 2.66379890E-03
 2.00200430E+03 2.66168860E-03
 2.00326370E+03 2.65957560E-03
 2.00452470E+03 2.65745990E-03
 2.00578730E+03 2.65534160E-03
 2.00705150E+03 2.65322070E-03
 2.00831330E+03 2.65110370E-03
 2.00957660E+03 2.64898410E-03
 2.01084160E+03 2.64360890E-03
 2.01210820E+03 2.64473680E-03
 2.01337630E+03 2.64260910E-03
 2.01464210E+03 2.64048550E-03
 2.01590940E+03 2.63835920E-03
 2.01717840E+03 2.63623020E-03
 2.01844890E+03 2.63409850E-03
 2.01972110E+03 2.63196410E-03
 2.02099080E+03 2.62983380E-03
 2.02226220E+03 2.62770080E-03
 2.02353510E+03 2.62556510E-03
 2.02480970E+03 2.62342670E-03
 2.02608590E+03 2.62128560E-03
 2.02735960E+03 2.61914860E-03
 2.02863500E+03 2.61700880E-03
 2.02991190E+03 2.61486280E-03
 2.03119050E+03 2.61272130E-03
 2.03247070E+03 2.61057370E-03
 2.03374850E+03 2.60842960E-03
 2.03502780E+03 2.60629790E-03
 2.03630880E+03 2.60413380E-03
 2.03759140E+03 2.60198180E-03
 2.03887560E+03 2.59982620E-03
 2.04015740E+03 2.50303550E-03
 2.04144080E+03 2.59552320E-03
 2.04272590E+03 2.59336740E-03
 2.04401250E+03 2.59120830E-03
 2.04530080E+03 2.58905260E-03
 2.04658660E+03 2.58694260E-03
 2.04787400E+03 2.58472530E-03
 2.04916310E+03 2.58270410E-03
 2.05045380E+03 2.66468920E-03
 2.05174610E+03 2.66256500E-03
 2.05303600E+03 2.66044140E-03
 2.05432750E+03 2.65831680E-03
 2.05562070E+03 2.65618910E-03
 2.05691540E+03 2.65405960E-03
 2.05821180E+03 2.65192700E-03
 2.05950580E+03 2.64979830E-03
 2.06080130E+03 2.64766700E-03
 2.06209860E+03 2.64553300E-03
 2.06339740E+03 2.64339650E-03
 2.06469790E+03 2.64125660E-03
 2.06599590E+03 2.63912170E-03
 2.06729560E+03 2.63698340E-03
 2.06859690E+03 2.63484210E-03
 2.06989980E+03 2.63269750E-03
 2.07120440E+03 2.63054110E-03
 2.07250650E+03 2.62841220E-03
 2.07381030E+03 2.62626700E-03
 2.07511570E+03 2.62411930E-03
 2.07642270E+03 2.62196890E-03
 2.07773140E+03 2.61981130E-03
 2.07903760E+03 2.61766790E-03
 2.08034550E+03 2.57720090E-03
 2.08165500E+03 2.61336210E-03
 2.08296620E+03 2.61120500E-03
 2.08427900E+03 2.60904560E-03
 2.08558930E+03 2.60691760E-03
 2.08690130E+03 2.60482060E-03
 2.08821490E+03 2.60272090E-03
 2.08953020E+03 2.60061870E-03
 2.09084720E+03 2.59851370E-03
 2.09216160E+03 2.59641180E-03
 2.09347780E+03 2.59430920E-03
 2.09479550E+03 2.59220300E-03
 2.09611500E+03 2.59009410E-03
 2.09743610E+03 2.58798250E-03
 2.09875470E+03 2.58331670E-03
 2.10007500E+03 2.58376480E-03
 2.10139690E+03 2.58165190E-03
 2.10272050E+03 2.57953630E-03
 2.10404580E+03 2.57741800E-03
 2.10536850E+03 2.57530400E-03
 2.10669290E+03 2.57318710E-03
 2.10801900E+03 2.57106760E-03
 2.10934680E+03 2.56894530E-03
 2.11067630E+03 2.56682050E-03
 2.11200320E+03 2.56469960E-03
 2.11333180E+03 2.53573510E-03
 2.11466210E+03 2.56044990E-03
 2.11599400E+03 2.55831480E-03
 2.11732760E+03 2.55618940E-03
 2.11865880E+03 2.55406180E-03
 2.11999160E+03 2.55193160E-03
 2.12132600E+03 2.56425670E-03
 2.12266220E+03 2.54766260E-03
 2.12400000E+03 2.53487240E-03
 2.12500000E+03 2.54396600E-03
 2.16578550E+03 2.48077080E-03
 2.17500000E+03 2.46676680E-03
 2.22500000E+03 2.39249540E-03
 2.27500000E+03 2.32104870E-03
 2.29567620E+03 2.29230510E-03
 2.32500000E+03 2.25232370E-03
 2.37500000E+03 2.18621770E-03
 2.42500000E+03 2.12262930E-03
 2.44214110E+03 2.10139130E-03
 2.48000000E+03 2.05547100E-03
 2.52261290E+03 2.00536650E-03
 2.53000000E+03 1.99684700E-03
 2.57500000E+03 1.94598170E-03
 2.60856860E+03 1.90916530E-03
 2.60860260E+03 1.90925860E-03
 2.62500000E+03 1.89161440E-03
 2.67500000E+03 1.83915380E-03
 2.72258120E+03 1.79104570E-03
 2.77500000E+03 1.74000620E-03
 2.82500000E+03 1.69315310E-03
 2.84701560E+03 1.67306930E-03
 2.87500000E+03 1.64800830E-03
 2.95000000E+03 1.58333050E-03
 2.98336920E+03 1.55567190E-03
 3.05000000E+03 1.50239870E-03
 3.05656400E+03 1.49728700E-03
 3.13344070E+03 1.43916430E-03
 3.13348980E+03 1.43913160E-03
 3.15000000E+03 1.42705620E-03
 3.20394980E+03 1.38855810E-03
 3.25000000E+03 1.35682180E-03
 3.27770520E+03 1.33820900E-03
 3.35000000E+03 1.29127200E-03
 3.35493630E+03 1.28815060E-03
 3.39493300E+03 1.26324020E-03
 3.43589480E+03 1.23841460E-03
 3.43595380E+03 1.23873110E-03
 3.45000000E+03 1.23037350E-03
 3.48542270E+03 1.20964100E-03
 3.53639930E+03 1.18064630E-03
 3.55000000E+03 1.17307370E-03
 3.58888920E+03 1.15179000E-03
 3.61572280E+03 1.13741640E-03
 3.62000000E+03 1.13514840E-03
 3.64296070E+03 1.12308050E-03
 3.64302710E+03 1.13162460E-03
 3.64701290E+03 1.12953470E-03
 3.64707940E+03 1.22821730E-03
 3.67132800E+03 1.21523670E-03
 3.69596950E+03 1.20224750E-03
 3.69603780E+03 1.20219480E-03
 3.75000000E+03 1.17444210E-03
 3.85000000E+03 1.12540380E-03
 3.95000000E+03 1.07926960E-03
 4.05085030E+03 1.03545990E-03
 4.15000000E+03 9.94847930E-04
 4.25000000E+03 9.56173970E-04
 4.35000000E+03 9.19628630E-04
 4.48111990E+03 8.74682010E-04
 4.55000000E+03 8.52326400E-04
 4.65000000E+03 8.21303960E-04
 4.75000000E+03 7.91876590E-04
 4.85000000E+03 7.63939280E-04
 4.95000000E+03 7.37396170E-04
 5.01365590E+03 7.21185670E-04
 5.05000000E+03 7.12159600E-04
 5.15000000E+03 6.88149250E-04
 5.25000000E+03 6.65291300E-04
 5.33038740E+03 6.47705700E-04
 5.35000000E+03 6.43517790E-04
 5.45000000E+03 6.22765940E-04
 5.55000000E+03 6.02977630E-04
 5.65000000E+03 5.84098890E-04
 5.68983570E+03 5.76820450E-04
 5.68999760E+03 5.80058660E-04
 5.75000000E+03 5.69303470E-04
 5.85000000E+03 5.52021070E-04
 5.95000000E+03 5.35503910E-04
 6.05000000E+03 5.19711360E-04
 6.15000000E+03 5.04605300E-04
 6.16217930E+03 5.02810640E-04
 6.25000000E+03 4.90149950E-04
 6.35000000E+03 4.76311660E-04
 6.45000000E+03 4.63058700E-04
 6.55000000E+03 4.50361140E-04
 6.65000000E+03 4.38190750E-04
 6.72004620E+03 4.29965400E-04
 6.75000000E+03 4.26520780E-04
 6.85000000E+03 4.15325950E-04
 6.95000000E+03 4.04582340E-04
 7.05000000E+03 3.94267270E-04
 7.15000000E+03 3.84359280E-04
 7.25000000E+03 3.74838000E-04
 7.35000000E+03 3.65684130E-04
 7.38897600E+03 3.62211870E-04
 7.45000000E+03 3.56879420E-04
 7.55000000E+03 3.48406510E-04
 7.65000000E+03 3.40249010E-04
 7.75000000E+03 3.32391360E-04
 7.77599690E+03 3.30395880E-04
 7.85000000E+03 3.24818800E-04
 7.95000000E+03 3.17517410E-04
 8.05000000E+03 3.10473960E-04
 8.15000000E+03 3.03675960E-04
 8.20580150E+03 2.99984850E-04
 8.20613820E+03 3.03365670E-04
 8.25000000E+03 3.00458980E-04
 8.35000000E+03 2.93997120E-04
 8.45000000E+03 2.87756200E-04
 8.55000000E+03 2.81726110E-04
 8.65000000E+03 2.75897230E-04
 8.75000000E+03 2.70260420E-04
 8.85000000E+03 2.64807000E-04
 8.95000000E+03 2.59528720E-04
 9.05000000E+03 2.54417710E-04
 9.15000000E+03 2.49466520E-04
 9.21353280E+03 2.46400680E-04
 9.25000000E+03 2.44668090E-04
 9.35000000E+03 2.40015660E-04
 9.45000000E+03 2.35502860E-04
 9.55000000E+03 2.31123650E-04
 9.65000000E+03 2.26872240E-04
 9.75000000E+03 2.22743180E-04
 9.85000000E+03 2.18731300E-04
 9.95000000E+03 2.14831680E-04
 1.01250000E+04 2.08263580E-04
 1.03750000E+04 1.99406720E-04
 1.05034290E+04 1.95079970E-04
 1.06250000E+04 1.91114800E-04
 1.08750000E+04 1.83334610E-04
 1.11250000E+04 1.76019490E-04
 1.13750000E+04 1.69128470E-04
 1.16250000E+04 1.62625530E-04
 1.18750000E+04 1.56478890E-04
 1.21250000E+04 1.50660530E-04
 1.22132930E+04 1.48679340E-04
 1.23750000E+04 1.45145590E-04
 1.26250000E+04 1.39912000E-04
 1.28750000E+04 1.34940080E-04
 1.31250000E+04 1.30212160E-04
 1.32954860E+04 1.27119740E-04
 1.33750000E+04 1.25712400E-04
 1.36250000E+04 1.21426460E-04
 1.38750000E+04 1.17341340E-04
 1.41250000E+04 1.13445180E-04
 1.44200000E+04 1.09076040E-04
 1.45881050E+04 1.06690940E-04
 1.45882110E+04 1.07183550E-04
 1.46700000E+04 1.06055320E-04
 1.48750000E+04 1.03299410E-04
 1.51250000E+04 1.00072360E-04
 1.53750000E+04 9.69850180E-05
 1.56250000E+04 9.40301030E-05
 1.58750000E+04 9.12008290E-05
 1.60308430E+04 8.94978840E-05
 1.62000000E+04 8.77002270E-05
 1.66000000E+04 8.36495640E-05
 1.70000000E+04 7.98627100E-05
 1.74000000E+04 7.63195170E-05
 1.77902710E+04 7.30797120E-05
 1.78000000E+04 7.30015440E-05
 1.82000000E+04 6.98918600E-05
 1.86000000E+04 6.69748840E-05
 1.90000000E+04 6.42362540E-05
 1.94000000E+04 6.16627240E-05
 1.98000000E+04 5.92420690E-05
 1.99835140E+04 5.81795420E-05
 2.02500000E+04 5.66875570E-05
 2.07500000E+04 5.40415280E-05
 2.12500000E+04 5.15802250E-05
 2.12962490E+04 5.13612930E-05
 2.17500000E+04 4.92870580E-05
 2.22500000E+04 4.71470620E-05
 2.26500000E+04 4.55362410E-05
 2.27935810E+04 4.49786100E-05
 2.27938410E+04 4.50750240E-05
 2.29000000E+04 4.46684230E-05
 2.32500000E+04 4.33671400E-05
 2.37500000E+04 4.16069550E-05
 2.42500000E+04 3.99541910E-05
 2.47500000E+04 3.83999610E-05
 2.52500000E+04 3.69362610E-05
 2.57500000E+04 3.55558760E-05
 2.62500000E+04 3.42523030E-05
 2.67500000E+04 3.30196810E-05
 2.72500000E+04 3.18527150E-05
 2.77500000E+04 3.07466240E-05
 2.82500000E+04 2.96970810E-05
 2.87500000E+04 2.87001640E-05
 2.92500000E+04 2.77523130E-05
 2.97500000E+04 2.68502900E-05
 3.02500000E+04 2.59911410E-05
 3.07500000E+04 2.51721680E-05
 3.12500000E+04 2.43909020E-05
 3.17500000E+04 2.36450710E-05
 3.24000000E+04 2.27250570E-05
 3.34000000E+04 2.14102150E-05
 3.45000000E+04 2.00906850E-05
 3.50017500E+04 1.95288220E-05
 3.55000000E+04 1.89938550E-05
 3.65000000E+04 1.79845160E-05
 3.75000000E+04 1.70538990E-05
 3.85000000E+04 1.61942670E-05
 3.95000000E+04 1.53987560E-05
 4.05000000E+04 1.46612640E-05
 4.15000000E+04 1.39763440E-05
 4.25000000E+04 1.33391280E-05
 4.35000000E+04 1.27452650E-05
 4.45000000E+04 1.21908510E-05
 4.55000000E+04 1.16723940E-05
 4.65000000E+04 1.11867560E-05
 4.75000000E+04 1.07311300E-05
 4.85000000E+04 1.03029920E-05
 5.00000000E+04 9.70743400E-06
 1.20000000E+05 1.73784240E-06
 2.50000000E+05 4.16451540E-07
 5.99999990E+05 7.75931570E-08
 1.00000000E+06 2.94383450E-08
 1.20000000E+07 9.24314680E-10
 2.00000000E+08 1.16875090E-10
 6.00000000E+08 5.17934630E-11
