 WMBASIC, Moont, Westmoquette 2004 (Pauldrach 2003) after SNC 2002
 Z/Z0 0.05 Teff 30.20 logg 4.00 R/R0 9.53 R 6.6282E+11
   Wavelength   Eddington Hnu
 (Angstroms) (erg/s/cm2/Hz/sr)
 5.00000000E+01 3.11652690E-51
 5.43370910E+01 2.20429830E-47
 5.94980600E+01 1.25029110E-43
 6.57423040E+01 5.08809830E-40
 6.83530450E+01 9.35525430E-39
 7.11797140E+01 1.59441750E-37
 7.26825700E+01 6.37507050E-37
 7.42502560E+01 2.49039890E-36
 7.42530130E+01 2.50897880E-36
 8.12611220E+01 4.46073220E-34
 8.60000000E+01 7.34303960E-33
 8.97339960E+01 4.85792130E-32
 9.61000000E+01 7.33850920E-31
 1.00179430E+02 3.23744460E-30
 1.06370420E+02 2.37380890E-29
 1.13377010E+02 1.77502270E-28
 1.13377660E+02 1.77533530E-28
 1.16428800E+02 4.03650190E-28
 1.19649410E+02 9.32114100E-28
 1.23053270E+02 2.18539020E-27
 1.24828880E+02 3.36402470E-27
 1.26656480E+02 5.19540170E-27
 1.26657280E+02 5.19638210E-27
 1.27447660E+02 6.25285140E-27
 1.27448480E+02 6.25404280E-27
 1.29343070E+02 9.67899000E-27
 1.31295690E+02 1.50354820E-26
 1.33308180E+02 2.34587350E-26
 1.34337740E+02 2.93645530E-26
 1.35383330E+02 3.68247050E-26
 1.35384240E+02 3.68319900E-26
 1.37200850E+02 5.44358570E-26
 1.39067840E+02 8.12677650E-26
 1.39068810E+02 8.12846740E-26
 1.40058470E+02 1.00631990E-25
 1.41063320E+02 1.25215490E-25
 1.41064320E+02 1.25242730E-25
 1.44205920E+02 2.53546650E-25
 1.47491730E+02 5.63928210E-25
 1.50930770E+02 1.43315740E-24
 1.52711150E+02 2.41694860E-24
 1.54534020E+02 4.22508650E-24
 1.54535210E+02 4.20705710E-24
 1.57236080E+02 9.92273420E-24
 1.60034310E+02 2.46241490E-23
 1.60035590E+02 2.46330730E-23
 1.60224390E+02 2.61974050E-23
 1.60225670E+02 2.62057920E-23
 1.62147230E+02 4.90103270E-23
 1.64116780E+02 9.27343740E-23
 1.64118130E+02 2.33733280E-23
 1.65325350E+02 3.23988540E-23
 1.66551860E+02 4.52260590E-23
 1.66553240E+02 4.52431540E-23
 1.68739650E+02 8.21656570E-23
 1.70985680E+02 1.51571560E-22
 1.70987140E+02 1.47612090E-22
 1.71113420E+02 1.52747480E-22
 1.71114880E+02 1.46696930E-22
 1.71458910E+02 1.60917190E-22
 1.71460380E+02 1.46610180E-22
 1.72433830E+02 1.89634440E-22
 1.72435320E+02 1.71868310E-22
 1.73738350E+02 2.40821200E-22
 1.75062760E+02 3.38670830E-22
 1.75064300E+02 3.38804030E-22
 1.77188030E+02 5.82496980E-22
 1.79365540E+02 1.00797810E-21
 1.79367150E+02 1.00837680E-21
 1.80916590E+02 1.48229140E-21
 1.80918230E+02 1.48288990E-21
 1.83985820E+02 3.13807770E-21
 1.87160980E+02 6.68812050E-21
 1.87162730E+02 6.68940840E-21
 1.88738970E+02 9.66739590E-21
 1.88740750E+02 9.67139230E-21
 1.89790130E+02 1.23243230E-20
 1.90853060E+02 1.57190140E-20
 1.90854880E+02 1.57254990E-20
 1.92241740E+02 2.15276610E-20
 1.92243590E+02 2.15242130E-20
 1.93566170E+02 2.89371720E-20
 1.93568040E+02 2.89492350E-20
 1.94617540E+02 3.65225510E-20
 1.94619430E+02 3.64680940E-20
 1.94836520E+02 3.82536410E-20
 1.94838420E+02 3.82696170E-20
 1.95961030E+02 4.89293460E-20
 1.97098590E+02 6.26070720E-20
 1.97100530E+02 6.26332950E-20
 1.98877180E+02 9.15882220E-20
 2.00688160E+02 1.34086880E-19
 2.00690170E+02 1.34143280E-19
 2.01029230E+02 1.43967760E-19
 2.01031250E+02 1.44028330E-19
 2.01590960E+02 1.61776870E-19
 2.01592990E+02 1.61844960E-19
 2.02358650E+02 1.89552430E-19
 2.02360700E+02 1.89632260E-19
 2.02518850E+02 1.95897600E-19
 2.02520900E+02 1.95980120E-19
 2.06041210E+02 3.99323050E-19
 2.09688270E+02 8.15606280E-19
 2.13466760E+02 1.66870810E-18
 2.15407540E+02 2.38822190E-18
 2.17383930E+02 3.41911830E-18
 2.17386300E+02 3.42057270E-18
 2.19479890E+02 4.96884790E-18
 2.19482300E+02 4.97094790E-18
 2.22379990E+02 8.24205810E-18
 2.25357750E+02 1.36778610E-17
 2.25360290E+02 1.36836950E-17
 2.25609880E+02 1.42687420E-17
 2.25612420E+02 1.02729290E-17
 2.25845330E+02 1.06756020E-17
 2.25847880E+02 1.05172210E-17
 2.26991880E+02 1.26879360E-17
 2.26994450E+02 1.26932740E-17
 2.27837820E+02 1.45599040E-17
 2.27840410E+02 1.79581440E-12
 2.28062080E+02 1.84061800E-12
 2.28506890E+02 1.92925550E-12
 2.28952570E+02 1.93857820E-12
 2.29399110E+02 3.56511320E-15
 2.29846530E+02 1.03995970E-15
 2.30294820E+02 3.15566140E-13
 2.30721440E+02 2.17846830E-14
 2.30743990E+02 5.50880420E-15
 2.31194030E+02 8.87091190E-13
 2.31644950E+02 2.88127920E-12
 2.32096740E+02 1.39395570E-13
 2.32549420E+02 2.96510810E-12
 2.33002980E+02 3.31481890E-12
 2.33457430E+02 1.68500280E-15
 2.33678980E+02 1.62770600E-13
 2.33681710E+02 1.64800930E-13
 2.33912760E+02 3.40684880E-13
 2.34368990E+02 6.77871140E-12
 2.34826100E+02 3.99644550E-12
 2.34985870E+02 3.99212520E-12
 2.35284100E+02 3.98062480E-12
 2.35742990E+02 4.06480860E-12
 2.36202790E+02 4.28750560E-12
 2.36307460E+02 3.35293100E-12
 2.36310250E+02 3.13021320E-12
 2.36663470E+02 2.15569550E-14
 2.37125060E+02 2.50749160E-12
 2.37587540E+02 5.92258630E-12
 2.37749710E+02 5.15489950E-12
 2.37752530E+02 5.14156260E-12
 2.38050930E+02 3.65952930E-12
 2.38515230E+02 3.96374760E-12
 2.38980420E+02 5.55814180E-12
 2.39446530E+02 5.61324500E-12
 2.39913540E+02 5.89775490E-12
 2.40381470E+02 6.19938610E-12
 2.40641950E+02 6.03487450E-12
 2.40850300E+02 5.89432820E-12
 2.41320060E+02 6.67770540E-12
 2.41790720E+02 6.82475490E-12
 2.42262310E+02 7.17816540E-15
 2.42734820E+02 2.74711130E-12
 2.43208240E+02 9.53293670E-12
 2.43605420E+02 8.53192720E-12
 2.43608390E+02 8.52535860E-12
 2.43682590E+02 8.32839420E-12
 2.44157870E+02 8.45859580E-12
 2.44634070E+02 7.93885360E-12
 2.45111210E+02 1.07164640E-11
 2.45413770E+02 1.04988150E-11
 2.45416780E+02 1.04966310E-11
 2.45589270E+02 1.03629440E-11
 2.46068260E+02 1.00275490E-11
 2.46548190E+02 1.06715760E-11
 2.47029060E+02 9.09216430E-12
 2.47510860E+02 1.26703120E-11
 2.47579110E+02 1.23358050E-11
 2.47582170E+02 1.23209420E-11
 2.47993600E+02 1.02038210E-11
 2.48477290E+02 1.26156880E-11
 2.48961910E+02 1.78784770E-11
 2.49447490E+02 1.40162770E-11
 2.49834420E+02 1.50387980E-11
 2.49837540E+02 1.49913080E-11
 2.49934010E+02 1.52533580E-11
 2.50421470E+02 1.44195370E-11
 2.50909890E+02 1.28630780E-11
 2.51399270E+02 1.61559570E-11
 2.51553820E+02 1.64351870E-11
 2.51889590E+02 1.70567630E-11
 2.52380880E+02 1.96223830E-11
 2.52873120E+02 2.04953820E-11
 2.53297040E+02 2.05475840E-11
 2.53300250E+02 2.05413720E-11
 2.53366320E+02 2.05471150E-11
 2.53860480E+02 2.10226560E-11
 2.54355610E+02 2.93707400E-11
 2.54600830E+02 2.63599070E-11
 2.54604070E+02 2.61876040E-11
 2.54851700E+02 2.30190170E-11
 2.55348760E+02 1.93925100E-14
 2.55846790E+02 2.51923540E-12
 2.56345790E+02 4.58963120E-11
 2.56735220E+02 3.36388930E-11
 2.56845760E+02 3.00049190E-11
 2.57346710E+02 2.92465320E-11
 2.57848640E+02 3.11115090E-11
 2.58351550E+02 3.21195040E-11
 2.58855430E+02 3.46407660E-11
 2.58905710E+02 3.46126200E-11
 2.58909060E+02 3.31700880E-11
 2.59360300E+02 3.28805140E-11
 2.59866150E+02 2.95796930E-11
 2.60372990E+02 3.65472230E-11
 2.60880820E+02 3.83325470E-11
 2.61010740E+02 3.87907450E-11
 2.61014140E+02 3.84366960E-11
 2.61378120E+02 3.97335330E-11
 2.61381530E+02 3.71572850E-11
 2.61389640E+02 3.71844780E-11
 2.61899450E+02 3.11276800E-11
 2.62410260E+02 3.17252190E-11
 2.62922060E+02 3.41505180E-11
 2.63434860E+02 2.91879710E-11
 2.63948660E+02 5.01226710E-11
 2.64463470E+02 1.23549410E-10
 2.64575530E+02 1.37896890E-10
 2.64979270E+02 1.91568190E-10
 2.65496090E+02 5.22897410E-11
 2.66013910E+02 2.49513600E-11
 2.66532740E+02 3.00163640E-11
 2.67052580E+02 1.24124210E-10
 2.67573440E+02 7.06148430E-11
 2.67852140E+02 6.74713810E-11
 2.68095310E+02 6.45933260E-11
 2.68618200E+02 5.99519370E-11
 2.69142110E+02 6.74557090E-11
 2.69667040E+02 6.30455800E-11
 2.70193000E+02 7.53159550E-11
 2.70719980E+02 7.89792170E-11
 2.71210930E+02 7.54940030E-11
 2.71247990E+02 7.52162820E-11
 2.71777030E+02 7.30090190E-11
 2.72307100E+02 8.78318290E-11
 2.72838200E+02 9.23664740E-11
 2.72922110E+02 9.24053880E-11
 2.73370350E+02 9.25573620E-11
 2.73903520E+02 9.67226070E-11
 2.74437740E+02 8.15575180E-11
 2.74655030E+02 8.81139810E-11
 2.74658800E+02 8.65820580E-11
 2.74973000E+02 9.62027690E-11
 2.75509310E+02 2.55614650E-10
 2.76046660E+02 1.18022040E-10
 2.76585060E+02 1.09271440E-10
 2.77124500E+02 1.08464010E-10
 2.77383510E+02 1.13318320E-10
 2.77665010E+02 1.18748240E-10
 2.78206560E+02 1.34849910E-10
 2.78749170E+02 1.37541960E-10
 2.79292840E+02 1.29295540E-10
 2.79837570E+02 1.33982390E-10
 2.80166740E+02 1.51435540E-10
 2.80170670E+02 1.64398290E-10
 2.80383360E+02 1.76987410E-10
 2.80930220E+02 1.78769400E-10
 2.81478140E+02 1.82579400E-10
 2.82027140E+02 1.93757820E-10
 2.82577200E+02 1.86812030E-10
 2.83128330E+02 1.92433020E-10
 2.83305060E+02 2.31567770E-10
 2.83680540E+02 3.17625480E-10
 2.84233830E+02 2.19004800E-10
 2.84788200E+02 2.13206920E-10
 2.85343650E+02 2.35176830E-10
 2.85900180E+02 2.31733750E-10
 2.86457800E+02 2.67010060E-10
 2.86514480E+02 2.67116760E-10
 2.86518580E+02 2.67140310E-10
 2.87016500E+02 2.67940910E-10
 2.87576290E+02 2.67433620E-10
 2.88137180E+02 2.83300560E-10
 2.88699160E+02 2.96225550E-10
 2.89262230E+02 3.26482630E-10
 2.89826410E+02 3.21965240E-10
 2.90391680E+02 2.93653480E-10
 2.90958060E+02 3.45016420E-10
 2.91030630E+02 3.46192390E-10
 2.91525540E+02 3.54288100E-10
 2.92094130E+02 3.64717540E-10
 2.92663830E+02 3.98144430E-10
 2.93234640E+02 3.93901470E-10
 2.93806560E+02 4.15766880E-10
 2.94379600E+02 4.28873280E-10
 2.94953750E+02 5.22833570E-10
 2.95529020E+02 1.67343030E-09
 2.95691420E+02 1.34627290E-09
 2.95695790E+02 1.33737660E-09
 2.96105420E+02 4.82736170E-10
 2.96682940E+02 4.96438000E-10
 2.97261590E+02 5.18734090E-10
 2.97613730E+02 5.18162350E-10
 2.97841370E+02 5.17647430E-10
 2.98422270E+02 5.41342240E-10
 2.99004310E+02 4.99864920E-10
 2.99561200E+02 5.65100230E-10
 2.99565690E+02 5.48141350E-10
 2.99587490E+02 5.50683800E-10
 2.99930480E+02 5.71518770E-10
 2.99934970E+02 5.71795820E-10
 3.00171800E+02 5.86524870E-10
 3.00757250E+02 5.84361120E-10
 3.01343850E+02 6.34069730E-10
 3.01931580E+02 6.53045810E-10
 3.02141460E+02 5.83162610E-10
 3.02520470E+02 4.52491060E-10
 3.03110500E+02 2.21847760E-10
 3.03701680E+02 1.16588740E-09
 3.04294020E+02 1.15709640E-09
 3.04385280E+02 1.00707160E-09
 3.04389910E+02 9.99414580E-10
 3.04887510E+02 1.53436440E-10
 3.05482160E+02 7.28774910E-10
 3.06077970E+02 1.25009730E-09
 3.06674940E+02 9.59396380E-10
 3.07273080E+02 9.06687960E-10
 3.07872380E+02 9.32589560E-10
 3.08472850E+02 9.68532690E-10
 3.08844150E+02 9.34028210E-10
 3.09074490E+02 9.11709820E-10
 3.09677310E+02 1.06450490E-09
 3.10281300E+02 9.04371480E-10
 3.10886470E+02 9.90509020E-10
 3.11492820E+02 9.37579700E-10
 3.12100350E+02 7.44366580E-10
 3.12709070E+02 1.41459290E-09
 3.13318970E+02 1.17664680E-09
 3.13435610E+02 1.17145930E-09
 3.13440520E+02 1.17122650E-09
 3.13588740E+02 1.16446630E-09
 3.13593660E+02 1.16423900E-09
 3.13930070E+02 1.14820030E-09
 3.14542350E+02 1.35778700E-09
 3.15155830E+02 1.38814250E-09
 3.15770510E+02 1.43399780E-09
 3.16351530E+02 1.48602140E-09
 3.16386390E+02 1.48919430E-09
 3.17003460E+02 1.61803790E-09
 3.17621740E+02 1.60971380E-09
 3.18241230E+02 1.66753910E-09
 3.18861920E+02 1.70753030E-09
 3.19163430E+02 1.74247500E-09
 3.19168530E+02 1.74281530E-09
 3.19483830E+02 1.78001740E-09
 3.20106950E+02 1.61596250E-09
 3.20731280E+02 1.55350040E-09
 3.20800100E+02 1.59123300E-09
 3.20805250E+02 1.59406370E-09
 3.21356830E+02 1.90522810E-09
 3.21983600E+02 1.89588660E-09
 3.22611600E+02 2.16016260E-09
 3.23240810E+02 2.47248040E-09
 3.23871260E+02 2.38395200E-09
 3.24233030E+02 2.31344390E-09
 3.24502930E+02 2.25868770E-09
 3.25135840E+02 2.36103200E-09
 3.25769980E+02 2.29308980E-09
 3.26405360E+02 2.39865000E-09
 3.27041980E+02 2.61519910E-09
 3.27679840E+02 2.00946750E-09
 3.27740230E+02 2.05055980E-09
 3.27745600E+02 2.05422470E-09
 3.27954120E+02 2.19783810E-09
 3.27959500E+02 2.20149460E-09
 3.28318940E+02 2.45526860E-09
 3.28839200E+02 1.87965610E-09
 3.28844600E+02 1.87352420E-09
 3.28959290E+02 1.74257210E-09
 3.29600890E+02 2.91037380E-09
 3.30243740E+02 1.40853330E-09
 3.30887840E+02 3.02479880E-09
 3.30968620E+02 3.05010390E-09
 3.31533200E+02 3.23093260E-09
 3.32179820E+02 3.40632780E-09
 3.32827700E+02 3.50676810E-09
 3.33125800E+02 3.52407740E-09
 3.33131340E+02 3.52439710E-09
 3.33476850E+02 3.54411030E-09
 3.34127260E+02 3.73105290E-09
 3.34778940E+02 3.69018990E-09
 3.35431880E+02 3.74807950E-09
 3.36086110E+02 4.09064440E-09
 3.36741610E+02 4.11422620E-09
 3.37398380E+02 4.17184630E-09
 3.37447320E+02 4.19544180E-09
 3.38056440E+02 4.49584430E-09
 3.38715780E+02 4.53340630E-09
 3.39376410E+02 4.85734540E-09
 3.40038330E+02 4.90689690E-09
 3.40701540E+02 4.68234290E-09
 3.41366040E+02 5.27281680E-09
 3.41882450E+02 5.37581970E-09
 3.41888290E+02 5.37147000E-09
 3.42031830E+02 5.40035140E-09
 3.42698930E+02 5.52219660E-09
 3.43367320E+02 5.69659740E-09
 3.44037020E+02 5.86942260E-09
 3.44708030E+02 5.99609220E-09
 3.45380350E+02 6.52927300E-09
 3.46053970E+02 6.49460240E-09
 3.46728910E+02 6.65195080E-09
 3.46988970E+02 6.73169170E-09
 3.47405170E+02 6.86102870E-09
 3.48082740E+02 7.05644530E-09
 3.48761640E+02 7.30180300E-09
 3.49441860E+02 7.52519010E-09
 3.50123410E+02 7.59589560E-09
 3.50806290E+02 7.94558270E-09
 3.51490500E+02 8.04091220E-09
 3.52176040E+02 8.45400170E-09
 3.52250350E+02 8.47342600E-09
 3.52256560E+02 8.47251640E-09
 3.52412100E+02 8.51325630E-09
 3.52418310E+02 8.24610320E-09
 3.52862920E+02 8.35857780E-09
 3.53551140E+02 8.68930580E-09
 3.54240700E+02 8.80221130E-09
 3.54931610E+02 7.90063710E-09
 3.55623860E+02 8.00943520E-09
 3.56317470E+02 9.76051650E-09
 3.56692090E+02 9.91199130E-09
 3.57012430E+02 1.00431060E-08
 3.57708740E+02 1.00339250E-08
 3.58406410E+02 1.16647000E-08
 3.59105440E+02 1.05402980E-08
 3.59805840E+02 1.12044540E-08
 3.60507600E+02 1.11456480E-08
 3.61077310E+02 1.17803800E-08
 3.61210730E+02 1.19320990E-08
 3.61915230E+02 1.22511880E-08
 3.62621110E+02 1.25136060E-08
 3.63328360E+02 1.29903950E-08
 3.64036990E+02 1.32529450E-08
 3.64747010E+02 1.32072420E-08
 3.65458410E+02 1.41534840E-08
 3.65571700E+02 1.41714800E-08
 3.66171190E+02 1.42644110E-08
 3.66885370E+02 1.49195810E-08
 3.67600940E+02 1.53590720E-08
 3.67861110E+02 1.53679540E-08
 3.68317900E+02 1.53800730E-08
 3.69036270E+02 1.61684350E-08
 3.69756030E+02 1.66728100E-08
 3.70179390E+02 1.69287780E-08
 3.70186240E+02 1.69297680E-08
 3.70477200E+02 1.71075860E-08
 3.71199770E+02 1.75355570E-08
 3.71923760E+02 1.82338370E-08
 3.72649160E+02 1.18907730E-08
 3.73375970E+02 1.00193180E-08
 3.74104190E+02 2.99276880E-08
 3.74833840E+02 2.58696890E-08
 3.75564920E+02 2.13424260E-08
 3.76297410E+02 2.13184030E-08
 3.77031340E+02 2.18166500E-08
 3.77652630E+02 2.18157420E-08
 3.77766700E+02 2.18143110E-08
 3.78503490E+02 2.26276590E-08
 3.79241720E+02 2.02220360E-08
 3.79981390E+02 2.44453440E-08
 3.80722500E+02 2.50529080E-08
 3.81465060E+02 2.57550700E-08
 3.82209060E+02 2.64102060E-08
 3.82954520E+02 2.71139770E-08
 3.83701430E+02 2.21161490E-08
 3.84449800E+02 2.93541930E-08
 3.85199620E+02 2.14444350E-08
 3.85433840E+02 2.52875800E-08
 3.85441270E+02 2.54104850E-08
 3.85950910E+02 3.39754090E-08
 3.86703670E+02 3.28959330E-08
 3.87457890E+02 3.26897980E-08
 3.88213590E+02 3.25536470E-08
 3.88970750E+02 4.13867920E-08
 3.89193040E+02 3.93822080E-08
 3.89200620E+02 3.90632670E-08
 3.89729400E+02 3.41984740E-08
 3.90489520E+02 3.52912510E-08
 3.91251130E+02 3.59977230E-08
 3.92014220E+02 4.69291260E-08
 3.92778800E+02 3.78026470E-08
 3.93544870E+02 3.88480530E-08
 3.94312440E+02 3.92725530E-08
 3.95081500E+02 4.01504100E-08
 3.95852060E+02 4.22546160E-08
 3.96624130E+02 4.29441000E-08
 3.97046770E+02 4.36273100E-08
 3.97397700E+02 4.42015250E-08
 3.98172780E+02 4.38876600E-08
 3.98949370E+02 4.64399110E-08
 3.99727480E+02 4.77198440E-08
 4.00507110E+02 4.89616070E-08
 4.01288250E+02 5.01897670E-08
 4.02070920E+02 5.13665410E-08
 4.02855110E+02 5.26687240E-08
 4.03640840E+02 5.32911190E-08
 4.04428100E+02 5.54160750E-08
 4.05216890E+02 5.85366000E-08
 4.05223990E+02 5.85327600E-08
 4.05232200E+02 5.85305890E-08
 4.06007220E+02 5.80831570E-08
 4.06799090E+02 5.91062900E-08
 4.07592510E+02 6.11478370E-08
 4.08106300E+02 6.21538900E-08
 4.08387470E+02 6.27102470E-08
 4.09183990E+02 6.42691200E-08
 4.09982050E+02 6.56121790E-08
 4.10781680E+02 6.75306350E-08
 4.11029910E+02 6.79905950E-08
 4.11038350E+02 6.78621710E-08
 4.11582860E+02 6.88776180E-08
 4.12385610E+02 7.05329240E-08
 4.13189920E+02 7.22561850E-08
 4.13995800E+02 7.38859550E-08
 4.14803260E+02 7.59961030E-08
 4.15612290E+02 7.77862620E-08
 4.16422890E+02 7.96192760E-08
 4.17235080E+02 8.17519310E-08
 4.18048850E+02 8.34562020E-08
 4.18050540E+02 8.34885610E-08
 4.18864210E+02 9.93366600E-08
 4.19681160E+02 8.17419460E-08
 4.20499700E+02 8.97910360E-08
 4.21319840E+02 9.21365980E-08
 4.22000000E+02 9.37771520E-08
 4.22141570E+02 9.41214860E-08
 4.22964910E+02 9.57278620E-08
 4.23789860E+02 9.88654860E-08
 4.24616420E+02 1.00191340E-07
 4.25315190E+02 1.02579000E-07
 4.25444580E+02 1.03026240E-07
 4.26274370E+02 1.06044460E-07
 4.27105770E+02 1.07365230E-07
 4.27938790E+02 1.11044120E-07
 4.28773440E+02 1.13406350E-07
 4.29609710E+02 1.17847170E-07
 4.30447620E+02 1.19080500E-07
 4.31287160E+02 1.21802160E-07
 4.32128340E+02 1.24574420E-07
 4.32836770E+02 1.26942680E-07
 4.32971160E+02 1.27395970E-07
 4.33815620E+02 1.29518950E-07
 4.34661730E+02 1.31987270E-07
 4.35509490E+02 1.36732510E-07
 4.36358900E+02 1.39523430E-07
 4.36698220E+02 1.40753510E-07
 4.37209970E+02 1.42625100E-07
 4.38062700E+02 1.45774410E-07
 4.38917090E+02 1.48983400E-07
 4.39773150E+02 1.53103650E-07
 4.40629180E+02 1.50568200E-07
 4.40630880E+02 1.50563000E-07
 4.40638890E+02 1.50628220E-07
 4.41490280E+02 1.57798860E-07
 4.42351360E+02 1.62154690E-07
 4.43214120E+02 1.67115640E-07
 4.43332170E+02 1.67497110E-07
 4.43342000E+02 1.67528380E-07
 4.44078560E+02 1.69920790E-07
 4.44944690E+02 1.74459800E-07
 4.45812500E+02 1.78486130E-07
 4.46543000E+02 1.81903730E-07
 4.46552970E+02 1.81947690E-07
 4.46682010E+02 1.82556960E-07
 4.47553210E+02 1.84223480E-07
 4.48426120E+02 1.90620020E-07
 4.49300720E+02 1.91009620E-07
 4.49716120E+02 1.92450900E-07
 4.49726230E+02 1.92485600E-07
 4.50177030E+02 1.94056870E-07
 4.51055050E+02 2.06903340E-07
 4.51934790E+02 2.09749420E-07
 4.52816240E+02 2.14627650E-07
 4.52875170E+02 2.14816540E-07
 4.52885420E+02 2.14849410E-07
 4.53699400E+02 2.17462370E-07
 4.54584290E+02 2.21653640E-07
 4.55470910E+02 2.27109810E-07
 4.56359260E+02 2.25308330E-07
 4.56474270E+02 2.26652770E-07
 4.57249340E+02 2.35844420E-07
 4.58141150E+02 1.36070500E-06
 4.59034700E+02 2.47213160E-07
 4.59930000E+02 2.64103050E-07
 4.60131030E+02 2.63324340E-07
 4.60141610E+02 2.63282970E-07
 4.60500780E+02 2.61858360E-07
 4.60511380E+02 2.61809770E-07
 4.60827040E+02 2.60522360E-07
 4.61725830E+02 2.61858720E-07
 4.62626380E+02 2.69004160E-07
 4.63528680E+02 2.74736450E-07
 4.63872020E+02 2.75397210E-07
 4.63882780E+02 2.75417780E-07
 4.64432740E+02 2.76458120E-07
 4.65338570E+02 2.79547190E-07
 4.66246160E+02 2.92311990E-07
 4.67155520E+02 2.97815380E-07
 4.68011200E+02 3.04385550E-07
 4.68066660E+02 3.04815330E-07
 4.68979570E+02 2.89815930E-07
 4.69894260E+02 3.17836360E-07
 4.70810740E+02 3.24463770E-07
 4.71729000E+02 3.29661860E-07
 4.72224910E+02 3.32741380E-07
 4.72236060E+02 3.32810780E-07
 4.72649060E+02 3.35391160E-07
 4.73570910E+02 3.43929490E-07
 4.74494560E+02 3.52405630E-07
 4.75420010E+02 3.76914300E-07
 4.76347260E+02 3.66180580E-07
 4.77276320E+02 3.73849330E-07
 4.78207200E+02 3.82304830E-07
 4.78684420E+02 3.86015010E-07
 4.79139890E+02 3.89581420E-07
 4.80074400E+02 3.98093690E-07
 4.81010730E+02 4.05835120E-07
 4.81948890E+02 4.14194470E-07
 4.82888880E+02 4.16846730E-07
 4.83830700E+02 4.31031720E-07
 4.84774360E+02 4.38023260E-07
 4.85323100E+02 4.44132540E-07
 4.85334880E+02 4.44222120E-07
 4.85719850E+02 4.48548640E-07
 4.86667200E+02 4.33653470E-07
 4.87616390E+02 3.48883760E-07
 4.88083090E+02 3.55864470E-07
 4.88567430E+02 3.63202320E-07
 4.89520330E+02 6.27357460E-07
 4.90475080E+02 5.31865290E-07
 4.90874640E+02 5.35436610E-07
 4.90886690E+02 5.35537480E-07
 4.91431700E+02 5.40435090E-07
 4.92390180E+02 5.19977560E-07
 4.93350540E+02 5.17291480E-07
 4.94312760E+02 5.34447950E-07
 4.95263790E+02 5.44066110E-07
 4.95276860E+02 5.44199210E-07
 4.96242850E+02 5.55869110E-07
 4.97210710E+02 5.51774650E-07
 4.98180470E+02 5.76350380E-07
 4.99152110E+02 5.84521550E-07
 4.99732140E+02 5.90341870E-07
 4.99744630E+02 5.90467610E-07
 5.00125660E+02 5.94313680E-07
 5.01101100E+02 6.10593830E-07
 5.02078440E+02 6.21516270E-07
 5.03057690E+02 6.33914440E-07
 5.04038840E+02 6.43977830E-07
 5.04273720E+02 6.39296910E-07
 5.04286430E+02 1.20722620E-05
 5.05021920E+02 1.21220400E-05
 5.06006910E+02 4.05328700E-06
 5.06993820E+02 3.37061320E-06
 5.07982650E+02 1.30200970E-05
 5.08589050E+02 1.49352600E-05
 5.08601990E+02 1.53381030E-05
 5.08973420E+02 1.65432100E-05
 5.09966110E+02 1.34829380E-05
 5.10960750E+02 1.27115760E-05
 5.11957320E+02 1.14020870E-05
 5.12052960E+02 1.14979350E-05
 5.12066070E+02 1.15111390E-05
 5.12955830E+02 1.24061660E-05
 5.13956300E+02 1.33056540E-05
 5.14958710E+02 1.37193800E-05
 5.15963080E+02 1.22494220E-05
 5.16969410E+02 8.18988220E-06
 5.17977700E+02 1.02509050E-05
 5.18987960E+02 8.52889570E-06
 5.20000190E+02 1.32763880E-05
 5.21014390E+02 7.86041130E-06
 5.22030580E+02 1.01098790E-05
 5.22811300E+02 1.22482110E-05
 5.23048740E+02 1.29010770E-05
 5.24068890E+02 1.34180110E-05
 5.25091030E+02 8.44236740E-06
 5.26115160E+02 1.54158950E-05
 5.27141290E+02 1.13956760E-05
 5.28169420E+02 1.49511570E-05
 5.29199550E+02 1.44364240E-05
 5.30000000E+02 1.25306900E-05
 5.30231700E+02 1.19767860E-05
 5.31265860E+02 1.51937480E-05
 5.32302030E+02 1.52967550E-05
 5.33340230E+02 1.54128090E-05
 5.34031420E+02 1.02672620E-05
 5.34045680E+02 1.01608580E-05
 5.34380450E+02 7.65800850E-06
 5.35422700E+02 1.46054110E-05
 5.36466980E+02 1.51783020E-05
 5.37513300E+02 1.47444850E-05
 5.38561660E+02 1.44071470E-05
 5.39612070E+02 5.64110240E-06
 5.40664520E+02 2.42919810E-06
 5.41719030E+02 7.68828830E-06
 5.42775590E+02 2.80638360E-06
 5.43834220E+02 3.65724140E-06
 5.44894900E+02 6.52164850E-06
 5.44984220E+02 7.33415650E-06
 5.45957660E+02 1.62289080E-05
 5.47022490E+02 8.11528800E-06
 5.48089400E+02 2.93415940E-06
 5.49158390E+02 1.66603550E-05
 5.50000000E+02 1.67739270E-05
 5.50229460E+02 1.68050230E-05
 5.51302620E+02 4.50582980E-06
 5.52377880E+02 1.52124570E-05
 5.53455230E+02 2.22506350E-06
 5.54534680E+02 4.05949150E-06
 5.55616240E+02 1.78432900E-05
 5.56395710E+02 1.77868000E-05
 5.56411190E+02 1.77856730E-05
 5.56699910E+02 1.77646280E-05
 5.57785690E+02 1.74369350E-05
 5.58873590E+02 1.79902510E-05
 5.59963610E+02 1.64542780E-05
 5.61055760E+02 1.82266260E-05
 5.62150040E+02 1.80214880E-05
 5.63246450E+02 1.84710050E-05
 5.64345000E+02 1.85776870E-05
 5.65161420E+02 1.86144470E-05
 5.65445690E+02 1.86272800E-05
 5.66548530E+02 1.63565860E-05
 5.67653520E+02 1.89814250E-05
 5.68760670E+02 1.88611110E-05
 5.69869970E+02 1.88994820E-05
 5.70981440E+02 1.94064920E-05
 5.72095080E+02 1.93809910E-05
 5.73210880E+02 1.95497340E-05
 5.74207740E+02 8.23178440E-06
 5.74224220E+02 8.04628470E-06
 5.74328870E+02 6.85170080E-06
 5.75449030E+02 1.99708280E-05
 5.76571380E+02 1.85333260E-05
 5.77695920E+02 9.32872080E-06
 5.78822650E+02 2.02646330E-05
 5.79498500E+02 1.60136150E-05
 5.79515290E+02 1.59076650E-05
 5.79951580E+02 1.31490650E-05
 5.81082720E+02 1.66737020E-05
 5.82216050E+02 2.07191580E-05
 5.83351600E+02 1.90710730E-05
 5.83639650E+02 1.91341050E-05
 5.84489360E+02 1.93208680E-05
 5.85629350E+02 1.17009900E-05
 5.86771550E+02 1.93635870E-05
 5.87840400E+02 2.14024520E-05
 5.87857680E+02 2.14355850E-05
 5.87915980E+02 2.15473800E-05
 5.89062650E+02 2.16755590E-05
 5.90211550E+02 2.18940140E-05
 5.91362690E+02 2.20398810E-05
 5.92516080E+02 2.20378200E-05
 5.93671720E+02 2.23968560E-05
 5.94829610E+02 1.19131580E-05
 5.95989760E+02 2.25353290E-05
 5.97152170E+02 2.24599550E-05
 5.98316850E+02 1.99476280E-05
 5.99483800E+02 1.28556800E-05
 6.00653030E+02 2.39573590E-05
 6.01824540E+02 2.35511040E-05
 6.02998330E+02 2.04262840E-05
 6.03379230E+02 2.14845120E-05
 6.04174410E+02 2.37056120E-05
 6.05352790E+02 1.74204460E-05
 6.06533460E+02 1.83725930E-05
 6.07716440E+02 9.98326410E-06
 6.08901720E+02 9.64407650E-06
 6.10089320E+02 1.89427170E-05
 6.11279230E+02 2.49765110E-05
 6.12471460E+02 8.47297590E-06
 6.13666020E+02 2.53905210E-05
 6.14862910E+02 2.52581280E-05
 6.16062130E+02 1.38309090E-05
 6.17263690E+02 2.33280330E-05
 6.18467590E+02 2.61577020E-05
 6.19673850E+02 2.63583170E-05
 6.19761850E+02 2.63732420E-05
 6.20882450E+02 2.65639630E-05
 6.22093420E+02 2.09482740E-05
 6.23306740E+02 2.69462480E-05
 6.24522430E+02 2.59199770E-05
 6.25000000E+02 2.63804180E-05
 6.25740490E+02 2.70981080E-05
 6.26960930E+02 2.63327420E-05
 6.28183750E+02 2.75844450E-05
 6.29408950E+02 2.79003310E-05
 6.30636540E+02 2.82107750E-05
 6.31866530E+02 2.83046440E-05
 6.33098920E+02 2.78490760E-05
 6.34333710E+02 2.87630360E-05
 6.35570900E+02 2.86555200E-05
 6.36810520E+02 1.83442470E-05
 6.37058930E+02 2.05653570E-05
 6.38052540E+02 2.94999770E-05
 6.39297000E+02 2.98338430E-05
 6.40543870E+02 2.99406700E-05
 6.41793180E+02 9.75885270E-06
 6.43044930E+02 3.04684710E-05
 6.44299120E+02 3.01907990E-05
 6.45555750E+02 3.07002940E-05
 6.46074650E+02 2.89307370E-05
 6.46814840E+02 2.63916870E-05
 6.48076380E+02 2.62714500E-05
 6.49340380E+02 3.15060780E-05
 6.50606850E+02 2.48172150E-05
 6.51875780E+02 3.21479590E-05
 6.53147200E+02 3.23570900E-05
 6.54421090E+02 1.67441250E-05
 6.55349220E+02 2.84166210E-05
 6.55370700E+02 2.86884870E-05
 6.55697460E+02 3.28220460E-05
 6.56976330E+02 3.15203370E-05
 6.58257690E+02 2.92742210E-05
 6.59541550E+02 3.18513180E-05
 6.60827910E+02 3.03864000E-05
 6.62116780E+02 3.40888230E-05
 6.63408170E+02 3.45478040E-05
 6.64702070E+02 3.31354440E-05
 6.65523740E+02 3.39395290E-05
 6.65998500E+02 3.44065420E-05
 6.67297460E+02 2.79732540E-05
 6.68598950E+02 3.55506130E-05
 6.69902980E+02 3.55563120E-05
 6.71209550E+02 3.60259520E-05
 6.72518670E+02 3.63757330E-05
 6.73830340E+02 3.60576220E-05
 6.75144570E+02 3.67589170E-05
 6.76019170E+02 3.63871820E-05
 6.76042020E+02 3.63772940E-05
 6.76461370E+02 3.61977370E-05
 6.77780730E+02 3.74229770E-05
 6.79102670E+02 3.29670640E-05
 6.80427180E+02 3.80343450E-05
 6.81098690E+02 3.81517520E-05
 6.81754280E+02 3.82665970E-05
 6.83083970E+02 3.31601240E-05
 6.84416250E+02 2.98043960E-05
 6.85751130E+02 4.40713730E-05
 6.86255130E+02 3.92448320E-05
 6.86278680E+02 3.90188130E-05
 6.87088610E+02 3.12166610E-05
 6.88428700E+02 3.06422360E-05
 6.89771400E+02 4.02222840E-05
 6.91116730E+02 4.05009650E-05
 6.92464670E+02 4.08014330E-05
 6.93815250E+02 4.11473490E-05
 6.94942120E+02 3.14183920E-05
 6.95168460E+02 2.94529860E-05
 6.96524310E+02 4.16758780E-05
 6.97882800E+02 4.15299910E-05
 6.99243940E+02 4.24189020E-05
 7.00000000E+02 2.48182450E-05
 7.00607740E+02 1.05890280E-05
 7.01974200E+02 9.84694190E-06
 7.03343320E+02 4.03188280E-05
 7.03851860E+02 4.66372670E-05
 7.04715120E+02 5.74233750E-05
 7.06089590E+02 4.52552800E-05
 7.07466740E+02 4.36665760E-05
 7.08846570E+02 4.45568610E-05
 7.10229100E+02 4.50954510E-05
 7.11614320E+02 4.54404950E-05
 7.12993030E+02 4.56450190E-05
 7.13002250E+02 4.56463860E-05
 7.14392880E+02 4.61069810E-05
 7.15786220E+02 4.64839510E-05
 7.17182290E+02 4.68414350E-05
 7.17653240E+02 3.58374700E-05
 7.18581070E+02 1.40352950E-05
 7.19982580E+02 4.75046660E-05
 7.21386830E+02 4.76407200E-05
 7.22374760E+02 4.80898470E-05
 7.22400860E+02 4.81024360E-05
 7.22793820E+02 4.82817640E-05
 7.24203550E+02 4.83306010E-05
 7.25514610E+02 4.87980720E-05
 7.25540930E+02 4.88075640E-05
 7.25616020E+02 4.88344270E-05
 7.27031260E+02 4.93902070E-05
 7.28449250E+02 4.97350520E-05
 7.29870010E+02 4.97126940E-05
 7.30000000E+02 4.97857280E-05
 7.31293540E+02 5.05154240E-05
 7.32719850E+02 5.08940820E-05
 7.34148940E+02 5.11549900E-05
 7.35580820E+02 5.16097370E-05
 7.37015490E+02 5.03105290E-05
 7.38452950E+02 5.16171100E-05
 7.39893220E+02 5.27522860E-05
 7.41336300E+02 5.30465590E-05
 7.42782200E+02 5.36069170E-05
 7.44230910E+02 5.32843180E-05
 7.45682450E+02 5.44233340E-05
 7.47136830E+02 5.45023220E-05
 7.47989310E+02 5.54081030E-05
 7.48594030E+02 5.60535680E-05
 7.50054080E+02 4.22957780E-05
 7.51516980E+02 5.60873850E-05
 7.52982730E+02 5.57992970E-05
 7.54451340E+02 5.61834720E-05
 7.55922820E+02 5.71779700E-05
 7.57397160E+02 5.75364810E-05
 7.58874380E+02 5.81531220E-05
 7.60354480E+02 5.84713000E-05
 7.61837470E+02 5.32554360E-05
 7.63323350E+02 2.24038170E-05
 7.64812130E+02 5.11631730E-05
 7.66303810E+02 6.98590330E-05
 7.67798400E+02 6.23595830E-05
 7.69295900E+02 5.95263040E-05
 7.70796330E+02 6.14838140E-05
 7.71900950E+02 6.02981730E-05
 7.72299680E+02 5.98675300E-05
 7.73805970E+02 6.25662770E-05
 7.75315190E+02 6.29660290E-05
 7.76827360E+02 6.05853300E-05
 7.78342480E+02 6.39193000E-05
 7.79860550E+02 6.21053940E-05
 7.81381580E+02 6.48432060E-05
 7.82905580E+02 6.52943980E-05
 7.84432550E+02 3.22212720E-05
 7.85962500E+02 6.77098220E-05
 7.87495430E+02 7.46964480E-05
 7.89031350E+02 5.85765910E-05
 7.90000000E+02 7.04482810E-05
 7.90570270E+02 7.74728960E-05
 7.92112190E+02 6.82895080E-05
 7.93657120E+02 6.86392270E-05
 7.95205060E+02 6.88974260E-05
 7.96756020E+02 6.77050080E-05
 7.97391890E+02 6.86808410E-05
 7.98310000E+02 7.00960030E-05
 7.99867020E+02 7.05507410E-05
 8.01427070E+02 4.88837270E-05
 8.02990170E+02 7.14610070E-05
 8.04556310E+02 7.20645860E-05
 8.06125510E+02 7.25970200E-05
 8.07697770E+02 7.30883180E-05
 8.09273090E+02 7.28569600E-05
 8.10779310E+02 7.40291400E-05
 8.10851490E+02 7.40855110E-05
 8.12432970E+02 7.46385240E-05
 8.14017530E+02 7.47401310E-05
 8.15605180E+02 6.67753790E-05
 8.17195930E+02 7.29279720E-05
 8.18789780E+02 7.67276220E-05
 8.20386740E+02 6.67157810E-05
 8.21986810E+02 7.77187680E-05
 8.23590000E+02 7.83086280E-05
 8.24623930E+02 7.86063510E-05
 8.24657930E+02 7.86161540E-05
 8.25196330E+02 7.87713240E-05
 8.26805780E+02 7.93595160E-05
 8.28418370E+02 7.87885750E-05
 8.30000000E+02 5.85330760E-05
 8.30034110E+02 5.80940690E-05
 8.31653000E+02 3.52715090E-05
 8.33275050E+02 4.63100790E-05
 8.34900260E+02 8.92035530E-05
 8.36528640E+02 9.60064860E-05
 8.38160200E+02 8.57510500E-05
 8.39794940E+02 8.26104610E-05
 8.40282470E+02 8.29450180E-05
 8.41432860E+02 8.37368410E-05
 8.43073990E+02 8.39847230E-05
 8.44718310E+02 8.57886890E-05
 8.46365840E+02 8.59503960E-05
 8.48016580E+02 7.64191670E-05
 8.49670550E+02 8.60598940E-05
 8.50000000E+02 8.27533580E-05
 8.51327730E+02 6.93644380E-05
 8.52988150E+02 8.78794350E-05
 8.54651810E+02 8.58618520E-05
 8.56318720E+02 7.46169250E-05
 8.56547190E+02 7.67552330E-05
 8.57988870E+02 9.03084690E-05
 8.59662290E+02 7.96338720E-05
 8.61338960E+02 8.99970060E-05
 8.63018910E+02 8.14924410E-05
 8.64702130E+02 9.22811370E-05
 8.66388640E+02 9.28714210E-05
 8.68078430E+02 9.36247180E-05
 8.69771520E+02 9.42087650E-05
 8.70000000E+02 9.42820430E-05
 8.71467920E+02 9.47531670E-05
 8.73167620E+02 9.34987070E-05
 8.73453990E+02 9.39251840E-05
 8.74870640E+02 9.60426060E-05
 8.76576980E+02 9.52494150E-05
 8.78286640E+02 9.14614960E-05
 8.79999640E+02 8.99106180E-05
 8.81715990E+02 9.84257090E-05
 8.82160160E+02 9.85651040E-05
 8.83435670E+02 9.89655790E-05
 8.85158720E+02 9.96796090E-05
 8.86885120E+02 1.00343840E-04
 8.88614890E+02 1.01011840E-04
 8.90348040E+02 1.01643160E-04
 8.91041650E+02 1.01873680E-04
 8.91081350E+02 1.01886880E-04
 8.92084570E+02 1.02220500E-04
 8.93824480E+02 1.02901070E-04
 8.95567780E+02 1.02616740E-04
 8.97314490E+02 1.04191280E-04
 8.99064600E+02 1.03962140E-04
 9.00000000E+02 1.05098760E-04
 9.00440900E+02 1.04635770E-04
 9.00882220E+02 1.05167830E-04
 9.01323990E+02 1.05698490E-04
 9.01766180E+02 1.05647870E-04
 9.02208810E+02 1.05999300E-04
 9.02650790E+02 1.06034020E-04
 9.03093200E+02 1.06287660E-04
 9.03536040E+02 1.05388500E-04
 9.03979320E+02 8.74272980E-05
 9.04423040E+02 9.65501060E-05
 9.04866100E+02 1.06923800E-04
 9.05309600E+02 9.48155470E-05
 9.05753530E+02 1.07008900E-04
 9.06197900E+02 1.07469640E-04
 9.06642700E+02 1.07434660E-04
 9.07086850E+02 1.07414980E-04
 9.07531440E+02 1.07941230E-04
 9.07976460E+02 1.08132560E-04
 9.08421920E+02 1.08274650E-04
 9.08867810E+02 1.25780480E-04
 9.09313050E+02 1.16869510E-04
 9.09758730E+02 1.09057250E-04
 9.10204840E+02 1.08941540E-04
 9.10651390E+02 1.24112120E-04
 9.11098380E+02 1.09286620E-04
 9.11544720E+02 1.09445210E-04
 9.11991490E+02 1.88752980E-03
 9.12438700E+02 1.83711810E-03
 9.12886340E+02 1.88499740E-03
 9.13334430E+02 1.60422880E-03
 9.13781860E+02 1.88892710E-03
 9.14229720E+02 1.81069650E-03
 9.14678030E+02 1.87249680E-03
 9.15126780E+02 1.87990920E-03
 9.15575960E+02 1.88095420E-03
 9.16024490E+02 1.89165610E-03
 9.16473460E+02 1.84451490E-03
 9.16922860E+02 1.88580480E-03
 9.17372710E+02 1.88562940E-03
 9.17823000E+02 1.88662720E-03
 9.18272630E+02 1.88615320E-03
 9.18722690E+02 7.42250820E-04
 9.19173200E+02 1.59957470E-03
 9.19624150E+02 1.82752040E-03
 9.20075550E+02 1.87250220E-03
 9.20526280E+02 1.86908540E-03
 9.20977450E+02 8.40077430E-05
 9.21429070E+02 1.70639530E-03
 9.21881120E+02 1.26268430E-03
 9.22333630E+02 1.78506350E-03
 9.22785460E+02 1.76443050E-03
 9.23237740E+02 8.86545220E-04
 9.23690470E+02 8.24943020E-04
 9.24143630E+02 1.73123630E-03
 9.24597250E+02 1.91249310E-03
 9.25050190E+02 1.86820110E-03
 9.25503580E+02 1.89201810E-03
 9.25957420E+02 1.88884960E-03
 9.26411700E+02 6.04214520E-04
 9.26866420E+02 1.88883210E-03
 9.27320480E+02 1.88519160E-03
 9.27774980E+02 1.88830950E-03
 9.28229930E+02 1.88113870E-03
 9.28685330E+02 1.77768480E-03
 9.29141170E+02 5.41173930E-04
 9.29596340E+02 1.77852230E-03
 9.30051960E+02 8.98719960E-04
 9.30508020E+02 1.69567410E-03
 9.30964530E+02 1.27494830E-03
 9.31421490E+02 1.79318960E-03
 9.31877780E+02 1.81500020E-03
 9.32334520E+02 1.83715870E-03
 9.32791700E+02 1.87216480E-03
 9.33249340E+02 1.87024310E-03
 9.33707420E+02 1.88641080E-03
 9.34164830E+02 1.88613450E-03
 9.34622680E+02 1.87143320E-03
 9.35080990E+02 1.87443050E-03
 9.35539750E+02 1.87887070E-03
 9.35998950E+02 1.86831280E-03
 9.36457480E+02 1.87088660E-03
 9.36916460E+02 1.73588820E-03
 9.37375890E+02 1.03285070E-03
 9.37835780E+02 8.35023910E-05
 9.38296110E+02 1.87947550E-03
 9.38755770E+02 1.86696950E-03
 9.39215870E+02 1.88128910E-03
 9.39676430E+02 1.88223860E-03
 9.40137440E+02 1.88214310E-03
 9.40598910E+02 1.88288140E-03
 9.41059690E+02 1.88334000E-03
 9.41520930E+02 1.88337550E-03
 9.41982620E+02 1.88109240E-03
 9.42444760E+02 1.54251500E-03
 9.42907350E+02 1.86937990E-03
 9.43369270E+02 1.86170730E-03
 9.43831640E+02 1.85432030E-03
 9.44294460E+02 1.85726400E-03
 9.44757730E+02 1.85789820E-03
 9.45221470E+02 1.87042590E-03
 9.45684510E+02 1.85023320E-03
 9.46148020E+02 1.87849370E-03
 9.46611980E+02 1.83472270E-03
 9.47076390E+02 1.87897750E-03
 9.47541260E+02 1.88008770E-03
 9.48005440E+02 1.70504780E-03
 9.48470080E+02 1.83806560E-03
 9.48935180E+02 3.37719130E-04
 9.49400730E+02 7.89066770E-04
 9.49866740E+02 9.03121230E-05
 9.50332070E+02 1.49714230E-03
 9.50797850E+02 1.83353870E-03
 9.51264090E+02 1.85116480E-03
 9.51730780E+02 1.88016060E-03
 9.52197940E+02 1.87987790E-03
 9.52664400E+02 1.87886280E-03
 9.53131330E+02 1.87932230E-03
 9.53598710E+02 1.87013990E-03
 9.54066550E+02 1.84680980E-03
 9.54534850E+02 1.87758650E-03
 9.55002460E+02 1.66348290E-03
 9.55470530E+02 1.87530970E-03
 9.55939060E+02 1.86847040E-03
 9.56408050E+02 1.80698080E-03
 9.56877500E+02 1.84794560E-03
 9.57346260E+02 1.81176940E-03
 9.57815480E+02 1.75926710E-03
 9.58285160E+02 1.71169780E-03
 9.58755300E+02 6.12834140E-04
 9.59225900E+02 1.71583710E-03
 9.59695810E+02 1.75861000E-03
 9.60166180E+02 1.82234580E-03
 9.60637010E+02 1.87149570E-03
 9.61108300E+02 1.87375690E-03
 9.61580060E+02 1.87337270E-03
 9.62051120E+02 1.85471180E-03
 9.62522650E+02 1.86815190E-03
 9.62994630E+02 1.86162270E-03
 9.63467090E+02 1.87403800E-03
 9.63940000E+02 1.74316490E-03
 9.64412220E+02 1.86237560E-03
 9.64884900E+02 1.87521480E-03
 9.65358050E+02 1.87413540E-03
 9.65831660E+02 1.87519020E-03
 9.66305730E+02 1.87466660E-03
 9.66779110E+02 1.83959780E-03
 9.67252950E+02 1.65555920E-03
 9.67727260E+02 1.80851780E-03
 9.68202030E+02 1.86028590E-03
 9.68677270E+02 1.86750890E-03
 9.69151810E+02 1.86837980E-03
 9.69626810E+02 1.81008500E-03
 9.70102280E+02 1.86824610E-03
 9.70578220E+02 1.78952560E-03
 9.71054630E+02 1.85406360E-03
 9.71530330E+02 1.84318740E-03
 9.72006500E+02 1.49508400E-03
 9.72483140E+02 1.18567680E-04
 9.72960250E+02 8.62213750E-04
 9.73437820E+02 3.04997570E-05
 9.73914690E+02 3.63867250E-05
 9.74392030E+02 1.46819840E-04
 9.74869840E+02 5.18561080E-04
 9.75348120E+02 1.05114720E-03
 9.75826860E+02 1.54080650E-03
 9.76304900E+02 1.96600480E-03
 9.76783410E+02 2.22861060E-03
 9.77262390E+02 3.03345530E-03
 9.77741850E+02 2.67429500E-03
 9.78221770E+02 2.45398640E-03
 9.78700980E+02 2.32037260E-03
 9.79180670E+02 2.14404580E-03
 9.79660820E+02 1.95532380E-03
 9.80141450E+02 1.92087050E-03
 9.80622550E+02 1.86937100E-03
 9.81102940E+02 1.46630880E-03
 9.81583800E+02 1.85621460E-03
 9.82065140E+02 1.82352030E-03
 9.82546940E+02 1.84094610E-03
 9.83029220E+02 1.83195210E-03
 9.83510790E+02 1.00985370E-03
 9.83992840E+02 1.75080210E-03
 9.84475350E+02 1.73264490E-03
 9.84958340E+02 1.68919860E-03
 9.85441800E+02 1.69049730E-03
 9.85924560E+02 8.19041830E-04
 9.86407780E+02 1.63873750E-03
 9.86891480E+02 1.62194610E-03
 9.87375660E+02 1.66226590E-03
 9.87860310E+02 1.61056700E-03
 9.88344240E+02 1.53430660E-03
 9.88828660E+02 1.34475290E-03
 9.89313540E+02 1.56477130E-03
 9.89798900E+02 1.08918170E-03
 9.90284740E+02 1.57308300E-03
 9.90769870E+02 1.13182670E-03
 9.91255470E+02 6.67278490E-04
 9.91741550E+02 2.13433680E-03
 9.92228100E+02 2.02252720E-03
 9.92715130E+02 1.97352450E-03
 9.93201450E+02 1.94925230E-03
 9.93688240E+02 1.91897480E-03
 9.94175510E+02 1.87016020E-03
 9.94663260E+02 1.62740530E-03
 9.95151480E+02 4.73418460E-04
 9.95638990E+02 1.85639380E-03
 9.96126980E+02 1.83341490E-03
 9.96615450E+02 1.80907110E-03
 9.97104390E+02 5.86042200E-04
 9.97593820E+02 5.32744130E-04
 9.98082520E+02 1.84781020E-03
 9.98571710E+02 1.85002270E-03
 9.99061370E+02 1.83780580E-03
 9.99551520E+02 1.85526080E-03
 1.00004210E+03 1.85752020E-03
 1.00053200E+03 1.83182030E-03
 1.00102240E+03 1.75137270E-03
 1.00151330E+03 1.85758660E-03
 1.00200460E+03 1.73606680E-03
 1.00249650E+03 8.92577740E-04
 1.00298760E+03 1.85060920E-03
 1.00347920E+03 1.85302620E-03
 1.00397120E+03 1.85229450E-03
 1.00446380E+03 1.85309280E-03
 1.00495680E+03 1.85155600E-03
 1.00544910E+03 1.77647020E-03
 1.00594190E+03 9.64970940E-04
 1.00643520E+03 1.84333230E-03
 1.00692900E+03 1.77172990E-03
 1.00742320E+03 1.84559890E-03
 1.00791680E+03 1.77759010E-03
 1.00841080E+03 1.67794720E-03
 1.00890520E+03 1.78406990E-03
 1.00940020E+03 1.85135790E-03
 1.00989570E+03 6.13351630E-04
 1.01039040E+03 5.53885020E-04
 1.01088560E+03 1.84830120E-03
 1.01138130E+03 1.83305660E-03
 1.01187750E+03 1.85080620E-03
 1.01237420E+03 1.60379970E-03
 1.01287010E+03 1.76093380E-03
 1.01336660E+03 1.85068070E-03
 1.01386350E+03 1.85280840E-03
 1.01436090E+03 1.85475480E-03
 1.01485880E+03 1.84261530E-03
 1.01535600E+03 1.84685960E-03
 1.01585360E+03 1.84588290E-03
 1.01635180E+03 1.81414420E-03
 1.01685040E+03 1.84207740E-03
 1.01734950E+03 1.82078850E-03
 1.01784790E+03 1.81207850E-03
 1.01834680E+03 1.30689040E-03
 1.01884610E+03 1.84406630E-03
 1.01934600E+03 1.83146030E-03
 1.01984630E+03 1.54470960E-03
 1.02034590E+03 1.84552970E-03
 1.02084600E+03 1.85102640E-03
 1.02134660E+03 1.84124850E-03
 1.02184770E+03 1.84863790E-03
 1.02234920E+03 1.85080490E-03
 1.02285010E+03 1.70617660E-03
 1.02335140E+03 1.85066290E-03
 1.02385320E+03 1.84348380E-03
 1.02435550E+03 1.84256880E-03
 1.02485830E+03 1.84566200E-03
 1.02536040E+03 6.84064610E-04
 1.02586290E+03 1.32011710E-04
 1.02636600E+03 1.82534690E-03
 1.02686950E+03 1.79503070E-03
 1.02737360E+03 1.84161850E-03
 1.02787690E+03 1.84338870E-03
 1.02838070E+03 1.84705380E-03
 1.02888490E+03 1.81179640E-03
 1.02938970E+03 1.77650490E-03
 1.02989500E+03 1.66969990E-03
 1.03039950E+03 1.71309670E-03
 1.03090450E+03 6.37273850E-04
 1.03141010E+03 1.71155150E-03
 1.03191610E+03 1.79425340E-03
 1.03242260E+03 1.78459520E-03
 1.03292830E+03 1.84268840E-03
 1.03343460E+03 1.84592330E-03
 1.03394140E+03 1.58201570E-03
 1.03444860E+03 1.84501620E-03
 1.03495640E+03 1.79667030E-03
 1.03546340E+03 7.68571950E-04
 1.03597090E+03 1.84160740E-03
 1.03647890E+03 1.81544980E-03
 1.03698740E+03 3.94147540E-04
 1.03749640E+03 1.71041860E-03
 1.03800470E+03 1.54761130E-03
 1.03851340E+03 1.83569500E-03
 1.03902270E+03 1.79949590E-03
 1.03953240E+03 1.66801360E-03
 1.04004270E+03 1.84185080E-03
 1.04055220E+03 1.84335620E-03
 1.04106220E+03 1.84312250E-03
 1.04157270E+03 1.80518520E-03
 1.04208370E+03 1.84265370E-03
 1.04259520E+03 1.84241900E-03
 1.04310590E+03 1.84218560E-03
 1.04361720E+03 1.84096830E-03
 1.04412890E+03 1.84171810E-03
 1.04464120E+03 1.84136320E-03
 1.04515390E+03 1.83677220E-03
 1.04566590E+03 1.83794540E-03
 1.04617840E+03 1.83623840E-03
 1.04669150E+03 1.83473720E-03
 1.04720500E+03 1.83491350E-03
 1.04771900E+03 1.83664450E-03
 1.04823220E+03 1.83849200E-03
 1.04874600E+03 1.83937120E-03
 1.04926030E+03 1.83603490E-03
 1.04977510E+03 1.83835500E-03
 1.05029030E+03 1.83700100E-03
 1.05080490E+03 1.83712030E-03
 1.05131990E+03 1.80975020E-03
 1.05183540E+03 1.83598880E-03
 1.05235140E+03 1.83535860E-03
 1.05286800E+03 1.81224670E-03
 1.05338380E+03 1.83495790E-03
 1.05390010E+03 1.83529300E-03
 1.05441690E+03 1.83580070E-03
 1.05493420E+03 1.83600830E-03
 1.05545200E+03 1.60662930E-03
 1.05596900E+03 1.82786880E-03
 1.05648660E+03 1.82006250E-03
 1.05700460E+03 1.83404530E-03
 1.05752320E+03 1.81965370E-03
 1.05804230E+03 1.83497400E-03
 1.05856060E+03 1.79778990E-03
 1.05907940E+03 1.83379390E-03
 1.05959880E+03 1.83128480E-03
 1.06011860E+03 1.81506160E-03
 1.06063900E+03 1.81557520E-03
 1.06115860E+03 1.55248550E-03
 1.06167870E+03 1.13613020E-03
 1.06219930E+03 1.78607910E-03
 1.06272040E+03 3.03534620E-04
 1.06324200E+03 1.73959080E-03
 1.06376290E+03 1.83210980E-03
 1.06428430E+03 1.83225520E-03
 1.06480620E+03 1.83180020E-03
 1.06532860E+03 1.83147110E-03
 1.06585150E+03 1.67065600E-03
 1.06637360E+03 1.83118850E-03
 1.06689630E+03 1.83108270E-03
 1.06741940E+03 1.81956810E-03
 1.06794310E+03 1.81862020E-03
 1.06846730E+03 1.83021560E-03
 1.06899070E+03 1.21017500E-03
 1.06951470E+03 1.79538580E-03
 1.07003910E+03 1.82348560E-03
 1.07056410E+03 1.47918030E-03
 1.07108960E+03 1.82224700E-03
 1.07161430E+03 1.80389960E-03
 1.07213950E+03 1.75140520E-03
 1.07266530E+03 1.68497080E-03
 1.07319150E+03 1.70075890E-03
 1.07371830E+03 1.69582180E-03
 1.07424430E+03 1.72025650E-03
 1.07477080E+03 1.75252180E-03
 1.07529780E+03 1.77515190E-03
 1.07582540E+03 1.82042810E-03
 1.07635340E+03 1.81853340E-03
 1.07688070E+03 1.82347580E-03
 1.07740850E+03 1.82487280E-03
 1.07793690E+03 1.82039700E-03
 1.07846570E+03 1.82361210E-03
 1.07899510E+03 1.82024960E-03
 1.07952360E+03 1.79160400E-03
 1.08005270E+03 1.82005940E-03
 1.08058240E+03 1.82065950E-03
 1.08111250E+03 1.81970230E-03
 1.08164320E+03 1.82021210E-03
 1.08217300E+03 1.82225790E-03
 1.08270340E+03 1.82221660E-03
 1.08323440E+03 1.62791220E-03
 1.08376580E+03 1.80337220E-03
 1.08429780E+03 1.81022570E-03
 1.08482890E+03 1.71504740E-03
 1.08536060E+03 1.81794960E-03
 1.08589290E+03 1.79903270E-03
 1.08642560E+03 1.80374580E-03
 1.08695890E+03 1.80355480E-03
 1.08749140E+03 1.81116610E-03
 1.08802440E+03 1.74102660E-03
 1.08855790E+03 1.78209480E-03
 1.08909200E+03 1.54344840E-03
 1.08962650E+03 1.38471970E-03
 1.09016030E+03 1.79464750E-03
 1.09069460E+03 1.80421760E-03
 1.09122950E+03 1.81361740E-03
 1.09176480E+03 1.81016230E-03
 1.09230070E+03 1.79097580E-03
 1.09283580E+03 1.80852330E-03
 1.09337140E+03 1.74903080E-03
 1.09390760E+03 1.81773090E-03
 1.09444430E+03 1.81784900E-03
 1.09498150E+03 1.81733830E-03
 1.09551790E+03 1.62730460E-03
 1.09605480E+03 1.81105400E-03
 1.09659230E+03 1.15704730E-03
 1.09713030E+03 1.81433810E-03
 1.09766880E+03 1.31876010E-03
 1.09820650E+03 1.52556770E-03
 1.09874480E+03 1.81271570E-03
 1.09928360E+03 1.81290730E-03
 1.09982290E+03 1.81302930E-03
 1.10036280E+03 1.81380740E-03
 1.10090180E+03 1.81425960E-03
 1.10144140E+03 1.81421990E-03
 1.10198150E+03 1.81340420E-03
 1.10252210E+03 1.81386160E-03
 1.10306330E+03 1.75143770E-03
 1.10360370E+03 1.81192430E-03
 1.10414460E+03 1.63299730E-03
 1.10468600E+03 1.81295410E-03
 1.10522800E+03 1.81270860E-03
 1.10577050E+03 1.81203750E-03
 1.10631220E+03 1.81061340E-03
 1.10685440E+03 1.81049240E-03
 1.10739720E+03 1.79306640E-03
 1.10794050E+03 1.58703090E-03
 1.10848430E+03 7.36208360E-04
 1.10902730E+03 1.80805350E-03
 1.10957090E+03 1.79002300E-03
 1.11011500E+03 1.80013660E-03
 1.11065960E+03 1.80088960E-03
 1.11120480E+03 1.78936670E-03
 1.11174910E+03 1.79209790E-03
 1.11229400E+03 1.77823930E-03
 1.11283940E+03 1.79993760E-03
 1.11338540E+03 1.80174090E-03
 1.11393190E+03 1.78785350E-03
 1.11447760E+03 1.78203410E-03
 1.11502380E+03 1.78704790E-03
 1.11557060E+03 1.78966870E-03
 1.11611790E+03 1.77997650E-03
 1.11666580E+03 1.73346010E-03
 1.11721280E+03 1.77808970E-03
 1.11776040E+03 1.77359730E-03
 1.11830850E+03 1.81201770E-03
 1.11885710E+03 1.81483700E-03
 1.11940630E+03 1.72593160E-03
 1.11995470E+03 1.80817040E-03
 1.12050360E+03 1.80653810E-03
 1.12105310E+03 1.78136280E-03
 1.12160310E+03 1.80308360E-03
 1.12215360E+03 1.80418760E-03
 1.12270330E+03 1.80326050E-03
 1.12325360E+03 1.77219460E-03
 1.12380440E+03 5.53327480E-04
 1.12435570E+03 1.72057770E-03
 1.12490760E+03 3.03097360E-04
 1.12545870E+03 1.72836220E-03
 1.12601030E+03 1.74307420E-03
 1.12656250E+03 1.75857850E-03
 1.12711520E+03 1.79357720E-03
 1.12766840E+03 1.77710400E-03
 1.12822080E+03 4.95631860E-04
 1.12877380E+03 5.77162790E-04
 1.12932730E+03 1.75678020E-03
 1.12988140E+03 1.74062960E-03
 1.13043600E+03 6.87533740E-04
 1.13098980E+03 1.79260200E-03
 1.13154410E+03 1.80032450E-03
 1.13209890E+03 1.79969350E-03
 1.13265440E+03 1.79912870E-03
 1.13321030E+03 1.79870700E-03
 1.13376550E+03 1.79861110E-03
 1.13432110E+03 1.77007090E-03
 1.13487740E+03 1.74771720E-03
 1.13543420E+03 1.78041610E-03
 1.13599150E+03 1.79747750E-03
 1.13654800E+03 1.79687080E-03
 1.13710500E+03 1.79625940E-03
 1.13766260E+03 1.79565770E-03
 1.13822080E+03 1.79348430E-03
 1.13877950E+03 1.79004680E-03
 1.13933730E+03 1.19803390E-03
 1.13989580E+03 1.48669590E-03
 1.14045470E+03 1.78760080E-03
 1.14101420E+03 1.79485270E-03
 1.14157430E+03 8.63517070E-04
 1.14213350E+03 1.79414210E-03
 1.14269330E+03 1.79383550E-03
 1.14325370E+03 1.79346880E-03
 1.14381450E+03 1.79012530E-03
 1.14437600E+03 1.50611890E-03
 1.14493660E+03 1.24536650E-03
 1.14549780E+03 1.79283560E-03
 1.14605950E+03 1.79233860E-03
 1.14662170E+03 1.79222300E-03
 1.14718450E+03 1.78060190E-03
 1.14774650E+03 1.78674230E-03
 1.14830910E+03 1.79005340E-03
 1.14887220E+03 1.79106660E-03
 1.14943580E+03 1.79066360E-03
 1.15000000E+03 1.78217970E-03
 1.15000000E+03 1.78217970E-03
 1.15072300E+03 1.77624500E-03
 1.15144690E+03 1.78985370E-03
 1.15217170E+03 1.75105350E-03
 1.15289740E+03 1.71559280E-03
 1.15362400E+03 1.68508010E-03
 1.15434930E+03 1.70218200E-03
 1.15507540E+03 1.70732520E-03
 1.15580250E+03 1.76440470E-03
 1.15653050E+03 1.70309500E-03
 1.15725940E+03 1.76298970E-03
 1.15798700E+03 1.75653310E-03
 1.15871540E+03 1.76110450E-03
 1.15944480E+03 1.61280950E-03
 1.16017510E+03 1.72794080E-03
 1.16090630E+03 1.78448500E-03
 1.16163620E+03 1.58717680E-03
 1.16236690E+03 1.58572280E-03
 1.16309860E+03 1.77718630E-03
 1.16383120E+03 1.69008520E-03
 1.16456470E+03 1.74780460E-03
 1.16529680E+03 1.74788740E-03
 1.16602990E+03 1.74507320E-03
 1.16676390E+03 1.70815330E-03
 1.16749880E+03 1.74852420E-03
 1.16823460E+03 1.77527630E-03
 1.16896900E+03 1.51072300E-03
 1.16970440E+03 1.75513440E-03
 1.17044070E+03 1.61263450E-03
 1.17117790E+03 1.61733300E-03
 1.17191610E+03 1.66483620E-03
 1.17265280E+03 1.62122520E-03
 1.17339050E+03 1.64752170E-03
 1.17412910E+03 1.67825650E-03
 1.17486870E+03 5.85002190E-04
 1.17560910E+03 6.34082080E-04
 1.17634820E+03 6.16727670E-04
 1.17708820E+03 1.72837080E-03
 1.17782920E+03 1.73932800E-03
 1.17857100E+03 1.77132450E-03
 1.17931380E+03 1.77565150E-03
 1.18005520E+03 1.77207710E-03
 1.18079760E+03 1.75932550E-03
 1.18154090E+03 1.77447840E-03
 1.18228510E+03 1.77417920E-03
 1.18303020E+03 6.81404090E-04
 1.18377400E+03 1.76284880E-03
 1.18451860E+03 5.59750710E-04
 1.18526430E+03 1.76306460E-03
 1.18601080E+03 1.76518920E-03
 1.18675830E+03 1.77052830E-03
 1.18750440E+03 1.76914710E-03
 1.18825140E+03 1.76845260E-03
 1.18899940E+03 1.76883500E-03
 1.18974830E+03 1.76927050E-03
 1.19049820E+03 1.76952030E-03
 1.19124660E+03 1.33494550E-03
 1.19199600E+03 1.75308260E-03
 1.19274630E+03 1.74305430E-03
 1.19349760E+03 1.76870850E-03
 1.19424980E+03 1.76797050E-03
 1.19500060E+03 1.76380320E-03
 1.19575230E+03 1.72900530E-03
 1.19650500E+03 1.69720550E-03
 1.19725870E+03 1.03143350E-03
 1.19801320E+03 1.68532200E-03
 1.19876640E+03 1.72815650E-03
 1.19952050E+03 1.75951560E-03
 1.20027560E+03 1.76263700E-03
 1.20103160E+03 1.75953430E-03
 1.20178860E+03 1.75042150E-03
 1.20254410E+03 1.74653950E-03
 1.20330060E+03 1.75964920E-03
 1.20405800E+03 1.76309860E-03
 1.20481640E+03 1.74330420E-03
 1.20557580E+03 1.72212310E-03
 1.20633370E+03 1.70821030E-03
 1.20709250E+03 1.71084060E-03
 1.20785240E+03 1.72572570E-03
 1.20861320E+03 1.10002960E-03
 1.20937490E+03 1.74583540E-03
 1.21013520E+03 1.53730830E-03
 1.21089650E+03 1.74580660E-03
 1.21165870E+03 1.71641410E-03
 1.21242190E+03 1.74546140E-03
 1.21318600E+03 1.66587400E-03
 1.21394870E+03 1.67523040E-03
 1.21471240E+03 1.74872990E-03
 1.21547700E+03 2.38028520E-04
 1.21624260E+03 1.75011660E-03
 1.21700910E+03 1.61825540E-03
 1.21777420E+03 1.16529750E-03
 1.21854030E+03 1.75425880E-03
 1.21930730E+03 1.75436130E-03
 1.22007530E+03 1.55688040E-03
 1.22084430E+03 1.75373390E-03
 1.22161180E+03 1.73916490E-03
 1.22238030E+03 1.72375880E-03
 1.22314980E+03 1.27147180E-03
 1.22392020E+03 1.72005080E-03
 1.22469160E+03 1.73609870E-03
 1.22546150E+03 1.56364970E-03
 1.22623240E+03 1.75173590E-03
 1.22700430E+03 1.75135770E-03
 1.22777710E+03 1.54094860E-03
 1.22855100E+03 1.74750940E-03
 1.22932330E+03 1.74987330E-03
 1.23009670E+03 1.73411160E-03
 1.23087100E+03 1.72497490E-03
 1.23164620E+03 1.74835140E-03
 1.23242250E+03 1.73834070E-03
 1.23319730E+03 1.74005580E-03
 1.23397310E+03 1.74704190E-03
 1.23474980E+03 1.74606630E-03
 1.23552750E+03 1.74487080E-03
 1.23630620E+03 1.74546680E-03
 1.23708350E+03 1.74488250E-03
 1.23786170E+03 1.74525410E-03
 1.23864090E+03 1.74447460E-03
 1.23942110E+03 1.74427620E-03
 1.24020220E+03 1.74364360E-03
 1.24098190E+03 1.74244940E-03
 1.24176260E+03 1.73067960E-03
 1.24254420E+03 1.73121280E-03
 1.24332690E+03 1.73382640E-03
 1.24411050E+03 1.73634070E-03
 1.24489260E+03 1.73673700E-03
 1.24567580E+03 1.69599490E-03
 1.24645990E+03 1.67478750E-03
 1.24724500E+03 1.20166850E-03
 1.24803110E+03 1.69198170E-03
 1.24881570E+03 1.70125900E-03
 1.24960130E+03 1.73688780E-03
 1.25038790E+03 1.73190450E-03
 1.25117540E+03 1.73715480E-03
 1.25196400E+03 1.71439070E-03
 1.25275110E+03 1.73208180E-03
 1.25353920E+03 1.73205330E-03
 1.25432820E+03 1.73130800E-03
 1.25511830E+03 1.72335870E-03
 1.25590930E+03 1.72879560E-03
 1.25669890E+03 1.73486580E-03
 1.25748940E+03 1.73507200E-03
 1.25828100E+03 1.73497270E-03
 1.25907350E+03 1.73424340E-03
 1.25986710E+03 1.72489950E-03
 1.26065910E+03 1.73372060E-03
 1.26145220E+03 1.73317480E-03
 1.26224620E+03 1.73293400E-03
 1.26304130E+03 1.73245530E-03
 1.26383730E+03 1.70319870E-03
 1.26463190E+03 1.73137160E-03
 1.26542740E+03 1.72486000E-03
 1.26622400E+03 1.72975580E-03
 1.26702150E+03 1.72333310E-03
 1.26782010E+03 1.72751530E-03
 1.26861710E+03 1.69837600E-03
 1.26941520E+03 1.72829810E-03
 1.27021420E+03 1.72718560E-03
 1.27101430E+03 1.72827130E-03
 1.27181540E+03 1.72790040E-03
 1.27261490E+03 1.67356860E-03
 1.27341550E+03 1.72561020E-03
 1.27421710E+03 1.72556850E-03
 1.27501960E+03 1.72560980E-03
 1.27582320E+03 1.72545770E-03
 1.27662530E+03 1.72479390E-03
 1.27742840E+03 1.72491130E-03
 1.27823250E+03 1.72446880E-03
 1.27903760E+03 1.72377770E-03
 1.27984380E+03 1.72359990E-03
 1.28064840E+03 1.72200940E-03
 1.28145400E+03 1.72253510E-03
 1.28226060E+03 1.71821080E-03
 1.28306830E+03 1.71988690E-03
 1.28387690E+03 1.71641920E-03
 1.28468410E+03 1.71761810E-03
 1.28549220E+03 1.71785920E-03
 1.28630140E+03 1.66347570E-03
 1.28711160E+03 1.69032490E-03
 1.28792280E+03 1.71692080E-03
 1.28873250E+03 1.70443040E-03
 1.28954320E+03 1.70787280E-03
 1.29035490E+03 1.71598970E-03
 1.29116770E+03 1.71402680E-03
 1.29198150E+03 1.71686130E-03
 1.29279370E+03 1.71670270E-03
 1.29360700E+03 1.71624300E-03
 1.29442130E+03 1.67779470E-03
 1.29523660E+03 1.70609500E-03
 1.29605290E+03 1.69916480E-03
 1.29686770E+03 1.68872870E-03
 1.29768350E+03 1.69852010E-03
 1.29850040E+03 1.70453220E-03
 1.29931830E+03 1.69170680E-03
 1.30013720E+03 1.71116110E-03
 1.30095450E+03 1.69720750E-03
 1.30177290E+03 1.70005660E-03
 1.30259240E+03 1.71026830E-03
 1.30341280E+03 1.04215750E-03
 1.30423430E+03 1.71043660E-03
 1.30505420E+03 1.71004890E-03
 1.30587520E+03 1.70914120E-03
 1.30669720E+03 1.70832550E-03
 1.30752030E+03 1.70762810E-03
 1.30834440E+03 1.70507670E-03
 1.30916690E+03 1.69567070E-03
 1.30999040E+03 1.69946230E-03
 1.31081500E+03 1.70188390E-03
 1.31164070E+03 1.69423950E-03
 1.31246730E+03 1.69543040E-03
 1.31329250E+03 1.69817580E-03
 1.31411860E+03 1.70065660E-03
 1.31494580E+03 1.69730520E-03
 1.31577410E+03 1.69452310E-03
 1.31660330E+03 1.70250650E-03
 1.31743110E+03 1.70134790E-03
 1.31825980E+03 1.70213810E-03
 1.31908960E+03 1.69429330E-03
 1.31992050E+03 1.70101060E-03
 1.32075240E+03 1.68221660E-03
 1.32158270E+03 1.70034370E-03
 1.32241410E+03 1.70056610E-03
 1.32324650E+03 1.68152730E-03
 1.32407990E+03 1.68167150E-03
 1.32491450E+03 1.65934810E-03
 1.32574740E+03 1.69233080E-03
 1.32658140E+03 1.69698760E-03
 1.32741640E+03 1.69781500E-03
 1.32825250E+03 1.69652650E-03
 1.32908970E+03 1.69691360E-03
 1.32992520E+03 1.63259160E-03
 1.33076190E+03 1.69606320E-03
 1.33159950E+03 1.68973930E-03
 1.33243830E+03 1.63249450E-03
 1.33327810E+03 1.69454180E-03
 1.33411630E+03 1.69406030E-03
 1.33495550E+03 1.68766070E-03
 1.33579580E+03 2.82967310E-04
 1.33663720E+03 1.68713960E-03
 1.33747960E+03 1.69231160E-03
 1.33832050E+03 1.69184180E-03
 1.33916240E+03 1.64471200E-03
 1.34000530E+03 1.69098320E-03
 1.34084940E+03 1.68996210E-03
 1.34169440E+03 1.68807890E-03
 1.34253790E+03 1.66247570E-03
 1.34338250E+03 1.57567570E-03
 1.34422810E+03 1.66790300E-03
 1.34507480E+03 1.66880560E-03
 1.34592250E+03 1.66586980E-03
 1.34676870E+03 1.67178460E-03
 1.34761590E+03 1.67991420E-03
 1.34846420E+03 1.68631340E-03
 1.34931350E+03 1.68575430E-03
 1.35016400E+03 1.63774730E-03
 1.35101280E+03 1.68455490E-03
 1.35186270E+03 1.68421730E-03
 1.35271360E+03 1.68382300E-03
 1.35356560E+03 1.68317130E-03
 1.35441870E+03 1.68295580E-03
 1.35527020E+03 1.61838510E-03
 1.35612280E+03 1.59122000E-03
 1.35697640E+03 1.63333070E-03
 1.35783110E+03 1.67881330E-03
 1.35868690E+03 1.67988660E-03
 1.35954110E+03 1.67931500E-03
 1.36039640E+03 1.66556060E-03
 1.36125270E+03 1.67213350E-03
 1.36211010E+03 1.67020250E-03
 1.36296860E+03 1.67169950E-03
 1.36382540E+03 1.67502270E-03
 1.36468340E+03 1.67678650E-03
 1.36554240E+03 1.66390090E-03
 1.36640250E+03 1.67426090E-03
 1.36726370E+03 1.67512870E-03
 1.36812330E+03 1.67222530E-03
 1.36898390E+03 1.67424880E-03
 1.36984570E+03 1.67415810E-03
 1.37070850E+03 1.67307750E-03
 1.37157240E+03 1.64027920E-03
 1.37243470E+03 1.60575430E-03
 1.37329800E+03 1.67056260E-03
 1.37416250E+03 1.66507410E-03
 1.37502800E+03 1.66204070E-03
 1.37589460E+03 1.67045170E-03
 1.37675960E+03 1.66966620E-03
 1.37762570E+03 1.63769020E-03
 1.37849290E+03 1.66202300E-03
 1.37936110E+03 1.66640850E-03
 1.38023050E+03 1.66832280E-03
 1.38109820E+03 1.66792730E-03
 1.38196700E+03 1.66725300E-03
 1.38283690E+03 1.66671330E-03
 1.38370790E+03 1.65398730E-03
 1.38458000E+03 1.63213310E-03
 1.38545050E+03 1.65966130E-03
 1.38632200E+03 1.62605140E-03
 1.38719470E+03 1.65616100E-03
 1.38806840E+03 1.55641100E-03
 1.38894330E+03 1.27243870E-03
 1.38981650E+03 1.30959110E-03
 1.39069080E+03 1.49054150E-03
 1.39156620E+03 1.66517770E-03
 1.39244270E+03 1.73157300E-03
 1.39332030E+03 1.77483860E-03
 1.39419620E+03 1.78728770E-03
 1.39507330E+03 1.76085790E-03
 1.39595140E+03 1.67720490E-03
 1.39683070E+03 1.71045520E-03
 1.39771100E+03 1.51928640E-03
 1.39858980E+03 1.49080680E-03
 1.39946960E+03 1.53323770E-03
 1.40035050E+03 1.60668180E-03
 1.40123250E+03 1.67859570E-03
 1.40211570E+03 1.72540420E-03
 1.40299710E+03 1.75315600E-03
 1.40387970E+03 1.72172130E-03
 1.40476340E+03 1.70536300E-03
 1.40564820E+03 1.65602670E-03
 1.40653420E+03 1.67727320E-03
 1.40741840E+03 1.64251980E-03
 1.40830380E+03 1.64707840E-03
 1.40919030E+03 1.61994500E-03
 1.41007790E+03 1.63942520E-03
 1.41096660E+03 1.64410440E-03
 1.41185360E+03 1.64599490E-03
 1.41274180E+03 1.64864280E-03
 1.41363110E+03 1.64693130E-03
 1.41452150E+03 1.62956370E-03
 1.41541300E+03 1.64695070E-03
 1.41630280E+03 1.64544620E-03
 1.41719380E+03 7.91216800E-04
 1.41808590E+03 1.62964230E-03
 1.41897910E+03 1.63291820E-03
 1.41987340E+03 1.61154070E-03
 1.42076600E+03 1.61651660E-03
 1.42165980E+03 1.60869460E-03
 1.42255470E+03 1.60804000E-03
 1.42345070E+03 1.59442400E-03
 1.42434790E+03 8.77960560E-04
 1.42524330E+03 1.63438930E-03
 1.42613990E+03 1.60373450E-03
 1.42703760E+03 1.63325750E-03
 1.42793640E+03 1.50769690E-03
 1.42883640E+03 1.54436920E-03
 1.42973470E+03 1.63024580E-03
 1.43063410E+03 1.60837850E-03
 1.43153460E+03 1.62459220E-03
 1.43243630E+03 1.50343840E-03
 1.43333910E+03 1.63387980E-03
 1.43424020E+03 1.59635250E-03
 1.43514250E+03 1.63137700E-03
 1.43604580E+03 1.62109050E-03
 1.43695040E+03 1.61497110E-03
 1.43785600E+03 1.61568340E-03
 1.43876000E+03 1.54795620E-03
 1.43966500E+03 1.57407490E-03
 1.44057130E+03 1.60195290E-03
 1.44147860E+03 1.63182610E-03
 1.44238710E+03 1.59472640E-03
 1.44329390E+03 1.62341300E-03
 1.44420190E+03 1.62297430E-03
 1.44511100E+03 1.57387620E-03
 1.44602120E+03 1.60986530E-03
 1.44693260E+03 1.62837790E-03
 1.44784220E+03 1.61010010E-03
 1.44875300E+03 1.59564340E-03
 1.44966490E+03 1.62577840E-03
 1.45057800E+03 1.62630150E-03
 1.45149230E+03 1.55802370E-03
 1.45240480E+03 1.43634430E-03
 1.45331850E+03 1.62547270E-03
 1.45423330E+03 1.61095160E-03
 1.45514930E+03 1.60942140E-03
 1.45606640E+03 1.61377150E-03
 1.45698180E+03 1.62188170E-03
 1.45789830E+03 1.57058850E-03
 1.45881600E+03 1.59799740E-03
 1.45973490E+03 1.59956550E-03
 1.46065490E+03 1.57130890E-03
 1.46157320E+03 1.61636930E-03
 1.46249260E+03 1.59301010E-03
 1.46341320E+03 1.61379190E-03
 1.46433500E+03 1.61320150E-03
 1.46525790E+03 1.60346130E-03
 1.46617910E+03 1.61261800E-03
 1.46710140E+03 1.58527500E-03
 1.46802490E+03 1.57080920E-03
 1.46894950E+03 1.46467370E-03
 1.46987540E+03 1.35675010E-03
 1.47079940E+03 1.61260530E-03
 1.47172470E+03 1.58827620E-03
 1.47265110E+03 1.57302340E-03
 1.47357860E+03 1.57463900E-03
 1.47450740E+03 1.60647790E-03
 1.47543440E+03 1.60217280E-03
 1.47636250E+03 1.57601700E-03
 1.47729190E+03 1.58580530E-03
 1.47822240E+03 1.52546680E-03
 1.47915400E+03 1.58749850E-03
 1.48008390E+03 1.58683440E-03
 1.48101500E+03 1.60803080E-03
 1.48194730E+03 1.60503360E-03
 1.48288070E+03 1.60747360E-03
 1.48381530E+03 1.59073110E-03
 1.48474810E+03 1.59391930E-03
 1.48568210E+03 1.60528320E-03
 1.48661730E+03 1.60457490E-03
 1.48755370E+03 1.60422870E-03
 1.48849130E+03 1.60334780E-03
 1.48942700E+03 1.59407720E-03
 1.49036400E+03 1.60207760E-03
 1.49130210E+03 1.60103440E-03
 1.49224140E+03 1.60003120E-03
 1.49318200E+03 1.60001780E-03
 1.49412070E+03 1.59999240E-03
 1.49506060E+03 1.59701150E-03
 1.49600170E+03 1.59035300E-03
 1.49694400E+03 1.57772240E-03
 1.49788740E+03 1.52118410E-03
 1.49882910E+03 1.49791730E-03
 1.49977200E+03 1.54643380E-03
 1.50071600E+03 1.59402750E-03
 1.50166130E+03 1.51707610E-03
 1.50260770E+03 1.59355160E-03
 1.50355240E+03 1.58254450E-03
 1.50449820E+03 1.55890510E-03
 1.50544530E+03 1.54887970E-03
 1.50639350E+03 1.59276330E-03
 1.50734290E+03 1.59236090E-03
 1.50829060E+03 1.59175070E-03
 1.50923940E+03 1.56661290E-03
 1.51018940E+03 1.59022980E-03
 1.51114060E+03 1.38966650E-03
 1.51209300E+03 1.54239370E-03
 1.51304360E+03 1.56456360E-03
 1.51399550E+03 1.58215480E-03
 1.51494850E+03 1.47953260E-03
 1.51590270E+03 1.57571520E-03
 1.51685810E+03 1.58552830E-03
 1.51781170E+03 1.44616440E-03
 1.51876650E+03 1.54762200E-03
 1.51972250E+03 1.58359530E-03
 1.52067980E+03 1.47724850E-03
 1.52163820E+03 1.49684050E-03
 1.52259480E+03 1.58168540E-03
 1.52355260E+03 1.58116850E-03
 1.52451170E+03 1.43269700E-03
 1.52547190E+03 1.57729560E-03
 1.52643330E+03 1.56838720E-03
 1.52739300E+03 1.52093830E-03
 1.52835380E+03 1.55455070E-03
 1.52931590E+03 1.55849330E-03
 1.53027910E+03 1.05925000E-03
 1.53124360E+03 1.01685730E-03
 1.53220630E+03 1.56289290E-03
 1.53317010E+03 1.40378370E-03
 1.53413520E+03 1.55129310E-03
 1.53510150E+03 1.57365850E-03
 1.53606900E+03 1.57258900E-03
 1.53703470E+03 1.55859190E-03
 1.53800160E+03 1.55155860E-03
 1.53896970E+03 1.41079170E-03
 1.53993910E+03 1.56482440E-03
 1.54090970E+03 1.53256870E-03
 1.54187840E+03 1.01914090E-03
 1.54284830E+03 3.46941830E-04
 1.54381950E+03 2.46095040E-04
 1.54479190E+03 1.98026540E-04
 1.54576550E+03 3.12888770E-04
 1.54673730E+03 4.96944860E-04
 1.54771030E+03 7.28862460E-04
 1.54868460E+03 9.69486330E-04
 1.54966000E+03 1.27429240E-03
 1.55063670E+03 1.96746540E-03
 1.55161160E+03 2.44465340E-03
 1.55258760E+03 2.10735200E-03
 1.55356500E+03 1.80430380E-03
 1.55454350E+03 1.67878080E-03
 1.55552330E+03 1.58979500E-03
 1.55650120E+03 1.10612170E-03
 1.55748030E+03 1.17504160E-03
 1.55846070E+03 1.53494540E-03
 1.55944230E+03 1.53426400E-03
 1.56042520E+03 1.43534210E-03
 1.56140620E+03 1.37017620E-03
 1.56238840E+03 1.31490320E-03
 1.56337190E+03 1.52797110E-03
 1.56435660E+03 1.47881750E-03
 1.56534260E+03 1.49955610E-03
 1.56632670E+03 1.32266400E-03
 1.56731200E+03 1.53265010E-03
 1.56829860E+03 7.65257910E-04
 1.56928640E+03 1.27788460E-03
 1.57027550E+03 1.50310520E-03
 1.57126270E+03 1.01690030E-03
 1.57225110E+03 1.54545990E-03
 1.57324080E+03 1.54940020E-03
 1.57423170E+03 1.54830480E-03
 1.57522390E+03 1.16143360E-03
 1.57621420E+03 1.54445640E-03
 1.57720570E+03 1.22147480E-03
 1.57819850E+03 1.52396920E-03
 1.57919260E+03 1.51865380E-03
 1.58018790E+03 1.36052520E-03
 1.58118130E+03 1.52952150E-03
 1.58217600E+03 1.53803550E-03
 1.58317190E+03 1.44304740E-03
 1.58416910E+03 1.46791590E-03
 1.58516760E+03 1.39681470E-03
 1.58616410E+03 1.51770320E-03
 1.58716190E+03 1.53379650E-03
 1.58816100E+03 1.52897700E-03
 1.58916130E+03 1.53128600E-03
 1.59016290E+03 1.52018240E-03
 1.59116260E+03 1.51178680E-03
 1.59216360E+03 1.50154060E-03
 1.59316580E+03 1.52819670E-03
 1.59416930E+03 1.47559990E-03
 1.59517400E+03 1.50003320E-03
 1.59617690E+03 1.53354660E-03
 1.59718100E+03 1.52664640E-03
 1.59818630E+03 1.53181820E-03
 1.59919300E+03 1.53205060E-03
 1.60020090E+03 1.52950690E-03
 1.60120690E+03 9.36774160E-04
 1.60221420E+03 1.52961940E-03
 1.60322270E+03 1.07199640E-03
 1.60423250E+03 1.48366070E-03
 1.60524360E+03 1.52843350E-03
 1.60625280E+03 1.49832030E-03
 1.60726330E+03 1.52699710E-03
 1.60827500E+03 1.52596470E-03
 1.60928800E+03 1.51508560E-03
 1.61030220E+03 1.05626030E-03
 1.61131460E+03 1.51293550E-03
 1.61232820E+03 1.52319260E-03
 1.61334320E+03 1.47865600E-03
 1.61435930E+03 1.52220220E-03
 1.61537680E+03 1.51914220E-03
 1.61639240E+03 1.52069910E-03
 1.61740920E+03 1.52010210E-03
 1.61842730E+03 1.51514090E-03
 1.61944670E+03 1.49169250E-03
 1.62046740E+03 1.44037460E-03
 1.62148610E+03 1.31355050E-03
 1.62250610E+03 1.50458590E-03
 1.62352750E+03 9.95060500E-04
 1.62455010E+03 1.50755120E-03
 1.62557400E+03 1.51447410E-03
 1.62659590E+03 1.49097170E-03
 1.62761920E+03 1.51311910E-03
 1.62864370E+03 1.48612760E-03
 1.62966950E+03 1.50645260E-03
 1.63069660E+03 1.10588950E-03
 1.63172180E+03 8.02687170E-04
 1.63274830E+03 1.49073290E-03
 1.63377610E+03 1.50559720E-03
 1.63480510E+03 1.43653540E-03
 1.63583550E+03 1.34997710E-03
 1.63686390E+03 1.50598760E-03
 1.63789360E+03 1.44943080E-03
 1.63892460E+03 1.50328550E-03
 1.63995690E+03 1.01221690E-03
 1.64099050E+03 1.50254190E-03
 1.64202210E+03 1.50047230E-03
 1.64305510E+03 1.50260830E-03
 1.64408940E+03 1.50157320E-03
 1.64512490E+03 1.43900560E-03
 1.64616180E+03 1.49970410E-03
 1.64719670E+03 1.32141870E-03
 1.64823290E+03 1.49699920E-03
 1.64927040E+03 1.47813040E-03
 1.65030920E+03 1.49032240E-03
 1.65134930E+03 1.49685590E-03
 1.65238750E+03 1.49621120E-03
 1.65342700E+03 1.08531440E-03
 1.65446770E+03 1.49477650E-03
 1.65550980E+03 1.48674070E-03
 1.65655320E+03 1.33269120E-03
 1.65759470E+03 1.48394050E-03
 1.65863740E+03 1.49191910E-03
 1.65968150E+03 1.49113880E-03
 1.66072690E+03 1.46706570E-03
 1.66177360E+03 1.37442910E-03
 1.66281830E+03 1.48903040E-03
 1.66386430E+03 1.48830530E-03
 1.66491170E+03 1.38110950E-03
 1.66596030E+03 1.48463310E-03
 1.66701030E+03 1.44711840E-03
 1.66805830E+03 1.15255300E-03
 1.66910770E+03 1.47842040E-03
 1.67015830E+03 1.47660710E-03
 1.67121030E+03 1.48008270E-03
 1.67226360E+03 1.33227640E-03
 1.67331490E+03 1.35626990E-03
 1.67436750E+03 1.48095470E-03
 1.67542150E+03 1.45884580E-03
 1.67647680E+03 1.35109930E-03
 1.67753340E+03 1.47871770E-03
 1.67858800E+03 1.47799890E-03
 1.67964400E+03 1.47725320E-03
 1.68070130E+03 1.47648300E-03
 1.68175990E+03 1.41302710E-03
 1.68281980E+03 1.47449950E-03
 1.68387780E+03 1.47142930E-03
 1.68493710E+03 1.47352210E-03
 1.68599770E+03 1.46557920E-03
 1.68705960E+03 1.47085830E-03
 1.68812290E+03 1.47132550E-03
 1.68918420E+03 1.47054930E-03
 1.69024680E+03 1.29885190E-03
 1.69131080E+03 1.46906430E-03
 1.69237610E+03 1.46249480E-03
 1.69344270E+03 1.46730490E-03
 1.69450730E+03 1.44297960E-03
 1.69557330E+03 1.44042680E-03
 1.69664060E+03 1.46526400E-03
 1.69770930E+03 1.46448750E-03
 1.69877930E+03 1.38584910E-03
 1.69984730E+03 1.46284400E-03
 1.70091660E+03 1.40956710E-03
 1.70198730E+03 1.45809210E-03
 1.70305930E+03 1.46071520E-03
 1.70413270E+03 1.41291060E-03
 1.70520400E+03 1.45918860E-03
 1.70627670E+03 1.43375820E-03
 1.70735080E+03 1.03493570E-03
 1.70842620E+03 1.45536220E-03
 1.70950290E+03 1.45607270E-03
 1.71057760E+03 1.45531370E-03
 1.71165370E+03 1.44004650E-03
 1.71273110E+03 8.64049830E-04
 1.71380990E+03 1.44311190E-03
 1.71489010E+03 1.45213960E-03
 1.71596820E+03 1.38086940E-03
 1.71704770E+03 1.24865250E-03
 1.71812850E+03 8.85872740E-04
 1.71921070E+03 1.43896730E-03
 1.72029420E+03 1.44829950E-03
 1.72137570E+03 1.43442290E-03
 1.72245860E+03 1.15722950E-03
 1.72354280E+03 1.39256060E-03
 1.72462840E+03 1.33278270E-03
 1.72571540E+03 1.25530310E-03
 1.72680030E+03 1.44387540E-03
 1.72788660E+03 1.43736850E-03
 1.72897430E+03 1.44231720E-03
 1.73006330E+03 1.43765520E-03
 1.73115370E+03 1.40236690E-03
 1.73224200E+03 1.43994880E-03
 1.73333170E+03 1.43919760E-03
 1.73442280E+03 1.42883780E-03
 1.73551520E+03 1.43713300E-03
 1.73660910E+03 1.43683770E-03
 1.73770080E+03 1.43103310E-03
 1.73879400E+03 1.26689540E-03
 1.73988850E+03 1.42325750E-03
 1.74098440E+03 1.40434740E-03
 1.74208170E+03 1.42097360E-03
 1.74317690E+03 1.43211350E-03
 1.74427350E+03 1.33633250E-03
 1.74537140E+03 1.37503270E-03
 1.74647080E+03 1.42974110E-03
 1.74757150E+03 1.42581330E-03
 1.74867020E+03 1.41974300E-03
 1.74977020E+03 1.42509800E-03
 1.75087160E+03 1.42695670E-03
 1.75197440E+03 1.42490020E-03
 1.75307860E+03 1.23885570E-03
 1.75418080E+03 1.42421500E-03
 1.75528430E+03 1.42341560E-03
 1.75638920E+03 1.42260760E-03
 1.75749550E+03 1.42180550E-03
 1.75860310E+03 1.35900530E-03
 1.75970870E+03 1.38423450E-03
 1.76081570E+03 1.27500350E-03
 1.76192410E+03 1.41862400E-03
 1.76303390E+03 1.36117770E-03
 1.76414500E+03 1.41701230E-03
 1.76525410E+03 1.41617740E-03
 1.76636460E+03 1.40998640E-03
 1.76747650E+03 1.41070770E-03
 1.76858970E+03 1.41277010E-03
 1.76970440E+03 1.18660120E-03
 1.77081700E+03 1.41204430E-03
 1.77193100E+03 1.37305110E-03
 1.77304630E+03 1.38744310E-03
 1.77416310E+03 1.40964670E-03
 1.77528130E+03 1.31075440E-03
 1.77639740E+03 1.40818720E-03
 1.77751490E+03 1.40738660E-03
 1.77863370E+03 1.39189130E-03
 1.77975400E+03 1.40576530E-03
 1.78087580E+03 1.39997330E-03
 1.78199540E+03 1.35573580E-03
 1.78311640E+03 1.31994730E-03
 1.78423880E+03 1.40251770E-03
 1.78536260E+03 1.37455130E-03
 1.78648780E+03 1.40088660E-03
 1.78761100E+03 1.39985470E-03
 1.78873550E+03 1.36065180E-03
 1.78986150E+03 1.39819310E-03
 1.79098880E+03 1.35759120E-03
 1.79211760E+03 1.07106440E-03
 1.79324430E+03 1.39200730E-03
 1.79437240E+03 1.39517570E-03
 1.79550190E+03 1.39431590E-03
 1.79663280E+03 1.39336990E-03
 1.79776510E+03 1.38431910E-03
 1.79889540E+03 1.38292360E-03
 1.80002700E+03 1.36923630E-03
 1.80116010E+03 1.39021370E-03
 1.80229450E+03 1.38941880E-03
 1.80343050E+03 1.38423250E-03
 1.80456420E+03 1.36224780E-03
 1.80569940E+03 1.35864220E-03
 1.80683610E+03 1.38553740E-03
 1.80797410E+03 1.37699140E-03
 1.80911360E+03 1.38443750E-03
 1.81025100E+03 1.38360590E-03
 1.81138980E+03 1.37694070E-03
 1.81253000E+03 1.16908230E-03
 1.81367160E+03 1.37921890E-03
 1.81481470E+03 1.38031500E-03
 1.81595560E+03 1.30848760E-03
 1.81709800E+03 1.37400400E-03
 1.81824180E+03 1.37782190E-03
 1.81938710E+03 1.36211470E-03
 1.82053370E+03 1.32325350E-03
 1.82167830E+03 1.15781020E-03
 1.82282420E+03 1.37447530E-03
 1.82397170E+03 1.36971980E-03
 1.82512050E+03 1.35846490E-03
 1.82627080E+03 1.25905270E-03
 1.82741890E+03 1.27774020E-03
 1.82856850E+03 1.36928790E-03
 1.82971950E+03 1.36945340E-03
 1.83087200E+03 1.35162530E-03
 1.83202600E+03 1.36778580E-03
 1.83317770E+03 1.35735700E-03
 1.83433090E+03 1.36248450E-03
 1.83548560E+03 1.36525900E-03
 1.83664170E+03 1.36179180E-03
 1.83779920E+03 1.34799940E-03
 1.83895460E+03 1.35837860E-03
 1.84011150E+03 1.20538460E-03
 1.84126970E+03 1.34994410E-03
 1.84242950E+03 1.34813840E-03
 1.84359070E+03 1.32655250E-03
 1.84474970E+03 1.34003110E-03
 1.84591020E+03 1.35389760E-03
 1.84707220E+03 1.35431080E-03
 1.84823560E+03 1.34078450E-03
 1.84940040E+03 1.03932500E-03
 1.85056310E+03 1.17995870E-03
 1.85172720E+03 1.35257320E-03
 1.85289290E+03 1.32892820E-03
 1.85405990E+03 1.23068570E-03
 1.85522850E+03 1.34940620E-03
 1.85639480E+03 1.35002070E-03
 1.85756260E+03 1.34916350E-03
 1.85873190E+03 1.25138040E-03
 1.85990260E+03 1.19950270E-03
 1.86107490E+03 1.34557510E-03
 1.86224490E+03 1.34559640E-03
 1.86341640E+03 1.32728470E-03
 1.86458930E+03 1.31908130E-03
 1.86576380E+03 1.34306600E-03
 1.86693970E+03 1.32875600E-03
 1.86811340E+03 1.34147960E-03
 1.86928860E+03 1.34061510E-03
 1.87046520E+03 1.33901020E-03
 1.87164340E+03 1.33229090E-03
 1.87282300E+03 1.27137850E-03
 1.87400040E+03 1.28041620E-03
 1.87517930E+03 1.33632730E-03
 1.87635960E+03 1.32241990E-03
 1.87754150E+03 1.32961930E-03
 1.87872480E+03 1.33269630E-03
 1.87990600E+03 1.33174440E-03
 1.88108860E+03 1.29857360E-03
 1.88227260E+03 1.27268660E-03
 1.88345820E+03 1.32175390E-03
 1.88464530E+03 1.13914630E-03
 1.88583010E+03 1.31697300E-03
 1.88701640E+03 1.26272690E-03
 1.88820430E+03 1.28452950E-03
 1.88939360E+03 1.18925320E-03
 1.89058440E+03 9.56299220E-04
 1.89177300E+03 1.32256250E-03
 1.89296300E+03 1.24361670E-03
 1.89415460E+03 1.27768210E-03
 1.89534760E+03 7.40082730E-04
 1.89654220E+03 1.32070540E-03
 1.89773450E+03 1.31987270E-03
 1.89892830E+03 1.18544240E-03
 1.90012360E+03 1.31814140E-03
 1.90132050E+03 1.16057620E-03
 1.90251880E+03 1.30712140E-03
 1.90371490E+03 1.25685960E-03
 1.90491240E+03 1.31468990E-03
 1.90611150E+03 1.31381550E-03
 1.90731210E+03 1.31294090E-03
 1.90851420E+03 1.31188570E-03
 1.90971410E+03 1.29411440E-03
 1.91091540E+03 1.31033890E-03
 1.91211830E+03 1.30939580E-03
 1.91332260E+03 1.28529840E-03
 1.91452850E+03 1.30021110E-03
 1.91573220E+03 1.24363920E-03
 1.91693730E+03 1.30474990E-03
 1.91814390E+03 1.29035970E-03
 1.91935210E+03 1.29097440E-03
 1.92056180E+03 1.29964480E-03
 1.92176920E+03 1.30235350E-03
 1.92297820E+03 8.83310350E-04
 1.92418860E+03 1.25871450E-03
 1.92540060E+03 1.29229310E-03
 1.92661410E+03 1.29895950E-03
 1.92782530E+03 1.29808010E-03
 1.92903810E+03 1.25279880E-03
 1.93025230E+03 1.20990040E-03
 1.93146810E+03 6.98570370E-04
 1.93268550E+03 1.28899930E-03
 1.93390050E+03 1.29367770E-03
 1.93511710E+03 1.29279550E-03
 1.93633510E+03 1.24162900E-03
 1.93755480E+03 1.27247790E-03
 1.93877590E+03 1.02563290E-03
 1.93999480E+03 1.07527710E-03
 1.94121520E+03 1.28837560E-03
 1.94243710E+03 1.28748980E-03
 1.94366060E+03 1.28432540E-03
 1.94488560E+03 1.28571990E-03
 1.94610830E+03 1.28483430E-03
 1.94733260E+03 1.28395310E-03
 1.94855840E+03 1.27539170E-03
 1.94978570E+03 1.27647110E-03
 1.95101460E+03 6.66210560E-04
 1.95224110E+03 1.26716210E-03
 1.95346920E+03 8.52968140E-04
 1.95469890E+03 1.22713090E-03
 1.95593010E+03 1.21641510E-03
 1.95716280E+03 1.15658610E-03
 1.95839320E+03 1.27509250E-03
 1.95962520E+03 1.27225120E-03
 1.96085870E+03 1.23979430E-03
 1.96209380E+03 1.27327910E-03
 1.96333040E+03 1.27058990E-03
 1.96456470E+03 1.26988460E-03
 1.96580060E+03 1.27062590E-03
 1.96703800E+03 1.26888230E-03
 1.96827700E+03 1.26581730E-03
 1.96951750E+03 1.26798960E-03
 1.97075570E+03 1.26709890E-03
 1.97199540E+03 1.25384760E-03
 1.97323680E+03 1.26531380E-03
 1.97447960E+03 1.26442020E-03
 1.97572410E+03 1.25961030E-03
 1.97696620E+03 1.26263890E-03
 1.97820980E+03 1.26168410E-03
 1.97945500E+03 1.24587160E-03
 1.98070180E+03 1.25996980E-03
 1.98195020E+03 1.25442060E-03
 1.98319620E+03 1.25818790E-03
 1.98444380E+03 1.23847020E-03
 1.98569290E+03 1.25563930E-03
 1.98694360E+03 1.21997980E-03
 1.98819590E+03 1.25461560E-03
 1.98944590E+03 1.24899150E-03
 1.99069740E+03 1.25006530E-03
 1.99195040E+03 1.03260580E-03
 1.99320510E+03 1.05623820E-03
 1.99446130E+03 1.24817280E-03
 1.99571520E+03 1.24137480E-03
 1.99697070E+03 1.24834620E-03
 1.99822770E+03 1.24744830E-03
 1.99948630E+03 1.14604880E-03
 2.00074650E+03 1.16655910E-03
 2.00200430E+03 1.17145760E-03
 2.00326370E+03 1.18075030E-03
 2.00452470E+03 1.24296620E-03
 2.00578730E+03 1.14179040E-03
 2.00705150E+03 1.23814130E-03
 2.00831330E+03 1.23999130E-03
 2.00957660E+03 1.23938050E-03
 2.01084160E+03 1.20712220E-03
 2.01210820E+03 1.18929620E-03
 2.01337630E+03 1.10510380E-03
 2.01464210E+03 1.23579800E-03
 2.01590940E+03 1.23022140E-03
 2.01717840E+03 1.23385900E-03
 2.01844890E+03 1.23308620E-03
 2.01972110E+03 1.23220560E-03
 2.02099080E+03 1.22762850E-03
 2.02226220E+03 1.23040840E-03
 2.02353510E+03 1.22950800E-03
 2.02480970E+03 1.22860490E-03
 2.02608590E+03 1.20770580E-03
 2.02735960E+03 1.22523120E-03
 2.02863500E+03 1.22590180E-03
 2.02991190E+03 1.22500190E-03
 2.03119050E+03 1.22410360E-03
 2.03247070E+03 1.22320410E-03
 2.03374850E+03 1.19526280E-03
 2.03502780E+03 1.16914710E-03
 2.03630880E+03 1.22050750E-03
 2.03759140E+03 1.20666770E-03
 2.03887560E+03 1.21069250E-03
 2.04015740E+03 8.93665940E-04
 2.04144080E+03 1.12484760E-03
 2.04272590E+03 1.21563570E-03
 2.04401250E+03 1.20736100E-03
 2.04530080E+03 1.20179130E-03
 2.04658660E+03 1.16450320E-03
 2.04787400E+03 1.20333990E-03
 2.04916310E+03 1.21148820E-03
 2.05045380E+03 1.21636820E-03
 2.05174610E+03 1.21005470E-03
 2.05303600E+03 1.20932990E-03
 2.05432750E+03 1.21310010E-03
 2.05562070E+03 1.21334570E-03
 2.05691540E+03 1.13899570E-03
 2.05821180E+03 1.21151760E-03
 2.05950580E+03 1.21059080E-03
 2.06080130E+03 1.20969050E-03
 2.06209860E+03 1.04385040E-03
 2.06339740E+03 1.20785920E-03
 2.06469790E+03 1.20361350E-03
 2.06599590E+03 1.19910290E-03
 2.06729560E+03 1.20067510E-03
 2.06859690E+03 1.20418610E-03
 2.06989980E+03 1.20327250E-03
 2.07120440E+03 8.44768540E-04
 2.07250650E+03 1.20143300E-03
 2.07381030E+03 1.20051320E-03
 2.07511570E+03 1.19959100E-03
 2.07642270E+03 1.19867010E-03
 2.07773140E+03 1.15526060E-03
 2.07903760E+03 1.19676000E-03
 2.08034550E+03 1.19586690E-03
 2.08165500E+03 1.19497940E-03
 2.08296620E+03 1.18763810E-03
 2.08427900E+03 1.14460200E-03
 2.08558930E+03 1.11760280E-03
 2.08690130E+03 1.18874730E-03
 2.08821490E+03 1.19039410E-03
 2.08953020E+03 1.18947730E-03
 2.09084720E+03 6.78860110E-04
 2.09216160E+03 1.15561050E-03
 2.09347780E+03 1.18206820E-03
 2.09479550E+03 1.18362540E-03
 2.09611500E+03 1.18335480E-03
 2.09743610E+03 1.18401100E-03
 2.09875470E+03 1.18309610E-03
 2.10007500E+03 1.13398440E-03
 2.10139690E+03 1.18126470E-03
 2.10272050E+03 1.18035120E-03
 2.10404580E+03 1.17943690E-03
 2.10536850E+03 1.17852100E-03
 2.10669290E+03 1.17760410E-03
 2.10801900E+03 8.09157490E-04
 2.10934680E+03 1.12467040E-03
 2.11067630E+03 1.17484680E-03
 2.11200320E+03 1.17392840E-03
 2.11333180E+03 1.17289480E-03
 2.11466210E+03 1.13796380E-03
 2.11599400E+03 1.17116610E-03
 2.11732760E+03 1.12403790E-03
 2.11865880E+03 1.16932160E-03
 2.11999160E+03 1.16839900E-03
 2.12132600E+03 1.16747530E-03
 2.12266220E+03 1.16655050E-03
 2.12400000E+03 1.16562430E-03
 2.12500000E+03 1.16493640E-03
 2.13923310E+03 1.15523030E-03
 2.17500000E+03 1.13119490E-03
 2.22500000E+03 1.09848780E-03
 2.23681870E+03 1.09091440E-03
 2.27500000E+03 1.06687100E-03
 2.32500000E+03 1.03638040E-03
 2.34373310E+03 1.02525120E-03
 2.37500000E+03 1.00703490E-03
 2.40111680E+03 9.92163750E-04
 2.42500000E+03 9.78838060E-04
 2.46138090E+03 9.59038440E-04
 2.46141120E+03 9.59022350E-04
 2.48000000E+03 9.49136650E-04
 2.49659840E+03 9.40439980E-04
 2.53283820E+03 9.21875080E-04
 2.57014570E+03 9.03358730E-04
 2.57500000E+03 9.00993130E-04
 2.58921460E+03 8.94123110E-04
 2.60856860E+03 8.84904710E-04
 2.60860260E+03 8.89460890E-04
 2.62500000E+03 8.81635500E-04
 2.67500000E+03 8.58461280E-04
 2.72258120E+03 8.37338120E-04
 2.77500000E+03 8.15068590E-04
 2.82500000E+03 7.94755910E-04
 2.84701560E+03 7.86087070E-04
 2.87500000E+03 7.75301860E-04
 2.95000000E+03 7.47627420E-04
 2.98336920E+03 7.35860560E-04
 3.05000000E+03 7.13302710E-04
 3.05656400E+03 7.11145220E-04
 3.13344070E+03 6.86690300E-04
 3.13348980E+03 6.87369760E-04
 3.15000000E+03 6.82290370E-04
 3.20394980E+03 6.66131020E-04
 3.25000000E+03 6.52844450E-04
 3.27770520E+03 6.45064360E-04
 3.35000000E+03 6.25475760E-04
 3.35493630E+03 6.24174330E-04
 3.39493300E+03 6.13791970E-04
 3.43589480E+03 6.03449450E-04
 3.43595380E+03 6.08673850E-04
 3.45000000E+03 6.05128630E-04
 3.48542270E+03 5.96336400E-04
 3.53639930E+03 5.84043030E-04
 3.55000000E+03 5.80832260E-04
 3.58888920E+03 5.71806430E-04
 3.61572280E+03 5.65708740E-04
 3.62000000E+03 5.64746370E-04
 3.64296070E+03 5.59624450E-04
 3.64302710E+03 5.59701560E-04
 3.64701290E+03 5.58819340E-04
 3.64707940E+03 6.95835770E-04
 3.67132800E+03 6.87918600E-04
 3.69596950E+03 6.80009600E-04
 3.69603780E+03 6.85092430E-04
 3.75000000E+03 6.68052930E-04
 3.85000000E+03 6.38115020E-04
 3.95000000E+03 6.10189810E-04
 4.05085030E+03 5.83925370E-04
 4.15000000E+03 5.59826840E-04
 4.25000000E+03 5.37120130E-04
 4.35000000E+03 5.15892300E-04
 4.48111990E+03 4.90099590E-04
 4.55000000E+03 4.77401110E-04
 4.65000000E+03 4.59921210E-04
 4.75000000E+03 4.43487620E-04
 4.85000000E+03 4.28012390E-04
 4.95000000E+03 4.13415340E-04
 5.01365590E+03 4.04547280E-04
 5.05000000E+03 3.99623730E-04
 5.15000000E+03 3.86571780E-04
 5.25000000E+03 3.74200170E-04
 5.33038740E+03 3.64711850E-04
 5.35000000E+03 3.62455490E-04
 5.45000000E+03 3.51289700E-04
 5.55000000E+03 3.40659650E-04
 5.65000000E+03 3.30526550E-04
 5.68983570E+03 3.26620490E-04
 5.68999760E+03 3.26647710E-04
 5.75000000E+03 3.20895660E-04
 5.85000000E+03 3.11651030E-04
 5.95000000E+03 3.02809220E-04
 6.05000000E+03 2.94344580E-04
 6.15000000E+03 2.86233880E-04
 6.16217930E+03 2.85269190E-04
 6.25000000E+03 2.78456010E-04
 6.35000000E+03 2.70991760E-04
 6.45000000E+03 2.63823530E-04
 6.55000000E+03 2.56935230E-04
 6.65000000E+03 2.50312010E-04
 6.72004620E+03 2.45823180E-04
 6.75000000E+03 2.43940180E-04
 6.85000000E+03 2.37807080E-04
 6.95000000E+03 2.31900910E-04
 7.05000000E+03 2.26210720E-04
 7.15000000E+03 2.20726230E-04
 7.25000000E+03 2.15437840E-04
 7.35000000E+03 2.10336550E-04
 7.38897600E+03 2.08397090E-04
 7.45000000E+03 2.05413860E-04
 7.55000000E+03 2.00661750E-04
 7.65000000E+03 1.96072700E-04
 7.75000000E+03 1.91639530E-04
 7.77599690E+03 1.90511740E-04
 7.85000000E+03 1.87355510E-04
 7.95000000E+03 1.83214190E-04
 8.05000000E+03 1.79209500E-04
 8.15000000E+03 1.75335660E-04
 8.20580150E+03 1.73228830E-04
 8.20613820E+03 1.79222280E-04
 8.25000000E+03 1.77518650E-04
 8.35000000E+03 1.73723490E-04
 8.45000000E+03 1.70047870E-04
 8.55000000E+03 1.66486980E-04
 8.65000000E+03 1.63036240E-04
 8.75000000E+03 1.59691320E-04
 8.85000000E+03 1.56448100E-04
 8.95000000E+03 1.53302650E-04
 9.05000000E+03 1.50251230E-04
 9.15000000E+03 1.47290280E-04
 9.21353280E+03 1.45454530E-04
 9.25000000E+03 1.44416380E-04
 9.35000000E+03 1.41626270E-04
 9.45000000E+03 1.38916850E-04
 9.55000000E+03 1.36285140E-04
 9.65000000E+03 1.33728290E-04
 9.75000000E+03 1.31243560E-04
 9.85000000E+03 1.28828340E-04
 9.95000000E+03 1.26480130E-04
 1.01250000E+04 1.22524840E-04
 1.03750000E+04 1.17193810E-04
 1.05034290E+04 1.14591920E-04
 1.06250000E+04 1.12209570E-04
 1.08750000E+04 1.07542840E-04
 1.11250000E+04 1.03167210E-04
 1.13750000E+04 9.90588000E-05
 1.16250000E+04 9.51960260E-05
 1.18750000E+04 9.15593600E-05
 1.21250000E+04 8.81311210E-05
 1.22132930E+04 8.69671180E-05
 1.23750000E+04 8.48952870E-05
 1.26250000E+04 8.18373260E-05
 1.28750000E+04 7.89440450E-05
 1.31250000E+04 7.62034540E-05
 1.32954860E+04 7.44164630E-05
 1.33750000E+04 7.36046450E-05
 1.36250000E+04 7.11376790E-05
 1.38750000E+04 6.87934940E-05
 1.41250000E+04 6.65638100E-05
 1.44200000E+04 6.40697690E-05
 1.45881050E+04 6.27107760E-05
 1.45882110E+04 6.32200830E-05
 1.46700000E+04 6.25684700E-05
 1.48750000E+04 6.09792110E-05
 1.51250000E+04 5.91223090E-05
 1.53750000E+04 5.73494250E-05
 1.56250000E+04 5.56554050E-05
 1.58750000E+04 5.40355010E-05
 1.60308430E+04 5.30612450E-05
 1.62000000E+04 5.20332630E-05
 1.66000000E+04 4.97178430E-05
 1.70000000E+04 4.75529950E-05
 1.74000000E+04 4.55256710E-05
 1.77902710E+04 4.36690900E-05
 1.78000000E+04 4.36242500E-05
 1.82000000E+04 4.18383490E-05
 1.86000000E+04 4.01586600E-05
 1.90000000E+04 3.85768120E-05
 1.94000000E+04 3.70852630E-05
 1.98000000E+04 3.56771850E-05
 1.99835140E+04 3.50573970E-05
 2.02500000E+04 3.41851990E-05
 2.07500000E+04 3.26325380E-05
 2.12500000E+04 3.11811070E-05
 2.12962490E+04 3.10516520E-05
 2.17500000E+04 2.98222080E-05
 2.22500000E+04 2.85480670E-05
 2.26500000E+04 2.75850790E-05
 2.27935810E+04 2.72509230E-05
 2.27938410E+04 2.73669430E-05
 2.29000000E+04 2.71234270E-05
 2.32500000E+04 2.63426000E-05
 2.37500000E+04 2.52828210E-05
 2.42500000E+04 2.42840030E-05
 2.47500000E+04 2.33415420E-05
 2.52500000E+04 2.24512730E-05
 2.57500000E+04 2.16094240E-05
 2.62500000E+04 2.08125750E-05
 2.67500000E+04 2.00576160E-05
 2.72500000E+04 1.93417120E-05
 2.77500000E+04 1.86622840E-05
 2.82500000E+04 1.80169690E-05
 2.87500000E+04 1.74036020E-05
 2.92500000E+04 1.68201970E-05
 2.97500000E+04 1.62649270E-05
 3.02500000E+04 1.57361060E-05
 3.07500000E+04 1.52321760E-05
 3.12500000E+04 1.47516920E-05
 3.17500000E+04 1.42933170E-05
 3.24000000E+04 1.37284410E-05
 3.34000000E+04 1.29225050E-05
 3.45000000E+04 1.21157280E-05
 3.50017500E+04 1.17729310E-05
 3.55000000E+04 1.14469940E-05
 3.65000000E+04 1.08333350E-05
 3.75000000E+04 1.02691540E-05
 3.85000000E+04 9.74947940E-06
 3.95000000E+04 9.26987630E-06
 4.05000000E+04 8.82639000E-06
 4.15000000E+04 8.41548890E-06
 4.25000000E+04 8.03401850E-06
 4.35000000E+04 7.67916090E-06
 4.45000000E+04 7.34839890E-06
 4.55000000E+04 7.03948440E-06
 4.65000000E+04 6.75041020E-06
 4.75000000E+04 6.47938400E-06
 4.85000000E+04 6.22480570E-06
 5.00000000E+04 5.87069560E-06
 1.20000000E+05 1.02946480E-06
 2.50000000E+05 2.40680780E-07
 5.99999990E+05 4.36339030E-08
 1.00000000E+06 1.65065250E-08
 1.20000000E+07 1.81402760E-10
 2.00000000E+08 1.00817060E-11
 6.00000000E+08 4.82936130E-12
