 WMBASIC, Moont, Westmoquette 2004 (Pauldrach 2003) after SNC 2002
 Z/Z0 0.05 Teff 26.30 logg 4.00 R/R0 8.12 R 5.6475E+11
   Wavelength   Eddington Hnu
 (Angstroms) (erg/s/cm2/Hz/sr)
 5.00000000E+01 2.77175750E-58
 5.39800670E+01 1.67424650E-54
 5.86485720E+01 7.83839070E-51
 6.42010450E+01 2.37360170E-47
 6.72342620E+01 8.82390880E-46
 7.05683030E+01 2.78560790E-44
 7.23624730E+01 1.46037290E-43
 7.42502560E+01 7.28007720E-43
 7.42530130E+01 7.33372130E-43
 8.29011090E+01 2.59646420E-40
 8.60000000E+01 1.32934080E-39
 9.38336070E+01 3.93393880E-38
 9.96000000E+01 2.98910170E-37
 1.03800000E+02 1.10593070E-36
 1.08087540E+02 3.76131620E-36
 1.16971940E+02 3.77710920E-35
 1.21300000E+02 1.10836720E-34
 1.27447660E+02 5.30437300E-34
 1.27448480E+02 5.30552240E-34
 1.29343070E+02 8.92364850E-34
 1.31295690E+02 1.59052710E-33
 1.33308180E+02 3.07824490E-33
 1.34337740E+02 4.45006290E-33
 1.35383330E+02 6.61780240E-33
 1.35384240E+02 6.62016990E-33
 1.37200850E+02 1.38861880E-32
 1.39067840E+02 3.14406830E-32
 1.39068810E+02 3.14543550E-32
 1.42636710E+02 1.63872620E-31
 1.46393570E+02 9.55871950E-31
 1.50353690E+02 5.86740880E-30
 1.52415200E+02 1.46693980E-29
 1.54534020E+02 3.67946400E-29
 1.54535210E+02 3.57513930E-29
 1.57236080E+02 1.11912020E-28
 1.60034310E+02 3.51037160E-28
 1.60035590E+02 3.51216860E-28
 1.60224390E+02 3.78844010E-28
 1.60225670E+02 3.79038710E-28
 1.62147230E+02 8.11066960E-28
 1.64116780E+02 1.73646690E-27
 1.64118130E+02 1.66680490E-27
 1.65325350E+02 2.63367870E-27
 1.66551860E+02 4.16330510E-27
 1.66553240E+02 4.16544560E-27
 1.68739650E+02 9.26646700E-27
 1.70985680E+02 2.06173160E-26
 1.70987140E+02 2.06238740E-26
 1.71113420E+02 2.15586200E-26
 1.71114880E+02 2.15635650E-26
 1.71458910E+02 2.43231010E-26
 1.71460380E+02 2.43211950E-26
 1.72433830E+02 3.41040550E-26
 1.72435320E+02 3.41037270E-26
 1.75831390E+02 1.07639970E-25
 1.79365540E+02 3.39492230E-25
 1.79367150E+02 3.39666180E-25
 1.80916590E+02 5.53899010E-25
 1.80918230E+02 5.54182650E-25
 1.83985820E+02 1.42307400E-24
 1.87160980E+02 3.65222600E-24
 1.87162730E+02 3.65397400E-24
 1.88988990E+02 6.19084180E-24
 1.90853060E+02 1.04904380E-23
 1.90854880E+02 1.04957860E-23
 1.92241740E+02 1.54323190E-23
 1.92243590E+02 1.54401320E-23
 1.93422340E+02 2.13297360E-23
 1.94617540E+02 2.94764570E-23
 1.94619430E+02 2.94812000E-23
 1.94836520E+02 3.12514970E-23
 1.94838420E+02 3.12674170E-23
 1.95961030E+02 4.21817700E-23
 1.97098590E+02 5.69271540E-23
 1.97100530E+02 5.69561270E-23
 1.98877180E+02 9.03184630E-23
 2.00688160E+02 1.43247270E-22
 2.00690170E+02 1.43320060E-22
 2.01029230E+02 1.56095750E-22
 2.01031250E+02 1.56175060E-22
 2.01590960E+02 1.79698190E-22
 2.01592990E+02 1.79789480E-22
 2.02358650E+02 2.17544130E-22
 2.02360700E+02 2.17654600E-22
 2.02518850E+02 2.26352440E-22
 2.02520900E+02 2.26467390E-22
 2.06041210E+02 5.33022570E-22
 2.09688270E+02 1.25354060E-21
 2.13466760E+02 2.94396160E-21
 2.15407540E+02 4.50913960E-21
 2.17383930E+02 6.90386460E-21
 2.17386300E+02 6.90734780E-21
 2.19479890E+02 1.07513920E-20
 2.19482300E+02 1.07568110E-20
 2.21038630E+02 1.48609220E-20
 2.22619670E+02 2.05363940E-20
 2.22622150E+02 2.05467300E-20
 2.23980340E+02 2.70241630E-20
 2.25357750E+02 3.55551930E-20
 2.25360290E+02 3.55730650E-20
 2.25609880E+02 3.73720800E-20
 2.25612420E+02 1.92066570E-20
 2.25845330E+02 2.01204310E-20
 2.25847880E+02 1.81717020E-20
 2.26991880E+02 2.28085070E-20
 2.26994450E+02 2.28201220E-20
 2.27837820E+02 2.69416490E-20
 2.27840410E+02 9.09063130E-15
 2.28062080E+02 9.35391430E-15
 2.28506890E+02 9.88632240E-15
 2.28952570E+02 9.78361740E-15
 2.29366480E+02 7.56048390E-16
 2.29369110E+02 6.95650930E-16
 2.29399110E+02 3.93360040E-18
 2.29846530E+02 4.89451020E-18
 2.30294820E+02 3.15687820E-16
 2.30743990E+02 5.33285380E-18
 2.31194030E+02 1.48529930E-15
 2.31502650E+02 8.57368370E-15
 2.31644950E+02 1.20203920E-14
 2.32096740E+02 1.97904580E-16
 2.32549420E+02 2.82236480E-14
 2.33002980E+02 1.74213410E-14
 2.33457430E+02 1.74162090E-14
 2.33678980E+02 9.38760750E-15
 2.33681710E+02 9.28595720E-15
 2.33912760E+02 4.38885910E-16
 2.34368990E+02 7.07509850E-14
 2.34826100E+02 2.25836930E-14
 2.34985870E+02 2.27331750E-14
 2.35284100E+02 2.30040530E-14
 2.35742990E+02 2.41401630E-14
 2.36202790E+02 2.52157560E-14
 2.36307460E+02 1.97310680E-14
 2.36310250E+02 1.94677650E-14
 2.36663470E+02 3.17817820E-17
 2.37125060E+02 3.27907490E-15
 2.37587540E+02 3.04603260E-14
 2.37749710E+02 3.03854780E-14
 2.37752530E+02 3.03848710E-14
 2.38050930E+02 3.02088650E-14
 2.38515230E+02 3.35228900E-14
 2.38980420E+02 3.51991240E-14
 2.39446530E+02 3.68099270E-14
 2.39913540E+02 3.88980660E-14
 2.40381470E+02 4.12341600E-14
 2.40641950E+02 4.28053140E-14
 2.40850300E+02 4.41009340E-14
 2.41320060E+02 4.58006780E-14
 2.41790720E+02 4.89708860E-14
 2.42262310E+02 1.29656280E-17
 2.42734820E+02 4.70985010E-15
 2.43208240E+02 6.07148350E-14
 2.43605420E+02 6.01049190E-14
 2.43608390E+02 6.01047550E-14
 2.43682590E+02 5.99707100E-14
 2.44157870E+02 6.55945620E-14
 2.44634070E+02 6.63573570E-14
 2.45111210E+02 7.17814850E-14
 2.45413770E+02 7.24153460E-14
 2.45416780E+02 7.24220550E-14
 2.45589270E+02 7.27642540E-14
 2.46068260E+02 7.20832050E-14
 2.46548190E+02 7.92505470E-14
 2.47029060E+02 7.43171000E-14
 2.47510860E+02 8.87624590E-14
 2.47579110E+02 8.51935980E-14
 2.47582170E+02 8.50337220E-14
 2.47993600E+02 6.22819370E-14
 2.48477290E+02 9.90780400E-14
 2.48961910E+02 1.14949240E-13
 2.49447490E+02 1.15626690E-13
 2.49834420E+02 1.19756810E-13
 2.49837540E+02 1.19809590E-13
 2.49934010E+02 1.20859750E-13
 2.50421470E+02 1.14816340E-13
 2.50909890E+02 9.84996190E-14
 2.51399270E+02 1.27090890E-13
 2.51553820E+02 1.34273760E-13
 2.51889590E+02 1.50553560E-13
 2.52380880E+02 1.55058180E-13
 2.52873120E+02 1.70275990E-13
 2.53297040E+02 1.74719490E-13
 2.53300250E+02 1.74741570E-13
 2.53366320E+02 1.75437500E-13
 2.53860480E+02 1.80514490E-13
 2.54355610E+02 1.53129300E-13
 2.54600830E+02 1.67185460E-13
 2.54604070E+02 1.64426710E-13
 2.54851700E+02 1.78977570E-13
 2.55348760E+02 1.79958650E-13
 2.55846790E+02 2.83442420E-15
 2.56345790E+02 4.74926570E-13
 2.56735220E+02 2.99957120E-13
 2.56845760E+02 2.47697470E-13
 2.57346710E+02 2.57340000E-13
 2.57848640E+02 2.74154490E-13
 2.58351550E+02 2.86328900E-13
 2.58855430E+02 3.01779720E-13
 2.58905710E+02 3.02942500E-13
 2.58909060E+02 2.86438550E-13
 2.59360300E+02 2.96551830E-13
 2.59866150E+02 3.02366390E-13
 2.60372990E+02 3.20615630E-13
 2.60880820E+02 3.62290180E-13
 2.61010740E+02 3.60896600E-13
 2.61014140E+02 3.60966720E-13
 2.61378120E+02 3.56538810E-13
 2.61381530E+02 2.51247840E-13
 2.61389640E+02 2.51172740E-13
 2.61899450E+02 2.00527090E-13
 2.62410260E+02 2.04309540E-13
 2.62922060E+02 1.62260420E-13
 2.63434860E+02 1.61831760E-13
 2.63948660E+02 3.12011790E-13
 2.64463470E+02 6.84804030E-13
 2.64575530E+02 7.42915160E-13
 2.64979270E+02 9.61859390E-13
 2.65496090E+02 3.86716130E-13
 2.66013910E+02 2.41456610E-13
 2.66532740E+02 1.62061320E-13
 2.67052580E+02 7.27798740E-13
 2.67573440E+02 5.45966250E-13
 2.67852140E+02 5.24378530E-13
 2.68095310E+02 5.04318030E-13
 2.68618200E+02 5.07633410E-13
 2.69142110E+02 5.13380570E-13
 2.69667040E+02 5.56017070E-13
 2.70193000E+02 6.25054410E-13
 2.70719980E+02 6.39876110E-13
 2.71210930E+02 6.50858480E-13
 2.71247990E+02 6.51671610E-13
 2.71777030E+02 6.94139190E-13
 2.72307100E+02 7.40591000E-13
 2.72838200E+02 7.75722440E-13
 2.72922110E+02 7.80325670E-13
 2.73370350E+02 8.05288630E-13
 2.73903520E+02 8.41658650E-13
 2.74437740E+02 7.78176530E-13
 2.74655030E+02 7.70939470E-13
 2.74658800E+02 6.68268140E-13
 2.74973000E+02 6.58365730E-13
 2.75509310E+02 1.35322360E-12
 2.76046660E+02 9.34350750E-13
 2.76585060E+02 8.84546760E-13
 2.77124500E+02 8.15030120E-13
 2.77383510E+02 9.28428000E-13
 2.77665010E+02 1.05690560E-12
 2.78206560E+02 1.09205000E-12
 2.78749170E+02 1.09610330E-12
 2.79292840E+02 1.07619120E-12
 2.79837570E+02 1.32291450E-12
 2.80166740E+02 1.33241190E-12
 2.80170670E+02 1.35548650E-12
 2.80383360E+02 1.36157630E-12
 2.80930220E+02 1.42018360E-12
 2.81478140E+02 1.44272740E-12
 2.82027140E+02 6.28876220E-12
 2.82577200E+02 1.62369690E-12
 2.83128330E+02 1.42712000E-12
 2.83305060E+02 1.53627730E-12
 2.83680540E+02 1.77772930E-12
 2.84233830E+02 1.90338650E-12
 2.84788200E+02 1.92829720E-12
 2.85343650E+02 2.04365070E-12
 2.85900180E+02 2.45838350E-12
 2.86457800E+02 2.25592670E-12
 2.86514480E+02 2.26652850E-12
 2.86518580E+02 2.26575570E-12
 2.87016500E+02 2.36082330E-12
 2.87576290E+02 2.40243770E-12
 2.88137180E+02 3.00080460E-12
 2.88699160E+02 2.88371810E-12
 2.89262230E+02 2.85857210E-12
 2.89826410E+02 2.97113060E-12
 2.90391680E+02 2.50297010E-12
 2.90958060E+02 3.17838210E-12
 2.91525540E+02 4.21637150E-12
 2.92094130E+02 3.59538330E-12
 2.92663830E+02 6.06237870E-12
 2.92892620E+02 5.23757490E-12
 2.93234640E+02 3.94648940E-12
 2.93806560E+02 4.09231880E-12
 2.94379600E+02 4.23723760E-12
 2.94953750E+02 3.75588720E-12
 2.95529020E+02 8.03943640E-12
 2.96000000E+02 5.47539180E-12
 2.96105420E+02 4.87521830E-12
 2.96682940E+02 4.92480980E-12
 2.97261590E+02 5.42883790E-12
 2.97841370E+02 5.56461670E-12
 2.98422270E+02 5.83983660E-12
 2.99004310E+02 5.63362580E-12
 2.99561200E+02 6.93672270E-12
 2.99565690E+02 6.75476250E-12
 2.99587490E+02 6.80631130E-12
 3.00171800E+02 6.35892990E-12
 3.00757250E+02 6.58879060E-12
 3.01343850E+02 6.91476380E-12
 3.01931580E+02 7.39553600E-12
 3.02520470E+02 2.46781890E-12
 3.03110500E+02 8.26773230E-13
 3.03701680E+02 7.94389100E-12
 3.04294020E+02 1.01317660E-11
 3.04887510E+02 8.11708060E-13
 3.05482160E+02 6.13048530E-12
 3.06077970E+02 1.56629320E-11
 3.06341390E+02 1.37528140E-11
 3.06674940E+02 1.12244420E-11
 3.07273080E+02 1.09795360E-11
 3.07872380E+02 1.13590430E-11
 3.08472850E+02 1.17801950E-11
 3.09074490E+02 1.01796610E-11
 3.09677310E+02 2.99425880E-11
 3.10281300E+02 1.53628900E-11
 3.10886470E+02 1.30994490E-11
 3.11492820E+02 9.59020060E-11
 3.12100350E+02 1.56880420E-11
 3.12709070E+02 1.54111350E-11
 3.13318970E+02 1.53261500E-11
 3.13435610E+02 1.49734620E-11
 3.13440520E+02 1.49581690E-11
 3.13588740E+02 1.45002880E-11
 3.13593660E+02 1.44849180E-11
 3.13930070E+02 1.34054330E-11
 3.14542350E+02 3.30610120E-11
 3.15155830E+02 2.45676110E-11
 3.15770510E+02 2.03938440E-11
 3.16351530E+02 2.07678140E-11
 3.16386390E+02 2.07901120E-11
 3.17003460E+02 2.20249900E-11
 3.17621740E+02 2.26487430E-11
 3.18241230E+02 2.36356760E-11
 3.18861920E+02 2.42988810E-11
 3.19163430E+02 2.47007510E-11
 3.19168530E+02 2.47086120E-11
 3.19483830E+02 2.51348180E-11
 3.20106950E+02 2.37724030E-11
 3.20731280E+02 2.06560500E-11
 3.21356830E+02 3.13559520E-11
 3.21983600E+02 2.42987520E-11
 3.22611600E+02 8.36115430E-11
 3.23240810E+02 7.56626870E-10
 3.23499070E+02 5.77551590E-10
 3.23871260E+02 3.08997220E-10
 3.24502930E+02 5.92753170E-11
 3.25135840E+02 3.71104090E-11
 3.25769980E+02 3.53644820E-11
 3.26405360E+02 3.55276450E-11
 3.27041980E+02 4.20375600E-11
 3.27679840E+02 4.11843930E-11
 3.27954120E+02 3.95375200E-11
 3.27959500E+02 3.95058340E-11
 3.28318940E+02 3.72446540E-11
 3.28839200E+02 3.98714400E-11
 3.28844600E+02 3.98988210E-11
 3.28959290E+02 4.04945940E-11
 3.29600890E+02 4.81734950E-11
 3.30243740E+02 3.40373620E-11
 3.30887840E+02 5.20637960E-11
 3.31533200E+02 5.51578480E-11
 3.32179820E+02 6.68266010E-11
 3.32827700E+02 5.99470050E-11
 3.33476850E+02 6.21888740E-11
 3.34127260E+02 6.45127730E-11
 3.34778940E+02 6.58401930E-11
 3.35234000E+02 6.59500080E-11
 3.35431880E+02 6.59839750E-11
 3.36086110E+02 7.28104930E-11
 3.36741610E+02 7.44450680E-11
 3.37398380E+02 7.92417060E-11
 3.38056440E+02 8.20794240E-11
 3.38715780E+02 8.40286480E-11
 3.39376410E+02 8.90959360E-11
 3.40038330E+02 9.09333670E-11
 3.40701540E+02 9.20710020E-11
 3.41366040E+02 1.01889620E-10
 3.41882450E+02 1.02292200E-10
 3.41888290E+02 1.01975270E-10
 3.42031830E+02 1.02074660E-10
 3.42698930E+02 1.06364340E-10
 3.43367320E+02 1.10710240E-10
 3.44037020E+02 1.15116490E-10
 3.44708030E+02 1.17164470E-10
 3.45380350E+02 1.30924080E-10
 3.46053970E+02 1.29115980E-10
 3.46728910E+02 1.33795010E-10
 3.46988970E+02 1.35644320E-10
 3.47405170E+02 1.38650570E-10
 3.48082740E+02 1.43964290E-10
 3.48761640E+02 1.48929330E-10
 3.49441860E+02 1.55223330E-10
 3.50123410E+02 1.60156710E-10
 3.50806290E+02 1.66650480E-10
 3.51490500E+02 1.71781060E-10
 3.52176040E+02 1.73623890E-10
 3.52250350E+02 1.74040090E-10
 3.52256560E+02 1.74187990E-10
 3.52412100E+02 1.75061100E-10
 3.52418310E+02 1.44830620E-10
 3.52862920E+02 1.46932360E-10
 3.53551140E+02 1.59384020E-10
 3.54240700E+02 1.61435420E-10
 3.54931610E+02 1.17044440E-10
 3.55623860E+02 9.95434070E-11
 3.56317470E+02 1.63747250E-10
 3.56692090E+02 1.69819390E-10
 3.57012430E+02 1.75140550E-10
 3.57708740E+02 1.63920940E-10
 3.58406410E+02 2.35092460E-10
 3.59105440E+02 2.12201730E-10
 3.59805840E+02 2.21690790E-10
 3.60507600E+02 2.44343370E-10
 3.61077310E+02 2.41746110E-10
 3.61210730E+02 2.41086460E-10
 3.61915230E+02 2.49763850E-10
 3.62621110E+02 2.48122330E-10
 3.63328360E+02 2.65578280E-10
 3.64036990E+02 2.77284970E-10
 3.64747010E+02 2.85178300E-10
 3.65458410E+02 2.95541140E-10
 3.65571700E+02 2.96803510E-10
 3.66171190E+02 3.03548890E-10
 3.66885370E+02 3.17393480E-10
 3.67600940E+02 3.26606080E-10
 3.67861110E+02 3.28717180E-10
 3.68317900E+02 3.32415480E-10
 3.69036270E+02 3.51214330E-10
 3.69756030E+02 3.64438220E-10
 3.70179390E+02 3.72820130E-10
 3.70186240E+02 3.72788700E-10
 3.70477200E+02 3.78646630E-10
 3.71199770E+02 3.58310090E-10
 3.71923760E+02 4.24609460E-10
 3.72649160E+02 3.08430530E-10
 3.73375970E+02 1.64718790E-10
 3.74104190E+02 8.73642410E-10
 3.74833840E+02 7.82834560E-10
 3.75564920E+02 4.98889360E-10
 3.76297410E+02 4.92394310E-10
 3.77031340E+02 4.54550450E-10
 3.77652630E+02 5.11050460E-10
 3.77766700E+02 5.21714500E-10
 3.78503490E+02 5.37978360E-10
 3.79241720E+02 4.81121380E-10
 3.79981390E+02 5.92096270E-10
 3.80722500E+02 6.10010740E-10
 3.81465060E+02 6.31776380E-10
 3.82209060E+02 6.52464310E-10
 3.82954520E+02 6.75638540E-10
 3.83701430E+02 6.92702390E-10
 3.84449800E+02 7.16117870E-10
 3.85199620E+02 1.71040020E-10
 3.85433840E+02 1.82262570E-09
 3.85441270E+02 1.87549570E-09
 3.85950910E+02 5.58342040E-09
 3.86703670E+02 1.39885710E-09
 3.87457890E+02 8.47150650E-10
 3.88213590E+02 1.39477500E-09
 3.88970750E+02 9.74550790E-10
 3.89193040E+02 9.55620980E-10
 3.89200620E+02 9.33486190E-10
 3.89729400E+02 8.87745540E-10
 3.90489520E+02 9.34296730E-10
 3.91251130E+02 9.32024160E-10
 3.92014220E+02 2.19002470E-09
 3.92778800E+02 1.01863240E-09
 3.93544870E+02 1.04660240E-09
 3.94312440E+02 1.06579580E-09
 3.95081500E+02 1.07838570E-09
 3.95112300E+02 1.08182700E-09
 3.95852060E+02 1.16645290E-09
 3.96624130E+02 1.18476070E-09
 3.97397700E+02 1.22641550E-09
 3.98172780E+02 1.22077790E-09
 3.98949370E+02 1.30602980E-09
 3.99727480E+02 1.35771080E-09
 4.00507110E+02 1.39566130E-09
 4.01214400E+02 1.43477210E-09
 4.01222440E+02 1.43518800E-09
 4.01288250E+02 1.43887490E-09
 4.02070920E+02 1.48306970E-09
 4.02855110E+02 1.50934270E-09
 4.03640840E+02 1.47673120E-09
 4.04428100E+02 1.56153270E-09
 4.05216890E+02 1.60207120E-09
 4.05223990E+02 1.60384300E-09
 4.05232200E+02 1.60580660E-09
 4.06007220E+02 1.80424460E-09
 4.06799090E+02 1.74540200E-09
 4.07592510E+02 1.86870660E-09
 4.08106300E+02 1.89445210E-09
 4.08387470E+02 1.90862570E-09
 4.09183990E+02 1.97756700E-09
 4.09982050E+02 2.04806090E-09
 4.10781680E+02 2.09017620E-09
 4.11029910E+02 2.10690350E-09
 4.11038350E+02 2.09523670E-09
 4.11582860E+02 2.13210840E-09
 4.12385610E+02 2.20331540E-09
 4.13189920E+02 2.26806420E-09
 4.13995800E+02 2.33680410E-09
 4.14803260E+02 2.41773940E-09
 4.14878200E+02 2.42458480E-09
 4.15612290E+02 2.49252190E-09
 4.16422890E+02 2.56759420E-09
 4.17235080E+02 2.63696160E-09
 4.18048850E+02 2.70624200E-09
 4.18799230E+02 5.28522530E-09
 4.18808000E+02 5.31015940E-09
 4.18864210E+02 5.50849010E-09
 4.19681160E+02 2.86222860E-09
 4.20499700E+02 2.97742290E-09
 4.21319840E+02 3.06743540E-09
 4.22141570E+02 3.15558060E-09
 4.22964910E+02 3.23236430E-09
 4.23789860E+02 3.35232480E-09
 4.24051390E+02 3.37214560E-09
 4.24616420E+02 3.41512850E-09
 4.25444580E+02 3.54712720E-09
 4.26274370E+02 3.65867320E-09
 4.27105770E+02 3.74326620E-09
 4.27938790E+02 3.85489730E-09
 4.28773440E+02 3.73913190E-09
 4.29436960E+02 4.18064100E-09
 4.29609710E+02 4.29836180E-09
 4.30447620E+02 4.39703680E-09
 4.31287160E+02 4.37748040E-09
 4.32128340E+02 4.47860300E-09
 4.32971160E+02 4.55842290E-09
 4.33815620E+02 4.69727290E-09
 4.34661730E+02 4.81574770E-09
 4.34961080E+02 4.89067200E-09
 4.35509490E+02 5.03028520E-09
 4.36358900E+02 5.15867660E-09
 4.37209970E+02 5.26668860E-09
 4.37776790E+02 5.40270630E-09
 4.38062700E+02 5.47239660E-09
 4.38917090E+02 5.62403240E-09
 4.39773150E+02 5.78431700E-09
 4.40629180E+02 5.89111980E-09
 4.40630880E+02 5.89133260E-09
 4.40638890E+02 5.89216980E-09
 4.41490280E+02 6.02640690E-09
 4.42351360E+02 6.24209270E-09
 4.43214120E+02 6.46241700E-09
 4.43332170E+02 6.46727960E-09
 4.43342000E+02 6.46754690E-09
 4.44078560E+02 6.49646250E-09
 4.44944690E+02 5.93902640E-09
 4.45812500E+02 6.43960430E-09
 4.46543000E+02 7.58696880E-09
 4.46552970E+02 7.60281030E-09
 4.46682010E+02 7.81034330E-09
 4.47326020E+02 7.41484060E-09
 4.47336020E+02 7.40737590E-09
 4.47553210E+02 7.26981380E-09
 4.48426120E+02 7.65801660E-09
 4.49300720E+02 7.76657560E-09
 4.49716120E+02 7.74736610E-09
 4.49726230E+02 7.74675340E-09
 4.50177030E+02 7.72382250E-09
 4.51055050E+02 8.06166500E-09
 4.51934790E+02 8.83676130E-09
 4.52816240E+02 9.01302010E-09
 4.52875170E+02 9.01190770E-09
 4.52885420E+02 9.01171070E-09
 4.53699400E+02 8.99278250E-09
 4.54584290E+02 9.19584680E-09
 4.55470910E+02 9.46274560E-09
 4.56359260E+02 9.31608620E-09
 4.56474270E+02 9.54513890E-09
 4.57249340E+02 1.11242800E-08
 4.58141150E+02 3.15895560E-07
 4.59034700E+02 1.32961750E-08
 4.59930000E+02 1.72104810E-08
 4.60131030E+02 1.62640580E-08
 4.60141610E+02 1.62139140E-08
 4.60500780E+02 1.44944970E-08
 4.60511380E+02 1.44427600E-08
 4.60827040E+02 1.29013430E-08
 4.61725830E+02 1.10290350E-08
 4.62626380E+02 1.24827780E-08
 4.63528680E+02 1.21431620E-08
 4.63872020E+02 1.21579290E-08
 4.63882780E+02 1.21583760E-08
 4.64432740E+02 1.21799690E-08
 4.65338570E+02 1.26065870E-08
 4.66246160E+02 1.29219120E-08
 4.67155520E+02 1.28002100E-08
 4.68011200E+02 1.35137130E-08
 4.68066660E+02 1.35607870E-08
 4.68979570E+02 1.27764480E-08
 4.69894260E+02 1.36353050E-08
 4.70810740E+02 1.47343160E-08
 4.71729000E+02 1.51546280E-08
 4.72224910E+02 1.51191530E-08
 4.72236060E+02 1.51183090E-08
 4.72649060E+02 1.50857380E-08
 4.73570910E+02 1.58089940E-08
 4.74494560E+02 1.60926880E-08
 4.75420010E+02 1.60587230E-08
 4.76347260E+02 1.54384070E-08
 4.77276320E+02 1.75763420E-08
 4.78207200E+02 1.80777510E-08
 4.78535870E+02 1.82119250E-08
 4.79139890E+02 1.84604150E-08
 4.80074400E+02 1.90404470E-08
 4.81010730E+02 1.94712670E-08
 4.81948890E+02 2.00009920E-08
 4.82888880E+02 2.04003400E-08
 4.83830700E+02 2.09376060E-08
 4.84774360E+02 2.13697070E-08
 4.85017800E+02 2.15519000E-08
 4.85029560E+02 2.15605890E-08
 4.85323100E+02 2.17819970E-08
 4.85334880E+02 2.17885240E-08
 4.85719850E+02 2.20817190E-08
 4.86667200E+02 2.09206540E-08
 4.87616390E+02 1.94303360E-08
 4.88005200E+02 1.83140310E-08
 4.88567430E+02 1.66599110E-08
 4.89520330E+02 2.61416210E-08
 4.90475080E+02 2.64417160E-08
 4.90717100E+02 2.67570400E-08
 4.90729140E+02 2.67733440E-08
 4.90874640E+02 2.69642020E-08
 4.90886690E+02 2.69796070E-08
 4.91431700E+02 2.77029990E-08
 4.92390180E+02 2.63315520E-08
 4.93350540E+02 2.63827820E-08
 4.94312760E+02 2.73782950E-08
 4.95263790E+02 2.79942380E-08
 4.95276860E+02 2.80027800E-08
 4.96242850E+02 2.87333570E-08
 4.97210710E+02 2.92586640E-08
 4.98180470E+02 3.00680820E-08
 4.99152110E+02 3.03910780E-08
 4.99732140E+02 3.09610220E-08
 4.99744630E+02 3.09733850E-08
 5.00125660E+02 3.13525220E-08
 5.01101100E+02 3.22554800E-08
 5.02078440E+02 3.28844700E-08
 5.03057690E+02 3.37529260E-08
 5.04038840E+02 3.44737880E-08
 5.04273720E+02 3.38450120E-08
 5.04286430E+02 1.55510770E-07
 5.05021920E+02 1.57395790E-07
 5.06006910E+02 1.58987650E-08
 5.06993820E+02 2.76828320E-08
 5.07982650E+02 1.32449820E-07
 5.08589050E+02 1.62887850E-07
 5.08601990E+02 1.74082660E-07
 5.08973420E+02 1.94135150E-07
 5.09966110E+02 1.99974280E-07
 5.10960750E+02 1.93918710E-07
 5.11957320E+02 2.04348580E-07
 5.12052960E+02 2.04697390E-07
 5.12066070E+02 2.04745260E-07
 5.12955830E+02 2.08018150E-07
 5.13956300E+02 2.13572380E-07
 5.14958710E+02 2.10006230E-07
 5.15963080E+02 2.19192650E-07
 5.16969410E+02 1.94500780E-07
 5.17977700E+02 1.79636020E-07
 5.18987960E+02 2.18664420E-07
 5.20000190E+02 2.33995540E-07
 5.21014390E+02 2.27603290E-07
 5.22030580E+02 2.40365090E-07
 5.22811300E+02 2.44191630E-07
 5.23048740E+02 2.45365790E-07
 5.24068890E+02 2.07078700E-07
 5.25091030E+02 1.70555580E-07
 5.26115160E+02 2.70075380E-07
 5.27141290E+02 2.75849310E-07
 5.28169420E+02 2.67107170E-07
 5.29199550E+02 2.69991950E-07
 5.30000000E+02 2.35849200E-07
 5.30231700E+02 2.25824470E-07
 5.31265860E+02 2.78210170E-07
 5.32302030E+02 2.81892240E-07
 5.33340230E+02 2.87843150E-07
 5.34031420E+02 2.71206630E-07
 5.34045680E+02 2.70852030E-07
 5.34380450E+02 2.62672280E-07
 5.35422700E+02 2.61269350E-07
 5.36466980E+02 2.43919640E-07
 5.37513300E+02 2.72650890E-07
 5.38561660E+02 3.23687570E-07
 5.39612070E+02 2.73138580E-07
 5.40664520E+02 2.43124090E-07
 5.41719030E+02 2.92006740E-07
 5.42775590E+02 2.82506630E-07
 5.43834220E+02 2.97471200E-07
 5.44894900E+02 3.12139940E-07
 5.44984220E+02 3.14276510E-07
 5.45957660E+02 3.37855280E-07
 5.47022490E+02 3.39369640E-07
 5.48089400E+02 2.76031870E-07
 5.49158390E+02 3.57636940E-07
 5.50000000E+02 3.54113120E-07
 5.50229460E+02 3.53130690E-07
 5.51302620E+02 2.70796620E-07
 5.52377880E+02 3.68508420E-07
 5.53455230E+02 1.05751990E-07
 5.54534680E+02 3.99182440E-07
 5.55616240E+02 4.02381730E-07
 5.56395710E+02 4.04025370E-07
 5.56411190E+02 4.04057880E-07
 5.56699910E+02 4.04663220E-07
 5.57785690E+02 3.93704850E-07
 5.58873590E+02 4.21912350E-07
 5.59963610E+02 4.25762130E-07
 5.61055760E+02 4.33028430E-07
 5.62150040E+02 4.28109650E-07
 5.63246450E+02 4.48784260E-07
 5.64345000E+02 4.54636230E-07
 5.65161420E+02 4.28760770E-07
 5.65445690E+02 4.19613080E-07
 5.66548530E+02 5.70213060E-07
 5.67653520E+02 4.78300790E-07
 5.68760670E+02 4.82236620E-07
 5.69869970E+02 4.82062700E-07
 5.70981440E+02 5.01996200E-07
 5.72095080E+02 4.62704820E-07
 5.73210880E+02 5.05240170E-07
 5.74207740E+02 5.27480570E-07
 5.74224220E+02 5.27770630E-07
 5.74328870E+02 5.30131990E-07
 5.75449030E+02 5.34481840E-07
 5.76571380E+02 5.32430550E-07
 5.77695920E+02 5.19179300E-07
 5.78822650E+02 5.55263750E-07
 5.79498500E+02 5.51796970E-07
 5.79515290E+02 5.51709540E-07
 5.79951580E+02 5.49415610E-07
 5.81082720E+02 5.56129480E-07
 5.82216050E+02 5.15219750E-07
 5.83351600E+02 4.87411490E-07
 5.83639650E+02 5.27781080E-07
 5.84489360E+02 6.48464140E-07
 5.85629350E+02 6.07112300E-07
 5.86771550E+02 6.06730790E-07
 5.87840400E+02 6.32526860E-07
 5.87857680E+02 6.32948220E-07
 5.87915980E+02 6.34371230E-07
 5.89062650E+02 6.43550290E-07
 5.90211550E+02 6.54135490E-07
 5.91362690E+02 6.63540690E-07
 5.92516080E+02 6.72131160E-07
 5.93671720E+02 6.85745530E-07
 5.94829610E+02 1.30344900E-06
 5.95989760E+02 7.01042480E-07
 5.97152170E+02 6.94806390E-07
 5.98316850E+02 5.70584350E-07
 5.99483800E+02 3.89857780E-07
 6.00653030E+02 7.94576480E-07
 6.01824540E+02 7.63079300E-07
 6.02998330E+02 7.70093100E-07
 6.03379230E+02 7.75664310E-07
 6.04174410E+02 7.87393260E-07
 6.05352790E+02 7.75942370E-07
 6.06533460E+02 7.94256330E-07
 6.07716440E+02 7.66751460E-07
 6.08901720E+02 8.20973220E-07
 6.10089320E+02 8.38908890E-07
 6.11279230E+02 8.62448910E-07
 6.12471460E+02 7.98370500E-07
 6.13666020E+02 8.93308390E-07
 6.14862910E+02 9.02754030E-07
 6.16062130E+02 8.82279860E-07
 6.17263690E+02 9.17405580E-07
 6.18467590E+02 9.46758740E-07
 6.19673850E+02 9.61166410E-07
 6.19761850E+02 9.62303850E-07
 6.20882450E+02 9.76880820E-07
 6.22093420E+02 9.50943130E-07
 6.23306740E+02 1.00653090E-06
 6.24522430E+02 1.01468400E-06
 6.25000000E+02 1.02328270E-06
 6.25740490E+02 1.03672280E-06
 6.26960930E+02 1.03420550E-06
 6.28183750E+02 1.06083530E-06
 6.29408950E+02 1.05377100E-06
 6.30636540E+02 1.09681150E-06
 6.31866530E+02 1.11268670E-06
 6.33098920E+02 1.12863490E-06
 6.34333710E+02 1.15006310E-06
 6.35570900E+02 1.16459190E-06
 6.36810520E+02 9.49298290E-07
 6.37058930E+02 9.99464510E-07
 6.38052540E+02 1.20263390E-06
 6.39297000E+02 1.22350220E-06
 6.40543870E+02 1.23894060E-06
 6.41793180E+02 5.98425890E-07
 6.43044930E+02 1.25655960E-06
 6.44299120E+02 1.29256940E-06
 6.45555750E+02 1.30275300E-06
 6.46074650E+02 1.30898580E-06
 6.46814840E+02 1.31790890E-06
 6.48076380E+02 1.31774630E-06
 6.49340380E+02 1.36619410E-06
 6.50606850E+02 1.37702250E-06
 6.51875780E+02 1.41265840E-06
 6.53147200E+02 1.42544260E-06
 6.54421090E+02 1.36729920E-06
 6.55349220E+02 1.21804840E-06
 6.55370700E+02 1.21456550E-06
 6.55697460E+02 1.16131230E-06
 6.56976330E+02 1.24972140E-06
 6.58257690E+02 1.62483320E-06
 6.59541550E+02 1.21197510E-06
 6.60827910E+02 1.16459830E-06
 6.62116780E+02 1.92278420E-06
 6.63408170E+02 1.66096340E-06
 6.64702070E+02 1.61884810E-06
 6.65523740E+02 1.62951760E-06
 6.65998500E+02 1.63569870E-06
 6.67297460E+02 1.61258250E-06
 6.68598950E+02 1.70689310E-06
 6.69902980E+02 1.71748300E-06
 6.71209550E+02 1.75541020E-06
 6.72518670E+02 1.78086200E-06
 6.73830340E+02 1.76345100E-06
 6.75144570E+02 1.83121280E-06
 6.76019170E+02 1.84241110E-06
 6.76042020E+02 1.84267430E-06
 6.76461370E+02 1.84805130E-06
 6.77780730E+02 1.56425060E-06
 6.79102670E+02 1.08699260E-06
 6.80427180E+02 1.90612620E-06
 6.81098690E+02 1.93553630E-06
 6.81754280E+02 1.96450310E-06
 6.83083970E+02 7.00523550E-07
 6.84416250E+02 2.27153990E-06
 6.85751130E+02 1.69820280E-05
 6.86255130E+02 1.31001900E-05
 6.86278680E+02 1.29179590E-05
 6.87088610E+02 6.60303010E-06
 6.88428700E+02 2.14225860E-06
 6.89771400E+02 2.12879130E-06
 6.91116730E+02 2.16394870E-06
 6.92464670E+02 2.19251920E-06
 6.93815250E+02 2.22564480E-06
 6.94942120E+02 2.20304500E-06
 6.95168460E+02 2.19841740E-06
 6.96524310E+02 2.28504880E-06
 6.97882800E+02 2.30989460E-06
 6.99243940E+02 2.35135270E-06
 7.00000000E+02 1.32453200E-06
 7.00607740E+02 4.89403700E-07
 7.01974200E+02 1.75759990E-06
 7.03343320E+02 5.73078910E-06
 7.03851860E+02 5.63530740E-06
 7.04715120E+02 5.47101100E-06
 7.06089590E+02 2.82927310E-06
 7.07466740E+02 2.48095450E-06
 7.08846570E+02 2.57193290E-06
 7.10229100E+02 2.61981010E-06
 7.11614320E+02 2.65522590E-06
 7.12993030E+02 2.67772600E-06
 7.13002250E+02 2.67787640E-06
 7.14392880E+02 2.72698110E-06
 7.15786220E+02 2.76312240E-06
 7.17182290E+02 2.78805920E-06
 7.17653240E+02 2.51000480E-06
 7.18581070E+02 1.95582330E-06
 7.19982580E+02 2.87485460E-06
 7.21386830E+02 2.86439170E-06
 7.22374760E+02 2.92619850E-06
 7.22400860E+02 2.92782420E-06
 7.22793820E+02 2.95261790E-06
 7.24203550E+02 2.96433020E-06
 7.25514610E+02 3.00556970E-06
 7.25540930E+02 3.00639900E-06
 7.25616020E+02 3.00877400E-06
 7.27031260E+02 3.07056400E-06
 7.28449250E+02 3.08652350E-06
 7.29870010E+02 3.10125740E-06
 7.30000000E+02 3.10960800E-06
 7.31293540E+02 3.19338830E-06
 7.32719850E+02 3.23561730E-06
 7.34148940E+02 3.27092990E-06
 7.35580820E+02 3.31612590E-06
 7.37015490E+02 3.07504200E-06
 7.38452950E+02 3.01114640E-06
 7.39893220E+02 3.44837530E-06
 7.41336300E+02 3.49212320E-06
 7.42782200E+02 3.35156070E-06
 7.44230910E+02 3.04846090E-06
 7.45682450E+02 3.32810620E-06
 7.47136830E+02 3.02692560E-06
 7.47989310E+02 2.97566630E-06
 7.48594030E+02 2.93881070E-06
 7.50054080E+02 2.59499880E-06
 7.51516980E+02 3.88245890E-06
 7.52982730E+02 3.28407990E-06
 7.54451340E+02 4.07627820E-06
 7.55922820E+02 3.98713630E-06
 7.57397160E+02 3.99007090E-06
 7.58874380E+02 4.06831970E-06
 7.60354480E+02 4.11938590E-06
 7.61837470E+02 2.86963760E-06
 7.63323350E+02 3.40653790E-06
 7.64812130E+02 4.21225850E-06
 7.66303810E+02 4.51660850E-06
 7.67798400E+02 4.37800190E-06
 7.69295900E+02 4.37631900E-06
 7.70796330E+02 4.44896380E-06
 7.71900950E+02 4.24180590E-06
 7.72299680E+02 4.16616810E-06
 7.73805970E+02 4.60578010E-06
 7.75315190E+02 4.65552470E-06
 7.76827360E+02 4.65889590E-06
 7.78342480E+02 4.76863770E-06
 7.79860550E+02 4.52093200E-06
 7.81381580E+02 4.88942490E-06
 7.82905580E+02 4.95073580E-06
 7.84432550E+02 3.07940630E-06
 7.85962500E+02 5.82968640E-06
 7.87495430E+02 5.88275270E-06
 7.89031350E+02 4.94234840E-06
 7.90000000E+02 5.13993250E-06
 7.90570270E+02 5.25728120E-06
 7.92112190E+02 5.31897420E-06
 7.93657120E+02 5.38271960E-06
 7.95205060E+02 5.42293280E-06
 7.96756020E+02 1.19677880E-05
 7.97391890E+02 9.36790750E-06
 7.98310000E+02 5.57655410E-06
 7.99867020E+02 5.64023500E-06
 8.01427070E+02 5.69009320E-06
 8.02990170E+02 5.75356120E-06
 8.04556310E+02 5.83844990E-06
 8.06125510E+02 5.91195930E-06
 8.07697770E+02 5.73387650E-06
 8.09273090E+02 5.59891030E-06
 8.10779310E+02 6.16998030E-06
 8.10851490E+02 6.19759110E-06
 8.12432970E+02 6.19897280E-06
 8.14017530E+02 5.82899450E-06
 8.15605180E+02 4.90629120E-06
 8.17195930E+02 6.06685970E-06
 8.18789780E+02 6.49593280E-06
 8.20386740E+02 5.37649030E-06
 8.21986810E+02 6.63028150E-06
 8.23590000E+02 6.70708250E-06
 8.24623930E+02 6.74873870E-06
 8.24657930E+02 6.75011040E-06
 8.25196330E+02 6.77185560E-06
 8.26805780E+02 6.85747250E-06
 8.28418370E+02 6.73856250E-06
 8.30000000E+02 4.20675800E-06
 8.30034110E+02 4.15163730E-06
 8.31653000E+02 2.53739520E-06
 8.33275050E+02 4.14034310E-06
 8.34900260E+02 1.01224610E-05
 8.36528640E+02 1.03964390E-05
 8.38160200E+02 7.47883430E-06
 8.39794940E+02 7.47323850E-06
 8.40282470E+02 7.48850320E-06
 8.41432860E+02 7.52451340E-06
 8.43073990E+02 7.58253020E-06
 8.44718310E+02 7.81751560E-06
 8.46365840E+02 7.82331870E-06
 8.48016580E+02 6.72387320E-06
 8.49670550E+02 7.82905470E-06
 8.50000000E+02 7.65986790E-06
 8.51327730E+02 6.97153560E-06
 8.52988150E+02 8.09973490E-06
 8.54651810E+02 8.27502770E-06
 8.56318720E+02 7.06785750E-06
 8.56547190E+02 7.25635320E-06
 8.57988870E+02 8.45592370E-06
 8.59662290E+02 1.98535880E-05
 8.61338960E+02 8.45171990E-06
 8.63018910E+02 8.19146440E-06
 8.64702130E+02 9.38520760E-06
 8.66388640E+02 8.89859280E-06
 8.68078430E+02 9.01481050E-06
 8.69771520E+02 9.10886360E-06
 8.70000000E+02 9.12226560E-06
 8.71467920E+02 9.20864630E-06
 8.73167620E+02 8.94008780E-06
 8.73453990E+02 9.01671310E-06
 8.74870640E+02 9.39858800E-06
 8.76576980E+02 9.24417230E-06
 8.78286640E+02 8.54980830E-06
 8.79999640E+02 8.78619080E-06
 8.81715990E+02 9.78883350E-06
 8.82160160E+02 9.90527740E-06
 8.83435670E+02 1.02420610E-05
 8.85158720E+02 9.99220560E-06
 8.86885120E+02 1.00905140E-05
 8.88614890E+02 1.02161940E-05
 8.90348040E+02 1.03212220E-05
 8.91041650E+02 1.03607680E-05
 8.91081350E+02 1.03630350E-05
 8.92084570E+02 1.04203780E-05
 8.93824480E+02 1.04655400E-05
 8.95567780E+02 1.04486950E-05
 8.97314490E+02 1.07495730E-05
 8.99064600E+02 1.06838620E-05
 9.00000000E+02 1.09637220E-05
 9.00440900E+02 1.08023730E-05
 9.00882220E+02 1.08967860E-05
 9.01323990E+02 1.09859510E-05
 9.01766180E+02 1.10174820E-05
 9.02208810E+02 1.10527000E-05
 9.02650790E+02 1.10614590E-05
 9.03093200E+02 1.11145370E-05
 9.03536040E+02 1.10264700E-05
 9.03979320E+02 1.87722810E-05
 9.04423040E+02 1.18833870E-05
 9.04866100E+02 1.12298320E-05
 9.05309600E+02 9.33069790E-06
 9.05753530E+02 1.12286450E-05
 9.06197900E+02 1.13141320E-05
 9.06642700E+02 1.13001710E-05
 9.07086850E+02 1.12936510E-05
 9.07531440E+02 1.13960930E-05
 9.07976460E+02 1.14286580E-05
 9.08421920E+02 1.14538160E-05
 9.08867810E+02 3.77379810E-05
 9.09313050E+02 2.62755660E-05
 9.09758730E+02 1.16072570E-05
 9.10204840E+02 1.17413790E-05
 9.10651390E+02 3.98280870E-05
 9.11098380E+02 1.16267650E-05
 9.11544720E+02 1.16119770E-05
 9.11991490E+02 1.14573620E-03
 9.12438700E+02 8.82528410E-04
 9.12886340E+02 1.13757830E-03
 9.13334430E+02 3.91227960E-04
 9.13781860E+02 1.15837490E-03
 9.14229720E+02 1.09174200E-03
 9.14678030E+02 1.15611890E-03
 9.15126780E+02 1.08936570E-03
 9.15575960E+02 2.83709060E-05
 9.16024490E+02 2.44026400E-05
 9.16473460E+02 8.37171820E-04
 9.16922860E+02 1.00921100E-03
 9.17372710E+02 9.83348500E-04
 9.17823000E+02 7.82440270E-04
 9.18272630E+02 1.12443330E-03
 9.18722690E+02 3.46281330E-04
 9.19173200E+02 4.17830010E-04
 9.19624150E+02 9.69850020E-04
 9.20075550E+02 1.13660690E-03
 9.20526280E+02 1.15416150E-03
 9.20977450E+02 1.25887310E-05
 9.21429070E+02 1.10373170E-03
 9.21881120E+02 2.39525680E-04
 9.22333630E+02 1.15996720E-03
 9.22785460E+02 1.15169190E-03
 9.23237740E+02 5.96738990E-05
 9.23690470E+02 4.48282980E-04
 9.24143630E+02 1.09713850E-03
 9.24597250E+02 1.15705080E-03
 9.25050190E+02 7.97334320E-04
 9.25503580E+02 1.04870300E-03
 9.25957420E+02 1.12479580E-03
 9.26411700E+02 1.42336110E-04
 9.26866420E+02 1.16956430E-03
 9.27320480E+02 1.12166810E-03
 9.27774980E+02 1.17123570E-03
 9.28229930E+02 1.16950140E-03
 9.28685330E+02 6.95286370E-04
 9.29141170E+02 2.62002550E-04
 9.29596340E+02 8.35930750E-04
 9.30051960E+02 2.07225970E-04
 9.30508020E+02 9.74880940E-04
 9.30964530E+02 6.20481940E-04
 9.31421490E+02 1.04062700E-03
 9.31877780E+02 1.06721920E-03
 9.32334520E+02 1.09645330E-03
 9.32791700E+02 1.14262240E-03
 9.33249340E+02 1.12437050E-03
 9.33707420E+02 1.16820140E-03
 9.34164830E+02 1.16735870E-03
 9.34622680E+02 1.07073920E-03
 9.35080990E+02 1.09307650E-03
 9.35539750E+02 1.10340380E-03
 9.35998950E+02 1.09247590E-03
 9.36457480E+02 1.10209480E-03
 9.36916460E+02 6.85721960E-04
 9.37375890E+02 7.26914930E-04
 9.37835780E+02 2.05276770E-05
 9.38296110E+02 1.15924520E-03
 9.38755770E+02 1.16314010E-03
 9.39215870E+02 1.16312840E-03
 9.39676430E+02 1.16213210E-03
 9.40137440E+02 1.16297120E-03
 9.40598910E+02 1.16301670E-03
 9.41059690E+02 1.15926340E-03
 9.41520930E+02 1.15554290E-03
 9.41982620E+02 1.14811000E-03
 9.42444760E+02 9.71852910E-04
 9.42907350E+02 1.06477530E-03
 9.43369270E+02 9.32629960E-04
 9.43831640E+02 1.05581190E-03
 9.44294460E+02 1.08758920E-03
 9.44757730E+02 9.04129020E-04
 9.45221470E+02 1.11129080E-03
 9.45684510E+02 1.04887920E-03
 9.46148020E+02 1.15858910E-03
 9.46611980E+02 8.04194460E-04
 9.47076390E+02 1.14948130E-03
 9.47541260E+02 1.13772890E-03
 9.48005440E+02 6.04677460E-04
 9.48470080E+02 1.06741270E-03
 9.48935180E+02 2.27919110E-04
 9.49400730E+02 5.88538030E-04
 9.49866740E+02 4.71644680E-05
 9.50332070E+02 3.91522650E-04
 9.50797850E+02 1.09636140E-03
 9.51264090E+02 1.06398580E-03
 9.51730780E+02 1.18364450E-03
 9.52197940E+02 1.17873640E-03
 9.52664400E+02 1.16917990E-03
 9.53131330E+02 1.17198480E-03
 9.53598710E+02 1.14597470E-03
 9.54066550E+02 1.00573720E-03
 9.54534850E+02 1.15059680E-03
 9.55002460E+02 3.97684390E-04
 9.55470530E+02 1.14393470E-03
 9.55939060E+02 1.13350350E-03
 9.56408050E+02 8.46483030E-04
 9.56877500E+02 9.78239710E-04
 9.57346260E+02 1.07698240E-03
 9.57815480E+02 1.07207300E-03
 9.58285160E+02 1.03448680E-03
 9.58755300E+02 4.52094810E-04
 9.59225900E+02 1.06063410E-03
 9.59695810E+02 1.09342860E-03
 9.60166180E+02 1.10892750E-03
 9.60637010E+02 1.16309410E-03
 9.61108300E+02 1.15639370E-03
 9.61580060E+02 1.11642970E-03
 9.62051120E+02 1.05132700E-03
 9.62522650E+02 1.16229640E-03
 9.62994630E+02 1.13447160E-03
 9.63467090E+02 1.16231860E-03
 9.63940000E+02 7.63841810E-04
 9.64412220E+02 1.07928380E-03
 9.64884900E+02 1.15879080E-03
 9.65358050E+02 1.15760330E-03
 9.65831660E+02 1.12738750E-03
 9.66305730E+02 1.12093070E-03
 9.66779110E+02 9.56325430E-04
 9.67252950E+02 4.51766190E-04
 9.67727260E+02 1.06327860E-03
 9.68202030E+02 1.14920930E-03
 9.68677270E+02 1.15209720E-03
 9.69151810E+02 1.15343210E-03
 9.69626810E+02 1.10364300E-03
 9.70102280E+02 1.15243730E-03
 9.70578220E+02 1.08917550E-03
 9.71054630E+02 1.11000850E-03
 9.71530330E+02 1.09200020E-03
 9.72006500E+02 8.89456010E-04
 9.72483140E+02 4.75585570E-05
 9.72960250E+02 6.87466890E-04
 9.73437820E+02 3.60699330E-07
 9.73914690E+02 7.14748620E-07
 9.74392030E+02 1.42869200E-05
 9.74869840E+02 7.07981400E-05
 9.75348120E+02 1.63531030E-04
 9.75826860E+02 3.63807270E-04
 9.76304900E+02 6.79290850E-04
 9.76783410E+02 1.09480900E-03
 9.77262390E+02 1.89143250E-03
 9.77741850E+02 1.50382590E-03
 9.78221770E+02 1.49026680E-03
 9.78700980E+02 1.33376300E-03
 9.79180670E+02 1.20162460E-03
 9.79660820E+02 9.15640500E-04
 9.80141450E+02 1.13038710E-03
 9.80622550E+02 1.11928740E-03
 9.81102940E+02 2.59662420E-04
 9.81583800E+02 1.13858660E-03
 9.82065140E+02 1.12079600E-03
 9.82546940E+02 1.12772990E-03
 9.83029220E+02 1.11539860E-03
 9.83510790E+02 2.04381270E-04
 9.83992840E+02 1.02589760E-03
 9.84475350E+02 1.06166120E-03
 9.84958340E+02 9.92529460E-04
 9.85441800E+02 1.01742730E-03
 9.85924560E+02 6.42469570E-04
 9.86407780E+02 8.48010140E-04
 9.86891480E+02 8.61754480E-04
 9.87375660E+02 8.32563970E-04
 9.87860310E+02 7.16054240E-04
 9.88344240E+02 5.18101470E-04
 9.88828660E+02 3.42568600E-04
 9.89313540E+02 5.77103260E-04
 9.89798900E+02 7.14490760E-04
 9.90284740E+02 5.26533350E-04
 9.90769870E+02 5.78867620E-04
 9.91255470E+02 1.02415170E-03
 9.91741550E+02 1.63321820E-03
 9.92228100E+02 1.48844490E-03
 9.92715130E+02 1.34473780E-03
 9.93201450E+02 1.25928290E-03
 9.93688240E+02 1.22181450E-03
 9.94175510E+02 1.07025120E-03
 9.94663260E+02 4.47964050E-04
 9.95151480E+02 3.48934060E-04
 9.95638990E+02 1.14998380E-03
 9.96126980E+02 1.12689270E-03
 9.96615450E+02 1.12271380E-03
 9.97104390E+02 2.62666110E-04
 9.97593820E+02 2.96602650E-04
 9.98082520E+02 1.13449120E-03
 9.98571710E+02 1.13216910E-03
 9.99061370E+02 1.07145830E-03
 9.99551520E+02 1.13155150E-03
 1.00004210E+03 1.14734340E-03
 1.00053200E+03 1.02361810E-03
 1.00102240E+03 6.69548920E-04
 1.00151330E+03 1.14570590E-03
 1.00200460E+03 1.07900840E-03
 1.00249650E+03 6.30618290E-04
 1.00298760E+03 1.01108510E-03
 1.00347920E+03 1.15362310E-03
 1.00397120E+03 1.14679260E-03
 1.00446380E+03 1.15245910E-03
 1.00495680E+03 1.15026170E-03
 1.00544910E+03 9.08572000E-04
 1.00594190E+03 6.74537500E-04
 1.00643520E+03 1.14086470E-03
 1.00692900E+03 8.55478300E-04
 1.00742320E+03 1.14517660E-03
 1.00791680E+03 1.11960040E-03
 1.00841080E+03 1.07016130E-03
 1.00890520E+03 9.06828540E-04
 1.00940020E+03 1.15071900E-03
 1.00989570E+03 1.71767250E-04
 1.01039040E+03 3.20118810E-04
 1.01088560E+03 1.11691300E-03
 1.01138130E+03 1.07405690E-03
 1.01187750E+03 1.04749850E-03
 1.01237420E+03 3.75942020E-04
 1.01287010E+03 8.68905410E-04
 1.01336660E+03 1.05531560E-03
 1.01386350E+03 1.07829890E-03
 1.01436090E+03 1.12778790E-03
 1.01485880E+03 1.13064970E-03
 1.01535600E+03 1.13783840E-03
 1.01585360E+03 1.18595870E-04
 1.01635180E+03 9.71383950E-04
 1.01685040E+03 1.14193540E-03
 1.01734950E+03 9.53554410E-04
 1.01784790E+03 1.12519370E-03
 1.01834680E+03 1.97183950E-04
 1.01884610E+03 1.14591080E-03
 1.01934600E+03 1.06025380E-03
 1.01984630E+03 3.89206790E-04
 1.02034590E+03 1.10497200E-03
 1.02084600E+03 1.12480700E-03
 1.02134660E+03 6.49490450E-04
 1.02184770E+03 1.13730830E-03
 1.02234920E+03 1.14830490E-03
 1.02285010E+03 6.05686100E-04
 1.02335140E+03 1.14925320E-03
 1.02385320E+03 1.14808280E-03
 1.02435550E+03 1.14540130E-03
 1.02485830E+03 1.14382250E-03
 1.02536040E+03 5.47908040E-04
 1.02586290E+03 3.39206390E-05
 1.02636600E+03 1.02020760E-03
 1.02686950E+03 9.04930170E-04
 1.02737360E+03 1.13898290E-03
 1.02787690E+03 1.14552910E-03
 1.02838070E+03 1.11817250E-03
 1.02888490E+03 1.11773080E-03
 1.02938970E+03 1.06055260E-03
 1.02989500E+03 7.24298400E-04
 1.03039950E+03 1.01137630E-03
 1.03090450E+03 2.60960610E-04
 1.03141010E+03 1.01151790E-03
 1.03191610E+03 1.05056080E-03
 1.03242260E+03 1.03906220E-03
 1.03292830E+03 1.13112380E-03
 1.03343460E+03 7.16151850E-04
 1.03394140E+03 5.68003660E-04
 1.03444860E+03 1.03351390E-03
 1.03495640E+03 1.08497890E-03
 1.03546340E+03 5.10619870E-04
 1.03597090E+03 8.62235300E-04
 1.03647890E+03 1.05191250E-03
 1.03698740E+03 2.82945950E-04
 1.03749640E+03 6.31817480E-04
 1.03800470E+03 9.95046250E-04
 1.03851340E+03 1.11984090E-03
 1.03902270E+03 1.08310050E-03
 1.03953240E+03 1.04030940E-03
 1.04004270E+03 1.00231560E-03
 1.04055220E+03 9.80707060E-04
 1.04106220E+03 1.12542320E-03
 1.04157270E+03 1.11005910E-03
 1.04208370E+03 1.13453050E-03
 1.04259520E+03 1.12894240E-03
 1.04310590E+03 1.14258520E-03
 1.04361720E+03 1.14234300E-03
 1.04412890E+03 1.14243020E-03
 1.04464120E+03 1.13267760E-03
 1.04515390E+03 1.12041620E-03
 1.04566590E+03 1.13499860E-03
 1.04617840E+03 1.12701180E-03
 1.04669150E+03 1.14095620E-03
 1.04720500E+03 1.14136140E-03
 1.04771900E+03 1.14191420E-03
 1.04823220E+03 1.14210320E-03
 1.04874600E+03 1.14196170E-03
 1.04926030E+03 1.13907990E-03
 1.04977510E+03 1.12060680E-03
 1.05029030E+03 1.13735080E-03
 1.05080490E+03 1.10641170E-03
 1.05131990E+03 9.76460540E-04
 1.05183540E+03 1.12830100E-03
 1.05235140E+03 1.10566690E-03
 1.05286800E+03 1.11036630E-03
 1.05338380E+03 1.12289330E-03
 1.05390010E+03 1.13141500E-03
 1.05441690E+03 1.13608160E-03
 1.05493420E+03 1.13971880E-03
 1.05545200E+03 5.20973010E-04
 1.05596900E+03 1.11152240E-03
 1.05648660E+03 1.13069680E-03
 1.05700460E+03 1.13520560E-03
 1.05752320E+03 1.03814730E-03
 1.05804230E+03 1.13653210E-03
 1.05856060E+03 9.26622100E-04
 1.05907940E+03 1.00660140E-03
 1.05959880E+03 1.11355010E-03
 1.06011860E+03 9.10478380E-04
 1.06063900E+03 1.09124650E-03
 1.06115860E+03 4.23954670E-04
 1.06167870E+03 2.31962930E-04
 1.06219930E+03 1.01254760E-03
 1.06272040E+03 2.25022010E-04
 1.06324200E+03 8.19961020E-04
 1.06376290E+03 1.14559410E-03
 1.06428430E+03 1.09574530E-03
 1.06480620E+03 1.13921580E-03
 1.06532860E+03 1.13657820E-03
 1.06585150E+03 6.49553960E-04
 1.06637360E+03 1.10676580E-03
 1.06689630E+03 1.13488830E-03
 1.06741940E+03 1.06331010E-03
 1.06794310E+03 1.06116810E-03
 1.06846730E+03 1.10025710E-03
 1.06899070E+03 1.60636160E-04
 1.06951470E+03 9.20654360E-04
 1.07003910E+03 1.08352700E-03
 1.07056410E+03 3.26467550E-04
 1.07108960E+03 1.08755830E-03
 1.07161430E+03 1.06176600E-03
 1.07213950E+03 9.49739740E-04
 1.07266530E+03 9.23743310E-04
 1.07319150E+03 1.08283900E-03
 1.07371830E+03 9.79488900E-04
 1.07424430E+03 1.03298850E-03
 1.07477080E+03 1.08325690E-03
 1.07529780E+03 1.10406440E-03
 1.07582540E+03 1.13434270E-03
 1.07635340E+03 1.11802050E-03
 1.07688070E+03 1.13135240E-03
 1.07740850E+03 1.11488600E-03
 1.07793690E+03 1.43732590E-04
 1.07846570E+03 1.13112870E-03
 1.07899510E+03 1.12998260E-03
 1.07952360E+03 9.88799570E-04
 1.08005270E+03 1.12572240E-03
 1.08058240E+03 1.12837500E-03
 1.08111250E+03 1.12884130E-03
 1.08164320E+03 1.12975960E-03
 1.08217300E+03 1.10437280E-03
 1.08270340E+03 1.06509670E-03
 1.08323440E+03 5.90917820E-04
 1.08376580E+03 1.01135140E-03
 1.08429780E+03 1.01821020E-03
 1.08482890E+03 8.47973030E-04
 1.08536060E+03 1.05856620E-03
 1.08589290E+03 1.08995480E-03
 1.08642560E+03 1.04036500E-03
 1.08695890E+03 1.09670930E-03
 1.08749140E+03 1.09055830E-03
 1.08802440E+03 7.80005910E-04
 1.08855790E+03 1.06552150E-03
 1.08909200E+03 4.17726520E-04
 1.08962650E+03 2.73646100E-04
 1.09016030E+03 9.81701060E-04
 1.09069460E+03 1.11847640E-03
 1.09122950E+03 1.12261410E-03
 1.09176480E+03 1.07086320E-03
 1.09230070E+03 1.10306290E-03
 1.09283580E+03 1.11456710E-03
 1.09337140E+03 8.33076310E-04
 1.09390760E+03 1.12315300E-03
 1.09444430E+03 1.11870310E-03
 1.09498150E+03 1.12520830E-03
 1.09551790E+03 6.18829210E-04
 1.09605480E+03 1.05748010E-03
 1.09659230E+03 2.49808980E-04
 1.09713030E+03 1.12169530E-03
 1.09766880E+03 2.80944890E-04
 1.09820650E+03 4.34799340E-04
 1.09874480E+03 1.12142530E-03
 1.09928360E+03 1.12170470E-03
 1.09982290E+03 1.09943870E-03
 1.10036280E+03 1.12270500E-03
 1.10090180E+03 1.12320870E-03
 1.10144140E+03 1.04600530E-03
 1.10198150E+03 1.12157560E-03
 1.10252210E+03 1.12124460E-03
 1.10306330E+03 1.09147980E-03
 1.10360370E+03 1.10571220E-03
 1.10414460E+03 6.03842160E-04
 1.10468600E+03 1.10300090E-03
 1.10522800E+03 1.12069510E-03
 1.10577050E+03 1.10608700E-03
 1.10631220E+03 1.11427430E-03
 1.10685440E+03 1.09032200E-03
 1.10739720E+03 1.07787160E-03
 1.10794050E+03 1.02037000E-03
 1.10848430E+03 1.02106340E-04
 1.10902730E+03 1.08230540E-03
 1.10957090E+03 1.10872500E-03
 1.11011500E+03 1.07786220E-03
 1.11065960E+03 1.11387030E-03
 1.11120480E+03 1.07543230E-03
 1.11174910E+03 1.10749170E-03
 1.11229400E+03 1.06901530E-03
 1.11283940E+03 1.11344620E-03
 1.11338540E+03 1.11639960E-03
 1.11393190E+03 1.11225060E-03
 1.11447760E+03 1.10537160E-03
 1.11502380E+03 1.11495220E-03
 1.11557060E+03 1.11412840E-03
 1.11611790E+03 1.10130450E-03
 1.11666580E+03 8.98541100E-04
 1.11721280E+03 1.05979690E-03
 1.11776040E+03 1.11612330E-03
 1.11830850E+03 1.11122730E-03
 1.11885710E+03 1.11653870E-03
 1.11940630E+03 8.09753750E-04
 1.11995470E+03 1.11152870E-03
 1.12050360E+03 1.10826690E-03
 1.12105310E+03 1.09578340E-03
 1.12160310E+03 1.10854710E-03
 1.12215360E+03 1.10472000E-03
 1.12270330E+03 1.11803830E-03
 1.12325360E+03 1.07979590E-03
 1.12380440E+03 3.68365180E-04
 1.12435570E+03 1.02530570E-03
 1.12490760E+03 2.34314040E-04
 1.12545870E+03 1.02748370E-03
 1.12601030E+03 1.04093320E-03
 1.12656250E+03 1.05888050E-03
 1.12711520E+03 1.07355090E-03
 1.12766840E+03 1.05532410E-03
 1.12822080E+03 3.82731490E-04
 1.12877380E+03 1.26846410E-04
 1.12932730E+03 1.01323770E-03
 1.12988140E+03 8.99660300E-04
 1.13043600E+03 1.12732040E-04
 1.13098980E+03 1.09130390E-03
 1.13154410E+03 1.10954580E-03
 1.13209890E+03 1.11098640E-03
 1.13265440E+03 1.10836970E-03
 1.13321030E+03 1.11042670E-03
 1.13376550E+03 1.11018970E-03
 1.13432110E+03 1.09576770E-03
 1.13487740E+03 1.03370940E-03
 1.13543420E+03 1.07925410E-03
 1.13599150E+03 1.10814430E-03
 1.13654800E+03 1.10837640E-03
 1.13710500E+03 1.10768780E-03
 1.13766260E+03 1.10683430E-03
 1.13822080E+03 1.10572850E-03
 1.13877950E+03 1.09900940E-03
 1.13933730E+03 3.38103320E-04
 1.13989580E+03 8.30951480E-04
 1.14045470E+03 1.08473840E-03
 1.14101420E+03 1.09590320E-03
 1.14157430E+03 2.56108250E-04
 1.14213350E+03 1.10383920E-03
 1.14269330E+03 1.10320490E-03
 1.14325370E+03 1.10251460E-03
 1.14381450E+03 1.07944120E-03
 1.14437600E+03 5.34386290E-04
 1.14493660E+03 3.49666580E-04
 1.14549780E+03 1.10527800E-03
 1.14605950E+03 1.10416060E-03
 1.14662170E+03 1.10206650E-03
 1.14718450E+03 1.08130810E-03
 1.14774650E+03 1.10183590E-03
 1.14830910E+03 1.10314950E-03
 1.14887220E+03 1.08143440E-03
 1.14943580E+03 1.10302120E-03
 1.15000000E+03 1.08027720E-03
 1.15000000E+03 1.08027720E-03
 1.15072300E+03 1.05931990E-03
 1.15144690E+03 1.10282670E-03
 1.15217170E+03 1.07765840E-03
 1.15289740E+03 1.05387240E-03
 1.15362400E+03 1.01493230E-03
 1.15434930E+03 1.03347890E-03
 1.15507540E+03 9.80996860E-04
 1.15580250E+03 1.04652000E-03
 1.15653050E+03 1.02120610E-03
 1.15725940E+03 1.06125570E-03
 1.15798700E+03 1.06535460E-03
 1.15871540E+03 1.07287930E-03
 1.15944480E+03 9.76316720E-04
 1.16017510E+03 1.02488130E-03
 1.16090630E+03 1.09644810E-03
 1.16163620E+03 6.56141300E-04
 1.16236690E+03 1.00825360E-03
 1.16309860E+03 1.09262180E-03
 1.16383120E+03 8.09300440E-04
 1.16456470E+03 1.07505560E-03
 1.16529680E+03 1.07239530E-03
 1.16602990E+03 1.00640100E-03
 1.16676390E+03 9.77435580E-04
 1.16749880E+03 1.07996020E-03
 1.16823460E+03 1.09181960E-03
 1.16896900E+03 1.01443600E-03
 1.16970440E+03 1.08056270E-03
 1.17044070E+03 1.02231150E-03
 1.17117790E+03 1.02021520E-03
 1.17191610E+03 1.01726430E-03
 1.17265280E+03 8.83081730E-04
 1.17339050E+03 7.33224880E-04
 1.17412910E+03 4.82194380E-04
 1.17486870E+03 4.84240580E-04
 1.17560910E+03 6.89924890E-04
 1.17634820E+03 7.27968560E-04
 1.17708820E+03 1.13046440E-03
 1.17782920E+03 1.07144730E-03
 1.17857100E+03 1.08488820E-03
 1.17931380E+03 1.08416230E-03
 1.18005520E+03 1.08658410E-03
 1.18079760E+03 1.01609720E-03
 1.18154090E+03 1.08905510E-03
 1.18228510E+03 1.08790980E-03
 1.18303020E+03 5.19194210E-04
 1.18377400E+03 1.07898640E-03
 1.18451860E+03 4.16128190E-04
 1.18526430E+03 1.08143480E-03
 1.18601080E+03 1.08404830E-03
 1.18675830E+03 1.07101630E-03
 1.18750440E+03 1.07900960E-03
 1.18825140E+03 1.08316410E-03
 1.18899940E+03 1.07527120E-03
 1.18974830E+03 1.06766160E-03
 1.19049820E+03 1.06151940E-03
 1.19124660E+03 8.84705980E-04
 1.19199600E+03 1.03955740E-03
 1.19274630E+03 1.05993530E-03
 1.19349760E+03 1.07187930E-03
 1.19424980E+03 1.08129320E-03
 1.19500060E+03 1.08130760E-03
 1.19575230E+03 1.06150180E-03
 1.19650500E+03 1.04251850E-03
 1.19725870E+03 7.44163530E-04
 1.19801320E+03 1.03700050E-03
 1.19876640E+03 1.05045690E-03
 1.19952050E+03 1.07836910E-03
 1.20027560E+03 1.08039850E-03
 1.20103160E+03 2.64447440E-04
 1.20178860E+03 1.39463790E-04
 1.20254410E+03 2.85664030E-04
 1.20330060E+03 1.06545430E-03
 1.20405800E+03 1.13803660E-03
 1.20481640E+03 1.12459150E-03
 1.20557580E+03 1.11947620E-03
 1.20633370E+03 1.05202620E-03
 1.20709250E+03 1.10029320E-03
 1.20785240E+03 1.11102010E-03
 1.20861320E+03 8.50165130E-04
 1.20937490E+03 1.13228430E-03
 1.21013520E+03 1.04273610E-03
 1.21089650E+03 1.08213920E-03
 1.21165870E+03 1.04906170E-03
 1.21242190E+03 1.06254290E-03
 1.21318600E+03 1.03213920E-03
 1.21394870E+03 1.03751250E-03
 1.21471240E+03 1.06929690E-03
 1.21547700E+03 1.17769940E-04
 1.21624260E+03 1.07704170E-03
 1.21700910E+03 1.02111620E-03
 1.21777420E+03 8.30223760E-04
 1.21854030E+03 1.07363360E-03
 1.21930730E+03 1.07305430E-03
 1.22007530E+03 9.90531650E-04
 1.22084430E+03 1.07115400E-03
 1.22161180E+03 1.06322650E-03
 1.22238030E+03 1.05486380E-03
 1.22314980E+03 8.65133170E-04
 1.22392020E+03 1.05188290E-03
 1.22469160E+03 1.05920790E-03
 1.22546150E+03 9.87859750E-04
 1.22623240E+03 1.06675860E-03
 1.22700430E+03 1.06716390E-03
 1.22777710E+03 9.81422380E-04
 1.22855100E+03 1.06592520E-03
 1.22932330E+03 1.06545370E-03
 1.23009670E+03 1.04196400E-03
 1.23087100E+03 1.05382360E-03
 1.23164620E+03 1.06518410E-03
 1.23242250E+03 1.06078580E-03
 1.23319730E+03 1.06230480E-03
 1.23397310E+03 1.06129370E-03
 1.23474980E+03 1.06458050E-03
 1.23552750E+03 1.06065190E-03
 1.23630620E+03 1.06394240E-03
 1.23708350E+03 1.05758900E-03
 1.23786170E+03 1.06353720E-03
 1.23864090E+03 1.06302300E-03
 1.23942110E+03 1.06024330E-03
 1.24020220E+03 1.06238420E-03
 1.24098190E+03 1.06191050E-03
 1.24176260E+03 1.05654950E-03
 1.24254420E+03 1.05809240E-03
 1.24332690E+03 1.05805740E-03
 1.24411050E+03 1.05898910E-03
 1.24489260E+03 1.05206950E-03
 1.24567580E+03 9.93547120E-04
 1.24645990E+03 9.21175090E-04
 1.24724500E+03 5.51927870E-04
 1.24803110E+03 1.03712120E-03
 1.24881570E+03 1.03378300E-03
 1.24960130E+03 1.05649110E-03
 1.25038790E+03 1.05752900E-03
 1.25117540E+03 1.05672300E-03
 1.25196400E+03 1.04747680E-03
 1.25275110E+03 1.05489090E-03
 1.25353920E+03 1.05370590E-03
 1.25432820E+03 1.05254300E-03
 1.25511830E+03 1.04910400E-03
 1.25590930E+03 1.05162790E-03
 1.25669890E+03 1.05402220E-03
 1.25748940E+03 1.05399570E-03
 1.25828100E+03 1.05369700E-03
 1.25907350E+03 1.03181940E-03
 1.25986710E+03 1.01544990E-03
 1.26065910E+03 1.05212870E-03
 1.26145220E+03 1.05149940E-03
 1.26224620E+03 1.05094110E-03
 1.26304130E+03 1.05098010E-03
 1.26383730E+03 1.03908450E-03
 1.26463190E+03 1.05065050E-03
 1.26542740E+03 1.02319940E-03
 1.26622400E+03 1.04909360E-03
 1.26702150E+03 1.04765070E-03
 1.26782010E+03 1.04911920E-03
 1.26861710E+03 1.03730410E-03
 1.26941520E+03 1.04832430E-03
 1.27021420E+03 1.04771850E-03
 1.27101430E+03 1.04713400E-03
 1.27181540E+03 1.02971470E-03
 1.27261490E+03 1.02514100E-03
 1.27341550E+03 1.04534610E-03
 1.27421710E+03 1.04504080E-03
 1.27501960E+03 1.04563150E-03
 1.27582320E+03 1.04523600E-03
 1.27662530E+03 1.04477950E-03
 1.27742840E+03 1.04444850E-03
 1.27823250E+03 1.04405180E-03
 1.27903760E+03 1.04362610E-03
 1.27984380E+03 1.04200900E-03
 1.28064840E+03 1.04271780E-03
 1.28145400E+03 1.04240300E-03
 1.28226060E+03 1.03460180E-03
 1.28306830E+03 1.03473450E-03
 1.28387690E+03 1.03025870E-03
 1.28468410E+03 1.03017200E-03
 1.28549220E+03 1.03338810E-03
 1.28630140E+03 1.00485550E-03
 1.28711160E+03 1.02762350E-03
 1.28792280E+03 1.03795040E-03
 1.28873250E+03 1.02704880E-03
 1.28954320E+03 1.02272460E-03
 1.29035490E+03 1.03449300E-03
 1.29116770E+03 1.01530680E-03
 1.29198150E+03 1.03411980E-03
 1.29279370E+03 1.03476550E-03
 1.29360700E+03 1.03197100E-03
 1.29442130E+03 8.62597780E-04
 1.29523660E+03 1.00648200E-03
 1.29605290E+03 9.91455530E-04
 1.29686770E+03 9.57097670E-04
 1.29768350E+03 9.92153820E-04
 1.29850040E+03 1.00913150E-03
 1.29931830E+03 1.02344670E-03
 1.30013720E+03 1.02653920E-03
 1.30095450E+03 1.01619880E-03
 1.30177290E+03 9.76653230E-04
 1.30259240E+03 1.01809990E-03
 1.30341280E+03 1.61952040E-04
 1.30423430E+03 1.02962100E-03
 1.30505420E+03 1.02297380E-03
 1.30587520E+03 1.02357180E-03
 1.30669720E+03 1.03003080E-03
 1.30752030E+03 1.02948470E-03
 1.30834440E+03 1.02844050E-03
 1.30916690E+03 1.02503070E-03
 1.30999040E+03 1.02600480E-03
 1.31081500E+03 1.02603340E-03
 1.31164070E+03 1.02296760E-03
 1.31246730E+03 9.93315310E-04
 1.31329250E+03 1.02316380E-03
 1.31411860E+03 1.02257730E-03
 1.31494580E+03 1.01659580E-03
 1.31577410E+03 1.02053790E-03
 1.31660330E+03 1.02351400E-03
 1.31743110E+03 1.02441010E-03
 1.31825980E+03 1.02040380E-03
 1.31908960E+03 1.01374610E-03
 1.31992050E+03 1.01986220E-03
 1.32075240E+03 1.01548530E-03
 1.32158270E+03 1.02243270E-03
 1.32241410E+03 1.02207740E-03
 1.32324650E+03 1.01774090E-03
 1.32407990E+03 9.64733790E-04
 1.32491450E+03 9.87510290E-04
 1.32574740E+03 1.01720320E-03
 1.32658140E+03 1.01724440E-03
 1.32741640E+03 1.01860830E-03
 1.32825250E+03 1.01820900E-03
 1.32908970E+03 1.01276560E-03
 1.32992520E+03 9.92319530E-04
 1.33076190E+03 1.01397240E-03
 1.33159950E+03 1.01636190E-03
 1.33243830E+03 9.93636880E-04
 1.33327810E+03 1.01675510E-03
 1.33411630E+03 1.01642610E-03
 1.33495550E+03 9.80564790E-04
 1.33579580E+03 8.23408520E-05
 1.33663720E+03 1.01312020E-03
 1.33747960E+03 1.00609080E-03
 1.33832050E+03 1.01433880E-03
 1.33916240E+03 9.96915010E-04
 1.34000530E+03 1.01345140E-03
 1.34084940E+03 1.01296290E-03
 1.34169440E+03 1.01237650E-03
 1.34253790E+03 9.19924580E-04
 1.34338250E+03 7.68929010E-04
 1.34422810E+03 9.94614810E-04
 1.34507480E+03 9.99138630E-04
 1.34592250E+03 9.91544250E-04
 1.34676870E+03 1.00045120E-03
 1.34761590E+03 9.95493230E-04
 1.34846420E+03 1.00758610E-03
 1.34931350E+03 1.00768700E-03
 1.35016400E+03 9.88592220E-04
 1.35101280E+03 1.00789080E-03
 1.35186270E+03 1.00720590E-03
 1.35271360E+03 1.00651460E-03
 1.35356560E+03 9.96753610E-04
 1.35441870E+03 9.95529480E-04
 1.35527020E+03 9.08978120E-04
 1.35612280E+03 9.64004320E-04
 1.35697640E+03 9.68329320E-04
 1.35783110E+03 9.75125810E-04
 1.35868690E+03 1.00321720E-03
 1.35954110E+03 9.99128960E-04
 1.36039640E+03 9.66356550E-04
 1.36125270E+03 9.81020460E-04
 1.36211010E+03 9.83900910E-04
 1.36296860E+03 9.81410760E-04
 1.36382540E+03 9.75912430E-04
 1.36468340E+03 1.00089490E-03
 1.36554240E+03 9.98688170E-04
 1.36640250E+03 9.99400850E-04
 1.36726370E+03 9.99394920E-04
 1.36812330E+03 9.98139870E-04
 1.36898390E+03 9.94762550E-04
 1.36984570E+03 9.98208270E-04
 1.37070850E+03 9.97572930E-04
 1.37157240E+03 9.79680210E-04
 1.37243470E+03 8.84808740E-04
 1.37329800E+03 9.95605920E-04
 1.37416250E+03 9.93850960E-04
 1.37502800E+03 7.23428970E-04
 1.37589460E+03 9.94980980E-04
 1.37675960E+03 9.94532240E-04
 1.37762570E+03 9.82984980E-04
 1.37849290E+03 9.92984460E-04
 1.37936110E+03 9.92719120E-04
 1.38023050E+03 9.93261550E-04
 1.38109820E+03 9.91694530E-04
 1.38196700E+03 9.91798710E-04
 1.38283690E+03 9.84345540E-04
 1.38370790E+03 9.40134470E-04
 1.38458000E+03 9.70178670E-04
 1.38545050E+03 9.77580110E-04
 1.38632200E+03 9.72347750E-04
 1.38719470E+03 9.78646370E-04
 1.38806840E+03 9.45655010E-04
 1.38894330E+03 3.93805280E-04
 1.38981650E+03 1.84853560E-04
 1.39069080E+03 1.98118170E-04
 1.39156620E+03 4.34620820E-04
 1.39244270E+03 8.44235340E-04
 1.39332030E+03 1.15566840E-03
 1.39419620E+03 1.48479440E-03
 1.39507330E+03 1.31793950E-03
 1.39595140E+03 1.16237200E-03
 1.39683070E+03 1.08657000E-03
 1.39771100E+03 7.57604420E-04
 1.39858980E+03 4.39531220E-04
 1.39946960E+03 3.42593730E-04
 1.40035050E+03 5.34710120E-04
 1.40123250E+03 8.36206250E-04
 1.40211570E+03 1.11692500E-03
 1.40299710E+03 1.45174860E-03
 1.40387970E+03 1.26644180E-03
 1.40476340E+03 1.16113840E-03
 1.40564820E+03 1.02948470E-03
 1.40653420E+03 1.01129540E-03
 1.40741840E+03 9.83241520E-04
 1.40830380E+03 9.76055830E-04
 1.40919030E+03 9.71991170E-04
 1.41007790E+03 9.71616940E-04
 1.41096660E+03 9.66370760E-04
 1.41185360E+03 9.73774150E-04
 1.41274180E+03 9.72288300E-04
 1.41363110E+03 9.67695440E-04
 1.41452150E+03 9.61891810E-04
 1.41541300E+03 9.65890870E-04
 1.41630280E+03 9.71249540E-04
 1.41719380E+03 2.23541200E-04
 1.41808590E+03 9.71203530E-04
 1.41897910E+03 9.56404610E-04
 1.41987340E+03 9.25039740E-04
 1.42076600E+03 9.56261270E-04
 1.42165980E+03 9.40356710E-04
 1.42255470E+03 9.54462780E-04
 1.42345070E+03 9.39628880E-04
 1.42434790E+03 7.19260790E-04
 1.42524330E+03 9.66351000E-04
 1.42613990E+03 9.55363650E-04
 1.42703760E+03 9.65894740E-04
 1.42793640E+03 9.18262200E-04
 1.42883640E+03 8.14058640E-04
 1.42973470E+03 9.66263710E-04
 1.43063410E+03 9.54315380E-04
 1.43153460E+03 9.63112200E-04
 1.43243630E+03 9.14130160E-04
 1.43333910E+03 9.52846970E-04
 1.43424020E+03 8.99964050E-04
 1.43514250E+03 9.58545730E-04
 1.43604580E+03 9.31512080E-04
 1.43695040E+03 9.57807680E-04
 1.43785600E+03 9.51507470E-04
 1.43876000E+03 9.23095310E-04
 1.43966500E+03 9.39105280E-04
 1.44057130E+03 9.57814850E-04
 1.44147860E+03 9.62231200E-04
 1.44238710E+03 9.10799220E-04
 1.44329390E+03 9.51672770E-04
 1.44420190E+03 9.58655750E-04
 1.44511100E+03 9.39532520E-04
 1.44602120E+03 9.53508980E-04
 1.44693260E+03 9.44706350E-04
 1.44784220E+03 9.52441530E-04
 1.44875300E+03 9.48177640E-04
 1.44966490E+03 9.57657500E-04
 1.45057800E+03 9.57346670E-04
 1.45149230E+03 8.20470410E-04
 1.45240480E+03 8.90428280E-04
 1.45331850E+03 9.56326330E-04
 1.45423330E+03 9.27602550E-04
 1.45514930E+03 8.85732540E-04
 1.45606640E+03 9.47468690E-04
 1.45698180E+03 9.52723290E-04
 1.45789830E+03 9.35811910E-04
 1.45881600E+03 9.31248600E-04
 1.45973490E+03 9.26513570E-04
 1.46065490E+03 9.35529190E-04
 1.46157320E+03 9.49687280E-04
 1.46249260E+03 9.40342220E-04
 1.46341320E+03 9.47692140E-04
 1.46433500E+03 9.48276860E-04
 1.46525790E+03 9.04640170E-04
 1.46617910E+03 9.37087540E-04
 1.46710140E+03 9.38435790E-04
 1.46802490E+03 9.33407440E-04
 1.46894950E+03 7.30503130E-04
 1.46987540E+03 5.91519140E-04
 1.47079940E+03 9.29289390E-04
 1.47172470E+03 9.22137740E-04
 1.47265110E+03 9.34241090E-04
 1.47357860E+03 9.34457160E-04
 1.47450740E+03 9.42876920E-04
 1.47543440E+03 9.34418880E-04
 1.47636250E+03 9.31749640E-04
 1.47729190E+03 9.32094860E-04
 1.47822240E+03 9.02362500E-04
 1.47915400E+03 9.34468840E-04
 1.48008390E+03 9.34932760E-04
 1.48101500E+03 9.42685340E-04
 1.48194730E+03 9.33267640E-04
 1.48288070E+03 9.41844530E-04
 1.48381530E+03 9.07908880E-04
 1.48474810E+03 9.35143500E-04
 1.48568210E+03 9.36733500E-04
 1.48661730E+03 9.35360760E-04
 1.48755370E+03 9.33470000E-04
 1.48849130E+03 9.31776390E-04
 1.48942700E+03 9.31472330E-04
 1.49036400E+03 9.28875030E-04
 1.49130210E+03 9.35100850E-04
 1.49224140E+03 9.36765980E-04
 1.49318200E+03 9.36539580E-04
 1.49412070E+03 9.29278140E-04
 1.49506060E+03 9.35431160E-04
 1.49600170E+03 9.32577480E-04
 1.49694400E+03 8.85990550E-04
 1.49788740E+03 9.09935370E-04
 1.49882910E+03 8.32436950E-04
 1.49977200E+03 9.17057200E-04
 1.50071600E+03 9.32606290E-04
 1.50166130E+03 9.01695450E-04
 1.50260770E+03 9.31920150E-04
 1.50355240E+03 9.28241420E-04
 1.50449820E+03 9.16460880E-04
 1.50544530E+03 9.17269740E-04
 1.50639350E+03 9.30805990E-04
 1.50734290E+03 9.30438330E-04
 1.50829060E+03 9.29981680E-04
 1.50923940E+03 8.74095680E-04
 1.51018940E+03 9.28760790E-04
 1.51114060E+03 7.16067270E-04
 1.51209300E+03 8.74716030E-04
 1.51304360E+03 8.85370050E-04
 1.51399550E+03 9.14522260E-04
 1.51494850E+03 8.19547400E-04
 1.51590270E+03 9.01719030E-04
 1.51685810E+03 9.24485180E-04
 1.51781170E+03 8.79124140E-04
 1.51876650E+03 8.44277020E-04
 1.51972250E+03 9.16857110E-04
 1.52067980E+03 8.89686170E-04
 1.52163820E+03 8.82567680E-04
 1.52259480E+03 9.19721620E-04
 1.52355260E+03 9.16848610E-04
 1.52451170E+03 6.49160560E-04
 1.52547190E+03 9.08577350E-04
 1.52643330E+03 9.11934730E-04
 1.52739300E+03 8.29078590E-04
 1.52835380E+03 8.70100700E-04
 1.52931590E+03 8.91833620E-04
 1.53027910E+03 6.88575110E-04
 1.53124360E+03 4.68476860E-04
 1.53220630E+03 9.03709940E-04
 1.53317010E+03 8.60382940E-04
 1.53413520E+03 9.07956200E-04
 1.53510150E+03 9.12330480E-04
 1.53606900E+03 9.15575850E-04
 1.53703470E+03 8.82671100E-04
 1.53800160E+03 8.78460460E-04
 1.53896970E+03 8.38740950E-04
 1.53993910E+03 9.09398450E-04
 1.54090970E+03 8.47196120E-04
 1.54187840E+03 6.56291390E-04
 1.54284830E+03 8.85022890E-04
 1.54381950E+03 8.93041670E-04
 1.54479190E+03 8.10147100E-04
 1.54576550E+03 7.22374660E-04
 1.54673730E+03 5.08713750E-04
 1.54771030E+03 6.28691200E-04
 1.54868460E+03 9.89638120E-04
 1.54966000E+03 6.44183650E-04
 1.55063670E+03 8.37182570E-04
 1.55161160E+03 1.02362920E-03
 1.55258760E+03 9.35691470E-04
 1.55356500E+03 8.51480790E-04
 1.55454350E+03 9.08720470E-04
 1.55552330E+03 8.76964070E-04
 1.55650120E+03 3.91243440E-04
 1.55748030E+03 7.78077690E-04
 1.55846070E+03 8.92476300E-04
 1.55944230E+03 8.84891770E-04
 1.56042520E+03 7.47225830E-04
 1.56140620E+03 7.66971720E-04
 1.56238840E+03 8.23925810E-04
 1.56337190E+03 8.87524250E-04
 1.56435660E+03 8.49790430E-04
 1.56534260E+03 8.80406960E-04
 1.56632670E+03 8.27521580E-04
 1.56731200E+03 8.90920540E-04
 1.56829860E+03 5.91712770E-04
 1.56928640E+03 8.14980820E-04
 1.57027550E+03 8.86141450E-04
 1.57126270E+03 7.22610860E-04
 1.57225110E+03 8.97591420E-04
 1.57324080E+03 8.98404130E-04
 1.57423170E+03 8.97885750E-04
 1.57522390E+03 7.54052960E-04
 1.57621420E+03 8.96821270E-04
 1.57720570E+03 7.97384870E-04
 1.57819850E+03 8.89387060E-04
 1.57919260E+03 8.87958690E-04
 1.58018790E+03 7.39709310E-04
 1.58118130E+03 8.55218080E-04
 1.58217600E+03 8.85834460E-04
 1.58317190E+03 7.18775850E-04
 1.58416910E+03 8.67177510E-04
 1.58516760E+03 8.44338010E-04
 1.58616410E+03 8.81709450E-04
 1.58716190E+03 8.87994710E-04
 1.58816100E+03 8.75583230E-04
 1.58916130E+03 8.89247260E-04
 1.59016290E+03 8.87681770E-04
 1.59116260E+03 8.82977050E-04
 1.59216360E+03 8.78020090E-04
 1.59316580E+03 8.87301030E-04
 1.59416930E+03 8.11094010E-04
 1.59517400E+03 8.24734980E-04
 1.59617690E+03 8.87892040E-04
 1.59718100E+03 8.77027800E-04
 1.59818630E+03 8.86850590E-04
 1.59919300E+03 8.85366700E-04
 1.60020090E+03 8.83812080E-04
 1.60120690E+03 3.07146940E-04
 1.60221420E+03 8.85405970E-04
 1.60322270E+03 7.41481730E-04
 1.60423250E+03 8.71271060E-04
 1.60524360E+03 8.83976150E-04
 1.60625280E+03 8.74641840E-04
 1.60726330E+03 8.77747880E-04
 1.60827500E+03 8.81565100E-04
 1.60928800E+03 8.73824170E-04
 1.61030220E+03 7.34050370E-04
 1.61131460E+03 8.78191660E-04
 1.61232820E+03 8.80340690E-04
 1.61334320E+03 8.68550130E-04
 1.61435930E+03 8.80094050E-04
 1.61537680E+03 8.79011920E-04
 1.61639240E+03 8.78134960E-04
 1.61740920E+03 8.78691860E-04
 1.61842730E+03 8.76768480E-04
 1.61944670E+03 8.09574880E-04
 1.62046740E+03 7.02643680E-04
 1.62148610E+03 8.18792100E-04
 1.62250610E+03 8.43856770E-04
 1.62352750E+03 7.09496930E-04
 1.62455010E+03 8.72851710E-04
 1.62557400E+03 8.74963090E-04
 1.62659590E+03 8.62528060E-04
 1.62761920E+03 8.73994070E-04
 1.62864370E+03 8.66366780E-04
 1.62966950E+03 8.67674550E-04
 1.63069660E+03 7.48105890E-04
 1.63172180E+03 2.64691180E-04
 1.63274830E+03 8.13098560E-04
 1.63377610E+03 8.70378690E-04
 1.63480510E+03 8.50014820E-04
 1.63583550E+03 8.24887190E-04
 1.63686390E+03 8.68287880E-04
 1.63789360E+03 7.34781610E-04
 1.63892460E+03 8.68482230E-04
 1.63995690E+03 6.57406980E-04
 1.64099050E+03 8.67644270E-04
 1.64202210E+03 8.65754870E-04
 1.64305510E+03 8.67097140E-04
 1.64408940E+03 8.64441920E-04
 1.64512490E+03 8.49718380E-04
 1.64616180E+03 8.62593430E-04
 1.64719670E+03 8.10440590E-04
 1.64823290E+03 8.58343350E-04
 1.64927040E+03 8.58712850E-04
 1.65030920E+03 8.61786630E-04
 1.65134930E+03 8.63331870E-04
 1.65238750E+03 8.62920370E-04
 1.65342700E+03 7.40651090E-04
 1.65446770E+03 8.51859260E-04
 1.65550980E+03 8.53255610E-04
 1.65655320E+03 7.81476550E-04
 1.65759470E+03 8.58375770E-04
 1.65863740E+03 8.59163470E-04
 1.65968150E+03 8.53066590E-04
 1.66072690E+03 8.52042810E-04
 1.66177360E+03 6.16188660E-04
 1.66281830E+03 8.58323790E-04
 1.66386430E+03 8.57861210E-04
 1.66491170E+03 8.22992490E-04
 1.66596030E+03 8.56178030E-04
 1.66701030E+03 8.42506160E-04
 1.66805830E+03 7.54114870E-04
 1.66910770E+03 8.53913120E-04
 1.67015830E+03 8.52457280E-04
 1.67121030E+03 8.42167530E-04
 1.67226360E+03 7.63537360E-04
 1.67331490E+03 7.25568640E-04
 1.67436750E+03 8.53228740E-04
 1.67542150E+03 8.45950390E-04
 1.67647680E+03 7.05876380E-04
 1.67753340E+03 8.51840870E-04
 1.67858800E+03 8.51377140E-04
 1.67964400E+03 8.50911020E-04
 1.68070130E+03 8.50416920E-04
 1.68175990E+03 8.33014910E-04
 1.68281980E+03 8.49369480E-04
 1.68387780E+03 8.47497060E-04
 1.68493710E+03 8.48541780E-04
 1.68599770E+03 8.41045180E-04
 1.68705960E+03 8.47344500E-04
 1.68812290E+03 8.47168090E-04
 1.68918420E+03 8.46702320E-04
 1.69024680E+03 7.94457400E-04
 1.69131080E+03 8.45765500E-04
 1.69237610E+03 8.24151260E-04
 1.69344270E+03 8.43954700E-04
 1.69450730E+03 8.36520070E-04
 1.69557330E+03 7.86511580E-04
 1.69664060E+03 8.34024890E-04
 1.69770930E+03 8.43007950E-04
 1.69877930E+03 8.21912160E-04
 1.69984730E+03 8.42001370E-04
 1.70091660E+03 8.28147180E-04
 1.70198730E+03 8.32952320E-04
 1.70305930E+03 8.40711990E-04
 1.70413270E+03 7.86484510E-04
 1.70520400E+03 8.39789990E-04
 1.70627670E+03 7.76137470E-04
 1.70735080E+03 4.71130210E-04
 1.70842620E+03 8.36148890E-04
 1.70950290E+03 8.28223310E-04
 1.71057760E+03 8.35851210E-04
 1.71165370E+03 7.86155550E-04
 1.71273110E+03 6.33505520E-04
 1.71380990E+03 8.05784540E-04
 1.71489010E+03 8.29125050E-04
 1.71596820E+03 6.33843870E-04
 1.71704770E+03 7.75641080E-04
 1.71812850E+03 6.35914630E-04
 1.71921070E+03 8.27448730E-04
 1.72029420E+03 8.33041430E-04
 1.72137570E+03 8.24652650E-04
 1.72245860E+03 7.38254100E-04
 1.72354280E+03 7.86349310E-04
 1.72462840E+03 7.89359300E-04
 1.72571540E+03 7.77298300E-04
 1.72680030E+03 8.30493210E-04
 1.72788660E+03 8.10686820E-04
 1.72897430E+03 8.27796860E-04
 1.73006330E+03 8.28519680E-04
 1.73115370E+03 8.18984050E-04
 1.73224200E+03 8.28125300E-04
 1.73333170E+03 8.27717730E-04
 1.73442280E+03 8.00533620E-04
 1.73551520E+03 8.21420110E-04
 1.73660910E+03 8.26179240E-04
 1.73770080E+03 8.17833590E-04
 1.73879400E+03 5.18741190E-04
 1.73988850E+03 7.90503040E-04
 1.74098440E+03 7.62630550E-04
 1.74208170E+03 7.81672980E-04
 1.74317690E+03 8.23604810E-04
 1.74427350E+03 5.76047720E-04
 1.74537140E+03 8.13130980E-04
 1.74647080E+03 8.22140090E-04
 1.74757150E+03 8.13143420E-04
 1.74867020E+03 8.16374570E-04
 1.74977020E+03 8.15455340E-04
 1.75087160E+03 8.21085800E-04
 1.75197440E+03 8.16443930E-04
 1.75307860E+03 6.60226250E-04
 1.75418080E+03 8.18953540E-04
 1.75528430E+03 8.18532670E-04
 1.75638920E+03 8.18063720E-04
 1.75749550E+03 8.17598020E-04
 1.75860310E+03 7.20790090E-04
 1.75970870E+03 8.03459340E-04
 1.76081570E+03 4.85855540E-04
 1.76192410E+03 8.15740680E-04
 1.76303390E+03 8.00858640E-04
 1.76414500E+03 8.14507990E-04
 1.76525410E+03 8.14338610E-04
 1.76636460E+03 8.03241980E-04
 1.76747650E+03 8.12466320E-04
 1.76858970E+03 8.12692210E-04
 1.76970440E+03 4.13615420E-04
 1.77081700E+03 8.11540470E-04
 1.77193100E+03 7.32097190E-04
 1.77304630E+03 7.51862520E-04
 1.77416310E+03 8.10631050E-04
 1.77528130E+03 5.64099740E-04
 1.77639740E+03 8.03236350E-04
 1.77751490E+03 8.09244070E-04
 1.77863370E+03 7.86483650E-04
 1.77975400E+03 8.08056200E-04
 1.78087580E+03 8.06538850E-04
 1.78199540E+03 7.95544270E-04
 1.78311640E+03 7.55436430E-04
 1.78423880E+03 8.06539060E-04
 1.78536260E+03 7.99809520E-04
 1.78648780E+03 8.05625200E-04
 1.78761100E+03 8.05127170E-04
 1.78873550E+03 7.82975740E-04
 1.78986150E+03 7.93068280E-04
 1.79098880E+03 6.96525630E-04
 1.79211760E+03 6.77227080E-04
 1.79324430E+03 8.01778120E-04
 1.79437240E+03 8.02417770E-04
 1.79550190E+03 8.01952840E-04
 1.79663280E+03 8.01477580E-04
 1.79776510E+03 7.74680080E-04
 1.79889540E+03 7.98319900E-04
 1.80002700E+03 7.19135730E-04
 1.80116010E+03 7.99447990E-04
 1.80229450E+03 7.99154470E-04
 1.80343050E+03 7.86870740E-04
 1.80456420E+03 7.92622730E-04
 1.80569940E+03 7.92542880E-04
 1.80683610E+03 7.97138280E-04
 1.80797410E+03 7.68027160E-04
 1.80911360E+03 7.92691000E-04
 1.81025100E+03 7.95951600E-04
 1.81138980E+03 7.86165440E-04
 1.81253000E+03 7.33995290E-04
 1.81367160E+03 7.87520440E-04
 1.81481470E+03 7.94106460E-04
 1.81595560E+03 6.15167440E-04
 1.81709800E+03 7.91293890E-04
 1.81824180E+03 7.92713140E-04
 1.81938710E+03 7.46749190E-04
 1.82053370E+03 6.55481940E-04
 1.82167830E+03 7.20261610E-04
 1.82282420E+03 7.89746550E-04
 1.82397170E+03 7.78772410E-04
 1.82512050E+03 7.55248570E-04
 1.82627080E+03 6.74432060E-04
 1.82741890E+03 7.61255220E-04
 1.82856850E+03 7.87383220E-04
 1.82971950E+03 7.85664980E-04
 1.83087200E+03 7.32561140E-04
 1.83202600E+03 7.85871810E-04
 1.83317770E+03 7.58716820E-04
 1.83433090E+03 7.79155200E-04
 1.83548560E+03 7.82895690E-04
 1.83664170E+03 7.79380560E-04
 1.83779920E+03 7.36791250E-04
 1.83895460E+03 7.83178560E-04
 1.84011150E+03 7.35328120E-04
 1.84126970E+03 7.72049710E-04
 1.84242950E+03 7.46558810E-04
 1.84359070E+03 7.01365270E-04
 1.84474970E+03 7.77961340E-04
 1.84591020E+03 7.81092180E-04
 1.84707220E+03 7.73655280E-04
 1.84823560E+03 7.67461910E-04
 1.84940040E+03 3.58494090E-04
 1.85056310E+03 6.90888020E-04
 1.85172720E+03 7.79184170E-04
 1.85289290E+03 7.04112300E-04
 1.85405990E+03 5.38967960E-04
 1.85522850E+03 7.75710650E-04
 1.85639480E+03 7.77572790E-04
 1.85756260E+03 7.77120990E-04
 1.85873190E+03 5.84781470E-04
 1.85990260E+03 4.75566230E-04
 1.86107490E+03 7.72745840E-04
 1.86224490E+03 7.75241090E-04
 1.86341640E+03 7.20163540E-04
 1.86458930E+03 7.13000820E-04
 1.86576380E+03 7.59951540E-04
 1.86693970E+03 7.39884700E-04
 1.86811340E+03 7.70912190E-04
 1.86928860E+03 7.69848460E-04
 1.87046520E+03 7.69586740E-04
 1.87164340E+03 7.64417380E-04
 1.87282300E+03 7.57915910E-04
 1.87400040E+03 7.57767710E-04
 1.87517930E+03 7.70277010E-04
 1.87635960E+03 7.56589700E-04
 1.87754150E+03 7.60430660E-04
 1.87872480E+03 7.67991970E-04
 1.87990600E+03 7.65182710E-04
 1.88108860E+03 6.84281120E-04
 1.88227260E+03 6.37578340E-04
 1.88345820E+03 7.39740760E-04
 1.88464530E+03 4.13560710E-04
 1.88583010E+03 7.31473110E-04
 1.88701640E+03 5.94490240E-04
 1.88820430E+03 6.77068750E-04
 1.88939360E+03 4.62470720E-04
 1.89058440E+03 3.36001100E-04
 1.89177300E+03 7.57280770E-04
 1.89296300E+03 5.80964350E-04
 1.89415460E+03 6.45217350E-04
 1.89534760E+03 3.04811010E-04
 1.89654220E+03 7.62063360E-04
 1.89773450E+03 7.61739660E-04
 1.89892830E+03 4.80687780E-04
 1.90012360E+03 7.60677030E-04
 1.90132050E+03 4.65381800E-04
 1.90251880E+03 7.34833410E-04
 1.90371490E+03 6.23905720E-04
 1.90491240E+03 7.58866130E-04
 1.90611150E+03 7.58381240E-04
 1.90731210E+03 7.57804040E-04
 1.90851420E+03 7.56984650E-04
 1.90971410E+03 7.18805880E-04
 1.91091540E+03 7.54972770E-04
 1.91211830E+03 7.55964060E-04
 1.91332260E+03 6.95971260E-04
 1.91452850E+03 7.52710430E-04
 1.91573220E+03 5.85376770E-04
 1.91693730E+03 7.50953910E-04
 1.91814390E+03 7.21065460E-04
 1.91935210E+03 7.18431030E-04
 1.92056180E+03 7.52084060E-04
 1.92176920E+03 7.52083920E-04
 1.92297820E+03 3.58380330E-04
 1.92418860E+03 6.56911100E-04
 1.92540060E+03 7.37040000E-04
 1.92661410E+03 7.48647490E-04
 1.92782530E+03 7.45201060E-04
 1.92903810E+03 6.44278370E-04
 1.93025230E+03 5.40417760E-04
 1.93146810E+03 2.73730480E-04
 1.93268550E+03 7.33072280E-04
 1.93390050E+03 7.47978070E-04
 1.93511710E+03 7.46767590E-04
 1.93633510E+03 6.18187170E-04
 1.93755480E+03 7.34158330E-04
 1.93877590E+03 3.80686460E-04
 1.93999480E+03 3.90766740E-04
 1.94121520E+03 7.38530320E-04
 1.94243710E+03 7.37083710E-04
 1.94366060E+03 7.36514600E-04
 1.94488560E+03 7.43853450E-04
 1.94610830E+03 7.43181750E-04
 1.94733260E+03 7.34249500E-04
 1.94855840E+03 7.20568950E-04
 1.94978570E+03 7.08775780E-04
 1.95101460E+03 2.73587850E-04
 1.95224110E+03 6.96787840E-04
 1.95346920E+03 3.05125910E-04
 1.95469890E+03 6.31115850E-04
 1.95593010E+03 6.18645060E-04
 1.95716280E+03 5.06622100E-04
 1.95839320E+03 7.36125050E-04
 1.95962520E+03 7.30511940E-04
 1.96085870E+03 7.27868490E-04
 1.96209380E+03 7.30577460E-04
 1.96333040E+03 7.32098390E-04
 1.96456470E+03 7.30955630E-04
 1.96580060E+03 7.36172920E-04
 1.96703800E+03 7.35538150E-04
 1.96827700E+03 7.34522280E-04
 1.96951750E+03 7.22975430E-04
 1.97075570E+03 7.32897100E-04
 1.97199540E+03 7.30600590E-04
 1.97323680E+03 7.33456280E-04
 1.97447960E+03 7.27978620E-04
 1.97572410E+03 7.19299450E-04
 1.97696620E+03 7.23373640E-04
 1.97820980E+03 7.31449200E-04
 1.97945500E+03 6.92748580E-04
 1.98070180E+03 7.30748820E-04
 1.98195020E+03 7.14097680E-04
 1.98319620E+03 7.27658780E-04
 1.98444380E+03 6.74491250E-04
 1.98569290E+03 7.27103130E-04
 1.98694360E+03 6.42196350E-04
 1.98819590E+03 7.27346720E-04
 1.98944590E+03 7.07639390E-04
 1.99069740E+03 7.16938610E-04
 1.99195040E+03 3.82759470E-04
 1.99320510E+03 3.77739920E-04
 1.99446130E+03 7.18703130E-04
 1.99571520E+03 6.98431080E-04
 1.99697070E+03 7.23156780E-04
 1.99822770E+03 7.13493680E-04
 1.99948630E+03 4.95413000E-04
 2.00074650E+03 5.55462670E-04
 2.00200430E+03 5.53337030E-04
 2.00326370E+03 5.82199650E-04
 2.00452470E+03 7.22175040E-04
 2.00578730E+03 4.89545930E-04
 2.00705150E+03 7.10494750E-04
 2.00831330E+03 7.19871620E-04
 2.00957660E+03 7.20366580E-04
 2.01084160E+03 7.13712670E-04
 2.01210820E+03 6.00111810E-04
 2.01337630E+03 4.66219270E-04
 2.01464210E+03 7.18057780E-04
 2.01590940E+03 7.03679410E-04
 2.01717840E+03 7.17080020E-04
 2.01844890E+03 7.17187080E-04
 2.01972110E+03 7.16788960E-04
 2.02099080E+03 7.13280770E-04
 2.02226220E+03 7.13563970E-04
 2.02353510E+03 7.14827480E-04
 2.02480970E+03 7.14988510E-04
 2.02608590E+03 6.64055160E-04
 2.02735960E+03 7.13815250E-04
 2.02863500E+03 7.06696900E-04
 2.02991190E+03 7.13161650E-04
 2.03119050E+03 7.11536620E-04
 2.03247070E+03 7.09292070E-04
 2.03374850E+03 6.33294210E-04
 2.03502780E+03 5.92302920E-04
 2.03630880E+03 7.10661780E-04
 2.03759140E+03 6.70222490E-04
 2.03887560E+03 6.85681500E-04
 2.04015740E+03 3.37289710E-04
 2.04144080E+03 5.00373020E-04
 2.04272590E+03 7.07678660E-04
 2.04401250E+03 6.88885150E-04
 2.04530080E+03 6.68227840E-04
 2.04658660E+03 5.88991580E-04
 2.04787400E+03 6.64509780E-04
 2.04916310E+03 7.03569850E-04
 2.05045380E+03 7.00177030E-04
 2.05174610E+03 7.05140870E-04
 2.05303600E+03 6.90359170E-04
 2.05432750E+03 7.01810300E-04
 2.05562070E+03 6.96595590E-04
 2.05691540E+03 5.29282320E-04
 2.05821180E+03 7.01015700E-04
 2.05950580E+03 7.03365860E-04
 2.06080130E+03 7.02926070E-04
 2.06209860E+03 3.65434750E-04
 2.06339740E+03 7.02089940E-04
 2.06469790E+03 7.01313630E-04
 2.06599590E+03 6.83371110E-04
 2.06729560E+03 6.99481930E-04
 2.06859690E+03 6.99416110E-04
 2.06989980E+03 6.99893330E-04
 2.07120440E+03 3.14808550E-04
 2.07250650E+03 6.96915530E-04
 2.07381030E+03 6.98441520E-04
 2.07511570E+03 6.94917530E-04
 2.07642270E+03 6.96675480E-04
 2.07773140E+03 6.16564530E-04
 2.07903760E+03 6.89799370E-04
 2.08034550E+03 6.96433760E-04
 2.08165500E+03 6.92122610E-04
 2.08296620E+03 6.79420660E-04
 2.08427900E+03 5.85320830E-04
 2.08558930E+03 5.23334700E-04
 2.08690130E+03 6.77728870E-04
 2.08821490E+03 6.93578350E-04
 2.08953020E+03 6.93115110E-04
 2.09084720E+03 2.83469850E-04
 2.09216160E+03 6.12452510E-04
 2.09347780E+03 6.79630570E-04
 2.09479550E+03 6.70640910E-04
 2.09611500E+03 6.86667340E-04
 2.09743610E+03 6.90469270E-04
 2.09875470E+03 6.89856220E-04
 2.10007500E+03 5.81388430E-04
 2.10139690E+03 6.88318390E-04
 2.10272050E+03 6.88698110E-04
 2.10404580E+03 6.74444130E-04
 2.10536850E+03 6.87794260E-04
 2.10669290E+03 6.83433380E-04
 2.10801900E+03 2.97644760E-04
 2.10934680E+03 5.65693340E-04
 2.11067630E+03 6.86023010E-04
 2.11200320E+03 6.85576810E-04
 2.11333180E+03 6.84856620E-04
 2.11466210E+03 6.09207030E-04
 2.11599400E+03 6.84234110E-04
 2.11732760E+03 5.58537700E-04
 2.11865880E+03 6.80221030E-04
 2.11999160E+03 6.82888770E-04
 2.12132600E+03 6.81670110E-04
 2.12266220E+03 6.81990410E-04
 2.12400000E+03 6.76608340E-04
 2.12500000E+03 6.81205300E-04
 2.13923310E+03 6.76501440E-04
 2.17500000E+03 6.64876210E-04
 2.22500000E+03 6.49087970E-04
 2.23681870E+03 6.45434120E-04
 2.27500000E+03 6.33831950E-04
 2.32500000E+03 6.19099610E-04
 2.34373310E+03 6.13713000E-04
 2.37500000E+03 6.04881850E-04
 2.40111680E+03 5.97656670E-04
 2.42500000E+03 5.91168550E-04
 2.46138090E+03 5.81501110E-04
 2.46141120E+03 5.81493270E-04
 2.48000000E+03 5.76653020E-04
 2.48738280E+03 5.74749070E-04
 2.51393980E+03 5.67985880E-04
 2.51397140E+03 5.67977910E-04
 2.53000000E+03 5.63960260E-04
 2.56038020E+03 5.56475940E-04
 2.57500000E+03 5.52934380E-04
 2.60856860E+03 5.44947670E-04
 2.60860260E+03 5.48636750E-04
 2.62500000E+03 5.44699510E-04
 2.67500000E+03 5.32995760E-04
 2.72258120E+03 5.22267220E-04
 2.77500000E+03 5.10889430E-04
 2.82500000E+03 5.00447750E-04
 2.84701560E+03 4.95972170E-04
 2.87500000E+03 4.90387190E-04
 2.95000000E+03 4.75967540E-04
 2.98336920E+03 4.69795900E-04
 3.05000000E+03 4.57892630E-04
 3.05656400E+03 4.56749040E-04
 3.13344070E+03 4.43720470E-04
 3.13348980E+03 4.44269230E-04
 3.15000000E+03 4.41544070E-04
 3.20394980E+03 4.32836900E-04
 3.25000000E+03 4.25633080E-04
 3.27770520E+03 4.21395240E-04
 3.35000000E+03 4.10657910E-04
 3.35493630E+03 4.09940990E-04
 3.39493300E+03 4.04205230E-04
 3.43589480E+03 3.98461550E-04
 3.43595380E+03 4.02375700E-04
 3.45000000E+03 4.00390140E-04
 3.48542270E+03 3.95451170E-04
 3.53639930E+03 3.88509100E-04
 3.55000000E+03 3.86688790E-04
 3.58888920E+03 3.81555230E-04
 3.61572280E+03 3.78073050E-04
 3.62000000E+03 3.77522410E-04
 3.64296070E+03 3.74586940E-04
 3.64302710E+03 3.74580620E-04
 3.64701290E+03 3.74074510E-04
 3.64707940E+03 4.92071680E-04
 3.67132800E+03 4.87055090E-04
 3.69596950E+03 4.82031940E-04
 3.69603780E+03 4.86869530E-04
 3.72617810E+03 4.80745140E-04
 3.75000000E+03 4.75981450E-04
 3.75688450E+03 4.74617230E-04
 3.75695510E+03 4.74603270E-04
 3.85000000E+03 4.56701860E-04
 3.95000000E+03 4.38530390E-04
 3.98703810E+03 4.32068090E-04
 4.05000000E+03 4.21402060E-04
 4.15000000E+03 4.05255150E-04
 4.24723130E+03 3.90440280E-04
 4.35000000E+03 3.75672140E-04
 4.54375580E+03 3.50115680E-04
 4.55000000E+03 3.49338540E-04
 4.65000000E+03 3.37262100E-04
 4.70810620E+03 3.30552510E-04
 4.75000000E+03 3.25848880E-04
 4.85000000E+03 3.15054090E-04
 4.88479220E+03 3.11435520E-04
 4.88491150E+03 3.11423230E-04
 4.95000000E+03 3.04835370E-04
 5.02633170E+03 2.97398080E-04
 5.05000000E+03 2.95152770E-04
 5.15000000E+03 2.85968750E-04
 5.17631830E+03 2.83630080E-04
 5.25000000E+03 2.77248150E-04
 5.33553160E+03 2.70132180E-04
 5.35000000E+03 2.68958210E-04
 5.41886840E+03 2.63483470E-04
 5.45000000E+03 2.61068380E-04
 5.50484980E+03 2.56900450E-04
 5.50500130E+03 2.56889080E-04
 5.55000000E+03 2.53550360E-04
 5.59581430E+03 2.50222980E-04
 5.65000000E+03 2.46377950E-04
 5.68983570E+03 2.43611580E-04
 5.68999760E+03 2.43602180E-04
 5.75000000E+03 2.39528620E-04
 5.85000000E+03 2.32976680E-04
 5.95000000E+03 2.26703480E-04
 6.05000000E+03 2.20690250E-04
 6.15000000E+03 2.14919830E-04
 6.16217930E+03 2.14232840E-04
 6.25000000E+03 2.09376490E-04
 6.35000000E+03 2.04045900E-04
 6.45000000E+03 1.98914970E-04
 6.55000000E+03 1.93971780E-04
 6.65000000E+03 1.89205420E-04
 6.72004620E+03 1.85966740E-04
 6.75000000E+03 1.84605990E-04
 6.85000000E+03 1.80164440E-04
 6.95000000E+03 1.75872520E-04
 7.05000000E+03 1.71722680E-04
 7.15000000E+03 1.67708050E-04
 7.25000000E+03 1.63822300E-04
 7.35000000E+03 1.60059620E-04
 7.38897600E+03 1.58625240E-04
 7.45000000E+03 1.56414690E-04
 7.55000000E+03 1.52882590E-04
 7.65000000E+03 1.49458770E-04
 7.75000000E+03 1.46139000E-04
 7.77599690E+03 1.45292520E-04
 7.85000000E+03 1.42919360E-04
 7.95000000E+03 1.39796190E-04
 8.05000000E+03 1.36766010E-04
 8.15000000E+03 1.33825630E-04
 8.20580150E+03 1.32222740E-04
 8.20613820E+03 1.39195720E-04
 8.25000000E+03 1.37921040E-04
 8.35000000E+03 1.35076240E-04
 8.45000000E+03 1.32313580E-04
 8.55000000E+03 1.29629500E-04
 8.65000000E+03 1.27020640E-04
 8.75000000E+03 1.24483930E-04
 8.85000000E+03 1.22016480E-04
 8.95000000E+03 1.19615620E-04
 9.05000000E+03 1.17278850E-04
 9.15000000E+03 1.15003830E-04
 9.21353280E+03 1.13589510E-04
 9.25000000E+03 1.12788370E-04
 9.35000000E+03 1.10630430E-04
 9.45000000E+03 1.08528090E-04
 9.55000000E+03 1.06479540E-04
 9.65000000E+03 1.04483050E-04
 9.75000000E+03 1.02537050E-04
 9.85000000E+03 1.00639970E-04
 9.95000000E+03 9.87903840E-05
 1.01250000E+04 9.56637620E-05
 1.03750000E+04 9.14285230E-05
 1.05034290E+04 8.93533230E-05
 1.06250000E+04 8.74489990E-05
 1.08750000E+04 8.37084470E-05
 1.11250000E+04 8.01915180E-05
 1.13750000E+04 7.68840130E-05
 1.16250000E+04 7.37726990E-05
 1.18750000E+04 7.08451790E-05
 1.21250000E+04 6.80897920E-05
 1.22132930E+04 6.71557200E-05
 1.23750000E+04 6.54955460E-05
 1.26250000E+04 6.30520680E-05
 1.28750000E+04 6.07495580E-05
 1.31250000E+04 5.85787750E-05
 1.32954860E+04 5.71694780E-05
 1.33750000E+04 5.65309960E-05
 1.36250000E+04 5.45980110E-05
 1.38750000E+04 5.27720960E-05
 1.41250000E+04 5.10459940E-05
 1.44200000E+04 4.91283330E-05
 1.45881050E+04 4.80894810E-05
 1.45882110E+04 4.88530230E-05
 1.46700000E+04 4.83328960E-05
 1.48750000E+04 4.70682090E-05
 1.51250000E+04 4.55980060E-05
 1.53750000E+04 4.42024320E-05
 1.56250000E+04 4.28768510E-05
 1.58750000E+04 4.16169010E-05
 1.60308430E+04 4.08628620E-05
 1.62000000E+04 4.00703620E-05
 1.66000000E+04 3.82973340E-05
 1.70000000E+04 3.66548720E-05
 1.74000000E+04 3.51301080E-05
 1.77902710E+04 3.37448070E-05
 1.78000000E+04 3.37114770E-05
 1.82000000E+04 3.23886150E-05
 1.86000000E+04 3.11522480E-05
 1.90000000E+04 2.99940920E-05
 1.94000000E+04 2.89067580E-05
 1.98000000E+04 2.78836630E-05
 1.99835140E+04 2.74341480E-05
 2.02500000E+04 2.68021950E-05
 2.07500000E+04 2.56782970E-05
 2.12500000E+04 2.46277420E-05
 2.12962490E+04 2.45339950E-05
 2.17500000E+04 2.36429160E-05
 2.22500000E+04 2.27172410E-05
 2.26500000E+04 2.20154350E-05
 2.27935810E+04 2.17713600E-05
 2.27938410E+04 2.17142190E-05
 2.29000000E+04 2.15374750E-05
 2.32500000E+04 2.09701490E-05
 2.37500000E+04 2.01982190E-05
 2.42500000E+04 1.94679580E-05
 2.47500000E+04 1.87757700E-05
 2.52500000E+04 1.81185060E-05
 2.57500000E+04 1.74934080E-05
 2.62500000E+04 1.68980480E-05
 2.67500000E+04 1.63302840E-05
 2.72500000E+04 1.57882230E-05
 2.77500000E+04 1.52701800E-05
 2.82500000E+04 1.47746540E-05
 2.87500000E+04 1.43003000E-05
 2.92500000E+04 1.38459030E-05
 2.97500000E+04 1.34103700E-05
 3.02500000E+04 1.29927040E-05
 3.07500000E+04 1.25919940E-05
 3.12500000E+04 1.22074030E-05
 3.17500000E+04 1.18381610E-05
 3.24000000E+04 1.13799210E-05
 3.34000000E+04 1.07199300E-05
 3.45000000E+04 1.00519700E-05
 3.50017500E+04 9.76599260E-06
 3.55000000E+04 9.49292250E-06
 3.65000000E+04 8.97586400E-06
 3.75000000E+04 8.49736670E-06
 3.85000000E+04 8.05429380E-06
 3.95000000E+04 7.64376280E-06
 4.05000000E+04 7.26311780E-06
 4.15000000E+04 6.90990950E-06
 4.25000000E+04 6.58187780E-06
 4.35000000E+04 6.27693950E-06
 4.45000000E+04 5.99317510E-06
 4.55000000E+04 5.72881990E-06
 4.65000000E+04 5.48225230E-06
 4.75000000E+04 5.25198600E-06
 4.85000000E+04 5.03666010E-06
 5.00000000E+04 4.73899290E-06
 1.20000000E+05 8.51734680E-07
 2.50000000E+05 2.06857930E-07
 5.99999990E+05 3.78519300E-08
 1.00000000E+06 1.41120370E-08
 1.20000000E+07 2.52745620E-10
 2.00000000E+08 2.36672190E-11
 6.00000000E+08 1.09262950E-11
