 Castelli and Kurucz 2004-2012 Atmosphere
 T     34000.     G    4.50000 [-2.5a] N(He)/Ntot=0.0784 VTURB=2  L/H=1.25 NOVE
 Wavelength  Eddington Hnu
   (nm)    (ergs/s/cm2/Hz/sr)
  9.0900      1.02380E-29
  9.3500      5.70000E-29
  9.6100      2.90480E-28
  9.7700      7.59430E-28
  9.9600      2.28870E-27
  10.200      8.72420E-27
  10.380      2.29250E-26
  10.560      5.84080E-26
  10.770      1.67590E-25
  11.040      6.15150E-25
  11.400      3.18470E-24
  11.780      1.63470E-23
  12.130      6.77880E-23
  12.480      2.60920E-22
  12.710      6.09410E-22
  12.840      9.71930E-22
  13.050      2.02930E-21
  13.240      3.87630E-21
  13.390      6.38340E-21
  13.660      1.52760E-20
  13.980      4.12240E-20
  14.330      1.16560E-19
  14.720      3.50990E-19
  15.100      9.75230E-19
  15.520      2.85730E-18
  15.880      6.86540E-18
  16.200      1.45170E-17
  16.600      3.56160E-17
  17.030      8.92210E-17
  17.340      1.68210E-16
  17.680      3.29250E-16
  18.020      6.28500E-16
  18.170      8.29380E-16
  18.610      1.82390E-15
  19.100      4.21340E-15
  19.390      6.77610E-15
  19.840      1.37660E-14
  20.180      2.30450E-14
  20.500      3.68700E-14
  21.050      7.98490E-14
  21.620      1.70570E-13
  21.980      2.70250E-13
  22.300      4.01390E-13
  22.680      6.32140E-13
  23.000      3.84510E-11
  23.400      2.49000E-10
  24.000      9.25000E-10
  24.650      3.19270E-09
  25.240      6.34870E-09
  25.680      4.09910E-09
  26.000      1.36060E-08
  26.400      2.14530E-08
  26.850      3.35120E-08
  27.350      4.52860E-08
  27.850      5.18660E-08
  28.400      7.16860E-08
  29.000      8.03690E-08
  29.600      6.76100E-08
  30.100      3.46390E-08
  30.800      6.06500E-08
  31.800      1.54320E-07
  32.800      2.04090E-07
  33.800      2.71590E-07
  34.800      3.58950E-07
  35.700      4.41340E-07
  36.600      5.71500E-07
  37.500      7.03060E-07
  38.500      9.19730E-07
  39.500      1.16900E-06
  40.500      1.46800E-06
  41.400      1.80630E-06
  42.200      2.12470E-06
  43.000      2.49320E-06
  44.100      3.11610E-06
  45.100      3.76910E-06
  46.000      4.40430E-06
  47.000      5.30140E-06
  48.000      6.26450E-06
  49.000      7.27590E-06
  50.000      8.61640E-06
  50.600      3.72070E-05
  51.200      1.05580E-04
  52.000      1.06510E-04
  53.000      1.13160E-04
  54.000      1.07930E-04
  55.000      1.18490E-04
  56.000      1.27820E-04
  57.000      1.33130E-04
  58.000      1.30730E-04
  59.000      1.41360E-04
  60.000      1.43110E-04
  61.000      1.47680E-04
  62.000      1.57100E-04
  63.000      1.62610E-04
  64.000      1.66380E-04
  65.000      1.71990E-04
  65.800      1.73670E-04
  66.500      1.79190E-04
  67.500      1.86800E-04
  68.500      1.86930E-04
  69.500      1.99650E-04
  70.500      1.99370E-04
  71.600      2.12550E-04
  72.600      2.18730E-04
  73.500      2.26750E-04
  74.500      2.31240E-04
  75.500      2.37400E-04
  76.500      2.43670E-04
  77.500      2.51850E-04
  78.500      2.60140E-04
  79.500      2.66550E-04
  80.500      2.72890E-04
  81.500      2.80520E-04
  82.500      2.89890E-04
  83.500      2.85790E-04
  84.500      3.04030E-04
  85.500      3.11330E-04
  86.500      3.19540E-04
  87.500      3.26820E-04
  88.500      3.34330E-04
  89.500      3.41890E-04
  90.500      3.48030E-04
  91.500      3.71140E-04
  92.500      1.02790E-03
  93.500      1.56710E-03
  94.500      2.33630E-03
  95.500      2.60880E-03
  96.500      3.13640E-03
  97.500      2.19550E-03
  98.500      3.16580E-03
  99.500      2.98640E-03
  100.50      3.17700E-03
  101.50      3.15130E-03
  102.50      2.20680E-03
  103.50      3.09100E-03
  104.50      3.16430E-03
  105.50      3.15290E-03
  106.50      3.07990E-03
  107.50      3.07200E-03
  108.50      2.92740E-03
  109.50      3.08480E-03
  110.50      3.03870E-03
  111.50      3.01900E-03
  112.50      2.95100E-03
  113.50      3.01220E-03
  114.50      2.98820E-03
  115.50      2.95630E-03
  116.50      2.95290E-03
  117.50      2.71340E-03
  118.50      2.90270E-03
  119.50      2.88190E-03
  120.50      2.80520E-03
  121.50      2.02860E-03
  122.50      2.79640E-03
  123.50      2.82320E-03
  124.50      2.78650E-03
  125.50      2.80270E-03
  126.50      2.78710E-03
  127.50      2.77030E-03
  128.50      2.75390E-03
  129.50      2.69800E-03
  130.50      2.69990E-03
  131.50      2.70170E-03
  132.50      2.68160E-03
  133.50      2.64970E-03
  134.50      2.64930E-03
  135.50      2.63240E-03
  136.50      2.61340E-03
  137.50      2.59450E-03
  138.50      2.58000E-03
  139.50      2.51130E-03
  140.50      2.49900E-03
  141.50      2.52810E-03
  142.50      2.50560E-03
  143.50      2.49620E-03
  144.20      2.48560E-03
  144.70      2.47720E-03
  145.50      2.46270E-03
  146.50      2.44780E-03
  147.50      2.43140E-03
  148.50      2.41800E-03
  149.50      2.40030E-03
  150.50      2.38460E-03
  151.20      2.37610E-03
  151.70      2.36690E-03
  152.50      2.35190E-03
  153.50      2.32320E-03
  154.50      2.26710E-03
  155.50      2.26090E-03
  156.50      2.27630E-03
  157.50      2.27040E-03
  158.50      2.25920E-03
  159.50      2.24460E-03
  160.50      2.21640E-03
  161.50      2.20080E-03
  162.50      2.18150E-03
  163.50      2.13990E-03
  164.50      2.04770E-03
  165.50      2.15500E-03
  166.50      2.14020E-03
  167.20      2.12690E-03
  167.70      2.13270E-03
  168.50      2.12000E-03
  169.50      2.10660E-03
  170.50      2.09150E-03
  171.50      2.06500E-03
  172.50      2.05250E-03
  173.50      2.05580E-03
  174.50      2.04100E-03
  175.50      2.02590E-03
  176.50      2.01590E-03
  177.50      2.00410E-03
  178.50      1.99160E-03
  179.50      1.97830E-03
  180.50      1.96680E-03
  181.50      1.95410E-03
  182.50      1.94130E-03
  183.50      1.93050E-03
  184.50      1.91680E-03
  185.50      1.90270E-03
  186.50      1.89100E-03
  187.50      1.88070E-03
  188.50      1.86850E-03
  189.50      1.85630E-03
  190.50      1.84710E-03
  191.50      1.83380E-03
  192.50      1.81900E-03
  193.50      1.81220E-03
  194.50      1.80220E-03
  195.50      1.78900E-03
  196.70      1.77770E-03
  197.60      1.76860E-03
  198.40      1.75920E-03
  199.50      1.74630E-03
  200.50      1.73740E-03
  201.50      1.72720E-03
  202.50      1.71670E-03
  203.50      1.70610E-03
  204.50      1.69580E-03
  205.50      1.43960E-03
  206.50      1.40730E-03
  207.40      1.41960E-03
  207.80      1.43820E-03
  208.50      1.49210E-03
  209.50      1.60010E-03
  210.50      1.63570E-03
  211.50      1.63030E-03
  212.50      1.61990E-03
  213.50      1.60910E-03
  214.50      1.60090E-03
  215.50      1.60300E-03
  216.50      1.57420E-03
  217.50      1.59070E-03
  218.50      1.55490E-03
  219.50      1.57140E-03
  220.50      1.56320E-03
  221.50      1.52520E-03
  222.50      1.54460E-03
  223.50      1.53560E-03
  224.50      1.52590E-03
  225.50      1.48970E-03
  226.50      1.50850E-03
  227.50      1.49960E-03
  228.50      1.49030E-03
  229.50      1.46730E-03
  230.50      1.44730E-03
  231.50      1.46430E-03
  232.50      1.45630E-03
  233.50      1.44790E-03
  234.50      1.43950E-03
  235.50      1.43120E-03
  236.50      1.42300E-03
  237.50      1.41480E-03
  238.50      1.38230E-03
  239.50      1.39770E-03
  240.50      1.39070E-03
  241.50      1.38280E-03
  242.50      1.37490E-03
  243.50      1.36710E-03
  244.50      1.35940E-03
  245.50      1.35160E-03
  246.50      1.34420E-03
  247.50      1.33670E-03
  248.50      1.32920E-03
  249.50      1.28910E-03
  250.50      1.31240E-03
  251.30      1.26070E-03
  251.80      1.30190E-03
  252.50      1.29990E-03
  253.50      1.29280E-03
  254.50      1.28550E-03
  255.50      1.27850E-03
  256.50      1.27170E-03
  257.50      1.26480E-03
  258.50      1.25790E-03
  259.50      1.25100E-03
  260.50      1.24750E-03
  261.50      1.24070E-03
  262.50      1.23400E-03
  263.50      1.22700E-03
  264.50      1.22010E-03
  265.50      1.21290E-03
  266.50      1.20540E-03
  267.50      1.19800E-03
  268.50      1.19480E-03
  269.50      1.18440E-03
  270.50      1.18220E-03
  271.50      1.17600E-03
  272.50      1.16470E-03
  273.50      1.14660E-03
  274.50      1.15750E-03
  275.50      1.15140E-03
  276.50      1.13960E-03
  277.50      1.13950E-03
  278.50      1.13350E-03
  279.50      1.12690E-03
  280.50      1.12170E-03
  281.50      1.11610E-03
  282.50      1.10360E-03
  283.50      1.10170E-03
  284.50      1.09900E-03
  285.50      1.09340E-03
  286.50      1.08780E-03
  287.50      1.08230E-03
  288.50      1.07680E-03
  289.50      1.07130E-03
  291.00      1.06330E-03
  293.00      1.05260E-03
  295.00      1.03720E-03
  297.00      1.03170E-03
  299.00      1.02140E-03
  301.00      1.01150E-03
  303.00      1.00150E-03
  305.00      9.91730E-04
  307.00      9.82250E-04
  309.00      9.72520E-04
  311.00      9.63360E-04
  313.00      9.54600E-04
  315.00      9.45420E-04
  317.00      9.36470E-04
  319.00      9.22070E-04
  321.00      9.12380E-04
  323.00      9.10100E-04
  325.00      9.01530E-04
  327.00      8.93570E-04
  329.00      8.84740E-04
  331.00      8.77370E-04
  333.00      8.69320E-04
  335.00      8.60410E-04
  337.00      8.53650E-04
  339.00      8.46010E-04
  341.00      8.38430E-04
  343.00      8.29000E-04
  345.00      8.19700E-04
  347.00      8.14030E-04
  349.00      8.06820E-04
  351.00      8.00420E-04
  353.00      7.94210E-04
  355.00      7.87050E-04
  357.00      7.83430E-04
  359.00      7.72710E-04
  361.00      7.67960E-04
  363.00      7.59470E-04
  364.00      7.57170E-04
  365.00      7.36320E-04
  367.00      7.31980E-04
  369.00      7.26200E-04
  371.00      7.15190E-04
  373.00      7.04430E-04
  375.00      7.08410E-04
  377.00      7.02680E-04
  379.00      7.23560E-04
  381.00      7.45990E-04
  383.00      6.83870E-04
  385.00      7.59270E-04
  387.00      7.66740E-04
  389.00      6.64430E-04
  391.00      7.61010E-04
  393.00      7.55180E-04
  395.00      7.49790E-04
  397.00      6.40620E-04
  399.00      7.34890E-04
  401.00      7.33120E-04
  403.00      7.07150E-04
  405.00      7.26800E-04
  407.00      7.18470E-04
  409.00      6.83960E-04
  411.00      6.25510E-04
  413.00      6.96090E-04
  415.00      6.93180E-04
  417.00      6.91250E-04
  419.00      6.85330E-04
  421.00      6.77530E-04
  423.00      6.75560E-04
  425.00      6.70110E-04
  427.00      6.64700E-04
  429.00      6.59470E-04
  431.00      6.52090E-04
  433.00      6.14130E-04
  435.00      5.78010E-04
  437.00      6.36070E-04
  439.00      6.23370E-04
  441.00      6.29220E-04
  443.00      6.23260E-04
  445.00      6.19740E-04
  447.00      5.97950E-04
  449.00      6.10230E-04
  451.00      6.05730E-04
  453.00      6.00930E-04
  455.00      5.92570E-04
  457.00      5.92140E-04
  459.00      5.87660E-04
  461.00      5.83320E-04
  463.00      5.78960E-04
  465.00      5.73940E-04
  467.00      5.70390E-04
  469.00      5.57100E-04
  471.00      5.57620E-04
  473.00      5.58100E-04
  475.00      5.54040E-04
  477.00      5.50040E-04
  479.00      5.46070E-04
  481.00      5.42100E-04
  483.00      5.36210E-04
  485.00      5.10910E-04
  487.00      4.73540E-04
  489.00      5.23750E-04
  491.00      5.22610E-04
  493.00      5.10970E-04
  495.00      5.15760E-04
  497.00      5.12210E-04
  499.00      5.08640E-04
  501.00      5.01050E-04
  503.00      5.01610E-04
  505.00      4.96480E-04
  507.00      4.94740E-04
  509.00      4.91350E-04
  511.00      4.88000E-04
  513.00      4.84680E-04
  515.00      4.81390E-04
  517.00      4.78140E-04
  519.00      4.74920E-04
  521.00      4.71730E-04
  523.00      4.68580E-04
  525.00      4.65450E-04
  527.00      4.62360E-04
  529.00      4.59300E-04
  531.00      4.56260E-04
  533.00      4.53260E-04
  535.00      4.50290E-04
  537.00      4.47340E-04
  539.00      4.44420E-04
  541.00      4.38770E-04
  543.00      4.38670E-04
  545.00      4.35840E-04
  547.00      4.33040E-04
  549.00      4.30260E-04
  551.00      4.27500E-04
  553.00      4.24780E-04
  555.00      4.22080E-04
  557.00      4.19400E-04
  559.00      4.16740E-04
  561.00      4.14120E-04
  563.00      4.11520E-04
  565.00      4.08950E-04
  567.00      4.06390E-04
  569.00      4.02920E-04
  571.00      3.96520E-04
  573.00      3.94140E-04
  575.00      3.91770E-04
  577.00      3.89450E-04
  579.00      3.87140E-04
  581.00      3.84860E-04
  583.00      3.82650E-04
  585.00      3.80590E-04
  587.00      3.70770E-04
  589.00      3.76290E-04
  591.00      3.74870E-04
  593.00      3.73070E-04
  595.00      3.71290E-04
  597.00      3.69540E-04
  599.00      3.67970E-04
  601.00      3.66490E-04
  603.00      3.64320E-04
  605.00      3.62180E-04
  607.00      3.60050E-04
  609.00      3.57940E-04
  611.00      3.55850E-04
  613.00      3.53780E-04
  615.00      3.51720E-04
  617.00      3.49680E-04
  619.00      3.47660E-04
  621.00      3.45660E-04
  623.00      3.43670E-04
  625.00      3.41710E-04
  627.00      3.39760E-04
  629.00      3.37820E-04
  631.00      3.35900E-04
  633.00      3.34000E-04
  635.00      3.32120E-04
  637.00      3.30250E-04
  639.00      3.28390E-04
  641.00      3.26540E-04
  643.00      3.24730E-04
  645.00      3.22920E-04
  647.00      3.21120E-04
  649.00      3.19340E-04
  651.00      3.17570E-04
  653.00      3.14560E-04
  655.00      3.06540E-04
  657.00      2.82390E-04
  659.00      3.08870E-04
  661.00      3.08850E-04
  663.00      3.07290E-04
  665.00      3.05730E-04
  667.00      3.01840E-04
  669.00      2.99870E-04
  671.00      3.00800E-04
  673.00      2.99190E-04
  675.00      2.97590E-04
  677.00      2.96010E-04
  679.00      2.94430E-04
  681.00      2.92870E-04
  683.00      2.91320E-04
  685.00      2.89780E-04
  687.00      2.88250E-04
  689.00      2.86450E-04
  691.00      2.85230E-04
  693.00      2.83750E-04
  695.00      2.82270E-04
  697.00      2.80800E-04
  699.00      2.79340E-04
  701.00      2.77900E-04
  703.00      2.76470E-04
  705.00      2.75040E-04
  707.00      2.70570E-04
  709.00      2.72230E-04
  711.00      2.70840E-04
  713.00      2.69460E-04
  715.00      2.68100E-04
  717.00      2.66450E-04
  719.00      2.65260E-04
  721.00      2.64050E-04
  723.00      2.62720E-04
  725.00      2.61410E-04
  727.00      2.60100E-04
  729.00      2.57300E-04
  731.00      2.57500E-04
  733.00      2.56240E-04
  735.00      2.54970E-04
  737.00      2.53710E-04
  739.00      2.52460E-04
  741.00      2.51220E-04
  743.00      2.49980E-04
  745.00      2.48780E-04
  747.00      2.47560E-04
  749.00      2.46360E-04
  751.00      2.45120E-04
  753.00      2.43980E-04
  755.00      2.42800E-04
  757.00      2.41630E-04
  759.00      2.40080E-04
  761.00      2.39310E-04
  763.00      2.38160E-04
  765.00      2.37030E-04
  767.00      2.35900E-04
  769.00      2.34770E-04
  771.00      2.33660E-04
  773.00      2.32550E-04
  775.00      2.31460E-04
  777.00      2.30370E-04
  779.00      2.29290E-04
  781.00      2.28140E-04
  783.00      2.27140E-04
  785.00      2.26220E-04
  787.00      2.25160E-04
  789.00      2.24100E-04
  791.00      2.23080E-04
  793.00      2.22050E-04
  795.00      2.21020E-04
  797.00      2.19920E-04
  799.00      2.18990E-04
  801.00      2.17990E-04
  803.00      2.16990E-04
  805.00      2.15960E-04
  807.00      2.15000E-04
  809.00      2.13820E-04
  811.00      2.12910E-04
  813.00      2.12030E-04
  815.00      2.10900E-04
  817.00      2.10160E-04
  819.00      2.08970E-04
  821.00      2.07000E-04
  823.00      2.06000E-04
  825.00      2.05440E-04
  827.00      2.04110E-04
  829.00      2.03670E-04
  831.00      2.02820E-04
  833.00      2.01870E-04
  835.00      2.00450E-04
  837.00      1.99960E-04
  839.00      1.99240E-04
  841.00      1.98400E-04
  843.00      1.97450E-04
  845.00      1.95830E-04
  847.00      1.95760E-04
  849.00      1.94680E-04
  851.00      1.93980E-04
  853.00      1.92950E-04
  855.00      1.91740E-04
  857.00      1.92170E-04
  859.00      1.88680E-04
  861.00      1.88940E-04
  863.00      1.90450E-04
  865.00      1.87600E-04
  867.00      1.83320E-04
  869.00      1.88070E-04
  871.00      1.88580E-04
  873.00      1.85240E-04
  875.00      1.76760E-04
  877.00      1.82260E-04
  879.00      1.86010E-04
  881.00      1.85810E-04
  883.00      1.84400E-04
  885.00      1.76910E-04
  887.00      1.69830E-04
  889.00      1.80650E-04
  891.00      1.82170E-04
  893.00      1.81750E-04
  895.00      1.81290E-04
  897.00      1.80180E-04
  899.00      1.76600E-04
  901.00      1.64020E-04
  903.00      1.68970E-04
  905.00      1.76120E-04
  907.00      1.75490E-04
  909.00      1.76000E-04
  911.00      1.75830E-04
  913.00      1.75200E-04
  915.00      1.74480E-04
  917.00      1.73110E-04
  919.00      1.71930E-04
  921.00      1.66380E-04
  923.00      1.53360E-04
  925.00      1.65050E-04
  927.00      1.68980E-04
  929.00      1.69130E-04
  931.00      1.68330E-04
  933.00      1.68210E-04
  935.00      1.66790E-04
  937.00      1.66880E-04
  939.00      1.66210E-04
  941.00      1.65550E-04
  943.00      1.64890E-04
  945.00      1.64230E-04
  947.00      1.62870E-04
  949.00      1.62480E-04
  951.00      1.60090E-04
  953.00      1.54780E-04
  955.00      1.43280E-04
  957.00      1.56040E-04
  959.00      1.58730E-04
  961.00      1.58540E-04
  963.00      1.57920E-04
  965.00      1.57890E-04
  967.00      1.57280E-04
  969.00      1.56590E-04
  971.00      1.55770E-04
  973.00      1.55460E-04
  975.00      1.54860E-04
  977.00      1.54260E-04
  979.00      1.53670E-04
  981.00      1.53080E-04
  983.00      1.52490E-04
  985.00      1.51910E-04
  987.00      1.51330E-04
  989.00      1.50760E-04
  991.00      1.50180E-04
  993.00      1.49610E-04
  995.00      1.49050E-04
  997.00      1.48480E-04
  999.00      1.47610E-04
  1002.5      1.41930E-04
  1007.5      1.39210E-04
  1012.5      1.43190E-04
  1017.5      1.42890E-04
  1022.5      1.41540E-04
  1027.5      1.40280E-04
  1032.5      1.38580E-04
  1037.5      1.37730E-04
  1042.5      1.36480E-04
  1047.5      1.35260E-04
  1052.5      1.34050E-04
  1057.5      1.32850E-04
  1062.5      1.31670E-04
  1067.5      1.30340E-04
  1072.5      1.29350E-04
  1077.5      1.28220E-04
  1082.5      1.26200E-04
  1087.5      1.25660E-04
  1092.5      1.17210E-04
  1097.5      1.21530E-04
  1102.5      1.22220E-04
  1107.5      1.21640E-04
  1112.5      1.20680E-04
  1117.5      1.19660E-04
  1122.5      1.18610E-04
  1127.5      1.17650E-04
  1132.5      1.16670E-04
  1137.5      1.15700E-04
  1142.5      1.14740E-04
  1147.5      1.13790E-04
  1152.5      1.12850E-04
  1157.5      1.11930E-04
  1162.5      1.10850E-04
  1167.5      1.10080E-04
  1172.5      1.09220E-04
  1177.5      1.08340E-04
  1182.5      1.07470E-04
  1187.5      1.06610E-04
  1192.5      1.05760E-04
  1197.5      1.04110E-04
  1202.5      1.04090E-04
  1207.5      1.03270E-04
  1212.5      1.02460E-04
  1217.5      1.01660E-04
  1222.5      1.00860E-04
  1227.5      1.00080E-04
  1232.5      9.93090E-05
  1237.5      9.85440E-05
  1242.5      9.77890E-05
  1247.5      9.70420E-05
  1252.5      9.61700E-05
  1257.5      9.55740E-05
  1262.5      9.48520E-05
  1267.5      9.41380E-05
  1272.5      9.33970E-05
  1277.5      9.14190E-05
  1282.5      8.64130E-05
  1287.5      9.08280E-05
  1292.5      9.06870E-05
  1297.5      8.95730E-05
  1302.5      8.93620E-05
  1307.5      8.87100E-05
  1312.5      8.80640E-05
  1317.5      8.74250E-05
  1322.5      8.67940E-05
  1327.5      8.61690E-05
  1332.5      8.55510E-05
  1337.5      8.49390E-05
  1342.5      8.42880E-05
  1347.5      8.37360E-05
  1352.5      8.31440E-05
  1357.5      8.25580E-05
  1362.5      8.19780E-05
  1367.5      8.14040E-05
  1372.5      8.08360E-05
  1377.5      8.02750E-05
  1382.5      7.97190E-05
  1387.5      7.91690E-05
  1392.5      7.86240E-05
  1397.5      7.80850E-05
  1402.5      7.75520E-05
  1407.5      7.70240E-05
  1412.5      7.65010E-05
  1417.5      7.59840E-05
  1422.5      7.54720E-05
  1427.5      7.49650E-05
  1432.5      7.44630E-05
  1437.5      7.39660E-05
  1442.5      7.34740E-05
  1447.5      7.29870E-05
  1452.5      7.25050E-05
  1457.0      7.20750E-05
  1462.0      7.16050E-05
  1467.5      7.10930E-05
  1472.5      7.06320E-05
  1477.5      7.01250E-05
  1482.5      6.97250E-05
  1487.5      6.92780E-05
  1492.5      6.88350E-05
  1497.5      6.83960E-05
  1502.5      6.79610E-05
  1507.5      6.74400E-05
  1512.5      6.71020E-05
  1517.5      6.66770E-05
  1522.5      6.62580E-05
  1527.5      6.58370E-05
  1532.5      6.54170E-05
  1537.5      6.50140E-05
  1542.5      6.45790E-05
  1547.5      6.42010E-05
  1552.5      6.37870E-05
  1557.5      6.33300E-05
  1562.5      6.30570E-05
  1567.5      6.25400E-05
  1572.5      6.20910E-05
  1577.5      6.19380E-05
  1582.5      6.15230E-05
  1587.5      6.06930E-05
  1592.5      6.06590E-05
  1597.5      6.05170E-05
  1605.0      5.97950E-05
  1615.0      5.87490E-05
  1625.0      5.86810E-05
  1635.0      5.75910E-05
  1645.0      5.64340E-05
  1655.0      5.67070E-05
  1665.0      5.60710E-05
  1675.0      5.48590E-05
  1685.0      5.36370E-05
  1695.0      5.41290E-05
  1705.0      5.33240E-05
  1715.0      5.29450E-05
  1725.0      5.22880E-05
  1735.0      5.02000E-05
  1745.0      5.09580E-05
  1755.0      5.06280E-05
  1765.0      5.00730E-05
  1775.0      4.95260E-05
  1785.0      4.89890E-05
  1795.0      4.84600E-05
  1805.0      4.79030E-05
  1815.0      4.59790E-05
  1825.0      4.65570E-05
  1835.0      4.64260E-05
  1845.0      4.59380E-05
  1855.0      4.54490E-05
  1865.0      4.46450E-05
  1875.0      4.30770E-05
  1885.0      4.40110E-05
  1895.0      4.36080E-05
  1905.0      4.30390E-05
  1915.0      4.27210E-05
  1925.0      4.22940E-05
  1935.0      4.17640E-05
  1945.0      3.99400E-05
  1955.0      4.08930E-05
  1965.0      4.06320E-05
  1975.0      4.02320E-05
  1985.0      3.98380E-05
  1995.0      3.94500E-05
  2005.0      3.90670E-05
  2015.0      3.86890E-05
  2025.0      3.83170E-05
  2035.0      3.79510E-05
  2045.0      3.75810E-05
  2055.0      3.71920E-05
  2065.0      3.68820E-05
  2075.0      3.65360E-05
  2085.0      3.61940E-05
  2095.0      3.58580E-05
  2105.0      3.55260E-05
  2115.0      3.51130E-05
  2125.0      3.48750E-05
  2135.0      3.45570E-05
  2145.0      3.42370E-05
  2155.0      3.38600E-05
  2165.0      3.23920E-05
  2175.0      3.31800E-05
  2185.0      3.30140E-05
  2195.0      3.27350E-05
  2205.0      3.24450E-05
  2215.0      3.21590E-05
  2225.0      3.18750E-05
  2235.0      3.15990E-05
  2245.0      3.13240E-05
  2255.0      3.10530E-05
  2265.0      3.07850E-05
  2275.0      3.05210E-05
  2285.0      3.02610E-05
  2295.0      3.00040E-05
  2305.0      2.97460E-05
  2315.0      2.94990E-05
  2325.0      2.92520E-05
  2335.0      2.90080E-05
  2345.0      2.87670E-05
  2355.0      2.85280E-05
  2365.0      2.82930E-05
  2375.0      2.80600E-05
  2385.0      2.78310E-05
  2395.0      2.76040E-05
  2405.0      2.73800E-05
  2415.0      2.71580E-05
  2425.0      2.69390E-05
  2435.0      2.67220E-05
  2445.0      2.65070E-05
  2455.0      2.63130E-05
  2465.0      2.60910E-05
  2475.0      2.58560E-05
  2485.0      2.57040E-05
  2495.0      2.54630E-05
  2505.0      2.53030E-05
  2515.0      2.51050E-05
  2525.0      2.48580E-05
  2535.0      2.47090E-05
  2545.0      2.45520E-05
  2555.0      2.43220E-05
  2565.0      2.40720E-05
  2575.0      2.39600E-05
  2585.0      2.38110E-05
  2595.0      2.36270E-05
  2605.0      2.33640E-05
  2615.0      2.30340E-05
  2625.0      2.22700E-05
  2635.0      2.28060E-05
  2645.0      2.27570E-05
  2655.0      2.25780E-05
  2665.0      2.23610E-05
  2675.0      2.20220E-05
  2685.0      2.20240E-05
  2695.0      2.19390E-05
  2705.0      2.17800E-05
  2715.0      2.16220E-05
  2725.0      2.14660E-05
  2735.0      2.13120E-05
  2745.0      2.11240E-05
  2755.0      2.07100E-05
  2765.0      2.07010E-05
  2775.0      2.07030E-05
  2785.0      2.05660E-05
  2795.0      2.04210E-05
  2805.0      2.02780E-05
  2815.0      2.01370E-05
  2825.0      1.99970E-05
  2835.0      1.98580E-05
  2845.0      1.97210E-05
  2855.0      1.95740E-05
  2865.0      1.93150E-05
  2875.0      1.89240E-05
  2885.0      1.91330E-05
  2895.0      1.90560E-05
  2905.0      1.89270E-05
  2915.0      1.88000E-05
  2925.0      1.86730E-05
  2935.0      1.85480E-05
  2945.0      1.84240E-05
  2955.0      1.83020E-05
  2965.0      1.81800E-05
  2975.0      1.80600E-05
  2985.0      1.79410E-05
  2995.0      1.78230E-05
  3005.0      1.77070E-05
  3015.0      1.75910E-05
  3025.0      1.74460E-05
  3035.0      1.70190E-05
  3045.0      1.70240E-05
  3055.0      1.71230E-05
  3065.0      1.70300E-05
  3075.0      1.69210E-05
  3085.0      1.68130E-05
  3095.0      1.67060E-05
  3105.0      1.66000E-05
  3115.0      1.64950E-05
  3125.0      1.63910E-05
  3135.0      1.62880E-05
  3145.0      1.61860E-05
  3155.0      1.60850E-05
  3165.0      1.59850E-05
  3175.0      1.58860E-05
  3185.0      1.57880E-05
  3195.0      1.56900E-05
  3210.0      1.55460E-05
  3230.0      1.53570E-05
  3250.0      1.51710E-05
  3270.0      1.49880E-05
  3290.0      1.45470E-05
  3310.0      1.45580E-05
  3330.0      1.44710E-05
  3350.0      1.43040E-05
  3370.0      1.41370E-05
  3390.0      1.39730E-05
  3410.0      1.38110E-05
  3430.0      1.36530E-05
  3450.0      1.34970E-05
  3470.0      1.33430E-05
  3490.0      1.31930E-05
  3510.0      1.30440E-05
  3530.0      1.28990E-05
  3550.0      1.27560E-05
  3570.0      1.26150E-05
  3590.0      1.24760E-05
  3610.0      1.23400E-05
  3630.0      1.22060E-05
  3650.0      1.20740E-05
  3670.0      1.19440E-05
  3690.0      1.18160E-05
  3710.0      1.16810E-05
  3730.0      1.14470E-05
  3750.0      1.12870E-05
  3770.0      1.13230E-05
  3790.0      1.12080E-05
  3810.0      1.10850E-05
  3830.0      1.09730E-05
  3850.0      1.08650E-05
  3870.0      1.07540E-05
  3890.0      1.06440E-05
  3910.0      1.05150E-05
  3930.0      1.04310E-05
  3950.0      1.03270E-05
  3970.0      1.02240E-05
  3990.0      1.01230E-05
  4010.0      1.00030E-05
  4030.0      9.88240E-06
  4050.0      9.65670E-06
  4070.0      9.72610E-06
  4090.0      9.63850E-06
  4110.0      9.54580E-06
  4130.0      9.45030E-06
  4150.0      9.36030E-06
  4170.0      9.21680E-06
  4190.0      9.18140E-06
  4210.0      9.10170E-06
  4230.0      9.01670E-06
  4250.0      8.93060E-06
  4270.0      8.85000E-06
  4290.0      8.76140E-06
  4310.0      8.68800E-06
  4330.0      8.60860E-06
  4350.0      8.53010E-06
  4370.0      8.38270E-06
  4390.0      8.35000E-06
  4410.0      8.30160E-06
  4430.0      8.22760E-06
  4450.0      8.15440E-06
  4470.0      8.08620E-06
  4490.0      8.01490E-06
  4510.0      7.94460E-06
  4530.0      7.87510E-06
  4550.0      7.80660E-06
  4570.0      7.73900E-06
  4590.0      7.67220E-06
  4610.0      7.60490E-06
  4630.0      7.53390E-06
  4650.0      7.31650E-06
  4670.0      7.30650E-06
  4690.0      7.32580E-06
  4710.0      7.28900E-06
  4730.0      7.22800E-06
  4750.0      7.16780E-06
  4770.0      7.10820E-06
  4790.0      7.04940E-06
  4810.0      6.99140E-06
  4830.0      6.93400E-06
  4850.0      6.87730E-06
  4870.0      6.82140E-06
  4890.0      6.76610E-06
  4910.0      6.71150E-06
  4930.0      6.65750E-06
  4950.0      6.60420E-06
  4970.0      6.55150E-06
  4990.0      6.49940E-06
  5010.0      6.44800E-06
  5030.0      6.39710E-06
  5050.0      6.34690E-06
  5070.0      6.29720E-06
  5090.0      6.24810E-06
  5110.0      6.18410E-06
  5130.0      6.05370E-06
  5150.0      6.09400E-06
  5170.0      6.05750E-06
  5190.0      6.01120E-06
  5210.0      5.96540E-06
  5230.0      5.92020E-06
  5250.0      5.87540E-06
  5270.0      5.83120E-06
  5290.0      5.78740E-06
  5310.0      5.74420E-06
  5330.0      5.70140E-06
  5350.0      5.65910E-06
  5370.0      5.61720E-06
  5390.0      5.57590E-06
  5410.0      5.53500E-06
  5430.0      5.49450E-06
  5450.0      5.45450E-06
  5470.0      5.41490E-06
  5490.0      5.37580E-06
  5510.0      5.33700E-06
  5530.0      5.29860E-06
  5550.0      5.26080E-06
  5570.0      5.22330E-06
  5590.0      5.18620E-06
  5610.0      5.14950E-06
  5630.0      5.11310E-06
  5650.0      5.07720E-06
  5670.0      5.04160E-06
  5690.0      5.00630E-06
  5710.0      4.96590E-06
  5730.0      4.93700E-06
  5750.0      4.90300E-06
  5770.0      4.86920E-06
  5790.0      4.83580E-06
  5810.0      4.80280E-06
  5830.0      4.77000E-06
  5850.0      4.73890E-06
  5870.0      4.70670E-06
  5890.0      4.66030E-06
  5910.0      4.55530E-06
  5930.0      4.59940E-06
  5950.0      4.56520E-06
  5970.0      4.54370E-06
  5990.0      4.52080E-06
  6010.0      4.49100E-06
  6030.0      4.46130E-06
  6050.0      4.43200E-06
  6070.0      4.40300E-06
  6090.0      4.37420E-06
  6110.0      4.34570E-06
  6130.0      4.31750E-06
  6150.0      4.28960E-06
  6170.0      4.26200E-06
  6190.0      4.23460E-06
  6210.0      4.20740E-06
  6230.0      4.18050E-06
  6250.0      4.15390E-06
  6270.0      4.12380E-06
  6290.0      4.07590E-06
  6310.0      4.06900E-06
  6330.0      4.04990E-06
  6350.0      4.02460E-06
  6370.0      3.99940E-06
  6390.0      3.97450E-06
  6420.0      3.93760E-06
  6460.0      3.88910E-06
  6500.0      3.84160E-06
  6540.0      3.79480E-06
  6580.0      3.74900E-06
  6620.0      3.70390E-06
  6660.0      3.65970E-06
  6700.0      3.61620E-06
  6740.0      3.57070E-06
  6780.0      3.51050E-06
  6820.0      3.49040E-06
  6860.0      3.44990E-06
  6900.0      3.41020E-06
  6940.0      3.37110E-06
  6980.0      3.33260E-06
  7020.0      3.29480E-06
  7060.0      3.25770E-06
  7100.0      3.22120E-06
  7140.0      3.18520E-06
  7180.0      3.14990E-06
  7220.0      3.11520E-06
  7260.0      3.08100E-06
  7300.0      3.04740E-06
  7340.0      3.01430E-06
  7380.0      2.98180E-06
  7420.0      2.94690E-06
  7460.0      2.87700E-06
  7500.0      2.83610E-06
  7540.0      2.85180E-06
  7580.0      2.82680E-06
  7620.0      2.79730E-06
  7660.0      2.76820E-06
  7700.0      2.73960E-06
  7740.0      2.71130E-06
  7780.0      2.68350E-06
  7820.0      2.65620E-06
  7860.0      2.62930E-06
  7900.0      2.60280E-06
  7940.0      2.57670E-06
  7980.0      2.55090E-06
  8020.0      2.52560E-06
  8060.0      2.50060E-06
  8100.0      2.47600E-06
  8140.0      2.45010E-06
  8180.0      2.42780E-06
  8220.0      2.40430E-06
  8260.0      2.38110E-06
  8300.0      2.35820E-06
  8340.0      2.33570E-06
  8380.0      2.31340E-06
  8420.0      2.29150E-06
  8460.0      2.26990E-06
  8500.0      2.24860E-06
  8540.0      2.22760E-06
  8580.0      2.20690E-06
  8620.0      2.18640E-06
  8660.0      2.16100E-06
  8700.0      2.14640E-06
  8740.0      2.11390E-06
  8780.0      2.09460E-06
  8820.0      2.08840E-06
  8860.0      2.06960E-06
  8900.0      2.05100E-06
  8940.0      2.03270E-06
  8980.0      2.01470E-06
  9020.0      1.99680E-06
  9060.0      1.97920E-06
  9100.0      1.96190E-06
  9140.0      1.94470E-06
  9180.0      1.92780E-06
  9220.0      1.91110E-06
  9260.0      1.89460E-06
  9300.0      1.87830E-06
  9340.0      1.86220E-06
  9380.0      1.83880E-06
  9420.0      1.82860E-06
  9460.0      1.81530E-06
  9500.0      1.80000E-06
  9540.0      1.78490E-06
  9580.0      1.77010E-06
  9620.0      1.75540E-06
  9660.0      1.74080E-06
  9700.0      1.72650E-06
  9740.0      1.71230E-06
  9780.0      1.69830E-06
  9820.0      1.68450E-06
  9860.0      1.67090E-06
  9900.0      1.65740E-06
  9940.0      1.64400E-06
  9980.0      1.63090E-06
  10020.      1.61790E-06
  20000.      4.03220E-07
  40000.      9.93400E-08
  60000.      4.37030E-08
  80000.      2.43910E-08
 1.00000E+05  1.55130E-08
 1.20000E+05  1.07170E-08
 1.40000E+05  7.83860E-09
 1.60000E+05  5.97850E-09
