 Castelli and Kurucz 2004-2012 Atmosphere
 T     33000.     G    4.50000 [-2.5a] N(He)/Ntot=0.0784 VTURB=2  L/H=1.25 NOVE
 Wavelength  Eddington Hnu
   (nm)    (ergs/s/cm2/Hz/sr)
  9.0900      2.39830E-31
  9.3500      1.48580E-30
  9.6100      8.37210E-30
  9.7700      2.32170E-29
  9.9600      7.48310E-29
  10.200      3.09260E-28
  10.380      8.61070E-28
  10.560      2.31920E-27
  10.770      7.08110E-27
  11.040      2.80440E-26
  11.400      1.59590E-25
  11.780      8.99100E-25
  12.130      4.03810E-24
  12.480      1.67620E-23
  12.710      4.10230E-23
  12.840      6.71450E-23
  13.050      1.45950E-22
  13.240      2.88860E-22
  13.390      4.88950E-22
  13.660      1.22710E-21
  13.980      3.49620E-21
  14.330      1.04550E-20
  14.720      3.34220E-20
  15.100      9.81160E-20
  15.520      3.04690E-19
  15.880      7.68190E-19
  16.200      1.69120E-18
  16.600      4.35650E-18
  17.030      1.14640E-17
  17.340      2.23920E-17
  17.680      4.54490E-17
  18.020      8.98640E-17
  18.170      1.20380E-16
  18.610      2.76430E-16
  19.100      6.68470E-16
  19.390      1.10280E-15
  19.840      2.33050E-15
  20.180      4.01520E-15
  20.500      6.59260E-15
  21.050      1.48940E-14
  21.620      3.32130E-14
  21.980      5.39400E-14
  22.300      8.18900E-14
  22.680      1.32270E-13
  23.000      9.20940E-12
  23.400      6.29150E-11
  24.000      1.99500E-10
  24.650      5.37480E-10
  25.240      9.37460E-10
  25.680      6.84060E-10
  26.000      1.66400E-09
  26.400      2.18220E-09
  26.850      2.98890E-09
  27.350      3.86110E-09
  27.850      4.63970E-09
  28.400      6.40190E-09
  29.000      8.07220E-09
  29.600      9.35080E-09
  30.100      7.93750E-09
  30.800      1.14290E-08
  31.800      2.54020E-08
  32.800      3.71620E-08
  33.800      5.52820E-08
  34.800      7.94530E-08
  35.700      1.05920E-07
  36.600      1.45330E-07
  37.500      1.88920E-07
  38.500      2.60280E-07
  39.500      3.46220E-07
  40.500      4.53670E-07
  41.400      5.77790E-07
  42.200      7.00830E-07
  43.000      8.46180E-07
  44.100      1.09260E-06
  45.100      1.36320E-06
  46.000      1.63350E-06
  47.000      2.01530E-06
  48.000      2.43990E-06
  49.000      2.90900E-06
  50.000      3.51070E-06
  50.600      1.75030E-05
  51.200      5.43580E-05
  52.000      5.50510E-05
  53.000      5.92800E-05
  54.000      5.64840E-05
  55.000      6.30660E-05
  56.000      6.77520E-05
  57.000      7.10320E-05
  58.000      6.96610E-05
  59.000      7.63130E-05
  60.000      7.79840E-05
  61.000      8.12980E-05
  62.000      8.63130E-05
  63.000      9.02120E-05
  64.000      9.25850E-05
  65.000      9.68340E-05
  65.800      9.87080E-05
  66.500      1.01950E-04
  67.500      1.06490E-04
  68.500      1.07500E-04
  69.500      1.15820E-04
  70.500      1.16600E-04
  71.600      1.24890E-04
  72.600      1.29320E-04
  73.500      1.34990E-04
  74.500      1.38800E-04
  75.500      1.43380E-04
  76.500      1.48250E-04
  77.500      1.54150E-04
  78.500      1.60350E-04
  79.500      1.65010E-04
  80.500      1.70040E-04
  81.500      1.75620E-04
  82.500      1.82360E-04
  83.500      1.80860E-04
  84.500      1.93400E-04
  85.500      1.99080E-04
  86.500      2.05200E-04
  87.500      2.10930E-04
  88.500      2.16870E-04
  89.500      2.22830E-04
  90.500      2.27880E-04
  91.500      2.52400E-04
  92.500      8.14620E-04
  93.500      1.31700E-03
  94.500      2.08270E-03
  95.500      2.35270E-03
  96.500      2.87410E-03
  97.500      1.91760E-03
  98.500      2.92030E-03
  99.500      2.75400E-03
  100.50      2.93230E-03
  101.50      2.89320E-03
  102.50      1.92060E-03
  103.50      2.83420E-03
  104.50      2.92510E-03
  105.50      2.91560E-03
  106.50      2.84150E-03
  107.50      2.83790E-03
  108.50      2.69880E-03
  109.50      2.85080E-03
  110.50      2.79870E-03
  111.50      2.78560E-03
  112.50      2.71750E-03
  113.50      2.78140E-03
  114.50      2.75450E-03
  115.50      2.72930E-03
  116.50      2.72630E-03
  117.50      2.49370E-03
  118.50      2.67740E-03
  119.50      2.65110E-03
  120.50      2.57100E-03
  121.50      1.76340E-03
  122.50      2.56450E-03
  123.50      2.60200E-03
  124.50      2.56840E-03
  125.50      2.58340E-03
  126.50      2.56910E-03
  127.50      2.55330E-03
  128.50      2.53780E-03
  129.50      2.47800E-03
  130.50      2.47880E-03
  131.50      2.48850E-03
  132.50      2.46850E-03
  133.50      2.43070E-03
  134.50      2.43850E-03
  135.50      2.42360E-03
  136.50      2.40500E-03
  137.50      2.38840E-03
  138.50      2.37430E-03
  139.50      2.30440E-03
  140.50      2.29510E-03
  141.50      2.32420E-03
  142.50      2.30390E-03
  143.50      2.29520E-03
  144.20      2.28600E-03
  144.70      2.27790E-03
  145.50      2.26440E-03
  146.50      2.25030E-03
  147.50      2.23470E-03
  148.50      2.22200E-03
  149.50      2.20550E-03
  150.50      2.18950E-03
  151.20      2.18240E-03
  151.70      2.17380E-03
  152.50      2.15980E-03
  153.50      2.13200E-03
  154.50      2.08260E-03
  155.50      2.07580E-03
  156.50      2.08910E-03
  157.50      2.08360E-03
  158.50      2.07320E-03
  159.50      2.05970E-03
  160.50      2.03300E-03
  161.50      2.01810E-03
  162.50      2.00150E-03
  163.50      1.96620E-03
  164.50      1.88400E-03
  165.50      1.97630E-03
  166.50      1.96240E-03
  167.20      1.95050E-03
  167.70      1.95580E-03
  168.50      1.94380E-03
  169.50      1.93100E-03
  170.50      1.91690E-03
  171.50      1.89360E-03
  172.50      1.88080E-03
  173.50      1.88390E-03
  174.50      1.87010E-03
  175.50      1.85620E-03
  176.50      1.84640E-03
  177.50      1.83540E-03
  178.50      1.82400E-03
  179.50      1.81200E-03
  180.50      1.80140E-03
  181.50      1.78950E-03
  182.50      1.77760E-03
  183.50      1.76750E-03
  184.50      1.75410E-03
  185.50      1.74000E-03
  186.50      1.73000E-03
  187.50      1.72140E-03
  188.50      1.70920E-03
  189.50      1.69670E-03
  190.50      1.68990E-03
  191.50      1.67610E-03
  192.50      1.66280E-03
  193.50      1.65710E-03
  194.50      1.64850E-03
  195.50      1.63510E-03
  196.70      1.62590E-03
  197.60      1.61790E-03
  198.40      1.60860E-03
  199.50      1.59590E-03
  200.50      1.58900E-03
  201.50      1.57980E-03
  202.50      1.57030E-03
  203.50      1.56030E-03
  204.50      1.55090E-03
  205.50      1.35090E-03
  206.50      1.32410E-03
  207.40      1.33170E-03
  207.80      1.34380E-03
  208.50      1.38420E-03
  209.50      1.46580E-03
  210.50      1.49500E-03
  211.50      1.49000E-03
  212.50      1.48050E-03
  213.50      1.47080E-03
  214.50      1.46290E-03
  215.50      1.46290E-03
  216.50      1.43970E-03
  217.50      1.44980E-03
  218.50      1.42220E-03
  219.50      1.43210E-03
  220.50      1.42440E-03
  221.50      1.39520E-03
  222.50      1.40740E-03
  223.50      1.39910E-03
  224.50      1.39060E-03
  225.50      1.36240E-03
  226.50      1.37450E-03
  227.50      1.36640E-03
  228.50      1.35790E-03
  229.50      1.33640E-03
  230.50      1.32350E-03
  231.50      1.33450E-03
  232.50      1.32700E-03
  233.50      1.31930E-03
  234.50      1.31170E-03
  235.50      1.30410E-03
  236.50      1.29660E-03
  237.50      1.28920E-03
  238.50      1.26420E-03
  239.50      1.27380E-03
  240.50      1.26730E-03
  241.50      1.26010E-03
  242.50      1.25300E-03
  243.50      1.24580E-03
  244.50      1.23890E-03
  245.50      1.23180E-03
  246.50      1.22510E-03
  247.50      1.21820E-03
  248.50      1.21140E-03
  249.50      1.17480E-03
  250.50      1.19650E-03
  251.30      1.15770E-03
  251.80      1.18690E-03
  252.50      1.18480E-03
  253.50      1.17840E-03
  254.50      1.17160E-03
  255.50      1.16540E-03
  256.50      1.15920E-03
  257.50      1.15290E-03
  258.50      1.14670E-03
  259.50      1.14040E-03
  260.50      1.13790E-03
  261.50      1.13170E-03
  262.50      1.12570E-03
  263.50      1.11920E-03
  264.50      1.11290E-03
  265.50      1.10630E-03
  266.50      1.09920E-03
  267.50      1.09240E-03
  268.50      1.09010E-03
  269.50      1.07990E-03
  270.50      1.07870E-03
  271.50      1.07300E-03
  272.50      1.06190E-03
  273.50      1.04980E-03
  274.50      1.05630E-03
  275.50      1.05080E-03
  276.50      1.03930E-03
  277.50      1.04000E-03
  278.50      1.03460E-03
  279.50      1.02830E-03
  280.50      1.02380E-03
  281.50      1.01880E-03
  282.50      1.00640E-03
  283.50      1.00510E-03
  284.50      1.00330E-03
  285.50      9.98140E-04
  286.50      9.93080E-04
  287.50      9.88070E-04
  288.50      9.83140E-04
  289.50      9.78190E-04
  291.00      9.70820E-04
  293.00      9.61200E-04
  295.00      9.46650E-04
  297.00      9.42280E-04
  299.00      9.33000E-04
  301.00      9.23930E-04
  303.00      9.14910E-04
  305.00      9.06100E-04
  307.00      8.97490E-04
  309.00      8.88620E-04
  311.00      8.80410E-04
  313.00      8.72550E-04
  315.00      8.64240E-04
  317.00      8.56160E-04
  319.00      8.42540E-04
  321.00      8.35840E-04
  323.00      8.32220E-04
  325.00      8.24450E-04
  327.00      8.17390E-04
  329.00      8.09240E-04
  331.00      8.02700E-04
  333.00      7.95390E-04
  335.00      7.87200E-04
  337.00      7.81190E-04
  339.00      7.74270E-04
  341.00      7.67410E-04
  343.00      7.58510E-04
  345.00      7.49870E-04
  347.00      7.44910E-04
  349.00      7.38380E-04
  351.00      7.32730E-04
  353.00      7.27280E-04
  355.00      7.20820E-04
  357.00      7.17920E-04
  359.00      7.07790E-04
  361.00      7.03710E-04
  363.00      6.95800E-04
  364.00      6.95420E-04
  365.00      6.82080E-04
  367.00      6.78340E-04
  369.00      6.72850E-04
  371.00      6.60860E-04
  373.00      6.48270E-04
  375.00      6.52210E-04
  377.00      6.45990E-04
  379.00      6.67600E-04
  381.00      6.90720E-04
  383.00      6.28430E-04
  385.00      7.06230E-04
  387.00      7.14460E-04
  389.00      6.10630E-04
  391.00      7.09990E-04
  393.00      7.05640E-04
  395.00      6.99590E-04
  397.00      5.88790E-04
  399.00      6.85280E-04
  401.00      6.84470E-04
  403.00      6.58600E-04
  405.00      6.79200E-04
  407.00      6.70970E-04
  409.00      6.35650E-04
  411.00      5.77260E-04
  413.00      6.49530E-04
  415.00      6.47270E-04
  417.00      6.45990E-04
  419.00      6.40840E-04
  421.00      6.34300E-04
  423.00      6.31470E-04
  425.00      6.26360E-04
  427.00      6.21270E-04
  429.00      6.16300E-04
  431.00      6.09030E-04
  433.00      5.70270E-04
  435.00      5.34350E-04
  437.00      5.94040E-04
  439.00      5.81120E-04
  441.00      5.88100E-04
  443.00      5.82400E-04
  445.00      5.79330E-04
  447.00      5.56820E-04
  449.00      5.70340E-04
  451.00      5.66260E-04
  453.00      5.61900E-04
  455.00      5.55110E-04
  457.00      5.53550E-04
  459.00      5.49360E-04
  461.00      5.45330E-04
  463.00      5.41280E-04
  465.00      5.36540E-04
  467.00      5.33290E-04
  469.00      5.22860E-04
  471.00      5.20850E-04
  473.00      5.21800E-04
  475.00      5.18010E-04
  477.00      5.14280E-04
  479.00      5.10580E-04
  481.00      5.06810E-04
  483.00      5.01040E-04
  485.00      4.75140E-04
  487.00      4.38000E-04
  489.00      4.89270E-04
  491.00      4.88290E-04
  493.00      4.76880E-04
  495.00      4.82300E-04
  497.00      4.79000E-04
  499.00      4.75670E-04
  501.00      4.68180E-04
  503.00      4.69120E-04
  505.00      4.64110E-04
  507.00      4.62700E-04
  509.00      4.59540E-04
  511.00      4.56420E-04
  513.00      4.53320E-04
  515.00      4.50260E-04
  517.00      4.47220E-04
  519.00      4.44220E-04
  521.00      4.41250E-04
  523.00      4.38310E-04
  525.00      4.35390E-04
  527.00      4.32500E-04
  529.00      4.29650E-04
  531.00      4.26820E-04
  533.00      4.24010E-04
  535.00      4.21240E-04
  537.00      4.18490E-04
  539.00      4.15770E-04
  541.00      4.11320E-04
  543.00      4.10410E-04
  545.00      4.07760E-04
  547.00      4.05150E-04
  549.00      4.02550E-04
  551.00      3.99980E-04
  553.00      3.97440E-04
  555.00      3.94920E-04
  557.00      3.92430E-04
  559.00      3.89950E-04
  561.00      3.87500E-04
  563.00      3.85080E-04
  565.00      3.82670E-04
  567.00      3.80290E-04
  569.00      3.77420E-04
  571.00      3.73070E-04
  573.00      3.70810E-04
  575.00      3.68570E-04
  577.00      3.66370E-04
  579.00      3.64170E-04
  581.00      3.62010E-04
  583.00      3.59870E-04
  585.00      3.57810E-04
  587.00      3.47640E-04
  589.00      3.53430E-04
  591.00      3.51990E-04
  593.00      3.50120E-04
  595.00      3.48260E-04
  597.00      3.46620E-04
  599.00      3.45070E-04
  601.00      3.43040E-04
  603.00      3.41020E-04
  605.00      3.39020E-04
  607.00      3.37030E-04
  609.00      3.35070E-04
  611.00      3.33120E-04
  613.00      3.31180E-04
  615.00      3.29270E-04
  617.00      3.27370E-04
  619.00      3.25480E-04
  621.00      3.23610E-04
  623.00      3.21760E-04
  625.00      3.19930E-04
  627.00      3.18110E-04
  629.00      3.16300E-04
  631.00      3.14510E-04
  633.00      3.12740E-04
  635.00      3.10980E-04
  637.00      3.09230E-04
  639.00      3.07500E-04
  641.00      3.05780E-04
  643.00      3.04080E-04
  645.00      3.02390E-04
  647.00      3.00720E-04
  649.00      2.99060E-04
  651.00      2.97400E-04
  653.00      2.94660E-04
  655.00      2.86300E-04
  657.00      2.62260E-04
  659.00      2.89040E-04
  661.00      2.89190E-04
  663.00      2.87810E-04
  665.00      2.86360E-04
  667.00      2.82560E-04
  669.00      2.80870E-04
  671.00      2.81770E-04
  673.00      2.80260E-04
  675.00      2.78770E-04
  677.00      2.77290E-04
  679.00      2.75820E-04
  681.00      2.74360E-04
  683.00      2.72920E-04
  685.00      2.71480E-04
  687.00      2.70060E-04
  689.00      2.68530E-04
  691.00      2.67240E-04
  693.00      2.65850E-04
  695.00      2.64470E-04
  697.00      2.63100E-04
  699.00      2.61740E-04
  701.00      2.60390E-04
  703.00      2.59050E-04
  705.00      2.57730E-04
  707.00      2.53270E-04
  709.00      2.55100E-04
  711.00      2.53810E-04
  713.00      2.52520E-04
  715.00      2.51240E-04
  717.00      2.49840E-04
  719.00      2.48690E-04
  721.00      2.47470E-04
  723.00      2.46210E-04
  725.00      2.44990E-04
  727.00      2.43780E-04
  729.00      2.41020E-04
  731.00      2.41340E-04
  733.00      2.40170E-04
  735.00      2.38980E-04
  737.00      2.37810E-04
  739.00      2.36640E-04
  741.00      2.35480E-04
  743.00      2.34330E-04
  745.00      2.33210E-04
  747.00      2.32070E-04
  749.00      2.30950E-04
  751.00      2.29780E-04
  753.00      2.28720E-04
  755.00      2.27620E-04
  757.00      2.26520E-04
  759.00      2.25280E-04
  761.00      2.24360E-04
  763.00      2.23290E-04
  765.00      2.22220E-04
  767.00      2.21170E-04
  769.00      2.20120E-04
  771.00      2.19080E-04
  773.00      2.18050E-04
  775.00      2.17020E-04
  777.00      2.16000E-04
  779.00      2.14990E-04
  781.00      2.13910E-04
  783.00      2.12990E-04
  785.00      2.12140E-04
  787.00      2.11150E-04
  789.00      2.10140E-04
  791.00      2.09210E-04
  793.00      2.08240E-04
  795.00      2.07280E-04
  797.00      2.06240E-04
  799.00      2.05390E-04
  801.00      2.04450E-04
  803.00      2.03480E-04
  805.00      2.02510E-04
  807.00      2.01600E-04
  809.00      2.00480E-04
  811.00      1.99640E-04
  813.00      1.98870E-04
  815.00      1.97790E-04
  817.00      1.97090E-04
  819.00      1.96000E-04
  821.00      1.94570E-04
  823.00      1.93830E-04
  825.00      1.93190E-04
  827.00      1.91810E-04
  829.00      1.91470E-04
  831.00      1.90680E-04
  833.00      1.89770E-04
  835.00      1.88350E-04
  837.00      1.87950E-04
  839.00      1.87300E-04
  841.00      1.86500E-04
  843.00      1.85590E-04
  845.00      1.83950E-04
  847.00      1.83990E-04
  849.00      1.82910E-04
  851.00      1.82260E-04
  853.00      1.81250E-04
  855.00      1.80000E-04
  857.00      1.80620E-04
  859.00      1.76920E-04
  861.00      1.77280E-04
  863.00      1.79050E-04
  865.00      1.76070E-04
  867.00      1.71500E-04
  869.00      1.76760E-04
  871.00      1.77400E-04
  873.00      1.73900E-04
  875.00      1.64970E-04
  877.00      1.70910E-04
  879.00      1.74960E-04
  881.00      1.74810E-04
  883.00      1.73390E-04
  885.00      1.65670E-04
  887.00      1.58350E-04
  889.00      1.69700E-04
  891.00      1.71360E-04
  893.00      1.71000E-04
  895.00      1.70610E-04
  897.00      1.69520E-04
  899.00      1.65870E-04
  901.00      1.52950E-04
  903.00      1.58150E-04
  905.00      1.65590E-04
  907.00      1.65010E-04
  909.00      1.65610E-04
  911.00      1.65530E-04
  913.00      1.64940E-04
  915.00      1.64240E-04
  917.00      1.62870E-04
  919.00      1.61750E-04
  921.00      1.56080E-04
  923.00      1.42750E-04
  925.00      1.54840E-04
  927.00      1.58960E-04
  929.00      1.59180E-04
  931.00      1.58380E-04
  933.00      1.58380E-04
  935.00      1.57340E-04
  937.00      1.57120E-04
  939.00      1.56500E-04
  941.00      1.55870E-04
  943.00      1.55250E-04
  945.00      1.54640E-04
  947.00      1.53210E-04
  949.00      1.52940E-04
  951.00      1.50520E-04
  953.00      1.45110E-04
  955.00      1.33370E-04
  957.00      1.46530E-04
  959.00      1.49350E-04
  961.00      1.49190E-04
  963.00      1.48610E-04
  965.00      1.48680E-04
  967.00      1.48100E-04
  969.00      1.47430E-04
  971.00      1.46650E-04
  973.00      1.46390E-04
  975.00      1.45830E-04
  977.00      1.45270E-04
  979.00      1.44710E-04
  981.00      1.44160E-04
  983.00      1.43600E-04
  985.00      1.43060E-04
  987.00      1.42510E-04
  989.00      1.41970E-04
  991.00      1.41420E-04
  993.00      1.40900E-04
  995.00      1.40360E-04
  997.00      1.39830E-04
  999.00      1.38920E-04
  1002.5      1.33210E-04
  1007.5      1.30540E-04
  1012.5      1.34990E-04
  1017.5      1.34580E-04
  1022.5      1.33300E-04
  1027.5      1.32120E-04
  1032.5      1.30490E-04
  1037.5      1.29730E-04
  1042.5      1.28550E-04
  1047.5      1.27400E-04
  1052.5      1.26260E-04
  1057.5      1.25130E-04
  1062.5      1.24020E-04
  1067.5      1.22760E-04
  1072.5      1.21850E-04
  1077.5      1.20780E-04
  1082.5      1.18790E-04
  1087.5      1.18320E-04
  1092.5      1.09740E-04
  1097.5      1.14260E-04
  1102.5      1.15040E-04
  1107.5      1.14580E-04
  1112.5      1.13690E-04
  1117.5      1.12730E-04
  1122.5      1.11740E-04
  1127.5      1.10840E-04
  1132.5      1.09910E-04
  1137.5      1.09000E-04
  1142.5      1.08090E-04
  1147.5      1.07200E-04
  1152.5      1.06320E-04
  1157.5      1.05450E-04
  1162.5      1.04520E-04
  1167.5      1.03740E-04
  1172.5      1.02900E-04
  1177.5      1.02070E-04
  1182.5      1.01250E-04
  1187.5      1.00450E-04
  1192.5      9.96450E-05
  1197.5      9.80150E-05
  1202.5      9.80740E-05
  1207.5      9.73030E-05
  1212.5      9.65410E-05
  1217.5      9.57870E-05
  1222.5      9.50420E-05
  1227.5      9.43060E-05
  1232.5      9.35790E-05
  1237.5      9.28590E-05
  1242.5      9.21480E-05
  1247.5      9.14450E-05
  1252.5      9.06080E-05
  1257.5      9.00640E-05
  1262.5      8.93840E-05
  1267.5      8.87120E-05
  1272.5      8.79950E-05
  1277.5      8.60190E-05
  1282.5      8.09200E-05
  1287.5      8.55350E-05
  1292.5      8.54630E-05
  1297.5      8.43590E-05
  1302.5      8.42150E-05
  1307.5      8.36010E-05
  1312.5      8.29940E-05
  1317.5      8.23930E-05
  1322.5      8.17980E-05
  1327.5      8.12100E-05
  1332.5      8.06280E-05
  1337.5      8.00520E-05
  1342.5      7.94330E-05
  1347.5      7.89190E-05
  1352.5      7.83610E-05
  1357.5      7.78100E-05
  1362.5      7.72630E-05
  1367.5      7.67230E-05
  1372.5      7.61880E-05
  1377.5      7.56600E-05
  1382.5      7.51360E-05
  1387.5      7.46180E-05
  1392.5      7.41050E-05
  1397.5      7.35980E-05
  1402.5      7.30950E-05
  1407.5      7.25980E-05
  1412.5      7.21060E-05
  1417.5      7.16180E-05
  1422.5      7.11360E-05
  1427.5      7.06580E-05
  1432.5      7.01860E-05
  1437.5      6.97180E-05
  1442.5      6.92540E-05
  1447.5      6.87960E-05
  1452.5      6.83410E-05
  1457.0      6.79370E-05
  1462.0      6.74940E-05
  1467.5      6.70130E-05
  1472.5      6.65800E-05
  1477.5      6.61300E-05
  1482.5      6.57260E-05
  1487.5      6.53050E-05
  1492.5      6.48880E-05
  1497.5      6.44750E-05
  1502.5      6.40660E-05
  1507.5      6.35630E-05
  1512.5      6.32570E-05
  1517.5      6.28560E-05
  1522.5      6.24610E-05
  1527.5      6.20640E-05
  1532.5      6.16680E-05
  1537.5      6.12880E-05
  1542.5      6.08730E-05
  1547.5      6.05210E-05
  1552.5      6.01280E-05
  1557.5      5.96880E-05
  1562.5      5.94520E-05
  1567.5      5.89430E-05
  1572.5      5.85080E-05
  1577.5      5.84030E-05
  1582.5      5.80070E-05
  1587.5      5.71500E-05
  1592.5      5.71740E-05
  1597.5      5.70740E-05
  1605.0      5.63680E-05
  1615.0      5.53320E-05
  1625.0      5.53240E-05
  1635.0      5.42800E-05
  1645.0      5.31250E-05
  1655.0      5.34970E-05
  1665.0      5.29090E-05
  1675.0      5.16990E-05
  1685.0      5.04710E-05
  1695.0      5.10740E-05
  1705.0      5.02940E-05
  1715.0      4.99610E-05
  1725.0      4.93250E-05
  1735.0      4.71860E-05
  1745.0      4.80590E-05
  1755.0      4.77760E-05
  1765.0      4.72520E-05
  1775.0      4.67370E-05
  1785.0      4.62290E-05
  1795.0      4.57300E-05
  1805.0      4.51930E-05
  1815.0      4.32230E-05
  1825.0      4.38840E-05
  1835.0      4.38120E-05
  1845.0      4.33520E-05
  1855.0      4.28890E-05
  1865.0      4.21220E-05
  1875.0      4.05050E-05
  1885.0      4.15260E-05
  1895.0      4.11530E-05
  1905.0      4.06010E-05
  1915.0      4.03160E-05
  1925.0      3.99130E-05
  1935.0      3.93930E-05
  1945.0      3.75210E-05
  1955.0      3.85720E-05
  1965.0      3.83440E-05
  1975.0      3.79670E-05
  1985.0      3.75950E-05
  1995.0      3.72280E-05
  2005.0      3.68670E-05
  2015.0      3.65110E-05
  2025.0      3.61600E-05
  2035.0      3.58140E-05
  2045.0      3.54640E-05
  2055.0      3.50920E-05
  2065.0      3.48050E-05
  2075.0      3.44780E-05
  2085.0      3.41560E-05
  2095.0      3.38380E-05
  2105.0      3.35250E-05
  2115.0      3.31240E-05
  2125.0      3.29110E-05
  2135.0      3.26100E-05
  2145.0      3.23070E-05
  2155.0      3.19380E-05
  2165.0      3.04290E-05
  2175.0      3.12860E-05
  2185.0      3.11510E-05
  2195.0      3.08900E-05
  2205.0      3.06170E-05
  2215.0      3.03470E-05
  2225.0      3.00780E-05
  2235.0      2.98180E-05
  2245.0      2.95580E-05
  2255.0      2.93020E-05
  2265.0      2.90490E-05
  2275.0      2.88000E-05
  2285.0      2.85540E-05
  2295.0      2.83120E-05
  2305.0      2.80680E-05
  2315.0      2.78360E-05
  2325.0      2.76020E-05
  2335.0      2.73720E-05
  2345.0      2.71440E-05
  2355.0      2.69190E-05
  2365.0      2.66970E-05
  2375.0      2.64780E-05
  2385.0      2.62610E-05
  2395.0      2.60470E-05
  2405.0      2.58350E-05
  2415.0      2.56260E-05
  2425.0      2.54190E-05
  2435.0      2.52140E-05
  2445.0      2.50110E-05
  2455.0      2.48140E-05
  2465.0      2.46130E-05
  2475.0      2.43880E-05
  2485.0      2.42300E-05
  2495.0      2.40230E-05
  2505.0      2.38520E-05
  2515.0      2.36660E-05
  2525.0      2.34500E-05
  2535.0      2.32970E-05
  2545.0      2.31740E-05
  2555.0      2.29350E-05
  2565.0      2.27030E-05
  2575.0      2.26000E-05
  2585.0      2.24740E-05
  2595.0      2.22860E-05
  2605.0      2.20370E-05
  2615.0      2.17030E-05
  2625.0      2.09250E-05
  2635.0      2.15060E-05
  2645.0      2.14690E-05
  2655.0      2.13070E-05
  2665.0      2.10860E-05
  2675.0      2.07450E-05
  2685.0      2.07710E-05
  2695.0      2.07050E-05
  2705.0      2.05550E-05
  2715.0      2.04060E-05
  2725.0      2.02590E-05
  2735.0      2.01140E-05
  2745.0      1.99270E-05
  2755.0      1.94990E-05
  2765.0      1.95110E-05
  2775.0      1.95340E-05
  2785.0      1.94090E-05
  2795.0      1.92720E-05
  2805.0      1.91370E-05
  2815.0      1.90040E-05
  2825.0      1.88710E-05
  2835.0      1.87410E-05
  2845.0      1.86110E-05
  2855.0      1.84670E-05
  2865.0      1.82070E-05
  2875.0      1.78010E-05
  2885.0      1.80440E-05
  2895.0      1.79830E-05
  2905.0      1.78610E-05
  2915.0      1.77410E-05
  2925.0      1.76210E-05
  2935.0      1.75030E-05
  2945.0      1.73860E-05
  2955.0      1.72700E-05
  2965.0      1.71560E-05
  2975.0      1.70420E-05
  2985.0      1.69300E-05
  2995.0      1.68180E-05
  3005.0      1.67080E-05
  3015.0      1.65990E-05
  3025.0      1.64550E-05
  3035.0      1.60120E-05
  3045.0      1.60300E-05
  3055.0      1.61510E-05
  3065.0      1.60690E-05
  3075.0      1.59660E-05
  3085.0      1.58640E-05
  3095.0      1.57630E-05
  3105.0      1.56630E-05
  3115.0      1.55640E-05
  3125.0      1.54660E-05
  3135.0      1.53690E-05
  3145.0      1.52720E-05
  3155.0      1.51770E-05
  3165.0      1.50820E-05
  3175.0      1.49890E-05
  3185.0      1.48960E-05
  3195.0      1.48040E-05
  3210.0      1.46680E-05
  3230.0      1.44890E-05
  3250.0      1.43130E-05
  3270.0      1.41380E-05
  3290.0      1.36910E-05
  3310.0      1.37240E-05
  3330.0      1.36430E-05
  3350.0      1.34980E-05
  3370.0      1.33400E-05
  3390.0      1.31850E-05
  3410.0      1.30320E-05
  3430.0      1.28820E-05
  3450.0      1.27350E-05
  3470.0      1.25900E-05
  3490.0      1.24480E-05
  3510.0      1.23080E-05
  3530.0      1.21700E-05
  3550.0      1.20350E-05
  3570.0      1.19020E-05
  3590.0      1.17710E-05
  3610.0      1.16430E-05
  3630.0      1.15160E-05
  3650.0      1.13910E-05
  3670.0      1.12690E-05
  3690.0      1.11480E-05
  3710.0      1.10140E-05
  3730.0      1.07820E-05
  3750.0      1.06290E-05
  3770.0      1.06780E-05
  3790.0      1.05730E-05
  3810.0      1.04540E-05
  3830.0      1.03490E-05
  3850.0      1.02490E-05
  3870.0      1.01450E-05
  3890.0      1.00380E-05
  3910.0      9.91360E-06
  3930.0      9.84000E-06
  3950.0      9.74160E-06
  3970.0      9.64460E-06
  3990.0      9.54890E-06
  4010.0      9.43070E-06
  4030.0      9.31380E-06
  4050.0      9.09190E-06
  4070.0      9.17330E-06
  4090.0      9.09170E-06
  4110.0      9.00420E-06
  4130.0      8.91320E-06
  4150.0      8.82660E-06
  4170.0      8.68420E-06
  4190.0      8.65750E-06
  4210.0      8.58500E-06
  4230.0      8.50470E-06
  4250.0      8.42320E-06
  4270.0      8.34750E-06
  4290.0      8.26280E-06
  4310.0      8.19450E-06
  4330.0      8.11950E-06
  4350.0      8.04400E-06
  4370.0      7.89570E-06
  4390.0      7.86940E-06
  4410.0      7.82980E-06
  4430.0      7.75990E-06
  4450.0      7.69080E-06
  4470.0      7.62720E-06
  4490.0      7.55990E-06
  4510.0      7.49350E-06
  4530.0      7.42790E-06
  4550.0      7.36320E-06
  4570.0      7.29940E-06
  4590.0      7.23630E-06
  4610.0      7.17260E-06
  4630.0      7.10310E-06
  4650.0      6.88490E-06
  4670.0      6.87630E-06
  4690.0      6.90370E-06
  4710.0      6.87460E-06
  4730.0      6.81710E-06
  4750.0      6.76020E-06
  4770.0      6.70400E-06
  4790.0      6.64850E-06
  4810.0      6.59370E-06
  4830.0      6.53950E-06
  4850.0      6.48600E-06
  4870.0      6.43320E-06
  4890.0      6.38100E-06
  4910.0      6.32950E-06
  4930.0      6.27850E-06
  4950.0      6.22820E-06
  4970.0      6.17850E-06
  4990.0      6.12930E-06
  5010.0      6.08080E-06
  5030.0      6.03280E-06
  5050.0      5.98540E-06
  5070.0      5.93850E-06
  5090.0      5.89210E-06
  5110.0      5.82810E-06
  5130.0      5.69710E-06
  5150.0      5.74390E-06
  5170.0      5.71220E-06
  5190.0      5.66860E-06
  5210.0      5.62540E-06
  5230.0      5.58270E-06
  5250.0      5.54050E-06
  5270.0      5.49870E-06
  5290.0      5.45750E-06
  5310.0      5.41670E-06
  5330.0      5.37630E-06
  5350.0      5.33640E-06
  5370.0      5.29690E-06
  5390.0      5.25780E-06
  5410.0      5.21930E-06
  5430.0      5.18110E-06
  5450.0      5.14340E-06
  5470.0      5.10600E-06
  5490.0      5.06900E-06
  5510.0      5.03240E-06
  5530.0      4.99620E-06
  5550.0      4.96060E-06
  5570.0      4.92520E-06
  5590.0      4.89020E-06
  5610.0      4.85560E-06
  5630.0      4.82130E-06
  5650.0      4.78740E-06
  5670.0      4.75380E-06
  5690.0      4.72050E-06
  5710.0      4.67990E-06
  5730.0      4.65510E-06
  5750.0      4.62300E-06
  5770.0      4.59120E-06
  5790.0      4.55970E-06
  5810.0      4.52850E-06
  5830.0      4.49760E-06
  5850.0      4.46850E-06
  5870.0      4.43810E-06
  5890.0      4.39110E-06
  5910.0      4.28750E-06
  5930.0      4.33460E-06
  5950.0      4.30230E-06
  5970.0      4.28230E-06
  5990.0      4.26280E-06
  6010.0      4.23460E-06
  6030.0      4.20670E-06
  6050.0      4.17910E-06
  6070.0      4.15170E-06
  6090.0      4.12460E-06
  6110.0      4.09770E-06
  6130.0      4.07110E-06
  6150.0      4.04480E-06
  6170.0      4.01870E-06
  6190.0      3.99280E-06
  6210.0      3.96720E-06
  6230.0      3.94190E-06
  6250.0      3.91670E-06
  6270.0      3.88700E-06
  6290.0      3.84010E-06
  6310.0      3.83490E-06
  6330.0      3.81860E-06
  6350.0      3.79470E-06
  6370.0      3.77100E-06
  6390.0      3.74750E-06
  6420.0      3.71270E-06
  6460.0      3.66700E-06
  6500.0      3.62210E-06
  6540.0      3.57810E-06
  6580.0      3.53480E-06
  6620.0      3.49230E-06
  6660.0      3.45060E-06
  6700.0      3.40960E-06
  6740.0      3.36560E-06
  6780.0      3.30680E-06
  6820.0      3.29090E-06
  6860.0      3.25280E-06
  6900.0      3.21520E-06
  6940.0      3.17840E-06
  6980.0      3.14210E-06
  7020.0      3.10650E-06
  7060.0      3.07140E-06
  7100.0      3.03700E-06
  7140.0      3.00310E-06
  7180.0      2.96980E-06
  7220.0      2.93710E-06
  7260.0      2.90480E-06
  7300.0      2.87320E-06
  7340.0      2.84200E-06
  7380.0      2.81130E-06
  7420.0      2.77770E-06
  7460.0      2.71030E-06
  7500.0      2.67120E-06
  7540.0      2.68740E-06
  7580.0      2.66510E-06
  7620.0      2.63730E-06
  7660.0      2.60990E-06
  7700.0      2.58290E-06
  7740.0      2.55630E-06
  7780.0      2.53010E-06
  7820.0      2.50430E-06
  7860.0      2.47890E-06
  7900.0      2.45390E-06
  7940.0      2.42930E-06
  7980.0      2.40500E-06
  8020.0      2.38110E-06
  8060.0      2.35760E-06
  8100.0      2.33440E-06
  8140.0      2.30950E-06
  8180.0      2.28890E-06
  8220.0      2.26680E-06
  8260.0      2.24490E-06
  8300.0      2.22330E-06
  8340.0      2.20210E-06
  8380.0      2.18110E-06
  8420.0      2.16050E-06
  8460.0      2.14010E-06
  8500.0      2.12000E-06
  8540.0      2.10020E-06
  8580.0      2.08070E-06
  8620.0      2.06140E-06
  8660.0      2.03700E-06
  8700.0      2.02330E-06
  8740.0      1.99180E-06
  8780.0      1.97370E-06
  8820.0      1.96900E-06
  8860.0      1.95130E-06
  8900.0      1.93380E-06
  8940.0      1.91650E-06
  8980.0      1.89950E-06
  9020.0      1.88270E-06
  9060.0      1.86610E-06
  9100.0      1.84970E-06
  9140.0      1.83360E-06
  9180.0      1.81760E-06
  9220.0      1.80190E-06
  9260.0      1.78630E-06
  9300.0      1.77100E-06
  9340.0      1.75580E-06
  9380.0      1.73290E-06
  9420.0      1.72370E-06
  9460.0      1.71160E-06
  9500.0      1.69720E-06
  9540.0      1.68300E-06
  9580.0      1.66900E-06
  9620.0      1.65510E-06
  9660.0      1.64140E-06
  9700.0      1.62790E-06
  9740.0      1.61460E-06
  9780.0      1.60140E-06
  9820.0      1.58830E-06
  9860.0      1.57540E-06
  9900.0      1.56270E-06
  9940.0      1.55020E-06
  9980.0      1.53780E-06
  10020.      1.52550E-06
  20000.      3.80680E-07
  40000.      9.39330E-08
  60000.      4.13610E-08
  80000.      2.31000E-08
 1.00000E+05  1.46990E-08
 1.20000E+05  1.01590E-08
 1.40000E+05  7.43350E-09
 1.60000E+05  5.67110E-09
