 Castelli and Kurucz 2004-2012 Atmosphere
 T     44000.     G    4.50000 [-2.5a] N(He)/Ntot=0.0784 VTURB=2  L/H=1.25 NOVE
 Wavelength  Eddington Hnu
   (nm)    (ergs/s/cm2/Hz/sr)
  9.0900      6.54730E-21
  9.3500      2.07250E-20
  9.6100      6.20060E-20
  9.7700      1.18670E-19
  9.9600      2.50330E-19
  10.200      6.20470E-19
  10.380      1.19710E-18
  10.560      2.26390E-18
  10.770      4.64750E-18
  11.040      1.13100E-17
  11.400      3.49220E-17
  11.780      1.07460E-16
  12.130      2.86010E-16
  12.480      7.24280E-16
  12.710      1.30000E-15
  12.840      1.79400E-15
  13.050      2.98040E-15
  13.240      4.65870E-15
  13.390      6.57420E-15
  13.660      1.20070E-14
  13.980      2.38360E-14
  14.330      4.88240E-14
  14.720      1.04410E-13
  15.100      2.11560E-13
  15.520      4.43700E-13
  15.880      8.12670E-13
  16.200      1.36260E-12
  16.600      2.52910E-12
  17.030      4.75930E-12
  17.340      7.36600E-12
  17.680      1.16970E-11
  18.020      1.82490E-11
  18.170      2.20540E-11
  18.610      3.80190E-11
  19.100      6.75330E-11
  19.390      9.36390E-11
  19.840      1.52500E-10
  20.180      2.17300E-10
  20.500      2.99940E-10
  21.050      5.09930E-10
  21.620      8.58510E-10
  21.980      1.17650E-09
  22.300      1.54270E-09
  22.680      2.10570E-09
  23.000      6.69240E-08
  23.400      2.80870E-07
  24.000      2.51500E-06
  24.650      2.97350E-05
  25.240      7.21950E-05
  25.680      4.40820E-05
  26.000      1.33710E-04
  26.400      1.85730E-04
  26.850      2.26210E-04
  27.350      2.73790E-04
  27.850      2.90320E-04
  28.400      3.37110E-04
  29.000      3.76450E-04
  29.600      3.20240E-04
  30.100      9.89080E-05
  30.800      1.99680E-04
  31.800      3.83730E-04
  32.800      4.45160E-04
  33.800      4.58030E-04
  34.800      4.90610E-04
  35.700      5.78560E-04
  36.600      6.42340E-04
  37.500      6.75420E-04
  38.500      6.56800E-04
  39.500      7.50940E-04
  40.500      8.11600E-04
  41.400      8.43380E-04
  42.200      8.47090E-04
  43.000      8.72310E-04
  44.100      9.34770E-04
  45.100      9.66480E-04
  46.000      9.70600E-04
  47.000      9.96260E-04
  48.000      1.04340E-03
  49.000      1.03770E-03
  50.000      1.10890E-03
  50.600      1.13500E-03
  51.200      1.33450E-03
  52.000      1.34820E-03
  53.000      1.39100E-03
  54.000      1.36670E-03
  55.000      1.36700E-03
  56.000      1.47860E-03
  57.000      1.52970E-03
  58.000      1.53720E-03
  59.000      1.58820E-03
  60.000      1.58580E-03
  61.000      1.57130E-03
  62.000      1.64960E-03
  63.000      1.66200E-03
  64.000      1.71540E-03
  65.000      1.71940E-03
  65.800      1.69960E-03
  66.500      1.76430E-03
  67.500      1.80270E-03
  68.500      1.78290E-03
  69.500      1.85000E-03
  70.500      1.80920E-03
  71.600      1.89440E-03
  72.600      1.92410E-03
  73.500      1.94320E-03
  74.500      1.95020E-03
  75.500      1.96220E-03
  76.500      1.96170E-03
  77.500      2.00780E-03
  78.500      2.00420E-03
  79.500      2.02910E-03
  80.500      2.05670E-03
  81.500      2.07680E-03
  82.500      2.10240E-03
  83.500      2.05600E-03
  84.500      2.12570E-03
  85.500      2.12610E-03
  86.500      2.16130E-03
  87.500      2.17890E-03
  88.500      2.18870E-03
  89.500      2.19880E-03
  90.500      2.18930E-03
  91.500      1.78400E-03
  92.500      3.02500E-03
  93.500      3.81010E-03
  94.500      4.56540E-03
  95.500      4.90040E-03
  96.500      5.40130E-03
  97.500      4.56700E-03
  98.500      5.34140E-03
  99.500      5.09140E-03
  100.50      5.33550E-03
  101.50      5.29910E-03
  102.50      4.49840E-03
  103.50      5.23600E-03
  104.50      5.24370E-03
  105.50      5.21560E-03
  106.50      5.13570E-03
  107.50      5.12510E-03
  108.50      4.91590E-03
  109.50      5.08760E-03
  110.50      5.04450E-03
  111.50      5.00520E-03
  112.50      4.93060E-03
  113.50      4.95770E-03
  114.50      4.92640E-03
  115.50      4.86910E-03
  116.50      4.83930E-03
  117.50      4.66530E-03
  118.50      4.78990E-03
  119.50      4.74530E-03
  120.50      4.71530E-03
  121.50      4.02570E-03
  122.50      4.64680E-03
  123.50      4.59980E-03
  124.50      4.56350E-03
  125.50      4.57280E-03
  126.50      4.54180E-03
  127.50      4.51070E-03
  128.50      4.47960E-03
  129.50      4.44820E-03
  130.50      4.41540E-03
  131.50      4.38570E-03
  132.50      4.35160E-03
  133.50      4.32480E-03
  134.50      4.29650E-03
  135.50      4.26180E-03
  136.50      4.22530E-03
  137.50      4.17570E-03
  138.50      4.16780E-03
  139.50      4.10980E-03
  140.50      4.06790E-03
  141.50      4.08420E-03
  142.50      4.05400E-03
  143.50      4.02950E-03
  144.20      3.99910E-03
  144.70      3.98830E-03
  145.50      3.96430E-03
  146.50      3.93810E-03
  147.50      3.91580E-03
  148.50      3.89440E-03
  149.50      3.86550E-03
  150.50      3.84070E-03
  151.20      3.82320E-03
  151.70      3.80710E-03
  152.50      3.78740E-03
  153.50      3.75590E-03
  154.50      3.66560E-03
  155.50      3.64830E-03
  156.50      3.67670E-03
  157.50      3.65510E-03
  158.50      3.62750E-03
  159.50      3.60400E-03
  160.50      3.57470E-03
  161.50      3.55080E-03
  162.50      3.51980E-03
  163.50      3.43660E-03
  164.50      3.29030E-03
  165.50      3.45730E-03
  166.50      3.43480E-03
  167.20      3.41320E-03
  167.70      3.40830E-03
  168.50      3.38970E-03
  169.50      3.36710E-03
  170.50      3.34330E-03
  171.50      3.29640E-03
  172.50      3.29090E-03
  173.50      3.27730E-03
  174.50      3.25440E-03
  175.50      3.23190E-03
  176.50      3.21110E-03
  177.50      3.19000E-03
  178.50      3.16890E-03
  179.50      3.14720E-03
  180.50      3.12650E-03
  181.50      3.10580E-03
  182.50      3.08510E-03
  183.50      3.06490E-03
  184.50      3.04450E-03
  185.50      3.02420E-03
  186.50      3.00420E-03
  187.50      2.98440E-03
  188.50      2.96480E-03
  189.50      2.94590E-03
  190.50      2.92670E-03
  191.50      2.90750E-03
  192.50      2.88720E-03
  193.50      2.87000E-03
  194.50      2.85140E-03
  195.50      2.83300E-03
  196.70      2.81110E-03
  197.60      2.79470E-03
  198.40      2.78050E-03
  199.50      2.76090E-03
  200.50      2.74330E-03
  201.50      2.72590E-03
  202.50      2.70850E-03
  203.50      2.69130E-03
  204.50      2.67390E-03
  205.50      2.09200E-03
  206.50      2.03380E-03
  207.40      2.08460E-03
  207.80      2.13670E-03
  208.50      2.28680E-03
  209.50      2.52410E-03
  210.50      2.57640E-03
  211.50      2.56880E-03
  212.50      2.55420E-03
  213.50      2.53390E-03
  214.50      2.52340E-03
  215.50      2.54760E-03
  216.50      2.47630E-03
  217.50      2.53300E-03
  218.50      2.44620E-03
  219.50      2.50100E-03
  220.50      2.48880E-03
  221.50      2.40020E-03
  222.50      2.45760E-03
  223.50      2.44350E-03
  224.50      2.42690E-03
  225.50      2.34510E-03
  226.50      2.39910E-03
  227.50      2.38460E-03
  228.50      2.36980E-03
  229.50      2.34660E-03
  230.50      2.27770E-03
  231.50      2.32600E-03
  232.50      2.31370E-03
  233.50      2.29990E-03
  234.50      2.28620E-03
  235.50      2.27260E-03
  236.50      2.25910E-03
  237.50      2.24560E-03
  238.50      2.17290E-03
  239.50      2.21780E-03
  240.50      2.20620E-03
  241.50      2.19320E-03
  242.50      2.18070E-03
  243.50      2.16790E-03
  244.50      2.15540E-03
  245.50      2.14240E-03
  246.50      2.13050E-03
  247.50      2.11820E-03
  248.50      2.10600E-03
  249.50      2.06510E-03
  250.50      2.07570E-03
  251.30      1.95370E-03
  251.80      2.06300E-03
  252.50      2.05760E-03
  253.50      2.04660E-03
  254.50      2.03500E-03
  255.50      2.02350E-03
  256.50      2.01210E-03
  257.50      2.00080E-03
  258.50      1.98960E-03
  259.50      1.97780E-03
  260.50      1.96770E-03
  261.50      1.95650E-03
  262.50      1.94590E-03
  263.50      1.93510E-03
  264.50      1.92440E-03
  265.50      1.91380E-03
  266.50      1.90310E-03
  267.50      1.89220E-03
  268.50      1.88240E-03
  269.50      1.87170E-03
  270.50      1.86200E-03
  271.50      1.85190E-03
  272.50      1.84110E-03
  273.50      1.78510E-03
  274.50      1.82200E-03
  275.50      1.81220E-03
  276.50      1.80170E-03
  277.50      1.79280E-03
  278.50      1.78320E-03
  279.50      1.77350E-03
  280.50      1.76420E-03
  281.50      1.75490E-03
  282.50      1.74480E-03
  283.50      1.73610E-03
  284.50      1.72730E-03
  285.50      1.71820E-03
  286.50      1.70920E-03
  287.50      1.70030E-03
  288.50      1.69140E-03
  289.50      1.68260E-03
  291.00      1.66950E-03
  293.00      1.65230E-03
  295.00      1.63470E-03
  297.00      1.61860E-03
  299.00      1.60190E-03
  301.00      1.58590E-03
  303.00      1.56970E-03
  305.00      1.55400E-03
  307.00      1.53860E-03
  309.00      1.52350E-03
  311.00      1.50850E-03
  313.00      1.49360E-03
  315.00      1.47910E-03
  317.00      1.46460E-03
  319.00      1.44890E-03
  321.00      1.41660E-03
  323.00      1.42270E-03
  325.00      1.40910E-03
  327.00      1.39500E-03
  329.00      1.38230E-03
  331.00      1.36930E-03
  333.00      1.35650E-03
  335.00      1.34350E-03
  337.00      1.33130E-03
  339.00      1.31890E-03
  341.00      1.30670E-03
  343.00      1.29500E-03
  345.00      1.28280E-03
  347.00      1.27150E-03
  349.00      1.25990E-03
  351.00      1.24840E-03
  353.00      1.23700E-03
  355.00      1.22580E-03
  357.00      1.21530E-03
  359.00      1.20380E-03
  361.00      1.19350E-03
  363.00      1.18250E-03
  364.00      1.15640E-03
  365.00      1.06610E-03
  367.00      1.05820E-03
  369.00      1.05280E-03
  371.00      1.05430E-03
  373.00      1.06050E-03
  375.00      1.07620E-03
  377.00      1.08690E-03
  379.00      1.09960E-03
  381.00      1.11080E-03
  383.00      1.06860E-03
  385.00      1.10520E-03
  387.00      1.10800E-03
  389.00      1.03460E-03
  391.00      1.09290E-03
  393.00      1.07710E-03
  395.00      1.07630E-03
  397.00      9.99210E-04
  399.00      1.05760E-03
  401.00      1.05280E-03
  403.00      1.02680E-03
  405.00      1.03670E-03
  407.00      1.02780E-03
  409.00      1.00190E-03
  411.00      9.54990E-04
  413.00      1.00170E-03
  415.00      9.94300E-04
  417.00      9.87010E-04
  419.00      9.75490E-04
  421.00      9.59030E-04
  423.00      9.63570E-04
  425.00      9.55920E-04
  427.00      9.48350E-04
  429.00      9.40870E-04
  431.00      9.33080E-04
  433.00      9.04190E-04
  435.00      8.74830E-04
  437.00      9.10930E-04
  439.00      9.03250E-04
  441.00      8.97770E-04
  443.00      8.90780E-04
  445.00      8.84070E-04
  447.00      8.72430E-04
  449.00      8.70660E-04
  451.00      8.64070E-04
  453.00      8.56570E-04
  455.00      8.38550E-04
  457.00      8.44740E-04
  459.00      8.38440E-04
  461.00      8.32210E-04
  463.00      8.26000E-04
  465.00      8.19760E-04
  467.00      8.13250E-04
  469.00      7.83780E-04
  471.00      8.01080E-04
  473.00      7.96230E-04
  475.00      7.90460E-04
  477.00      7.84760E-04
  479.00      7.79110E-04
  481.00      7.73520E-04
  483.00      7.67670E-04
  485.00      7.49320E-04
  487.00      7.17100E-04
  489.00      7.50760E-04
  491.00      7.46460E-04
  493.00      7.39140E-04
  495.00      7.36040E-04
  497.00      7.30900E-04
  499.00      7.25820E-04
  501.00      7.19750E-04
  503.00      7.15820E-04
  505.00      7.10690E-04
  507.00      7.06020E-04
  509.00      7.01200E-04
  511.00      6.96420E-04
  513.00      6.91690E-04
  515.00      6.87010E-04
  517.00      6.82380E-04
  519.00      6.77790E-04
  521.00      6.73250E-04
  523.00      6.68750E-04
  525.00      6.64290E-04
  527.00      6.59880E-04
  529.00      6.55520E-04
  531.00      6.51200E-04
  533.00      6.46920E-04
  535.00      6.42680E-04
  537.00      6.38480E-04
  539.00      6.34320E-04
  541.00      6.20270E-04
  543.00      6.26110E-04
  545.00      6.22090E-04
  547.00      6.18100E-04
  549.00      6.14140E-04
  551.00      6.10210E-04
  553.00      6.06330E-04
  555.00      6.02480E-04
  557.00      5.98660E-04
  559.00      5.94850E-04
  561.00      5.91140E-04
  563.00      5.87440E-04
  565.00      5.83770E-04
  567.00      5.80130E-04
  569.00      5.70380E-04
  571.00      5.39590E-04
  573.00      5.36490E-04
  575.00      5.33430E-04
  577.00      5.30470E-04
  579.00      5.27780E-04
  581.00      5.25500E-04
  583.00      5.23850E-04
  585.00      5.22720E-04
  587.00      5.19450E-04
  589.00      5.21200E-04
  591.00      5.20920E-04
  593.00      5.21020E-04
  595.00      5.21540E-04
  597.00      5.22030E-04
  599.00      5.22950E-04
  601.00      5.21420E-04
  603.00      5.19300E-04
  605.00      5.17830E-04
  607.00      5.14190E-04
  609.00      5.11920E-04
  611.00      5.08400E-04
  613.00      5.05460E-04
  615.00      5.03230E-04
  617.00      4.98640E-04
  619.00      4.97390E-04
  621.00      4.94560E-04
  623.00      4.89810E-04
  625.00      4.88550E-04
  627.00      4.86120E-04
  629.00      4.83350E-04
  631.00      4.77950E-04
  633.00      4.77700E-04
  635.00      4.75190E-04
  637.00      4.72520E-04
  639.00      4.69760E-04
  641.00      4.63820E-04
  643.00      4.64620E-04
  645.00      4.62040E-04
  647.00      4.59470E-04
  649.00      4.56920E-04
  651.00      4.54220E-04
  653.00      4.47410E-04
  655.00      4.44830E-04
  657.00      4.22370E-04
  659.00      4.43890E-04
  661.00      4.42090E-04
  663.00      4.39690E-04
  665.00      4.37310E-04
  667.00      4.33710E-04
  669.00      4.27240E-04
  671.00      4.30270E-04
  673.00      4.27970E-04
  675.00      4.25680E-04
  677.00      4.23410E-04
  679.00      4.21160E-04
  681.00      4.18920E-04
  683.00      4.16700E-04
  685.00      4.14500E-04
  687.00      4.12310E-04
  689.00      4.05170E-04
  691.00      4.07840E-04
  693.00      4.05870E-04
  695.00      4.03760E-04
  697.00      4.01660E-04
  699.00      3.99580E-04
  701.00      3.97510E-04
  703.00      3.95460E-04
  705.00      3.93430E-04
  707.00      3.90300E-04
  709.00      3.89400E-04
  711.00      3.87420E-04
  713.00      3.85440E-04
  715.00      3.83480E-04
  717.00      3.78260E-04
  719.00      3.77810E-04
  721.00      3.77700E-04
  723.00      3.75800E-04
  725.00      3.73910E-04
  727.00      3.72040E-04
  729.00      3.69840E-04
  731.00      3.68340E-04
  733.00      3.66510E-04
  735.00      3.64700E-04
  737.00      3.62900E-04
  739.00      3.61110E-04
  741.00      3.59330E-04
  743.00      3.57570E-04
  745.00      3.55820E-04
  747.00      3.54080E-04
  749.00      3.52350E-04
  751.00      3.50640E-04
  753.00      3.48940E-04
  755.00      3.47250E-04
  757.00      3.45580E-04
  759.00      3.39320E-04
  761.00      3.42020E-04
  763.00      3.40620E-04
  765.00      3.39000E-04
  767.00      3.37380E-04
  769.00      3.35780E-04
  771.00      3.34180E-04
  773.00      3.32600E-04
  775.00      3.31030E-04
  777.00      3.29470E-04
  779.00      3.27920E-04
  781.00      3.26380E-04
  783.00      3.24860E-04
  785.00      3.23360E-04
  787.00      3.21850E-04
  789.00      3.20350E-04
  791.00      3.18870E-04
  793.00      3.17400E-04
  795.00      3.15930E-04
  797.00      3.14470E-04
  799.00      3.13030E-04
  801.00      3.11600E-04
  803.00      3.10170E-04
  805.00      3.08760E-04
  807.00      3.07350E-04
  809.00      3.05950E-04
  811.00      3.04570E-04
  813.00      3.03190E-04
  815.00      3.01820E-04
  817.00      3.00460E-04
  819.00      2.97980E-04
  821.00      2.87060E-04
  823.00      2.84330E-04
  825.00      2.84320E-04
  827.00      2.83390E-04
  829.00      2.82220E-04
  831.00      2.81030E-04
  833.00      2.79850E-04
  835.00      2.78660E-04
  837.00      2.77550E-04
  839.00      2.76460E-04
  841.00      2.75460E-04
  843.00      2.74460E-04
  845.00      2.73440E-04
  847.00      2.72550E-04
  849.00      2.71740E-04
  851.00      2.70850E-04
  853.00      2.70130E-04
  855.00      2.69080E-04
  857.00      2.68720E-04
  859.00      2.67450E-04
  861.00      2.66740E-04
  863.00      2.66730E-04
  865.00      2.65630E-04
  867.00      2.63490E-04
  869.00      2.64770E-04
  871.00      2.64530E-04
  873.00      2.63380E-04
  875.00      2.59030E-04
  877.00      2.61460E-04
  879.00      2.62270E-04
  881.00      2.61820E-04
  883.00      2.60990E-04
  885.00      2.57020E-04
  887.00      2.51820E-04
  889.00      2.57220E-04
  891.00      2.57280E-04
  893.00      2.56300E-04
  895.00      2.55880E-04
  897.00      2.54480E-04
  899.00      2.52120E-04
  901.00      2.43740E-04
  903.00      2.46330E-04
  905.00      2.49660E-04
  907.00      2.49250E-04
  909.00      2.48500E-04
  911.00      2.47060E-04
  913.00      2.46580E-04
  915.00      2.45570E-04
  917.00      2.44520E-04
  919.00      2.43120E-04
  921.00      2.39920E-04
  923.00      2.30110E-04
  925.00      2.37530E-04
  927.00      2.39110E-04
  929.00      2.38710E-04
  931.00      2.37700E-04
  933.00      2.36620E-04
  935.00      2.31520E-04
  937.00      2.33910E-04
  939.00      2.33970E-04
  941.00      2.33060E-04
  943.00      2.32140E-04
  945.00      2.31220E-04
  947.00      2.30230E-04
  949.00      2.29400E-04
  951.00      2.27740E-04
  953.00      2.24280E-04
  955.00      2.14960E-04
  957.00      2.23580E-04
  959.00      2.24590E-04
  961.00      2.24060E-04
  963.00      2.23130E-04
  965.00      2.22330E-04
  967.00      2.21470E-04
  969.00      2.20620E-04
  971.00      2.19730E-04
  973.00      2.18920E-04
  975.00      2.17830E-04
  977.00      2.15960E-04
  979.00      2.16410E-04
  981.00      2.15590E-04
  983.00      2.14770E-04
  985.00      2.13950E-04
  987.00      2.13140E-04
  989.00      2.12330E-04
  991.00      2.11530E-04
  993.00      2.10730E-04
  995.00      2.09930E-04
  997.00      2.09140E-04
  999.00      2.08360E-04
  1002.5      2.04210E-04
  1007.5      2.00960E-04
  1012.5      2.00370E-04
  1017.5      2.01300E-04
  1022.5      1.99450E-04
  1027.5      1.97630E-04
  1032.5      1.95740E-04
  1037.5      1.94070E-04
  1042.5      1.91440E-04
  1047.5      1.90590E-04
  1052.5      1.88890E-04
  1057.5      1.87220E-04
  1062.5      1.85560E-04
  1067.5      1.83910E-04
  1072.5      1.82310E-04
  1077.5      1.80720E-04
  1082.5      1.78790E-04
  1087.5      1.77530E-04
  1092.5      1.71000E-04
  1097.5      1.73420E-04
  1102.5      1.73020E-04
  1107.5      1.71590E-04
  1112.5      1.70130E-04
  1117.5      1.68780E-04
  1122.5      1.67360E-04
  1127.5      1.65960E-04
  1132.5      1.64580E-04
  1137.5      1.63210E-04
  1142.5      1.61860E-04
  1147.5      1.60530E-04
  1152.5      1.59210E-04
  1157.5      1.57910E-04
  1162.5      1.55270E-04
  1167.5      1.54390E-04
  1172.5      1.54100E-04
  1177.5      1.52860E-04
  1182.5      1.51640E-04
  1187.5      1.50430E-04
  1192.5      1.49240E-04
  1197.5      1.47900E-04
  1202.5      1.46890E-04
  1207.5      1.45730E-04
  1212.5      1.44590E-04
  1217.5      1.43470E-04
  1222.5      1.42350E-04
  1227.5      1.41250E-04
  1232.5      1.40160E-04
  1237.5      1.39090E-04
  1242.5      1.38020E-04
  1247.5      1.36970E-04
  1252.5      1.35910E-04
  1257.5      1.34910E-04
  1262.5      1.33890E-04
  1267.5      1.32880E-04
  1272.5      1.31890E-04
  1277.5      1.30400E-04
  1282.5      1.25840E-04
  1287.5      1.28820E-04
  1292.5      1.28030E-04
  1297.5      1.27040E-04
  1302.5      1.26160E-04
  1307.5      1.25240E-04
  1312.5      1.24330E-04
  1317.5      1.23430E-04
  1322.5      1.22540E-04
  1327.5      1.21660E-04
  1332.5      1.20790E-04
  1337.5      1.19930E-04
  1342.5      1.19070E-04
  1347.5      1.18230E-04
  1352.5      1.17400E-04
  1357.5      1.16570E-04
  1362.5      1.15750E-04
  1367.5      1.14940E-04
  1372.5      1.14140E-04
  1377.5      1.13350E-04
  1382.5      1.12570E-04
  1387.5      1.11790E-04
  1392.5      1.11030E-04
  1397.5      1.10270E-04
  1402.5      1.09510E-04
  1407.5      1.08770E-04
  1412.5      1.08030E-04
  1417.5      1.07300E-04
  1422.5      1.06580E-04
  1427.5      1.05870E-04
  1432.5      1.05160E-04
  1437.5      1.04460E-04
  1442.5      1.03760E-04
  1447.5      1.03080E-04
  1452.5      1.02400E-04
  1457.0      1.01790E-04
  1462.0      1.01150E-04
  1467.5      1.00420E-04
  1472.5      9.97360E-05
  1477.5      9.83520E-05
  1482.5      9.84770E-05
  1487.5      9.78530E-05
  1492.5      9.74170E-05
  1497.5      9.67920E-05
  1502.5      9.61730E-05
  1507.5      9.54940E-05
  1512.5      9.49520E-05
  1517.5      9.43510E-05
  1522.5      9.37550E-05
  1527.5      9.31120E-05
  1532.5      9.25070E-05
  1537.5      9.19490E-05
  1542.5      9.13100E-05
  1547.5      9.07870E-05
  1552.5      9.02010E-05
  1557.5      8.95460E-05
  1562.5      8.91850E-05
  1567.5      8.84610E-05
  1572.5      8.78690E-05
  1577.5      8.75570E-05
  1582.5      8.69720E-05
  1587.5      8.61260E-05
  1592.5      8.58160E-05
  1597.5      8.54550E-05
  1605.0      8.45590E-05
  1615.0      8.33620E-05
  1625.0      8.26860E-05
  1635.0      8.15290E-05
  1645.0      8.02840E-05
  1655.0      7.98150E-05
  1665.0      7.88910E-05
  1675.0      7.77410E-05
  1685.0      7.64830E-05
  1695.0      7.62130E-05
  1705.0      7.52890E-05
  1715.0      7.45030E-05
  1725.0      7.36680E-05
  1735.0      7.19480E-05
  1745.0      7.19600E-05
  1755.0      7.12500E-05
  1765.0      7.04710E-05
  1775.0      6.97030E-05
  1785.0      6.89490E-05
  1795.0      6.82060E-05
  1805.0      6.74740E-05
  1815.0      6.58510E-05
  1825.0      6.58970E-05
  1835.0      6.53510E-05
  1845.0      6.46660E-05
  1855.0      6.40000E-05
  1865.0      6.27180E-05
  1875.0      6.14630E-05
  1885.0      6.20360E-05
  1895.0      6.14030E-05
  1905.0      6.07510E-05
  1915.0      6.01620E-05
  1925.0      5.95560E-05
  1935.0      5.89330E-05
  1945.0      5.73720E-05
  1955.0      5.77620E-05
  1965.0      5.72200E-05
  1975.0      5.66580E-05
  1985.0      5.61040E-05
  1995.0      5.55570E-05
  2005.0      5.50190E-05
  2015.0      5.44880E-05
  2025.0      5.39650E-05
  2035.0      5.34500E-05
  2045.0      5.29410E-05
  2055.0      5.24320E-05
  2065.0      5.19470E-05
  2075.0      5.14600E-05
  2085.0      5.09800E-05
  2095.0      5.05060E-05
  2105.0      5.00390E-05
  2115.0      4.95610E-05
  2125.0      4.91250E-05
  2135.0      4.86770E-05
  2145.0      4.82340E-05
  2155.0      4.77890E-05
  2165.0      4.64690E-05
  2175.0      4.68930E-05
  2185.0      4.65240E-05
  2195.0      4.61120E-05
  2205.0      4.57050E-05
  2215.0      4.53030E-05
  2225.0      4.49050E-05
  2235.0      4.45140E-05
  2245.0      4.41270E-05
  2255.0      4.37450E-05
  2265.0      4.33680E-05
  2275.0      4.29960E-05
  2285.0      4.26630E-05
  2295.0      4.23000E-05
  2305.0      4.19420E-05
  2315.0      4.15880E-05
  2325.0      4.12390E-05
  2335.0      4.08940E-05
  2345.0      4.05530E-05
  2355.0      4.02170E-05
  2365.0      3.98850E-05
  2375.0      3.95560E-05
  2385.0      3.92320E-05
  2395.0      3.89120E-05
  2405.0      3.85950E-05
  2415.0      3.82830E-05
  2425.0      3.79740E-05
  2435.0      3.76690E-05
  2445.0      3.73680E-05
  2455.0      3.70700E-05
  2465.0      3.67750E-05
  2475.0      3.64760E-05
  2485.0      3.61970E-05
  2495.0      3.59130E-05
  2505.0      3.56320E-05
  2515.0      3.53550E-05
  2525.0      3.50800E-05
  2535.0      3.48090E-05
  2545.0      3.45410E-05
  2555.0      3.42760E-05
  2565.0      3.39850E-05
  2575.0      3.37550E-05
  2585.0      3.35000E-05
  2595.0      3.32470E-05
  2605.0      3.29760E-05
  2615.0      3.26240E-05
  2625.0      3.18010E-05
  2635.0      3.22230E-05
  2645.0      3.20230E-05
  2655.0      3.17840E-05
  2665.0      3.15460E-05
  2675.0      3.11790E-05
  2685.0      3.10800E-05
  2695.0      3.08660E-05
  2705.0      3.06420E-05
  2715.0      3.04200E-05
  2725.0      3.02010E-05
  2735.0      2.99840E-05
  2745.0      2.97690E-05
  2755.0      2.93700E-05
  2765.0      2.92780E-05
  2775.0      2.91390E-05
  2785.0      2.89340E-05
  2795.0      2.87310E-05
  2805.0      2.85300E-05
  2815.0      2.83300E-05
  2825.0      2.81330E-05
  2835.0      2.79380E-05
  2845.0      2.77450E-05
  2855.0      2.75540E-05
  2865.0      2.73070E-05
  2875.0      2.69120E-05
  2885.0      2.69820E-05
  2895.0      2.68090E-05
  2905.0      2.66280E-05
  2915.0      2.64480E-05
  2925.0      2.62700E-05
  2935.0      2.60940E-05
  2945.0      2.59200E-05
  2955.0      2.57470E-05
  2965.0      2.55760E-05
  2975.0      2.54070E-05
  2985.0      2.52390E-05
  2995.0      2.50730E-05
  3005.0      2.49090E-05
  3015.0      2.47460E-05
  3025.0      2.45850E-05
  3035.0      2.41690E-05
  3045.0      2.41290E-05
  3055.0      2.41110E-05
  3065.0      2.39560E-05
  3075.0      2.38030E-05
  3085.0      2.36500E-05
  3095.0      2.35000E-05
  3105.0      2.33510E-05
  3115.0      2.32030E-05
  3125.0      2.30560E-05
  3135.0      2.29110E-05
  3145.0      2.27680E-05
  3155.0      2.26250E-05
  3165.0      2.24840E-05
  3175.0      2.23450E-05
  3185.0      2.22060E-05
  3195.0      2.20690E-05
  3210.0      2.18660E-05
  3230.0      2.15990E-05
  3250.0      2.13370E-05
  3270.0      2.10800E-05
  3290.0      2.06140E-05
  3310.0      2.05470E-05
  3330.0      2.03430E-05
  3350.0      2.01040E-05
  3370.0      1.98680E-05
  3390.0      1.96370E-05
  3410.0      1.94100E-05
  3430.0      1.91860E-05
  3450.0      1.89670E-05
  3470.0      1.87510E-05
  3490.0      1.85390E-05
  3510.0      1.83300E-05
  3530.0      1.81250E-05
  3550.0      1.79230E-05
  3570.0      1.77250E-05
  3590.0      1.75300E-05
  3610.0      1.73380E-05
  3630.0      1.71490E-05
  3650.0      1.69630E-05
  3670.0      1.67800E-05
  3690.0      1.66010E-05
  3710.0      1.64210E-05
  3730.0      1.61660E-05
  3750.0      1.59370E-05
  3770.0      1.59090E-05
  3790.0      1.57430E-05
  3810.0      1.55790E-05
  3830.0      1.54180E-05
  3850.0      1.52600E-05
  3870.0      1.51040E-05
  3890.0      1.49500E-05
  3910.0      1.47920E-05
  3930.0      1.46490E-05
  3950.0      1.45020E-05
  3970.0      1.43570E-05
  3990.0      1.42150E-05
  4010.0      1.40650E-05
  4030.0      1.39160E-05
  4050.0      1.36220E-05
  4070.0      1.36640E-05
  4090.0      1.35320E-05
  4110.0      1.34020E-05
  4130.0      1.32720E-05
  4150.0      1.31460E-05
  4170.0      1.29800E-05
  4190.0      1.28970E-05
  4210.0      1.27760E-05
  4230.0      1.26560E-05
  4250.0      1.25370E-05
  4270.0      1.24210E-05
  4290.0      1.23040E-05
  4310.0      1.21920E-05
  4330.0      1.20810E-05
  4350.0      1.19700E-05
  4370.0      1.18070E-05
  4390.0      1.17400E-05
  4410.0      1.16480E-05
  4430.0      1.15430E-05
  4450.0      1.14400E-05
  4470.0      1.13410E-05
  4490.0      1.12410E-05
  4510.0      1.11420E-05
  4530.0      1.10440E-05
  4550.0      1.09470E-05
  4570.0      1.08520E-05
  4590.0      1.07580E-05
  4610.0      1.06650E-05
  4630.0      1.05730E-05
  4650.0      1.03070E-05
  4670.0      1.03010E-05
  4690.0      1.02950E-05
  4710.0      1.02180E-05
  4730.0      1.01320E-05
  4750.0      1.00470E-05
  4770.0      9.96330E-06
  4790.0      9.88050E-06
  4810.0      9.79860E-06
  4830.0      9.71780E-06
  4850.0      9.63800E-06
  4870.0      9.55910E-06
  4890.0      9.48120E-06
  4910.0      9.40420E-06
  4930.0      9.32820E-06
  4950.0      9.25310E-06
  4970.0      9.17880E-06
  4990.0      9.10550E-06
  5010.0      9.03300E-06
  5030.0      8.96140E-06
  5050.0      8.89060E-06
  5070.0      8.82070E-06
  5090.0      8.75150E-06
  5110.0      8.67680E-06
  5130.0      8.51840E-06
  5150.0      8.54710E-06
  5170.0      8.48290E-06
  5190.0      8.41770E-06
  5210.0      8.35320E-06
  5230.0      8.28940E-06
  5250.0      8.22640E-06
  5270.0      8.16400E-06
  5290.0      8.10250E-06
  5310.0      8.04150E-06
  5330.0      7.98130E-06
  5350.0      7.92170E-06
  5370.0      7.86270E-06
  5390.0      7.80450E-06
  5410.0      7.74690E-06
  5430.0      7.68990E-06
  5450.0      7.63360E-06
  5470.0      7.57780E-06
  5490.0      7.52260E-06
  5510.0      7.46800E-06
  5530.0      7.41400E-06
  5550.0      7.36070E-06
  5570.0      7.30790E-06
  5590.0      7.25570E-06
  5610.0      7.20400E-06
  5630.0      7.15280E-06
  5650.0      7.10220E-06
  5670.0      7.05210E-06
  5690.0      7.00250E-06
  5710.0      6.95080E-06
  5730.0      6.90490E-06
  5750.0      6.85700E-06
  5770.0      6.80940E-06
  5790.0      6.76240E-06
  5810.0      6.71580E-06
  5830.0      6.66970E-06
  5850.0      6.62510E-06
  5870.0      6.57990E-06
  5890.0      6.52760E-06
  5910.0      6.38800E-06
  5930.0      6.44320E-06
  5950.0      6.39190E-06
  5970.0      6.35690E-06
  5990.0      6.31840E-06
  6010.0      6.27630E-06
  6030.0      6.23470E-06
  6050.0      6.19340E-06
  6070.0      6.15260E-06
  6090.0      6.11210E-06
  6110.0      6.07210E-06
  6130.0      6.03240E-06
  6150.0      5.99310E-06
  6170.0      5.95420E-06
  6190.0      5.91570E-06
  6210.0      5.87750E-06
  6230.0      5.83970E-06
  6250.0      5.80230E-06
  6270.0      5.76510E-06
  6290.0      5.70260E-06
  6310.0      5.68960E-06
  6330.0      5.65600E-06
  6350.0      5.62040E-06
  6370.0      5.58500E-06
  6390.0      5.55000E-06
  6420.0      5.49800E-06
  6460.0      5.42990E-06
  6500.0      5.36300E-06
  6540.0      5.29730E-06
  6580.0      5.23290E-06
  6620.0      5.16950E-06
  6660.0      5.10730E-06
  6700.0      5.04630E-06
  6740.0      4.98520E-06
  6780.0      4.90630E-06
  6820.0      4.86940E-06
  6860.0      4.81250E-06
  6900.0      4.75660E-06
  6940.0      4.70170E-06
  6980.0      4.64770E-06
  7020.0      4.59460E-06
  7060.0      4.54240E-06
  7100.0      4.49100E-06
  7140.0      4.44060E-06
  7180.0      4.39100E-06
  7220.0      4.34220E-06
  7260.0      4.29420E-06
  7300.0      4.24700E-06
  7340.0      4.20050E-06
  7380.0      4.15480E-06
  7420.0      4.10890E-06
  7460.0      4.00780E-06
  7500.0      3.95320E-06
  7540.0      3.97590E-06
  7580.0      3.93720E-06
  7620.0      3.89570E-06
  7660.0      3.85480E-06
  7700.0      3.81460E-06
  7740.0      3.77500E-06
  7780.0      3.73600E-06
  7820.0      3.69770E-06
  7860.0      3.65990E-06
  7900.0      3.62260E-06
  7940.0      3.58600E-06
  7980.0      3.54990E-06
  8020.0      3.51430E-06
  8060.0      3.47920E-06
  8100.0      3.44470E-06
  8140.0      3.40930E-06
  8180.0      3.37700E-06
  8220.0      3.34410E-06
  8260.0      3.31150E-06
  8300.0      3.27940E-06
  8340.0      3.24780E-06
  8380.0      3.21660E-06
  8420.0      3.18580E-06
  8460.0      3.15550E-06
  8500.0      3.12570E-06
  8540.0      3.09620E-06
  8580.0      3.06720E-06
  8620.0      3.03850E-06
  8660.0      3.00510E-06
  8700.0      2.98240E-06
  8740.0      2.93920E-06
  8780.0      2.91210E-06
  8820.0      2.90110E-06
  8860.0      2.87470E-06
  8900.0      2.84870E-06
  8940.0      2.82310E-06
  8980.0      2.79770E-06
  9020.0      2.77270E-06
  9060.0      2.74810E-06
  9100.0      2.72370E-06
  9140.0      2.69970E-06
  9180.0      2.67600E-06
  9220.0      2.65260E-06
  9260.0      2.62950E-06
  9300.0      2.60680E-06
  9340.0      2.58420E-06
  9380.0      2.55330E-06
  9420.0      2.53820E-06
  9460.0      2.51850E-06
  9500.0      2.49710E-06
  9540.0      2.47600E-06
  9580.0      2.45510E-06
  9620.0      2.43460E-06
  9660.0      2.41420E-06
  9700.0      2.39420E-06
  9740.0      2.37430E-06
  9780.0      2.35480E-06
  9820.0      2.33540E-06
  9860.0      2.31630E-06
  9900.0      2.29740E-06
  9940.0      2.27880E-06
  9980.0      2.26030E-06
  10020.      2.24210E-06
  20000.      5.50910E-07
  40000.      1.33880E-07
  60000.      5.85020E-08
  80000.      3.25330E-08
 1.00000E+05  2.06480E-08
 1.20000E+05  1.42470E-08
 1.40000E+05  1.04140E-08
 1.60000E+05  7.93880E-09
