 Castelli and Kurucz 2004-2012 Atmosphere
 T     31000.     G    5.00000 [-2.5a] N(He)/Ntot=0.0784 VTURB=2  L/H=1.25 NOVE
 Wavelength  Eddington Hnu
   (nm)    (ergs/s/cm2/Hz/sr)
  9.0900      2.34410E-35
  9.3500      1.88310E-34
  9.6100      1.35860E-33
  9.7700      4.36400E-33
  9.9600      1.66640E-32
  10.200      8.46180E-32
  10.380      2.73380E-31
  10.560      8.50630E-31
  10.770      3.05590E-30
  11.040      1.47780E-29
  11.400      1.08180E-28
  11.780      7.80150E-28
  12.130      4.33410E-27
  12.480      2.19440E-26
  12.710      6.07770E-26
  12.840      1.06430E-25
  13.050      2.57120E-25
  13.240      5.58020E-25
  13.390      1.01300E-24
  13.660      2.87110E-24
  13.980      9.38780E-24
  14.330      3.23220E-23
  14.720      1.19790E-22
  15.100      4.02990E-22
  15.520      1.43770E-21
  15.880      4.06240E-21
  16.200      9.85040E-21
  16.600      2.84160E-20
  17.030      8.40730E-20
  17.340      1.77760E-19
  17.680      3.92230E-19
  18.020      8.40330E-19
  18.170      1.16560E-18
  18.610      2.95760E-18
  19.100      7.92630E-18
  19.390      1.38780E-17
  19.840      3.20640E-17
  20.180      5.89030E-17
  20.500      1.02450E-16
  21.050      2.55370E-16
  21.620      6.26780E-16
  21.980      1.07760E-15
  22.300      1.71960E-15
  22.680      2.94600E-15
  23.000      1.53510E-13
  23.400      5.33850E-13
  24.000      1.03220E-12
  24.650      1.98940E-12
  25.240      3.51960E-12
  25.680      4.48270E-12
  26.000      6.84890E-12
  26.400      9.38250E-12
  26.850      1.37360E-11
  27.350      2.04170E-11
  27.850      2.98650E-11
  28.400      4.52610E-11
  29.000      6.91150E-11
  29.600      1.03310E-10
  30.100      1.38540E-10
  30.800      1.98450E-10
  31.800      4.09480E-10
  32.800      7.14220E-10
  33.800      1.22390E-09
  34.800      2.01700E-09
  35.700      3.08310E-09
  36.600      4.66140E-09
  37.500      6.76770E-09
  38.500      1.02290E-08
  39.500      1.49690E-08
  40.500      2.14980E-08
  41.400      2.94550E-08
  42.200      3.82000E-08
  43.000      4.90890E-08
  44.100      6.86480E-08
  45.100      9.18960E-08
  46.000      1.17170E-07
  47.000      1.53030E-07
  48.000      1.96580E-07
  49.000      2.49750E-07
  50.000      3.15010E-07
  50.600      1.56130E-06
  51.200      6.17770E-06
  52.000      6.58990E-06
  53.000      7.74490E-06
  54.000      7.55040E-06
  55.000      9.02780E-06
  56.000      9.69470E-06
  57.000      1.05400E-05
  58.000      1.04640E-05
  59.000      1.20320E-05
  60.000      1.28510E-05
  61.000      1.39200E-05
  62.000      1.48450E-05
  63.000      1.60440E-05
  64.000      1.68960E-05
  65.000      1.83130E-05
  65.800      1.92320E-05
  66.500      2.01370E-05
  67.500      2.12650E-05
  68.500      2.22180E-05
  69.500      2.44920E-05
  70.500      2.54230E-05
  71.600      2.75850E-05
  72.600      2.91910E-05
  73.500      3.10580E-05
  74.500      3.28340E-05
  75.500      3.46290E-05
  76.500      3.65270E-05
  77.500      3.87080E-05
  78.500      4.09030E-05
  79.500      4.28520E-05
  80.500      4.51350E-05
  81.500      4.73060E-05
  82.500      4.97570E-05
  83.500      5.04290E-05
  84.500      5.44720E-05
  85.500      5.68820E-05
  86.500      5.95080E-05
  87.500      6.21390E-05
  88.500      6.48130E-05
  89.500      6.75080E-05
  90.500      6.98940E-05
  91.500      7.85110E-05
  92.500      2.95690E-04
  93.500      6.10070E-04
  94.500      1.33550E-03
  95.500      1.69850E-03
  96.500      2.29160E-03
  97.500      1.19570E-03
  98.500      2.55580E-03
  99.500      2.40050E-03
  100.50      2.60340E-03
  101.50      2.44370E-03
  102.50      1.08740E-03
  103.50      2.33920E-03
  104.50      2.57980E-03
  105.50      2.57580E-03
  106.50      2.49000E-03
  107.50      2.49670E-03
  108.50      2.32420E-03
  109.50      2.49850E-03
  110.50      2.44110E-03
  111.50      2.42420E-03
  112.50      2.35330E-03
  113.50      2.41380E-03
  114.50      2.36770E-03
  115.50      2.36050E-03
  116.50      2.35170E-03
  117.50      2.13680E-03
  118.50      2.29510E-03
  119.50      2.23840E-03
  120.50      2.07590E-03
  121.50      1.00120E-03
  122.50      2.04190E-03
  123.50      2.19310E-03
  124.50      2.17180E-03
  125.50      2.18380E-03
  126.50      2.16800E-03
  127.50      2.15290E-03
  128.50      2.13560E-03
  129.50      2.06390E-03
  130.50      2.06660E-03
  131.50      2.08280E-03
  132.50      2.05740E-03
  133.50      2.01670E-03
  134.50      2.02780E-03
  135.50      2.01590E-03
  136.50      1.99400E-03
  137.50      1.98100E-03
  138.50      1.96590E-03
  139.50      1.89720E-03
  140.50      1.89250E-03
  141.50      1.91400E-03
  142.50      1.89830E-03
  143.50      1.88670E-03
  144.20      1.87890E-03
  144.70      1.87080E-03
  145.50      1.85810E-03
  146.50      1.84340E-03
  147.50      1.82850E-03
  148.50      1.81500E-03
  149.50      1.80010E-03
  150.50      1.78000E-03
  151.20      1.77490E-03
  151.70      1.76800E-03
  152.50      1.75570E-03
  153.50      1.73130E-03
  154.50      1.69930E-03
  155.50      1.68810E-03
  156.50      1.69510E-03
  157.50      1.68690E-03
  158.50      1.67590E-03
  159.50      1.66410E-03
  160.50      1.64280E-03
  161.50      1.62910E-03
  162.50      1.61850E-03
  163.50      1.59440E-03
  164.50      1.53580E-03
  165.50      1.59000E-03
  166.50      1.57840E-03
  167.20      1.56940E-03
  167.70      1.56920E-03
  168.50      1.55900E-03
  169.50      1.54700E-03
  170.50      1.53450E-03
  171.50      1.51870E-03
  172.50      1.50630E-03
  173.50      1.50370E-03
  174.50      1.49230E-03
  175.50      1.48150E-03
  176.50      1.46930E-03
  177.50      1.46000E-03
  178.50      1.45060E-03
  179.50      1.44180E-03
  180.50      1.43260E-03
  181.50      1.42180E-03
  182.50      1.41210E-03
  183.50      1.40290E-03
  184.50      1.38900E-03
  185.50      1.37210E-03
  186.50      1.36680E-03
  187.50      1.36360E-03
  188.50      1.35000E-03
  189.50      1.33420E-03
  190.50      1.33480E-03
  191.50      1.31790E-03
  192.50      1.30860E-03
  193.50      1.30500E-03
  194.50      1.30080E-03
  195.50      1.28490E-03
  196.70      1.28200E-03
  197.60      1.27690E-03
  198.40      1.26690E-03
  199.50      1.25310E-03
  200.50      1.25230E-03
  201.50      1.24550E-03
  202.50      1.23830E-03
  203.50      1.22920E-03
  204.50      1.22130E-03
  205.50      1.14790E-03
  206.50      1.13300E-03
  207.40      1.13400E-03
  207.80      1.12660E-03
  208.50      1.13660E-03
  209.50      1.15090E-03
  210.50      1.17150E-03
  211.50      1.17090E-03
  212.50      1.16460E-03
  213.50      1.15740E-03
  214.50      1.15050E-03
  215.50      1.14460E-03
  216.50      1.13520E-03
  217.50      1.13180E-03
  218.50      1.12090E-03
  219.50      1.11840E-03
  220.50      1.11180E-03
  221.50      1.10020E-03
  222.50      1.09850E-03
  223.50      1.09190E-03
  224.50      1.08560E-03
  225.50      1.07380E-03
  226.50      1.07280E-03
  227.50      1.06660E-03
  228.50      1.06020E-03
  229.50      1.04440E-03
  230.50      1.04250E-03
  231.50      1.04190E-03
  232.50      1.03600E-03
  233.50      1.03000E-03
  234.50      1.02420E-03
  235.50      1.01840E-03
  236.50      1.01260E-03
  237.50      1.00680E-03
  238.50      9.96070E-04
  239.50      9.95390E-04
  240.50      9.90000E-04
  241.50      9.84410E-04
  242.50      9.79000E-04
  243.50      9.73420E-04
  244.50      9.68110E-04
  245.50      9.62800E-04
  246.50      9.57550E-04
  247.50      9.52260E-04
  248.50      9.47100E-04
  249.50      9.24440E-04
  250.50      9.36370E-04
  251.30      9.22080E-04
  251.80      9.29500E-04
  252.50      9.26720E-04
  253.50      9.21780E-04
  254.50      9.16050E-04
  255.50      9.11690E-04
  256.50      9.07070E-04
  257.50      9.02320E-04
  258.50      8.97580E-04
  259.50      8.92860E-04
  260.50      8.92380E-04
  261.50      8.87670E-04
  262.50      8.83020E-04
  263.50      8.78170E-04
  264.50      8.73220E-04
  265.50      8.67940E-04
  266.50      8.62140E-04
  267.50      8.56150E-04
  268.50      8.55840E-04
  269.50      8.46090E-04
  270.50      8.47070E-04
  271.50      8.42740E-04
  272.50      8.32180E-04
  273.50      8.31010E-04
  274.50      8.29930E-04
  275.50      8.25750E-04
  276.50      8.14770E-04
  277.50      8.17500E-04
  278.50      8.13370E-04
  279.50      8.07840E-04
  280.50      8.04960E-04
  281.50      8.01310E-04
  282.50      7.89160E-04
  283.50      7.88590E-04
  284.50      7.89490E-04
  285.50      7.85560E-04
  286.50      7.81710E-04
  287.50      7.77900E-04
  288.50      7.74140E-04
  289.50      7.70370E-04
  291.00      7.64750E-04
  293.00      7.57400E-04
  295.00      7.44240E-04
  297.00      7.43020E-04
  299.00      7.35970E-04
  301.00      7.29020E-04
  303.00      7.22210E-04
  305.00      7.15520E-04
  307.00      7.08900E-04
  309.00      7.02040E-04
  311.00      6.95910E-04
  313.00      6.90020E-04
  315.00      6.83780E-04
  317.00      6.77620E-04
  319.00      6.65250E-04
  321.00      6.64290E-04
  323.00      6.59110E-04
  325.00      6.53160E-04
  327.00      6.48030E-04
  329.00      6.41480E-04
  331.00      6.36760E-04
  333.00      6.31190E-04
  335.00      6.24670E-04
  337.00      6.20340E-04
  339.00      6.15050E-04
  341.00      6.09800E-04
  343.00      6.02360E-04
  345.00      5.95250E-04
  347.00      5.91850E-04
  349.00      5.86920E-04
  351.00      5.82570E-04
  353.00      5.78180E-04
  355.00      5.73660E-04
  357.00      5.72590E-04
  359.00      5.63340E-04
  361.00      5.61310E-04
  363.00      5.54310E-04
  364.00      5.56750E-04
  365.00      5.52410E-04
  367.00      5.50100E-04
  369.00      5.46120E-04
  371.00      5.34510E-04
  373.00      5.24250E-04
  375.00      5.20700E-04
  377.00      5.09320E-04
  379.00      5.28000E-04
  381.00      5.51480E-04
  383.00      4.90590E-04
  385.00      5.73810E-04
  387.00      5.89550E-04
  389.00      4.73510E-04
  391.00      5.88990E-04
  393.00      5.92760E-04
  395.00      5.81640E-04
  397.00      4.56840E-04
  399.00      5.67130E-04
  401.00      5.74260E-04
  403.00      5.43420E-04
  405.00      5.72330E-04
  407.00      5.64160E-04
  409.00      5.15880E-04
  411.00      4.56790E-04
  413.00      5.43140E-04
  415.00      5.44580E-04
  417.00      5.46100E-04
  419.00      5.42740E-04
  421.00      5.38340E-04
  423.00      5.34450E-04
  425.00      5.30050E-04
  427.00      5.25530E-04
  429.00      5.20100E-04
  431.00      5.11990E-04
  433.00      4.61180E-04
  435.00      4.26200E-04
  437.00      4.98250E-04
  439.00      4.84850E-04
  441.00      4.97050E-04
  443.00      4.92270E-04
  445.00      4.90100E-04
  447.00      4.61370E-04
  449.00      4.82130E-04
  451.00      4.79420E-04
  453.00      4.75830E-04
  455.00      4.71780E-04
  457.00      4.68670E-04
  459.00      4.65150E-04
  461.00      4.61790E-04
  463.00      4.58410E-04
  465.00      4.54450E-04
  467.00      4.51630E-04
  469.00      4.46370E-04
  471.00      4.39390E-04
  473.00      4.41960E-04
  475.00      4.38760E-04
  477.00      4.35650E-04
  479.00      4.32370E-04
  481.00      4.27980E-04
  483.00      4.21620E-04
  485.00      3.87080E-04
  487.00      3.50270E-04
  489.00      4.10430E-04
  491.00      4.11940E-04
  493.00      3.99290E-04
  495.00      4.08660E-04
  497.00      4.05960E-04
  499.00      4.03160E-04
  501.00      3.95280E-04
  503.00      3.97640E-04
  505.00      3.92690E-04
  507.00      3.92250E-04
  509.00      3.89590E-04
  511.00      3.86960E-04
  513.00      3.84360E-04
  515.00      3.81780E-04
  517.00      3.79220E-04
  519.00      3.76700E-04
  521.00      3.74200E-04
  523.00      3.71730E-04
  525.00      3.69280E-04
  527.00      3.66850E-04
  529.00      3.64450E-04
  531.00      3.62070E-04
  533.00      3.59710E-04
  535.00      3.57380E-04
  537.00      3.55070E-04
  539.00      3.52780E-04
  541.00      3.50230E-04
  543.00      3.48270E-04
  545.00      3.46040E-04
  547.00      3.43840E-04
  549.00      3.41660E-04
  551.00      3.39500E-04
  553.00      3.37360E-04
  555.00      3.35240E-04
  557.00      3.33140E-04
  559.00      3.31060E-04
  561.00      3.29000E-04
  563.00      3.26960E-04
  565.00      3.24940E-04
  567.00      3.22940E-04
  569.00      3.20930E-04
  571.00      3.18990E-04
  573.00      3.17040E-04
  575.00      3.15090E-04
  577.00      3.13200E-04
  579.00      3.11310E-04
  581.00      3.09430E-04
  583.00      3.07570E-04
  585.00      3.05720E-04
  587.00      2.93750E-04
  589.00      3.01270E-04
  591.00      3.00290E-04
  593.00      2.98520E-04
  595.00      2.96750E-04
  597.00      2.95010E-04
  599.00      2.93280E-04
  601.00      2.91560E-04
  603.00      2.89860E-04
  605.00      2.88180E-04
  607.00      2.86510E-04
  609.00      2.84850E-04
  611.00      2.83210E-04
  613.00      2.81590E-04
  615.00      2.79970E-04
  617.00      2.78370E-04
  619.00      2.76790E-04
  621.00      2.75220E-04
  623.00      2.73660E-04
  625.00      2.72110E-04
  627.00      2.70580E-04
  629.00      2.69060E-04
  631.00      2.67550E-04
  633.00      2.66050E-04
  635.00      2.64570E-04
  637.00      2.63100E-04
  639.00      2.61640E-04
  641.00      2.60200E-04
  643.00      2.58760E-04
  645.00      2.57340E-04
  647.00      2.55930E-04
  649.00      2.54530E-04
  651.00      2.52610E-04
  653.00      2.49930E-04
  655.00      2.38200E-04
  657.00      2.13580E-04
  659.00      2.44020E-04
  661.00      2.45460E-04
  663.00      2.44960E-04
  665.00      2.43850E-04
  667.00      2.39690E-04
  669.00      2.38470E-04
  671.00      2.40000E-04
  673.00      2.38730E-04
  675.00      2.37470E-04
  677.00      2.36220E-04
  679.00      2.34980E-04
  681.00      2.33750E-04
  683.00      2.32530E-04
  685.00      2.31320E-04
  687.00      2.30120E-04
  689.00      2.28930E-04
  691.00      2.27740E-04
  693.00      2.26570E-04
  695.00      2.25410E-04
  697.00      2.24250E-04
  699.00      2.23110E-04
  701.00      2.21970E-04
  703.00      2.20840E-04
  705.00      2.19720E-04
  707.00      2.15100E-04
  709.00      2.17510E-04
  711.00      2.16410E-04
  713.00      2.15330E-04
  715.00      2.14250E-04
  717.00      2.13160E-04
  719.00      2.12120E-04
  721.00      2.11060E-04
  723.00      2.09990E-04
  725.00      2.08970E-04
  727.00      2.07940E-04
  729.00      2.05210E-04
  731.00      2.05890E-04
  733.00      2.04900E-04
  735.00      2.03900E-04
  737.00      2.02900E-04
  739.00      2.01910E-04
  741.00      2.00930E-04
  743.00      1.99960E-04
  745.00      1.99020E-04
  747.00      1.98060E-04
  749.00      1.97110E-04
  751.00      1.96110E-04
  753.00      1.95220E-04
  755.00      1.94290E-04
  757.00      1.93370E-04
  759.00      1.92450E-04
  761.00      1.91540E-04
  763.00      1.90630E-04
  765.00      1.89740E-04
  767.00      1.88840E-04
  769.00      1.87960E-04
  771.00      1.87080E-04
  773.00      1.86200E-04
  775.00      1.85330E-04
  777.00      1.84470E-04
  779.00      1.83620E-04
  781.00      1.82690E-04
  783.00      1.81930E-04
  785.00      1.81250E-04
  787.00      1.80410E-04
  789.00      1.79520E-04
  791.00      1.78760E-04
  793.00      1.77950E-04
  795.00      1.77140E-04
  797.00      1.76200E-04
  799.00      1.75530E-04
  801.00      1.74670E-04
  803.00      1.73770E-04
  805.00      1.72940E-04
  807.00      1.72210E-04
  809.00      1.71150E-04
  811.00      1.70570E-04
  813.00      1.69890E-04
  815.00      1.69040E-04
  817.00      1.68420E-04
  819.00      1.67480E-04
  821.00      1.66580E-04
  823.00      1.66170E-04
  825.00      1.65490E-04
  827.00      1.64180E-04
  829.00      1.64000E-04
  831.00      1.63360E-04
  833.00      1.62550E-04
  835.00      1.61230E-04
  837.00      1.60990E-04
  839.00      1.60500E-04
  841.00      1.59810E-04
  843.00      1.59040E-04
  845.00      1.57420E-04
  847.00      1.57700E-04
  849.00      1.56710E-04
  851.00      1.56300E-04
  853.00      1.55260E-04
  855.00      1.54530E-04
  857.00      1.54530E-04
  859.00      1.51340E-04
  861.00      1.52100E-04
  863.00      1.53120E-04
  865.00      1.50400E-04
  867.00      1.47400E-04
  869.00      1.51080E-04
  871.00      1.51710E-04
  873.00      1.48160E-04
  875.00      1.41230E-04
  877.00      1.45460E-04
  879.00      1.49590E-04
  881.00      1.49800E-04
  883.00      1.48120E-04
  885.00      1.40180E-04
  887.00      1.34230E-04
  889.00      1.44410E-04
  891.00      1.46930E-04
  893.00      1.47010E-04
  895.00      1.46750E-04
  897.00      1.45450E-04
  899.00      1.40950E-04
  901.00      1.28520E-04
  903.00      1.33140E-04
  905.00      1.41320E-04
  907.00      1.41410E-04
  909.00      1.42550E-04
  911.00      1.42600E-04
  913.00      1.42120E-04
  915.00      1.41420E-04
  917.00      1.40140E-04
  919.00      1.38570E-04
  921.00      1.31810E-04
  923.00      1.18970E-04
  925.00      1.30570E-04
  927.00      1.36060E-04
  929.00      1.37020E-04
  931.00      1.36390E-04
  933.00      1.36690E-04
  935.00      1.36150E-04
  937.00      1.35830E-04
  939.00      1.35290E-04
  941.00      1.34750E-04
  943.00      1.34220E-04
  945.00      1.33440E-04
  947.00      1.31830E-04
  949.00      1.31670E-04
  951.00      1.28660E-04
  953.00      1.22070E-04
  955.00      1.10590E-04
  957.00      1.23820E-04
  959.00      1.28020E-04
  961.00      1.28460E-04
  963.00      1.27980E-04
  965.00      1.28450E-04
  967.00      1.28060E-04
  969.00      1.27450E-04
  971.00      1.26700E-04
  973.00      1.26590E-04
  975.00      1.26110E-04
  977.00      1.25630E-04
  979.00      1.25150E-04
  981.00      1.24670E-04
  983.00      1.24200E-04
  985.00      1.23730E-04
  987.00      1.23260E-04
  989.00      1.22790E-04
  991.00      1.22310E-04
  993.00      1.21860E-04
  995.00      1.21280E-04
  997.00      1.20550E-04
  999.00      1.19720E-04
  1002.5      1.12870E-04
  1007.5      1.10290E-04
  1012.5      1.16600E-04
  1017.5      1.16400E-04
  1022.5      1.15310E-04
  1027.5      1.14310E-04
  1032.5      1.12740E-04
  1037.5      1.12250E-04
  1042.5      1.11240E-04
  1047.5      1.10250E-04
  1052.5      1.09260E-04
  1057.5      1.08300E-04
  1062.5      1.07340E-04
  1067.5      1.06170E-04
  1072.5      1.05460E-04
  1077.5      1.04540E-04
  1082.5      1.02480E-04
  1087.5      1.01940E-04
  1092.5      9.22280E-05
  1097.5      9.73570E-05
  1102.5      9.91970E-05
  1107.5      9.90980E-05
  1112.5      9.84300E-05
  1117.5      9.76020E-05
  1122.5      9.67320E-05
  1127.5      9.59750E-05
  1132.5      9.51760E-05
  1137.5      9.43880E-05
  1142.5      9.36090E-05
  1147.5      9.28400E-05
  1152.5      9.20800E-05
  1157.5      9.13300E-05
  1162.5      9.05870E-05
  1167.5      8.98560E-05
  1172.5      8.91330E-05
  1177.5      8.84180E-05
  1182.5      8.77120E-05
  1187.5      8.70140E-05
  1192.5      8.63230E-05
  1197.5      8.44910E-05
  1202.5      8.49690E-05
  1207.5      8.43040E-05
  1212.5      8.36460E-05
  1217.5      8.29960E-05
  1222.5      8.23530E-05
  1227.5      8.17180E-05
  1232.5      8.10890E-05
  1237.5      8.04690E-05
  1242.5      7.98550E-05
  1247.5      7.92480E-05
  1252.5      7.84640E-05
  1257.5      7.80540E-05
  1262.5      7.74670E-05
  1267.5      7.68860E-05
  1272.5      7.60680E-05
  1277.5      7.37910E-05
  1282.5      6.79920E-05
  1287.5      7.36220E-05
  1292.5      7.38920E-05
  1297.5      7.28660E-05
  1302.5      7.30030E-05
  1307.5      7.24740E-05
  1312.5      7.19490E-05
  1317.5      7.14290E-05
  1322.5      7.09160E-05
  1327.5      7.04080E-05
  1332.5      6.99050E-05
  1337.5      6.94070E-05
  1342.5      6.88570E-05
  1347.5      6.84290E-05
  1352.5      6.79470E-05
  1357.5      6.74700E-05
  1362.5      6.69980E-05
  1367.5      6.65320E-05
  1372.5      6.60700E-05
  1377.5      6.56130E-05
  1382.5      6.51600E-05
  1387.5      6.47120E-05
  1392.5      6.42690E-05
  1397.5      6.38300E-05
  1402.5      6.33960E-05
  1407.5      6.29660E-05
  1412.5      6.25410E-05
  1417.5      6.21200E-05
  1422.5      6.17030E-05
  1427.5      6.12900E-05
  1432.5      6.08810E-05
  1437.5      6.04760E-05
  1442.5      6.00760E-05
  1447.5      5.96790E-05
  1452.5      5.92860E-05
  1457.0      5.89360E-05
  1462.0      5.85550E-05
  1467.5      5.81400E-05
  1472.5      5.77660E-05
  1477.5      5.73950E-05
  1482.5      5.70300E-05
  1487.5      5.66670E-05
  1492.5      5.63070E-05
  1497.5      5.59500E-05
  1502.5      5.55970E-05
  1507.5      5.51230E-05
  1512.5      5.49000E-05
  1517.5      5.45550E-05
  1522.5      5.42130E-05
  1527.5      5.38730E-05
  1532.5      5.35360E-05
  1537.5      5.32020E-05
  1542.5      5.28530E-05
  1547.5      5.25380E-05
  1552.5      5.21980E-05
  1557.5      5.18400E-05
  1562.5      5.16020E-05
  1567.5      5.11820E-05
  1572.5      5.08240E-05
  1577.5      5.06810E-05
  1582.5      5.03290E-05
  1587.5      4.96710E-05
  1592.5      4.96150E-05
  1597.5      4.95300E-05
  1605.0      4.88940E-05
  1615.0      4.80310E-05
  1625.0      4.80340E-05
  1635.0      4.70320E-05
  1645.0      4.60330E-05
  1655.0      4.64440E-05
  1665.0      4.59440E-05
  1675.0      4.47080E-05
  1685.0      4.35890E-05
  1695.0      4.43300E-05
  1705.0      4.36540E-05
  1715.0      4.34880E-05
  1725.0      4.28020E-05
  1735.0      4.05370E-05
  1745.0      4.16090E-05
  1755.0      4.15640E-05
  1765.0      4.11340E-05
  1775.0      4.06860E-05
  1785.0      4.02450E-05
  1795.0      3.98100E-05
  1805.0      3.92520E-05
  1815.0      3.70620E-05
  1825.0      3.79200E-05
  1835.0      3.81060E-05
  1845.0      3.77430E-05
  1855.0      3.73370E-05
  1865.0      3.65090E-05
  1875.0      3.45920E-05
  1885.0      3.60590E-05
  1895.0      3.58320E-05
  1905.0      3.52880E-05
  1915.0      3.50900E-05
  1925.0      3.47470E-05
  1935.0      3.41500E-05
  1945.0      3.20240E-05
  1955.0      3.34220E-05
  1965.0      3.33830E-05
  1975.0      3.30610E-05
  1985.0      3.27380E-05
  1995.0      3.24190E-05
  2005.0      3.21050E-05
  2015.0      3.17950E-05
  2025.0      3.14890E-05
  2035.0      3.11880E-05
  2045.0      3.08810E-05
  2055.0      3.05440E-05
  2065.0      3.03100E-05
  2075.0      3.00260E-05
  2085.0      2.97460E-05
  2095.0      2.94690E-05
  2105.0      2.91960E-05
  2115.0      2.88100E-05
  2125.0      2.86620E-05
  2135.0      2.84000E-05
  2145.0      2.81240E-05
  2155.0      2.77020E-05
  2165.0      2.59520E-05
  2175.0      2.70840E-05
  2185.0      2.70970E-05
  2195.0      2.69020E-05
  2205.0      2.66640E-05
  2215.0      2.64290E-05
  2225.0      2.61940E-05
  2235.0      2.59680E-05
  2245.0      2.57420E-05
  2255.0      2.55190E-05
  2265.0      2.52990E-05
  2275.0      2.50810E-05
  2285.0      2.48670E-05
  2295.0      2.46560E-05
  2305.0      2.44420E-05
  2315.0      2.42420E-05
  2325.0      2.40390E-05
  2335.0      2.38380E-05
  2345.0      2.36400E-05
  2355.0      2.34440E-05
  2365.0      2.32510E-05
  2375.0      2.30600E-05
  2385.0      2.28710E-05
  2395.0      2.26850E-05
  2405.0      2.25010E-05
  2415.0      2.23180E-05
  2425.0      2.21380E-05
  2435.0      2.19600E-05
  2445.0      2.17840E-05
  2455.0      2.16110E-05
  2465.0      2.14380E-05
  2475.0      2.12280E-05
  2485.0      2.11010E-05
  2495.0      2.09260E-05
  2505.0      2.07720E-05
  2515.0      2.06090E-05
  2525.0      2.04270E-05
  2535.0      2.02870E-05
  2545.0      2.01410E-05
  2555.0      1.99690E-05
  2565.0      1.97770E-05
  2575.0      1.96680E-05
  2585.0      1.95350E-05
  2595.0      1.93770E-05
  2605.0      1.91630E-05
  2615.0      1.88170E-05
  2625.0      1.78530E-05
  2635.0      1.86160E-05
  2645.0      1.86550E-05
  2655.0      1.85130E-05
  2665.0      1.83360E-05
  2675.0      1.80550E-05
  2685.0      1.80610E-05
  2695.0      1.80160E-05
  2705.0      1.79140E-05
  2715.0      1.77850E-05
  2725.0      1.76560E-05
  2735.0      1.75180E-05
  2745.0      1.73210E-05
  2755.0      1.69330E-05
  2765.0      1.69370E-05
  2775.0      1.69820E-05
  2785.0      1.69140E-05
  2795.0      1.67950E-05
  2805.0      1.66770E-05
  2815.0      1.65600E-05
  2825.0      1.64450E-05
  2835.0      1.63300E-05
  2845.0      1.62170E-05
  2855.0      1.60520E-05
  2865.0      1.57780E-05
  2875.0      1.54010E-05
  2885.0      1.56640E-05
  2895.0      1.56500E-05
  2905.0      1.55620E-05
  2915.0      1.54570E-05
  2925.0      1.53530E-05
  2935.0      1.52500E-05
  2945.0      1.51480E-05
  2955.0      1.50470E-05
  2965.0      1.49470E-05
  2975.0      1.48480E-05
  2985.0      1.47490E-05
  2995.0      1.46520E-05
  3005.0      1.45560E-05
  3015.0      1.44480E-05
  3025.0      1.42830E-05
  3035.0      1.38160E-05
  3045.0      1.38430E-05
  3055.0      1.40250E-05
  3065.0      1.39930E-05
  3075.0      1.39080E-05
  3085.0      1.38190E-05
  3095.0      1.37310E-05
  3105.0      1.36440E-05
  3115.0      1.35570E-05
  3125.0      1.34720E-05
  3135.0      1.33870E-05
  3145.0      1.33030E-05
  3155.0      1.32190E-05
  3165.0      1.31370E-05
  3175.0      1.30550E-05
  3185.0      1.29740E-05
  3195.0      1.28940E-05
  3210.0      1.27750E-05
  3230.0      1.26190E-05
  3250.0      1.24650E-05
  3270.0      1.22970E-05
  3290.0      1.18000E-05
  3310.0      1.18870E-05
  3330.0      1.18600E-05
  3350.0      1.17300E-05
  3370.0      1.15950E-05
  3390.0      1.14610E-05
  3410.0      1.13280E-05
  3430.0      1.11980E-05
  3450.0      1.10700E-05
  3470.0      1.09450E-05
  3490.0      1.08210E-05
  3510.0      1.06990E-05
  3530.0      1.05800E-05
  3550.0      1.04820E-05
  3570.0      1.03660E-05
  3590.0      1.02520E-05
  3610.0      1.01400E-05
  3630.0      1.00290E-05
  3650.0      9.90840E-06
  3670.0      9.80750E-06
  3690.0      9.68570E-06
  3710.0      9.56330E-06
  3730.0      9.31030E-06
  3750.0      9.17360E-06
  3770.0      9.27430E-06
  3790.0      9.19840E-06
  3810.0      9.09020E-06
  3830.0      9.00090E-06
  3850.0      8.92290E-06
  3870.0      8.83150E-06
  3890.0      8.73150E-06
  3910.0      8.62470E-06
  3930.0      8.56060E-06
  3950.0      8.47960E-06
  3970.0      8.39500E-06
  3990.0      8.31090E-06
  4010.0      8.19640E-06
  4030.0      8.08980E-06
  4050.0      7.82430E-06
  4070.0      7.96660E-06
  4090.0      7.91230E-06
  4110.0      7.83600E-06
  4130.0      7.75440E-06
  4150.0      7.67020E-06
  4170.0      7.54790E-06
  4190.0      7.52170E-06
  4210.0      7.47000E-06
  4230.0      7.40000E-06
  4250.0      7.32780E-06
  4270.0      7.26280E-06
  4290.0      7.18600E-06
  4310.0      7.12930E-06
  4330.0      7.06380E-06
  4350.0      6.98760E-06
  4370.0      6.85020E-06
  4390.0      6.82600E-06
  4410.0      6.80830E-06
  4430.0      6.75010E-06
  4450.0      6.68980E-06
  4470.0      6.63640E-06
  4490.0      6.57760E-06
  4510.0      6.51960E-06
  4530.0      6.46240E-06
  4550.0      6.40600E-06
  4570.0      6.35020E-06
  4590.0      6.29520E-06
  4610.0      6.23280E-06
  4630.0      6.15840E-06
  4650.0      5.91370E-06
  4670.0      5.93540E-06
  4690.0      5.98080E-06
  4710.0      5.96770E-06
  4730.0      5.92930E-06
  4750.0      5.87970E-06
  4770.0      5.83070E-06
  4790.0      5.78230E-06
  4810.0      5.73450E-06
  4830.0      5.68730E-06
  4850.0      5.64060E-06
  4870.0      5.59450E-06
  4890.0      5.54900E-06
  4910.0      5.50400E-06
  4930.0      5.45960E-06
  4950.0      5.41570E-06
  4970.0      5.37230E-06
  4990.0      5.32950E-06
  5010.0      5.28710E-06
  5030.0      5.24530E-06
  5050.0      5.20390E-06
  5070.0      5.16300E-06
  5090.0      5.11560E-06
  5110.0      5.04700E-06
  5130.0      4.91500E-06
  5150.0      4.97650E-06
  5170.0      4.96140E-06
  5190.0      4.92770E-06
  5210.0      4.89000E-06
  5230.0      4.85280E-06
  5250.0      4.81600E-06
  5270.0      4.77960E-06
  5290.0      4.74360E-06
  5310.0      4.70810E-06
  5330.0      4.67290E-06
  5350.0      4.63810E-06
  5370.0      4.60370E-06
  5390.0      4.56960E-06
  5410.0      4.53600E-06
  5430.0      4.50280E-06
  5450.0      4.46990E-06
  5470.0      4.43730E-06
  5490.0      4.40510E-06
  5510.0      4.37320E-06
  5530.0      4.34170E-06
  5550.0      4.31050E-06
  5570.0      4.27970E-06
  5590.0      4.24920E-06
  5610.0      4.21900E-06
  5630.0      4.18920E-06
  5650.0      4.15960E-06
  5670.0      4.13040E-06
  5690.0      4.10140E-06
  5710.0      4.06530E-06
  5730.0      4.04440E-06
  5750.0      4.01640E-06
  5770.0      3.98870E-06
  5790.0      3.96120E-06
  5810.0      3.93410E-06
  5830.0      3.90710E-06
  5850.0      3.88240E-06
  5870.0      3.84910E-06
  5890.0      3.79760E-06
  5910.0      3.69160E-06
  5930.0      3.75210E-06
  5950.0      3.73340E-06
  5970.0      3.71470E-06
  5990.0      3.70100E-06
  6010.0      3.67870E-06
  6030.0      3.65440E-06
  6050.0      3.63030E-06
  6070.0      3.60640E-06
  6090.0      3.58280E-06
  6110.0      3.55940E-06
  6130.0      3.53630E-06
  6150.0      3.51330E-06
  6170.0      3.49060E-06
  6190.0      3.46810E-06
  6210.0      3.44580E-06
  6230.0      3.42370E-06
  6250.0      3.40180E-06
  6270.0      3.36970E-06
  6290.0      3.33300E-06
  6310.0      3.32490E-06
  6330.0      3.31460E-06
  6350.0      3.29570E-06
  6370.0      3.27500E-06
  6390.0      3.25460E-06
  6420.0      3.22430E-06
  6460.0      3.18450E-06
  6500.0      3.14550E-06
  6540.0      3.10710E-06
  6580.0      3.06950E-06
  6620.0      3.03250E-06
  6660.0      2.99620E-06
  6700.0      2.96050E-06
  6740.0      2.91780E-06
  6780.0      2.86500E-06
  6820.0      2.85540E-06
  6860.0      2.82410E-06
  6900.0      2.79150E-06
  6940.0      2.75940E-06
  6980.0      2.72790E-06
  7020.0      2.69690E-06
  7060.0      2.66640E-06
  7100.0      2.63650E-06
  7140.0      2.60700E-06
  7180.0      2.57800E-06
  7220.0      2.54950E-06
  7260.0      2.52150E-06
  7300.0      2.49390E-06
  7340.0      2.46680E-06
  7380.0      2.44010E-06
  7420.0      2.40650E-06
  7460.0      2.33470E-06
  7500.0      2.30190E-06
  7540.0      2.32430E-06
  7580.0      2.31210E-06
  7620.0      2.28880E-06
  7660.0      2.26490E-06
  7700.0      2.24150E-06
  7740.0      2.21830E-06
  7780.0      2.19550E-06
  7820.0      2.17310E-06
  7860.0      2.15110E-06
  7900.0      2.12940E-06
  7940.0      2.10790E-06
  7980.0      2.08680E-06
  8020.0      2.06610E-06
  8060.0      2.04560E-06
  8100.0      2.02540E-06
  8140.0      2.00430E-06
  8180.0      1.98590E-06
  8220.0      1.96670E-06
  8260.0      1.94770E-06
  8300.0      1.92890E-06
  8340.0      1.91050E-06
  8380.0      1.89220E-06
  8420.0      1.87430E-06
  8460.0      1.85660E-06
  8500.0      1.83920E-06
  8540.0      1.82190E-06
  8580.0      1.80500E-06
  8620.0      1.78820E-06
  8660.0      1.76600E-06
  8700.0      1.75250E-06
  8740.0      1.72160E-06
  8780.0      1.70610E-06
  8820.0      1.70730E-06
  8860.0      1.69260E-06
  8900.0      1.67740E-06
  8940.0      1.66240E-06
  8980.0      1.64760E-06
  9020.0      1.63300E-06
  9060.0      1.61860E-06
  9100.0      1.60440E-06
  9140.0      1.59030E-06
  9180.0      1.57650E-06
  9220.0      1.56280E-06
  9260.0      1.54930E-06
  9300.0      1.53600E-06
  9340.0      1.52260E-06
  9380.0      1.50210E-06
  9420.0      1.49330E-06
  9460.0      1.48440E-06
  9500.0      1.47190E-06
  9540.0      1.45960E-06
  9580.0      1.44740E-06
  9620.0      1.43540E-06
  9660.0      1.42350E-06
  9700.0      1.41180E-06
  9740.0      1.40020E-06
  9780.0      1.38870E-06
  9820.0      1.37740E-06
  9860.0      1.36620E-06
  9900.0      1.35520E-06
  9940.0      1.34430E-06
  9980.0      1.33350E-06
  10020.      1.32290E-06
  20000.      3.30380E-07
  40000.      8.17470E-08
  60000.      3.60570E-08
  80000.      2.01700E-08
 1.00000E+05  1.28530E-08
 1.20000E+05  8.89510E-09
 1.40000E+05  6.51660E-09
 1.60000E+05  4.97710E-09
