 Castelli and Kurucz 2004-2012 Atmosphere
 T     40000.     G    5.00000 [-2.5a] N(He)/Ntot=0.0784 VTURB=2  L/H=1.25 NOVE
 Wavelength  Eddington Hnu
   (nm)    (ergs/s/cm2/Hz/sr)
  9.0900      4.35220E-23
  9.3500      1.63250E-22
  9.6100      5.73170E-22
  9.7700      1.20470E-21
  9.9600      2.82870E-21
  10.200      7.97680E-21
  10.380      1.68810E-20
  10.560      3.49030E-20
  10.770      7.92190E-20
  11.040      2.18020E-19
  11.400      7.85610E-19
  11.780      2.81590E-18
  12.130      8.55440E-18
  12.480      2.45320E-17
  12.710      4.76130E-17
  12.840      6.85840E-17
  13.050      1.21910E-16
  13.240      2.02170E-16
  13.390      2.98530E-16
  13.660      5.90210E-16
  13.980      1.28190E-15
  14.330      2.88240E-15
  14.720      6.80610E-15
  15.100      1.50870E-14
  15.520      3.47900E-14
  15.880      6.87980E-14
  16.200      1.23020E-13
  16.600      2.46540E-13
  17.030      5.01970E-13
  17.340      8.19970E-13
  17.680      1.37720E-12
  18.020      2.26780E-12
  18.170      2.80870E-12
  18.610      5.15900E-12
  19.100      9.81820E-12
  19.390      1.41460E-11
  19.840      2.43960E-11
  20.180      3.62250E-11
  20.500      5.19100E-11
  21.050      9.38360E-11
  21.620      1.67700E-10
  21.980      2.38130E-10
  22.300      3.22000E-10
  22.680      4.55450E-10
  23.000      8.70010E-09
  23.400      3.35280E-08
  24.000      1.01720E-07
  24.650      6.78780E-07
  25.240      2.54410E-06
  25.680      1.87630E-06
  26.000      9.36840E-06
  26.400      1.73740E-05
  26.850      2.78450E-05
  27.350      3.90200E-05
  27.850      4.50760E-05
  28.400      5.86380E-05
  29.000      6.74420E-05
  29.600      5.25620E-05
  30.100      1.04980E-05
  30.800      3.16530E-05
  31.800      7.80290E-05
  32.800      9.43370E-05
  33.800      9.77380E-05
  34.800      1.08700E-04
  35.700      1.22030E-04
  36.600      1.34090E-04
  37.500      1.39170E-04
  38.500      1.40860E-04
  39.500      1.55730E-04
  40.500      1.65560E-04
  41.400      1.73110E-04
  42.200      1.75180E-04
  43.000      1.80430E-04
  44.100      1.94380E-04
  45.100      2.03460E-04
  46.000      2.09380E-04
  47.000      2.21800E-04
  48.000      2.35010E-04
  49.000      2.41400E-04
  50.000      2.61310E-04
  50.600      4.01330E-04
  51.200      7.00140E-04
  52.000      7.09550E-04
  53.000      7.41110E-04
  54.000      7.21750E-04
  55.000      7.53310E-04
  56.000      8.08170E-04
  57.000      8.35460E-04
  58.000      8.34320E-04
  59.000      8.74110E-04
  60.000      8.76320E-04
  61.000      8.82170E-04
  62.000      9.29960E-04
  63.000      9.46510E-04
  64.000      9.73910E-04
  65.000      9.82220E-04
  65.800      9.75370E-04
  66.500      1.00980E-03
  67.500      1.04290E-03
  68.500      1.03490E-03
  69.500      1.07910E-03
  70.500      1.06220E-03
  71.600      1.11840E-03
  72.600      1.13910E-03
  73.500      1.15660E-03
  74.500      1.16410E-03
  75.500      1.17890E-03
  76.500      1.19020E-03
  77.500      1.21540E-03
  78.500      1.22660E-03
  79.500      1.24460E-03
  80.500      1.26240E-03
  81.500      1.28090E-03
  82.500      1.30460E-03
  83.500      1.27630E-03
  84.500      1.32980E-03
  85.500      1.33890E-03
  86.500      1.36350E-03
  87.500      1.37820E-03
  88.500      1.39120E-03
  89.500      1.40370E-03
  90.500      1.40560E-03
  91.500      1.19250E-03
  92.500      2.05150E-03
  93.500      2.73360E-03
  94.500      3.69520E-03
  95.500      4.10430E-03
  96.500      4.91760E-03
  97.500      3.71870E-03
  98.500      4.99140E-03
  99.500      4.64360E-03
  100.50      5.00950E-03
  101.50      4.94530E-03
  102.50      3.64170E-03
  103.50      4.84690E-03
  104.50      4.91060E-03
  105.50      4.88570E-03
  106.50      4.78980E-03
  107.50      4.76220E-03
  108.50      4.47010E-03
  109.50      4.74240E-03
  110.50      4.69820E-03
  111.50      4.65230E-03
  112.50      4.56270E-03
  113.50      4.60280E-03
  114.50      4.56860E-03
  115.50      4.50540E-03
  116.50      4.48540E-03
  117.50      4.24340E-03
  118.50      4.41580E-03
  119.50      4.37730E-03
  120.50      4.30310E-03
  121.50      3.29140E-03
  122.50      4.22670E-03
  123.50      4.24060E-03
  124.50      4.19870E-03
  125.50      4.20570E-03
  126.50      4.17520E-03
  127.50      4.14490E-03
  128.50      4.11450E-03
  129.50      4.07780E-03
  130.50      4.04970E-03
  131.50      4.02200E-03
  132.50      3.98980E-03
  133.50      3.96080E-03
  134.50      3.93280E-03
  135.50      3.90150E-03
  136.50      3.87000E-03
  137.50      3.83260E-03
  138.50      3.81200E-03
  139.50      3.74230E-03
  140.50      3.71060E-03
  141.50      3.72820E-03
  142.50      3.69580E-03
  143.50      3.67360E-03
  144.20      3.65150E-03
  144.70      3.63870E-03
  145.50      3.61570E-03
  146.50      3.59060E-03
  147.50      3.56490E-03
  148.50      3.54230E-03
  149.50      3.51480E-03
  150.50      3.49060E-03
  151.20      3.47380E-03
  151.70      3.45950E-03
  152.50      3.43820E-03
  153.50      3.40440E-03
  154.50      3.31860E-03
  155.50      3.30740E-03
  156.50      3.32840E-03
  157.50      3.31070E-03
  158.50      3.28840E-03
  159.50      3.26500E-03
  160.50      3.23260E-03
  161.50      3.20920E-03
  162.50      3.17910E-03
  163.50      3.08840E-03
  164.50      2.94920E-03
  165.50      3.12560E-03
  166.50      3.10470E-03
  167.20      3.08440E-03
  167.70      3.08330E-03
  168.50      3.06500E-03
  169.50      3.04410E-03
  170.50      3.02170E-03
  171.50      2.97950E-03
  172.50      2.97050E-03
  173.50      2.96220E-03
  174.50      2.94040E-03
  175.50      2.91840E-03
  176.50      2.90070E-03
  177.50      2.88150E-03
  178.50      2.86230E-03
  179.50      2.84190E-03
  180.50      2.82310E-03
  181.50      2.80400E-03
  182.50      2.78470E-03
  183.50      2.76680E-03
  184.50      2.74770E-03
  185.50      2.72870E-03
  186.50      2.71030E-03
  187.50      2.69220E-03
  188.50      2.67440E-03
  189.50      2.65740E-03
  190.50      2.64000E-03
  191.50      2.62240E-03
  192.50      2.60220E-03
  193.50      2.58810E-03
  194.50      2.57120E-03
  195.50      2.55410E-03
  196.70      2.53430E-03
  197.60      2.51950E-03
  198.40      2.50650E-03
  199.50      2.48850E-03
  200.50      2.47260E-03
  201.50      2.45670E-03
  202.50      2.44090E-03
  203.50      2.42530E-03
  204.50      2.40970E-03
  205.50      1.88360E-03
  206.50      1.82150E-03
  207.40      1.84540E-03
  207.80      1.88150E-03
  208.50      1.97360E-03
  209.50      2.17430E-03
  210.50      2.30460E-03
  211.50      2.31280E-03
  212.50      2.29940E-03
  213.50      2.28070E-03
  214.50      2.26970E-03
  215.50      2.28280E-03
  216.50      2.22190E-03
  217.50      2.27150E-03
  218.50      2.18990E-03
  219.50      2.24370E-03
  220.50      2.23530E-03
  221.50      2.14290E-03
  222.50      2.20720E-03
  223.50      2.19600E-03
  224.50      2.17860E-03
  225.50      2.09080E-03
  226.50      2.15510E-03
  227.50      2.14230E-03
  228.50      2.12850E-03
  229.50      2.10270E-03
  230.50      2.02980E-03
  231.50      2.08700E-03
  232.50      2.07770E-03
  233.50      2.06520E-03
  234.50      2.05270E-03
  235.50      2.04030E-03
  236.50      2.02810E-03
  237.50      2.01570E-03
  238.50      1.93590E-03
  239.50      1.98920E-03
  240.50      1.98010E-03
  241.50      1.96820E-03
  242.50      1.95670E-03
  243.50      1.94520E-03
  244.50      1.93380E-03
  245.50      1.92210E-03
  246.50      1.91120E-03
  247.50      1.90010E-03
  248.50      1.88900E-03
  249.50      1.84510E-03
  250.50      1.85820E-03
  251.30      1.73410E-03
  251.80      1.84690E-03
  252.50      1.84560E-03
  253.50      1.83520E-03
  254.50      1.82470E-03
  255.50      1.81430E-03
  256.50      1.80400E-03
  257.50      1.79380E-03
  258.50      1.78370E-03
  259.50      1.77330E-03
  260.50      1.76520E-03
  261.50      1.75520E-03
  262.50      1.74540E-03
  263.50      1.73570E-03
  264.50      1.72600E-03
  265.50      1.71610E-03
  266.50      1.70610E-03
  267.50      1.69590E-03
  268.50      1.68810E-03
  269.50      1.67680E-03
  270.50      1.66970E-03
  271.50      1.66050E-03
  272.50      1.64790E-03
  273.50      1.59340E-03
  274.50      1.63350E-03
  275.50      1.62470E-03
  276.50      1.61230E-03
  277.50      1.60720E-03
  278.50      1.59850E-03
  279.50      1.58960E-03
  280.50      1.58140E-03
  281.50      1.57300E-03
  282.50      1.56090E-03
  283.50      1.55450E-03
  284.50      1.54810E-03
  285.50      1.53990E-03
  286.50      1.53180E-03
  287.50      1.52380E-03
  288.50      1.51580E-03
  289.50      1.50780E-03
  291.00      1.49610E-03
  293.00      1.48060E-03
  295.00      1.46210E-03
  297.00      1.45020E-03
  299.00      1.43520E-03
  301.00      1.42080E-03
  303.00      1.40620E-03
  305.00      1.39210E-03
  307.00      1.37840E-03
  309.00      1.36470E-03
  311.00      1.35110E-03
  313.00      1.33800E-03
  315.00      1.32490E-03
  317.00      1.31190E-03
  319.00      1.29440E-03
  321.00      1.26770E-03
  323.00      1.27420E-03
  325.00      1.26190E-03
  327.00      1.24950E-03
  329.00      1.23770E-03
  331.00      1.22640E-03
  333.00      1.21490E-03
  335.00      1.20280E-03
  337.00      1.19230E-03
  339.00      1.18120E-03
  341.00      1.17030E-03
  343.00      1.15860E-03
  345.00      1.14680E-03
  347.00      1.13740E-03
  349.00      1.12810E-03
  351.00      1.11810E-03
  353.00      1.10750E-03
  355.00      1.09710E-03
  357.00      1.08930E-03
  359.00      1.07680E-03
  361.00      1.06870E-03
  363.00      1.05750E-03
  364.00      1.04050E-03
  365.00      9.71370E-04
  367.00      9.64440E-04
  369.00      9.57790E-04
  371.00      9.52170E-04
  373.00      9.53270E-04
  375.00      9.59270E-04
  377.00      9.60310E-04
  379.00      9.75150E-04
  381.00      9.94520E-04
  383.00      9.39270E-04
  385.00      9.98330E-04
  387.00      1.00760E-03
  389.00      9.06030E-04
  391.00      9.96100E-04
  393.00      9.88470E-04
  395.00      9.82100E-04
  397.00      8.73270E-04
  399.00      9.63020E-04
  401.00      9.62330E-04
  403.00      9.31870E-04
  405.00      9.51510E-04
  407.00      9.41070E-04
  409.00      9.01110E-04
  411.00      8.44130E-04
  413.00      9.14330E-04
  415.00      9.10350E-04
  417.00      9.05760E-04
  419.00      8.94220E-04
  421.00      8.79960E-04
  423.00      8.84350E-04
  425.00      8.77240E-04
  427.00      8.70210E-04
  429.00      8.63270E-04
  431.00      8.53470E-04
  433.00      8.10660E-04
  435.00      7.76070E-04
  437.00      8.32380E-04
  439.00      8.22200E-04
  441.00      8.23270E-04
  443.00      8.16370E-04
  445.00      8.10620E-04
  447.00      7.90340E-04
  449.00      7.98150E-04
  451.00      7.92090E-04
  453.00      7.84600E-04
  455.00      7.66750E-04
  457.00      7.74180E-04
  459.00      7.68340E-04
  461.00      7.62570E-04
  463.00      7.56800E-04
  465.00      7.50740E-04
  467.00      7.44840E-04
  469.00      7.17210E-04
  471.00      7.31310E-04
  473.00      7.29280E-04
  475.00      7.23940E-04
  477.00      7.18660E-04
  479.00      7.13440E-04
  481.00      7.08260E-04
  483.00      7.00620E-04
  485.00      6.72420E-04
  487.00      6.35670E-04
  489.00      6.84350E-04
  491.00      6.82820E-04
  493.00      6.71640E-04
  495.00      6.73620E-04
  497.00      6.68890E-04
  499.00      6.64200E-04
  501.00      6.56500E-04
  503.00      6.54950E-04
  505.00      6.49480E-04
  507.00      6.45910E-04
  509.00      6.41450E-04
  511.00      6.37040E-04
  513.00      6.32680E-04
  515.00      6.28360E-04
  517.00      6.24080E-04
  519.00      6.19850E-04
  521.00      6.15660E-04
  523.00      6.11510E-04
  525.00      6.07400E-04
  527.00      6.03330E-04
  529.00      5.99310E-04
  531.00      5.95320E-04
  533.00      5.91380E-04
  535.00      5.87470E-04
  537.00      5.83600E-04
  539.00      5.79760E-04
  541.00      5.65730E-04
  543.00      5.72100E-04
  545.00      5.68490E-04
  547.00      5.64810E-04
  549.00      5.61160E-04
  551.00      5.57540E-04
  553.00      5.53970E-04
  555.00      5.50420E-04
  557.00      5.46910E-04
  559.00      5.43400E-04
  561.00      5.39990E-04
  563.00      5.36580E-04
  565.00      5.33200E-04
  567.00      5.29850E-04
  569.00      5.22140E-04
  571.00      4.99240E-04
  573.00      4.96340E-04
  575.00      4.93470E-04
  577.00      4.90630E-04
  579.00      4.87880E-04
  581.00      4.85250E-04
  583.00      4.82910E-04
  585.00      4.80970E-04
  587.00      4.73960E-04
  589.00      4.77730E-04
  591.00      4.76910E-04
  593.00      4.76040E-04
  595.00      4.75330E-04
  597.00      4.74760E-04
  599.00      4.74460E-04
  601.00      4.73590E-04
  603.00      4.72350E-04
  605.00      4.71690E-04
  607.00      4.69160E-04
  609.00      4.66880E-04
  611.00      4.63960E-04
  613.00      4.61410E-04
  615.00      4.58720E-04
  617.00      4.55760E-04
  619.00      4.53390E-04
  621.00      4.50760E-04
  623.00      4.47590E-04
  625.00      4.45560E-04
  627.00      4.43010E-04
  629.00      4.40460E-04
  631.00      4.36980E-04
  633.00      4.35440E-04
  635.00      4.32980E-04
  637.00      4.30520E-04
  639.00      4.28070E-04
  641.00      4.24140E-04
  643.00      4.23270E-04
  645.00      4.20900E-04
  647.00      4.18550E-04
  649.00      4.16210E-04
  651.00      4.13510E-04
  653.00      4.08310E-04
  655.00      4.00630E-04
  657.00      3.76080E-04
  659.00      4.02680E-04
  661.00      4.02540E-04
  663.00      4.00410E-04
  665.00      3.98280E-04
  667.00      3.93770E-04
  669.00      3.89420E-04
  671.00      3.91800E-04
  673.00      3.89720E-04
  675.00      3.87620E-04
  677.00      3.85540E-04
  679.00      3.83480E-04
  681.00      3.81430E-04
  683.00      3.79400E-04
  685.00      3.77380E-04
  687.00      3.75380E-04
  689.00      3.70290E-04
  691.00      3.71280E-04
  693.00      3.69480E-04
  695.00      3.67540E-04
  697.00      3.65620E-04
  699.00      3.63710E-04
  701.00      3.61820E-04
  703.00      3.59940E-04
  705.00      3.58080E-04
  707.00      3.53880E-04
  709.00      3.54400E-04
  711.00      3.52580E-04
  713.00      3.50780E-04
  715.00      3.48980E-04
  717.00      3.44930E-04
  719.00      3.44060E-04
  721.00      3.43690E-04
  723.00      3.41950E-04
  725.00      3.40230E-04
  727.00      3.38520E-04
  729.00      3.35760E-04
  731.00      3.35130E-04
  733.00      3.33460E-04
  735.00      3.31790E-04
  737.00      3.30150E-04
  739.00      3.28510E-04
  741.00      3.26880E-04
  743.00      3.25270E-04
  745.00      3.23680E-04
  747.00      3.22090E-04
  749.00      3.20510E-04
  751.00      3.18940E-04
  753.00      3.17390E-04
  755.00      3.15850E-04
  757.00      3.14310E-04
  759.00      3.09170E-04
  761.00      3.11050E-04
  763.00      3.09790E-04
  765.00      3.08300E-04
  767.00      3.06820E-04
  769.00      3.05350E-04
  771.00      3.03900E-04
  773.00      3.02450E-04
  775.00      3.01020E-04
  777.00      2.99590E-04
  779.00      2.98170E-04
  781.00      2.96740E-04
  783.00      2.95370E-04
  785.00      2.94060E-04
  787.00      2.92680E-04
  789.00      2.91310E-04
  791.00      2.89960E-04
  793.00      2.88610E-04
  795.00      2.87270E-04
  797.00      2.85940E-04
  799.00      2.84620E-04
  801.00      2.83310E-04
  803.00      2.82010E-04
  805.00      2.80710E-04
  807.00      2.79430E-04
  809.00      2.78150E-04
  811.00      2.76880E-04
  813.00      2.75630E-04
  815.00      2.74370E-04
  817.00      2.73130E-04
  819.00      2.71100E-04
  821.00      2.63690E-04
  823.00      2.61020E-04
  825.00      2.61060E-04
  827.00      2.60230E-04
  829.00      2.59290E-04
  831.00      2.58210E-04
  833.00      2.57070E-04
  835.00      2.55800E-04
  837.00      2.54860E-04
  839.00      2.53840E-04
  841.00      2.52800E-04
  843.00      2.51750E-04
  845.00      2.50450E-04
  847.00      2.49760E-04
  849.00      2.48790E-04
  851.00      2.47950E-04
  853.00      2.46930E-04
  855.00      2.46030E-04
  857.00      2.45390E-04
  859.00      2.43710E-04
  861.00      2.43380E-04
  863.00      2.43190E-04
  865.00      2.41640E-04
  867.00      2.39900E-04
  869.00      2.40860E-04
  871.00      2.40640E-04
  873.00      2.38700E-04
  875.00      2.34910E-04
  877.00      2.36490E-04
  879.00      2.37970E-04
  881.00      2.37690E-04
  883.00      2.36510E-04
  885.00      2.31570E-04
  887.00      2.27370E-04
  889.00      2.32840E-04
  891.00      2.33790E-04
  893.00      2.33320E-04
  895.00      2.32680E-04
  897.00      2.31330E-04
  899.00      2.27970E-04
  901.00      2.18990E-04
  903.00      2.21550E-04
  905.00      2.26430E-04
  907.00      2.26120E-04
  909.00      2.26130E-04
  911.00      2.25390E-04
  913.00      2.24980E-04
  915.00      2.24020E-04
  917.00      2.22410E-04
  919.00      2.20780E-04
  921.00      2.15800E-04
  923.00      2.05770E-04
  925.00      2.13730E-04
  927.00      2.17040E-04
  929.00      2.17130E-04
  931.00      2.16430E-04
  933.00      2.15720E-04
  935.00      2.11190E-04
  937.00      2.13770E-04
  939.00      2.13420E-04
  941.00      2.12570E-04
  943.00      2.11730E-04
  945.00      2.10880E-04
  947.00      2.09610E-04
  949.00      2.08620E-04
  951.00      2.06220E-04
  953.00      2.01090E-04
  955.00      1.91610E-04
  957.00      2.01310E-04
  959.00      2.03840E-04
  961.00      2.03760E-04
  963.00      2.03190E-04
  965.00      2.02740E-04
  967.00      2.01950E-04
  969.00      2.01130E-04
  971.00      2.00220E-04
  973.00      1.99610E-04
  975.00      1.98750E-04
  977.00      1.97620E-04
  979.00      1.97310E-04
  981.00      1.96550E-04
  983.00      1.95800E-04
  985.00      1.95050E-04
  987.00      1.94310E-04
  989.00      1.93570E-04
  991.00      1.92830E-04
  993.00      1.92100E-04
  995.00      1.91370E-04
  997.00      1.90640E-04
  999.00      1.89490E-04
  1002.5      1.83870E-04
  1007.5      1.80820E-04
  1012.5      1.82550E-04
  1017.5      1.83460E-04
  1022.5      1.81750E-04
  1027.5      1.80100E-04
  1032.5      1.78160E-04
  1037.5      1.76830E-04
  1042.5      1.74840E-04
  1047.5      1.73650E-04
  1052.5      1.72100E-04
  1057.5      1.70560E-04
  1062.5      1.69040E-04
  1067.5      1.67470E-04
  1072.5      1.66070E-04
  1077.5      1.64610E-04
  1082.5      1.62490E-04
  1087.5      1.61350E-04
  1092.5      1.53210E-04
  1097.5      1.56530E-04
  1102.5      1.57260E-04
  1107.5      1.56220E-04
  1112.5      1.54930E-04
  1117.5      1.53650E-04
  1122.5      1.52340E-04
  1127.5      1.51070E-04
  1132.5      1.49810E-04
  1137.5      1.48560E-04
  1142.5      1.47330E-04
  1147.5      1.46110E-04
  1152.5      1.44910E-04
  1157.5      1.43720E-04
  1162.5      1.41430E-04
  1167.5      1.40790E-04
  1172.5      1.40240E-04
  1177.5      1.39110E-04
  1182.5      1.37990E-04
  1187.5      1.36880E-04
  1192.5      1.35790E-04
  1197.5      1.34160E-04
  1202.5      1.33650E-04
  1207.5      1.32600E-04
  1212.5      1.31560E-04
  1217.5      1.30530E-04
  1222.5      1.29510E-04
  1227.5      1.28510E-04
  1232.5      1.27510E-04
  1237.5      1.26530E-04
  1242.5      1.25560E-04
  1247.5      1.24600E-04
  1252.5      1.23580E-04
  1257.5      1.22720E-04
  1262.5      1.21790E-04
  1267.5      1.20870E-04
  1272.5      1.19940E-04
  1277.5      1.17820E-04
  1282.5      1.12750E-04
  1287.5      1.16700E-04
  1292.5      1.16440E-04
  1297.5      1.15340E-04
  1302.5      1.14740E-04
  1307.5      1.13900E-04
  1312.5      1.13070E-04
  1317.5      1.12250E-04
  1322.5      1.11440E-04
  1327.5      1.10640E-04
  1332.5      1.09840E-04
  1337.5      1.09060E-04
  1342.5      1.08260E-04
  1347.5      1.07510E-04
  1352.5      1.06750E-04
  1357.5      1.06000E-04
  1362.5      1.05250E-04
  1367.5      1.04520E-04
  1372.5      1.03790E-04
  1377.5      1.03070E-04
  1382.5      1.02350E-04
  1387.5      1.01640E-04
  1392.5      1.00950E-04
  1397.5      1.00250E-04
  1402.5      9.95680E-05
  1407.5      9.88890E-05
  1412.5      9.82180E-05
  1417.5      9.75530E-05
  1422.5      9.68960E-05
  1427.5      9.62440E-05
  1432.5      9.56000E-05
  1437.5      9.49610E-05
  1442.5      9.43290E-05
  1447.5      9.37040E-05
  1452.5      9.30840E-05
  1457.0      9.25320E-05
  1462.0      9.19390E-05
  1467.5      9.12770E-05
  1472.5      9.06530E-05
  1477.5      8.95200E-05
  1482.5      8.95070E-05
  1487.5      8.89380E-05
  1492.5      8.83690E-05
  1497.5      8.78040E-05
  1502.5      8.72440E-05
  1507.5      8.66390E-05
  1512.5      8.61380E-05
  1517.5      8.55930E-05
  1522.5      8.50550E-05
  1527.5      8.45180E-05
  1532.5      8.39860E-05
  1537.5      8.34620E-05
  1542.5      8.29340E-05
  1547.5      8.24270E-05
  1552.5      8.19110E-05
  1557.5      8.13840E-05
  1562.5      8.09120E-05
  1567.5      8.03720E-05
  1572.5      7.98610E-05
  1577.5      7.94430E-05
  1582.5      7.89390E-05
  1587.5      7.83050E-05
  1592.5      7.79390E-05
  1597.5      7.75600E-05
  1605.0      7.67730E-05
  1615.0      7.57270E-05
  1625.0      7.52010E-05
  1635.0      7.40050E-05
  1645.0      7.29000E-05
  1655.0      7.25970E-05
  1665.0      7.17560E-05
  1675.0      7.05070E-05
  1685.0      6.93570E-05
  1695.0      6.93030E-05
  1705.0      6.83560E-05
  1715.0      6.77590E-05
  1725.0      6.69300E-05
  1735.0      6.51170E-05
  1745.0      6.53000E-05
  1755.0      6.47960E-05
  1765.0      6.40870E-05
  1775.0      6.33880E-05
  1785.0      6.27010E-05
  1795.0      6.20240E-05
  1805.0      6.13180E-05
  1815.0      5.95420E-05
  1825.0      5.97160E-05
  1835.0      5.94250E-05
  1845.0      5.88020E-05
  1855.0      5.81870E-05
  1865.0      5.69660E-05
  1875.0      5.55310E-05
  1885.0      5.63600E-05
  1895.0      5.58280E-05
  1905.0      5.51760E-05
  1915.0      5.46980E-05
  1925.0      5.41480E-05
  1935.0      5.34910E-05
  1945.0      5.17690E-05
  1955.0      5.24100E-05
  1965.0      5.20240E-05
  1975.0      5.15130E-05
  1985.0      5.10090E-05
  1995.0      5.05120E-05
  2005.0      5.00230E-05
  2015.0      4.95410E-05
  2025.0      4.90650E-05
  2035.0      4.85960E-05
  2045.0      4.81310E-05
  2055.0      4.76540E-05
  2065.0      4.72300E-05
  2075.0      4.67870E-05
  2085.0      4.63500E-05
  2095.0      4.59200E-05
  2105.0      4.54950E-05
  2115.0      4.50230E-05
  2125.0      4.46640E-05
  2135.0      4.42570E-05
  2145.0      4.38510E-05
  2155.0      4.33880E-05
  2165.0      4.19310E-05
  2175.0      4.25360E-05
  2185.0      4.22950E-05
  2195.0      4.19260E-05
  2205.0      4.15550E-05
  2215.0      4.11900E-05
  2225.0      4.08280E-05
  2235.0      4.04730E-05
  2245.0      4.01210E-05
  2255.0      3.97740E-05
  2265.0      3.94320E-05
  2275.0      3.90940E-05
  2285.0      3.88050E-05
  2295.0      3.84750E-05
  2305.0      3.81460E-05
  2315.0      3.78280E-05
  2325.0      3.75100E-05
  2335.0      3.71960E-05
  2345.0      3.68870E-05
  2355.0      3.65810E-05
  2365.0      3.62790E-05
  2375.0      3.59800E-05
  2385.0      3.56850E-05
  2395.0      3.53940E-05
  2405.0      3.51070E-05
  2415.0      3.48230E-05
  2425.0      3.45420E-05
  2435.0      3.42650E-05
  2445.0      3.39910E-05
  2455.0      3.37200E-05
  2465.0      3.34520E-05
  2475.0      3.31670E-05
  2485.0      3.29270E-05
  2495.0      3.26690E-05
  2505.0      3.24140E-05
  2515.0      3.21610E-05
  2525.0      3.19120E-05
  2535.0      3.16660E-05
  2545.0      3.14220E-05
  2555.0      3.11810E-05
  2565.0      3.09310E-05
  2575.0      3.07080E-05
  2585.0      3.04760E-05
  2595.0      3.02450E-05
  2605.0      2.99820E-05
  2615.0      2.96290E-05
  2625.0      2.87360E-05
  2635.0      2.92340E-05
  2645.0      2.91330E-05
  2655.0      2.89100E-05
  2665.0      2.86790E-05
  2675.0      2.83750E-05
  2685.0      2.82590E-05
  2695.0      2.80820E-05
  2705.0      2.78780E-05
  2715.0      2.76770E-05
  2725.0      2.74780E-05
  2735.0      2.72810E-05
  2745.0      2.70700E-05
  2755.0      2.67230E-05
  2765.0      2.66060E-05
  2775.0      2.65130E-05
  2785.0      2.63270E-05
  2795.0      2.61420E-05
  2805.0      2.59590E-05
  2815.0      2.57780E-05
  2825.0      2.55990E-05
  2835.0      2.54220E-05
  2845.0      2.52460E-05
  2855.0      2.50690E-05
  2865.0      2.47980E-05
  2875.0      2.44730E-05
  2885.0      2.45230E-05
  2895.0      2.43960E-05
  2905.0      2.42310E-05
  2915.0      2.40680E-05
  2925.0      2.39060E-05
  2935.0      2.37460E-05
  2945.0      2.35880E-05
  2955.0      2.34310E-05
  2965.0      2.32760E-05
  2975.0      2.31220E-05
  2985.0      2.29700E-05
  2995.0      2.28190E-05
  3005.0      2.26690E-05
  3015.0      2.25210E-05
  3025.0      2.23530E-05
  3035.0      2.19660E-05
  3045.0      2.19090E-05
  3055.0      2.19310E-05
  3065.0      2.18040E-05
  3075.0      2.16640E-05
  3085.0      2.15260E-05
  3095.0      2.13900E-05
  3105.0      2.12540E-05
  3115.0      2.11200E-05
  3125.0      2.09870E-05
  3135.0      2.08550E-05
  3145.0      2.07250E-05
  3155.0      2.05950E-05
  3165.0      2.04670E-05
  3175.0      2.03400E-05
  3185.0      2.02150E-05
  3195.0      2.00900E-05
  3210.0      1.99050E-05
  3230.0      1.96630E-05
  3250.0      1.94250E-05
  3270.0      1.91910E-05
  3290.0      1.87270E-05
  3310.0      1.86740E-05
  3330.0      1.85230E-05
  3350.0      1.83070E-05
  3370.0      1.80930E-05
  3390.0      1.78820E-05
  3410.0      1.76760E-05
  3430.0      1.74730E-05
  3450.0      1.72730E-05
  3470.0      1.70770E-05
  3490.0      1.68840E-05
  3510.0      1.66950E-05
  3530.0      1.65080E-05
  3550.0      1.63250E-05
  3570.0      1.61450E-05
  3590.0      1.59670E-05
  3610.0      1.57930E-05
  3630.0      1.56210E-05
  3650.0      1.54520E-05
  3670.0      1.52860E-05
  3690.0      1.51230E-05
  3710.0      1.49540E-05
  3730.0      1.46890E-05
  3750.0      1.44900E-05
  3770.0      1.44940E-05
  3790.0      1.43430E-05
  3810.0      1.41950E-05
  3830.0      1.40480E-05
  3850.0      1.39040E-05
  3870.0      1.37620E-05
  3890.0      1.36220E-05
  3910.0      1.34850E-05
  3930.0      1.33490E-05
  3950.0      1.32160E-05
  3970.0      1.30840E-05
  3990.0      1.29540E-05
  4010.0      1.28210E-05
  4030.0      1.26790E-05
  4050.0      1.23740E-05
  4070.0      1.24500E-05
  4090.0      1.23340E-05
  4110.0      1.22150E-05
  4130.0      1.20960E-05
  4150.0      1.19830E-05
  4170.0      1.18350E-05
  4190.0      1.17570E-05
  4210.0      1.16470E-05
  4230.0      1.15380E-05
  4250.0      1.14290E-05
  4270.0      1.13240E-05
  4290.0      1.12150E-05
  4310.0      1.11170E-05
  4330.0      1.10150E-05
  4350.0      1.09140E-05
  4370.0      1.07680E-05
  4390.0      1.07010E-05
  4410.0      1.06220E-05
  4430.0      1.05270E-05
  4450.0      1.04330E-05
  4470.0      1.03430E-05
  4490.0      1.02520E-05
  4510.0      1.01620E-05
  4530.0      1.00730E-05
  4550.0      9.98500E-06
  4570.0      9.89840E-06
  4590.0      9.81280E-06
  4610.0      9.72750E-06
  4630.0      9.63870E-06
  4650.0      9.37060E-06
  4670.0      9.38710E-06
  4690.0      9.38020E-06
  4710.0      9.32190E-06
  4730.0      9.24370E-06
  4750.0      9.16650E-06
  4770.0      9.09020E-06
  4790.0      9.01480E-06
  4810.0      8.94040E-06
  4830.0      8.86690E-06
  4850.0      8.79430E-06
  4870.0      8.72250E-06
  4890.0      8.65160E-06
  4910.0      8.58160E-06
  4930.0      8.51250E-06
  4950.0      8.44410E-06
  4970.0      8.37660E-06
  4990.0      8.30990E-06
  5010.0      8.24390E-06
  5030.0      8.17880E-06
  5050.0      8.11440E-06
  5070.0      8.05070E-06
  5090.0      7.98770E-06
  5110.0      7.91120E-06
  5130.0      7.77120E-06
  5150.0      7.79520E-06
  5170.0      7.74330E-06
  5190.0      7.68400E-06
  5210.0      7.62540E-06
  5230.0      7.56740E-06
  5250.0      7.51000E-06
  5270.0      7.45330E-06
  5290.0      7.39720E-06
  5310.0      7.34180E-06
  5330.0      7.28690E-06
  5350.0      7.23270E-06
  5370.0      7.17910E-06
  5390.0      7.12600E-06
  5410.0      7.07360E-06
  5430.0      7.02180E-06
  5450.0      6.97050E-06
  5470.0      6.91970E-06
  5490.0      6.86950E-06
  5510.0      6.81980E-06
  5530.0      6.77060E-06
  5550.0      6.72210E-06
  5570.0      6.67400E-06
  5590.0      6.62650E-06
  5610.0      6.57940E-06
  5630.0      6.53280E-06
  5650.0      6.48670E-06
  5670.0      6.44110E-06
  5690.0      6.39600E-06
  5710.0      6.35130E-06
  5730.0      6.30710E-06
  5750.0      6.26350E-06
  5770.0      6.22020E-06
  5790.0      6.17740E-06
  5810.0      6.13500E-06
  5830.0      6.09300E-06
  5850.0      6.05250E-06
  5870.0      6.01130E-06
  5890.0      5.95490E-06
  5910.0      5.82980E-06
  5930.0      5.87900E-06
  5950.0      5.84210E-06
  5970.0      5.80960E-06
  5990.0      5.77320E-06
  6010.0      5.73490E-06
  6030.0      5.69700E-06
  6050.0      5.65940E-06
  6070.0      5.62220E-06
  6090.0      5.58530E-06
  6110.0      5.54890E-06
  6130.0      5.51270E-06
  6150.0      5.47700E-06
  6170.0      5.44150E-06
  6190.0      5.40640E-06
  6210.0      5.37170E-06
  6230.0      5.33720E-06
  6250.0      5.30310E-06
  6270.0      5.26920E-06
  6290.0      5.21720E-06
  6310.0      5.19950E-06
  6330.0      5.16990E-06
  6350.0      5.13740E-06
  6370.0      5.10520E-06
  6390.0      5.07330E-06
  6420.0      5.02600E-06
  6460.0      4.96390E-06
  6500.0      4.90300E-06
  6540.0      4.84320E-06
  6580.0      4.78440E-06
  6620.0      4.72670E-06
  6660.0      4.67010E-06
  6700.0      4.61440E-06
  6740.0      4.55690E-06
  6780.0      4.48760E-06
  6820.0      4.45320E-06
  6860.0      4.40140E-06
  6900.0      4.35040E-06
  6940.0      4.30040E-06
  6980.0      4.25110E-06
  7020.0      4.20270E-06
  7060.0      4.15520E-06
  7100.0      4.10840E-06
  7140.0      4.06240E-06
  7180.0      4.01720E-06
  7220.0      3.97270E-06
  7260.0      3.92890E-06
  7300.0      3.88590E-06
  7340.0      3.84350E-06
  7380.0      3.80190E-06
  7420.0      3.75810E-06
  7460.0      3.65840E-06
  7500.0      3.61370E-06
  7540.0      3.63470E-06
  7580.0      3.60340E-06
  7620.0      3.56560E-06
  7660.0      3.52830E-06
  7700.0      3.49170E-06
  7740.0      3.45550E-06
  7780.0      3.42000E-06
  7820.0      3.38500E-06
  7860.0      3.35050E-06
  7900.0      3.31660E-06
  7940.0      3.28310E-06
  7980.0      3.25020E-06
  8020.0      3.21770E-06
  8060.0      3.18570E-06
  8100.0      3.15420E-06
  8140.0      3.12310E-06
  8180.0      3.09260E-06
  8220.0      3.06250E-06
  8260.0      3.03280E-06
  8300.0      3.00350E-06
  8340.0      2.97460E-06
  8380.0      2.94620E-06
  8420.0      2.91810E-06
  8460.0      2.89050E-06
  8500.0      2.86320E-06
  8540.0      2.83630E-06
  8580.0      2.80980E-06
  8620.0      2.78360E-06
  8660.0      2.75530E-06
  8700.0      2.73240E-06
  8740.0      2.69110E-06
  8780.0      2.66650E-06
  8820.0      2.65820E-06
  8860.0      2.63420E-06
  8900.0      2.61040E-06
  8940.0      2.58700E-06
  8980.0      2.56390E-06
  9020.0      2.54110E-06
  9060.0      2.51860E-06
  9100.0      2.49630E-06
  9140.0      2.47440E-06
  9180.0      2.45280E-06
  9220.0      2.43140E-06
  9260.0      2.41030E-06
  9300.0      2.38950E-06
  9340.0      2.36900E-06
  9380.0      2.34250E-06
  9420.0      2.32700E-06
  9460.0      2.30890E-06
  9500.0      2.28940E-06
  9540.0      2.27010E-06
  9580.0      2.25110E-06
  9620.0      2.23230E-06
  9660.0      2.21370E-06
  9700.0      2.19540E-06
  9740.0      2.17730E-06
  9780.0      2.15940E-06
  9820.0      2.14170E-06
  9860.0      2.12430E-06
  9900.0      2.10700E-06
  9940.0      2.09000E-06
  9980.0      2.07320E-06
  10020.      2.05650E-06
  20000.      5.08540E-07
  40000.      1.24420E-07
  60000.      5.45360E-08
  80000.      3.03720E-08
 1.00000E+05  1.92930E-08
 1.20000E+05  1.33190E-08
 1.40000E+05  9.74000E-09
 1.60000E+05  7.42880E-09
