 Castelli and Kurucz 2004-2012 Atmosphere
 T     39000.     G    4.00000 [-2.5a] N(He)/Ntot=0.0784 VTURB=2  L/H=1.25 NOVE
 Wavelength  Eddington Hnu
   (nm)    (ergs/s/cm2/Hz/sr)
  9.0900      4.15190E-24
  9.3500      1.62260E-23
  9.6100      5.94750E-23
  9.7700      1.28270E-22
  9.9600      3.11770E-22
  10.200      9.19690E-22
  10.380      2.00630E-21
  10.560      4.27880E-21
  10.770      1.00790E-20
  11.040      2.90940E-20
  11.400      1.11420E-19
  11.780      4.21670E-19
  12.130      1.35440E-18
  12.480      4.08570E-18
  12.710      8.15900E-18
  12.840      1.19400E-17
  13.050      2.17680E-17
  13.240      3.69410E-17
  13.390      5.56520E-17
  13.660      1.13580E-16
  13.980      2.55100E-16
  14.330      5.94390E-16
  14.720      1.45740E-15
  15.100      3.35210E-15
  15.520      8.01380E-15
  15.880      1.63170E-14
  16.200      2.99060E-14
  16.600      6.18300E-14
  17.030      1.30060E-13
  17.340      2.17030E-13
  17.680      3.72910E-13
  18.020      6.27340E-13
  18.170      7.83290E-13
  18.610      1.47860E-12
  19.100      2.90220E-12
  19.390      4.24840E-12
  19.840      7.50060E-12
  20.180      1.13430E-11
  20.500      1.65050E-11
  21.050      3.06390E-11
  21.620      5.63290E-11
  21.980      8.13040E-11
  22.300      1.11360E-10
  22.680      1.60040E-10
  23.000      9.66830E-09
  23.400      4.00240E-08
  24.000      1.23680E-07
  24.650      1.86000E-06
  25.240      5.75690E-06
  25.680      3.01250E-06
  26.000      1.59020E-05
  26.400      2.76860E-05
  26.850      3.92700E-05
  27.350      5.19150E-05
  27.850      5.64200E-05
  28.400      7.17980E-05
  29.000      8.02450E-05
  29.600      5.54800E-05
  30.100      7.08890E-06
  30.800      3.07380E-05
  31.800      8.97260E-05
  32.800      1.14990E-04
  33.800      1.23720E-04
  34.800      1.37900E-04
  35.700      1.68640E-04
  36.600      1.93670E-04
  37.500      2.07410E-04
  38.500      2.06090E-04
  39.500      2.40400E-04
  40.500      2.64330E-04
  41.400      2.79380E-04
  42.200      2.82880E-04
  43.000      2.91620E-04
  44.100      3.19510E-04
  45.100      3.34960E-04
  46.000      3.39870E-04
  47.000      3.54330E-04
  48.000      3.75780E-04
  49.000      3.76550E-04
  50.000      4.09710E-04
  50.600      4.96170E-04
  51.200      6.67540E-04
  52.000      6.78400E-04
  53.000      7.00720E-04
  54.000      6.88830E-04
  55.000      6.96590E-04
  56.000      7.73950E-04
  57.000      8.08790E-04
  58.000      8.15050E-04
  59.000      8.53420E-04
  60.000      8.53570E-04
  61.000      8.53220E-04
  62.000      9.12840E-04
  63.000      9.26580E-04
  64.000      9.62050E-04
  65.000      9.69660E-04
  65.800      9.61010E-04
  66.500      1.00340E-03
  67.500      1.03700E-03
  68.500      1.02680E-03
  69.500      1.07620E-03
  70.500      1.05370E-03
  71.600      1.11850E-03
  72.600      1.14260E-03
  73.500      1.16040E-03
  74.500      1.16770E-03
  75.500      1.18220E-03
  76.500      1.18910E-03
  77.500      1.22190E-03
  78.500      1.22690E-03
  79.500      1.25020E-03
  80.500      1.27040E-03
  81.500      1.29070E-03
  82.500      1.31420E-03
  83.500      1.28240E-03
  84.500      1.33950E-03
  85.500      1.34700E-03
  86.500      1.37580E-03
  87.500      1.39290E-03
  88.500      1.40520E-03
  89.500      1.41700E-03
  90.500      1.41690E-03
  91.500      1.24480E-03
  92.500      2.26280E-03
  93.500      2.81270E-03
  94.500      3.22790E-03
  95.500      3.42370E-03
  96.500      3.66550E-03
  97.500      3.20130E-03
  98.500      3.61810E-03
  99.500      3.50230E-03
  100.50      3.63180E-03
  101.50      3.63270E-03
  102.50      3.22680E-03
  103.50      3.61390E-03
  104.50      3.61810E-03
  105.50      3.60850E-03
  106.50      3.56000E-03
  107.50      3.55490E-03
  108.50      3.46810E-03
  109.50      3.56120E-03
  110.50      3.54120E-03
  111.50      3.51830E-03
  112.50      3.47260E-03
  113.50      3.50680E-03
  114.50      3.49350E-03
  115.50      3.45920E-03
  116.50      3.45300E-03
  117.50      3.31130E-03
  118.50      3.42810E-03
  119.50      3.40690E-03
  120.50      3.39860E-03
  121.50      3.00300E-03
  122.50      3.36840E-03
  123.50      3.33910E-03
  124.50      3.31580E-03
  125.50      3.32890E-03
  126.50      3.31370E-03
  127.50      3.29810E-03
  128.50      3.28250E-03
  129.50      3.26540E-03
  130.50      3.24840E-03
  131.50      3.23330E-03
  132.50      3.21460E-03
  133.50      3.20070E-03
  134.50      3.18590E-03
  135.50      3.16630E-03
  136.50      3.14560E-03
  137.50      3.11810E-03
  138.50      3.11420E-03
  139.50      3.07190E-03
  140.50      3.04700E-03
  141.50      3.06700E-03
  142.50      3.04810E-03
  143.50      3.03550E-03
  144.20      3.01760E-03
  144.70      3.01150E-03
  145.50      2.99690E-03
  146.50      2.98190E-03
  147.50      2.96890E-03
  148.50      2.95710E-03
  149.50      2.93890E-03
  150.50      2.92470E-03
  151.20      2.91500E-03
  151.70      2.90440E-03
  152.50      2.89220E-03
  153.50      2.87050E-03
  154.50      2.80040E-03
  155.50      2.79380E-03
  156.50      2.82100E-03
  157.50      2.81020E-03
  158.50      2.79320E-03
  159.50      2.77900E-03
  160.50      2.75730E-03
  161.50      2.74280E-03
  162.50      2.72030E-03
  163.50      2.67030E-03
  164.50      2.56370E-03
  165.50      2.68530E-03
  166.50      2.67060E-03
  167.20      2.65480E-03
  167.70      2.65570E-03
  168.50      2.64320E-03
  169.50      2.62890E-03
  170.50      2.61300E-03
  171.50      2.57850E-03
  172.50      2.57730E-03
  173.50      2.57090E-03
  174.50      2.55540E-03
  175.50      2.54010E-03
  176.50      2.52700E-03
  177.50      2.51320E-03
  178.50      2.49920E-03
  179.50      2.48430E-03
  180.50      2.47060E-03
  181.50      2.45660E-03
  182.50      2.44250E-03
  183.50      2.42920E-03
  184.50      2.41530E-03
  185.50      2.40130E-03
  186.50      2.38760E-03
  187.50      2.37400E-03
  188.50      2.36070E-03
  189.50      2.34790E-03
  190.50      2.33480E-03
  191.50      2.32150E-03
  192.50      2.30710E-03
  193.50      2.29550E-03
  194.50      2.28260E-03
  195.50      2.26960E-03
  196.70      2.25450E-03
  197.60      2.24300E-03
  198.40      2.23300E-03
  199.50      2.21920E-03
  200.50      2.20690E-03
  201.50      2.19460E-03
  202.50      2.18230E-03
  203.50      2.17010E-03
  204.50      2.15780E-03
  205.50      1.72960E-03
  206.50      1.69860E-03
  207.40      1.75570E-03
  207.80      1.80990E-03
  208.50      1.95810E-03
  209.50      2.09090E-03
  210.50      2.08880E-03
  211.50      2.08520E-03
  212.50      2.07460E-03
  213.50      2.06110E-03
  214.50      2.05330E-03
  215.50      2.06930E-03
  216.50      2.02340E-03
  217.50      2.05280E-03
  218.50      2.00260E-03
  219.50      2.02970E-03
  220.50      2.01930E-03
  221.50      1.96970E-03
  222.50      1.99720E-03
  223.50      1.98630E-03
  224.50      1.97540E-03
  225.50      1.92810E-03
  226.50      1.95400E-03
  227.50      1.94340E-03
  228.50      1.93260E-03
  229.50      1.91290E-03
  230.50      1.87710E-03
  231.50      1.90150E-03
  232.50      1.89140E-03
  233.50      1.88120E-03
  234.50      1.87110E-03
  235.50      1.86100E-03
  236.50      1.85110E-03
  237.50      1.84110E-03
  238.50      1.79750E-03
  239.50      1.82060E-03
  240.50      1.81170E-03
  241.50      1.80200E-03
  242.50      1.79270E-03
  243.50      1.78310E-03
  244.50      1.77370E-03
  245.50      1.76400E-03
  246.50      1.75510E-03
  247.50      1.74590E-03
  248.50      1.73670E-03
  249.50      1.69770E-03
  250.50      1.71620E-03
  251.30      1.63700E-03
  251.80      1.70510E-03
  252.50      1.70030E-03
  253.50      1.69190E-03
  254.50      1.68310E-03
  255.50      1.67440E-03
  256.50      1.66570E-03
  257.50      1.65720E-03
  258.50      1.64860E-03
  259.50      1.63970E-03
  260.50      1.63200E-03
  261.50      1.62360E-03
  262.50      1.61540E-03
  263.50      1.60720E-03
  264.50      1.59900E-03
  265.50      1.59070E-03
  266.50      1.58260E-03
  267.50      1.57420E-03
  268.50      1.56680E-03
  269.50      1.55840E-03
  270.50      1.55110E-03
  271.50      1.54330E-03
  272.50      1.53490E-03
  273.50      1.49900E-03
  274.50      1.52030E-03
  275.50      1.51270E-03
  276.50      1.50430E-03
  277.50      1.49770E-03
  278.50      1.49030E-03
  279.50      1.48280E-03
  280.50      1.47560E-03
  281.50      1.46830E-03
  282.50      1.46010E-03
  283.50      1.45370E-03
  284.50      1.44690E-03
  285.50      1.43980E-03
  286.50      1.43280E-03
  287.50      1.42580E-03
  288.50      1.41890E-03
  289.50      1.41200E-03
  291.00      1.40170E-03
  293.00      1.38830E-03
  295.00      1.37410E-03
  297.00      1.36180E-03
  299.00      1.34860E-03
  301.00      1.33600E-03
  303.00      1.32310E-03
  305.00      1.31070E-03
  307.00      1.29860E-03
  309.00      1.28660E-03
  311.00      1.27460E-03
  313.00      1.26280E-03
  315.00      1.25130E-03
  317.00      1.23980E-03
  319.00      1.22680E-03
  321.00      1.20400E-03
  323.00      1.20630E-03
  325.00      1.19540E-03
  327.00      1.18410E-03
  329.00      1.17390E-03
  331.00      1.16350E-03
  333.00      1.15320E-03
  335.00      1.14270E-03
  337.00      1.13290E-03
  339.00      1.12300E-03
  341.00      1.11310E-03
  343.00      1.10380E-03
  345.00      1.09380E-03
  347.00      1.08470E-03
  349.00      1.07510E-03
  351.00      1.06580E-03
  353.00      1.05660E-03
  355.00      1.04740E-03
  357.00      1.03910E-03
  359.00      1.02950E-03
  361.00      1.02120E-03
  363.00      1.01210E-03
  364.00      9.93020E-04
  365.00      9.26140E-04
  367.00      9.19670E-04
  369.00      9.16510E-04
  371.00      9.18750E-04
  373.00      9.23390E-04
  375.00      9.39550E-04
  377.00      9.45780E-04
  379.00      9.50550E-04
  381.00      9.58600E-04
  383.00      9.25150E-04
  385.00      9.52560E-04
  387.00      9.51530E-04
  389.00      9.00980E-04
  391.00      9.39230E-04
  393.00      9.25520E-04
  395.00      9.25100E-04
  397.00      8.71410E-04
  399.00      9.09880E-04
  401.00      9.03660E-04
  403.00      8.85080E-04
  405.00      8.90130E-04
  407.00      8.83140E-04
  409.00      8.67820E-04
  411.00      8.31340E-04
  413.00      8.62020E-04
  415.00      8.55150E-04
  417.00      8.49370E-04
  419.00      8.41470E-04
  421.00      8.29130E-04
  423.00      8.30110E-04
  425.00      8.23800E-04
  427.00      8.17560E-04
  429.00      8.11400E-04
  431.00      8.05280E-04
  433.00      7.87060E-04
  435.00      7.63210E-04
  437.00      7.87380E-04
  439.00      7.79930E-04
  441.00      7.75780E-04
  443.00      7.69950E-04
  445.00      7.64430E-04
  447.00      7.54470E-04
  449.00      7.53300E-04
  451.00      7.47830E-04
  453.00      7.42090E-04
  455.00      7.29580E-04
  457.00      7.31770E-04
  459.00      7.26520E-04
  461.00      7.21330E-04
  463.00      7.16160E-04
  465.00      7.10920E-04
  467.00      7.05770E-04
  469.00      6.83730E-04
  471.00      6.95080E-04
  473.00      6.91310E-04
  475.00      6.86490E-04
  477.00      6.81720E-04
  479.00      6.76990E-04
  481.00      6.72310E-04
  483.00      6.67670E-04
  485.00      6.56160E-04
  487.00      6.29880E-04
  489.00      6.54010E-04
  491.00      6.49620E-04
  493.00      6.43170E-04
  495.00      6.40870E-04
  497.00      6.36550E-04
  499.00      6.32280E-04
  501.00      6.26880E-04
  503.00      6.23860E-04
  505.00      6.19460E-04
  507.00      6.15610E-04
  509.00      6.11540E-04
  511.00      6.07510E-04
  513.00      6.03520E-04
  515.00      5.99570E-04
  517.00      5.95650E-04
  519.00      5.91780E-04
  521.00      5.87940E-04
  523.00      5.84130E-04
  525.00      5.80360E-04
  527.00      5.76630E-04
  529.00      5.72940E-04
  531.00      5.69280E-04
  533.00      5.65650E-04
  535.00      5.62060E-04
  537.00      5.58500E-04
  539.00      5.54970E-04
  541.00      5.45230E-04
  543.00      5.48010E-04
  545.00      5.44590E-04
  547.00      5.41190E-04
  549.00      5.37830E-04
  551.00      5.34490E-04
  553.00      5.31190E-04
  555.00      5.27910E-04
  557.00      5.24670E-04
  559.00      5.21410E-04
  561.00      5.18270E-04
  563.00      5.15110E-04
  565.00      5.11980E-04
  567.00      5.08880E-04
  569.00      5.01330E-04
  571.00      4.78470E-04
  573.00      4.75770E-04
  575.00      4.73110E-04
  577.00      4.70580E-04
  579.00      4.68390E-04
  581.00      4.66790E-04
  583.00      4.65520E-04
  585.00      4.64570E-04
  587.00      4.61050E-04
  589.00      4.63200E-04
  591.00      4.62900E-04
  593.00      4.62900E-04
  595.00      4.63300E-04
  597.00      4.63090E-04
  599.00      4.62550E-04
  601.00      4.60490E-04
  603.00      4.57900E-04
  605.00      4.55550E-04
  607.00      4.52470E-04
  609.00      4.50490E-04
  611.00      4.47430E-04
  613.00      4.44910E-04
  615.00      4.42900E-04
  617.00      4.39150E-04
  619.00      4.37910E-04
  621.00      4.35460E-04
  623.00      4.31560E-04
  625.00      4.30430E-04
  627.00      4.28200E-04
  629.00      4.25820E-04
  631.00      4.21520E-04
  633.00      4.21110E-04
  635.00      4.18800E-04
  637.00      4.16500E-04
  639.00      4.14210E-04
  641.00      4.09600E-04
  643.00      4.09700E-04
  645.00      4.07470E-04
  647.00      4.05260E-04
  649.00      4.03070E-04
  651.00      4.00890E-04
  653.00      3.95760E-04
  655.00      3.94120E-04
  657.00      3.75510E-04
  659.00      3.92200E-04
  661.00      3.90270E-04
  663.00      3.88200E-04
  665.00      3.86160E-04
  667.00      3.83120E-04
  669.00      3.78160E-04
  671.00      3.80070E-04
  673.00      3.78090E-04
  675.00      3.76110E-04
  677.00      3.74140E-04
  679.00      3.72200E-04
  681.00      3.70260E-04
  683.00      3.68340E-04
  685.00      3.66440E-04
  687.00      3.64550E-04
  689.00      3.59560E-04
  691.00      3.60810E-04
  693.00      3.58970E-04
  695.00      3.57140E-04
  697.00      3.55320E-04
  699.00      3.53510E-04
  701.00      3.51720E-04
  703.00      3.49940E-04
  705.00      3.48180E-04
  707.00      3.45160E-04
  709.00      3.44690E-04
  711.00      3.42960E-04
  713.00      3.41250E-04
  715.00      3.39550E-04
  717.00      3.35760E-04
  719.00      3.35230E-04
  721.00      3.34530E-04
  723.00      3.32880E-04
  725.00      3.31240E-04
  727.00      3.29610E-04
  729.00      3.27540E-04
  731.00      3.26400E-04
  733.00      3.24810E-04
  735.00      3.23230E-04
  737.00      3.21660E-04
  739.00      3.20100E-04
  741.00      3.18560E-04
  743.00      3.17020E-04
  745.00      3.15500E-04
  747.00      3.13990E-04
  749.00      3.12490E-04
  751.00      3.11000E-04
  753.00      3.09520E-04
  755.00      3.08050E-04
  757.00      3.06590E-04
  759.00      3.02300E-04
  761.00      3.03670E-04
  763.00      3.02270E-04
  765.00      3.00850E-04
  767.00      2.99450E-04
  769.00      2.98040E-04
  771.00      2.96660E-04
  773.00      2.95270E-04
  775.00      2.93910E-04
  777.00      2.92550E-04
  779.00      2.91190E-04
  781.00      2.89850E-04
  783.00      2.88520E-04
  785.00      2.87220E-04
  787.00      2.85900E-04
  789.00      2.84600E-04
  791.00      2.83300E-04
  793.00      2.82010E-04
  795.00      2.80730E-04
  797.00      2.79460E-04
  799.00      2.78200E-04
  801.00      2.76950E-04
  803.00      2.75700E-04
  805.00      2.74460E-04
  807.00      2.73230E-04
  809.00      2.72010E-04
  811.00      2.70800E-04
  813.00      2.69600E-04
  815.00      2.68400E-04
  817.00      2.67210E-04
  819.00      2.65200E-04
  821.00      2.57020E-04
  823.00      2.54810E-04
  825.00      2.54720E-04
  827.00      2.53750E-04
  829.00      2.52740E-04
  831.00      2.51690E-04
  833.00      2.50640E-04
  835.00      2.49560E-04
  837.00      2.48630E-04
  839.00      2.47700E-04
  841.00      2.46850E-04
  843.00      2.46000E-04
  845.00      2.45090E-04
  847.00      2.44340E-04
  849.00      2.43610E-04
  851.00      2.42730E-04
  853.00      2.42160E-04
  855.00      2.40950E-04
  857.00      2.40990E-04
  859.00      2.39400E-04
  861.00      2.38740E-04
  863.00      2.39240E-04
  865.00      2.38040E-04
  867.00      2.35060E-04
  869.00      2.37450E-04
  871.00      2.37280E-04
  873.00      2.36100E-04
  875.00      2.30450E-04
  877.00      2.34120E-04
  879.00      2.34890E-04
  881.00      2.34160E-04
  883.00      2.33280E-04
  885.00      2.29700E-04
  887.00      2.23990E-04
  889.00      2.29970E-04
  891.00      2.29950E-04
  893.00      2.28820E-04
  895.00      2.28170E-04
  897.00      2.27240E-04
  899.00      2.25330E-04
  901.00      2.17440E-04
  903.00      2.20410E-04
  905.00      2.23190E-04
  907.00      2.22360E-04
  909.00      2.21710E-04
  911.00      2.20500E-04
  913.00      2.19990E-04
  915.00      2.19110E-04
  917.00      2.18180E-04
  919.00      2.17270E-04
  921.00      2.14700E-04
  923.00      2.05830E-04
  925.00      2.12860E-04
  927.00      2.13780E-04
  929.00      2.13070E-04
  931.00      2.12160E-04
  933.00      2.11380E-04
  935.00      2.07710E-04
  937.00      2.08980E-04
  939.00      2.08910E-04
  941.00      2.08100E-04
  943.00      2.07280E-04
  945.00      2.06480E-04
  947.00      2.05560E-04
  949.00      2.04870E-04
  951.00      2.03650E-04
  953.00      2.01070E-04
  955.00      1.92870E-04
  957.00      2.00450E-04
  959.00      2.00910E-04
  961.00      2.00140E-04
  963.00      1.99320E-04
  965.00      1.98650E-04
  967.00      1.97890E-04
  969.00      1.97130E-04
  971.00      1.96330E-04
  973.00      1.95640E-04
  975.00      1.94800E-04
  977.00      1.93190E-04
  979.00      1.93430E-04
  981.00      1.92700E-04
  983.00      1.91970E-04
  985.00      1.91250E-04
  987.00      1.90540E-04
  989.00      1.89820E-04
  991.00      1.89120E-04
  993.00      1.88410E-04
  995.00      1.87710E-04
  997.00      1.87010E-04
  999.00      1.86320E-04
  1002.5      1.83150E-04
  1007.5      1.80380E-04
  1012.5      1.79750E-04
  1017.5      1.80080E-04
  1022.5      1.78450E-04
  1027.5      1.76850E-04
  1032.5      1.75130E-04
  1037.5      1.73690E-04
  1042.5      1.71580E-04
  1047.5      1.70620E-04
  1052.5      1.69120E-04
  1057.5      1.67630E-04
  1062.5      1.66160E-04
  1067.5      1.64690E-04
  1072.5      1.63290E-04
  1077.5      1.61880E-04
  1082.5      1.60060E-04
  1087.5      1.59110E-04
  1092.5      1.53800E-04
  1097.5      1.55780E-04
  1102.5      1.55020E-04
  1107.5      1.53790E-04
  1112.5      1.52500E-04
  1117.5      1.51290E-04
  1122.5      1.50020E-04
  1127.5      1.48790E-04
  1132.5      1.47560E-04
  1137.5      1.46350E-04
  1142.5      1.45150E-04
  1147.5      1.43970E-04
  1152.5      1.42800E-04
  1157.5      1.41650E-04
  1162.5      1.39630E-04
  1167.5      1.38800E-04
  1172.5      1.38270E-04
  1177.5      1.37170E-04
  1182.5      1.36080E-04
  1187.5      1.35010E-04
  1192.5      1.33940E-04
  1197.5      1.32700E-04
  1202.5      1.31860E-04
  1207.5      1.30830E-04
  1212.5      1.29820E-04
  1217.5      1.28820E-04
  1222.5      1.27830E-04
  1227.5      1.26850E-04
  1232.5      1.25880E-04
  1237.5      1.24930E-04
  1242.5      1.23980E-04
  1247.5      1.23050E-04
  1252.5      1.22090E-04
  1257.5      1.21210E-04
  1262.5      1.20300E-04
  1267.5      1.19410E-04
  1272.5      1.18520E-04
  1277.5      1.17240E-04
  1282.5      1.13660E-04
  1287.5      1.15850E-04
  1292.5      1.15080E-04
  1297.5      1.14160E-04
  1302.5      1.13420E-04
  1307.5      1.12600E-04
  1312.5      1.11790E-04
  1317.5      1.10990E-04
  1322.5      1.10200E-04
  1327.5      1.09410E-04
  1332.5      1.08640E-04
  1337.5      1.07870E-04
  1342.5      1.07100E-04
  1347.5      1.06360E-04
  1352.5      1.05610E-04
  1357.5      1.04880E-04
  1362.5      1.04150E-04
  1367.5      1.03430E-04
  1372.5      1.02710E-04
  1377.5      1.02010E-04
  1382.5      1.01310E-04
  1387.5      1.00620E-04
  1392.5      9.99310E-05
  1397.5      9.92530E-05
  1402.5      9.85810E-05
  1407.5      9.79170E-05
  1412.5      9.72590E-05
  1417.5      9.66080E-05
  1422.5      9.59640E-05
  1427.5      9.53250E-05
  1432.5      9.46930E-05
  1437.5      9.40680E-05
  1442.5      9.34480E-05
  1447.5      9.28350E-05
  1452.5      9.22270E-05
  1457.0      9.16860E-05
  1462.0      9.11120E-05
  1467.5      9.04630E-05
  1472.5      8.98640E-05
  1477.5      8.88070E-05
  1482.5      8.87270E-05
  1487.5      8.81650E-05
  1492.5      8.76040E-05
  1497.5      8.70480E-05
  1502.5      8.64970E-05
  1507.5      8.59310E-05
  1512.5      8.54090E-05
  1517.5      8.48720E-05
  1522.5      8.43440E-05
  1527.5      8.38270E-05
  1532.5      8.32830E-05
  1537.5      8.28220E-05
  1542.5      8.22340E-05
  1547.5      8.17990E-05
  1552.5      8.12880E-05
  1557.5      8.06840E-05
  1562.5      8.04270E-05
  1567.5      7.97450E-05
  1572.5      7.91680E-05
  1577.5      7.89700E-05
  1582.5      7.84470E-05
  1587.5      7.75550E-05
  1592.5      7.74090E-05
  1597.5      7.70890E-05
  1605.0      7.62910E-05
  1615.0      7.51250E-05
  1625.0      7.46090E-05
  1635.0      7.35750E-05
  1645.0      7.23840E-05
  1655.0      7.20370E-05
  1665.0      7.12090E-05
  1675.0      7.02120E-05
  1685.0      6.90140E-05
  1695.0      6.88080E-05
  1705.0      6.79600E-05
  1715.0      6.72740E-05
  1725.0      6.65250E-05
  1735.0      6.50050E-05
  1745.0      6.50220E-05
  1755.0      6.43560E-05
  1765.0      6.36560E-05
  1775.0      6.29670E-05
  1785.0      6.22900E-05
  1795.0      6.16230E-05
  1805.0      6.09660E-05
  1815.0      5.95720E-05
  1825.0      5.95940E-05
  1835.0      5.90600E-05
  1845.0      5.84440E-05
  1855.0      5.78440E-05
  1865.0      5.67780E-05
  1875.0      5.57120E-05
  1885.0      5.60810E-05
  1895.0      5.55120E-05
  1905.0      5.49130E-05
  1915.0      5.43970E-05
  1925.0      5.38530E-05
  1935.0      5.33150E-05
  1945.0      5.19960E-05
  1955.0      5.22520E-05
  1965.0      5.17540E-05
  1975.0      5.12490E-05
  1985.0      5.07510E-05
  1995.0      5.02590E-05
  2005.0      4.97760E-05
  2015.0      4.92980E-05
  2025.0      4.88280E-05
  2035.0      4.83650E-05
  2045.0      4.79060E-05
  2055.0      4.74420E-05
  2065.0      4.70130E-05
  2075.0      4.65750E-05
  2085.0      4.61430E-05
  2095.0      4.57170E-05
  2105.0      4.52960E-05
  2115.0      4.48540E-05
  2125.0      4.44730E-05
  2135.0      4.40700E-05
  2145.0      4.36700E-05
  2155.0      4.32780E-05
  2165.0      4.21910E-05
  2175.0      4.24890E-05
  2185.0      4.21290E-05
  2195.0      4.17600E-05
  2205.0      4.13930E-05
  2215.0      4.10310E-05
  2225.0      4.06730E-05
  2235.0      4.03200E-05
  2245.0      3.99720E-05
  2255.0      3.96280E-05
  2265.0      3.92880E-05
  2275.0      3.89530E-05
  2285.0      3.86560E-05
  2295.0      3.83290E-05
  2305.0      3.80040E-05
  2315.0      3.76870E-05
  2325.0      3.73720E-05
  2335.0      3.70610E-05
  2345.0      3.67540E-05
  2355.0      3.64500E-05
  2365.0      3.61510E-05
  2375.0      3.58550E-05
  2385.0      3.55620E-05
  2395.0      3.52740E-05
  2405.0      3.49880E-05
  2415.0      3.47060E-05
  2425.0      3.44280E-05
  2435.0      3.41530E-05
  2445.0      3.38810E-05
  2455.0      3.36120E-05
  2465.0      3.33460E-05
  2475.0      3.30710E-05
  2485.0      3.28250E-05
  2495.0      3.25680E-05
  2505.0      3.23150E-05
  2515.0      3.20650E-05
  2525.0      3.17970E-05
  2535.0      3.15730E-05
  2545.0      3.13310E-05
  2555.0      3.10920E-05
  2565.0      3.08030E-05
  2575.0      3.06220E-05
  2585.0      3.03910E-05
  2595.0      3.01630E-05
  2605.0      2.99170E-05
  2615.0      2.95770E-05
  2625.0      2.89600E-05
  2635.0      2.92550E-05
  2645.0      2.90580E-05
  2655.0      2.88410E-05
  2665.0      2.86270E-05
  2675.0      2.82540E-05
  2685.0      2.82060E-05
  2695.0      2.80130E-05
  2705.0      2.78110E-05
  2715.0      2.76110E-05
  2725.0      2.74130E-05
  2735.0      2.72170E-05
  2745.0      2.70230E-05
  2755.0      2.66330E-05
  2765.0      2.65790E-05
  2775.0      2.64540E-05
  2785.0      2.62680E-05
  2795.0      2.60840E-05
  2805.0      2.59020E-05
  2815.0      2.57220E-05
  2825.0      2.55440E-05
  2835.0      2.53680E-05
  2845.0      2.51930E-05
  2855.0      2.50190E-05
  2865.0      2.48090E-05
  2875.0      2.44170E-05
  2885.0      2.45120E-05
  2895.0      2.43470E-05
  2905.0      2.41830E-05
  2915.0      2.40200E-05
  2925.0      2.38590E-05
  2935.0      2.37000E-05
  2945.0      2.35420E-05
  2955.0      2.33860E-05
  2965.0      2.32320E-05
  2975.0      2.30790E-05
  2985.0      2.29270E-05
  2995.0      2.27770E-05
  3005.0      2.26280E-05
  3015.0      2.24810E-05
  3025.0      2.23350E-05
  3035.0      2.19610E-05
  3045.0      2.19430E-05
  3055.0      2.19060E-05
  3065.0      2.17660E-05
  3075.0      2.16280E-05
  3085.0      2.14900E-05
  3095.0      2.13540E-05
  3105.0      2.12190E-05
  3115.0      2.10850E-05
  3125.0      2.09530E-05
  3135.0      2.08210E-05
  3145.0      2.06910E-05
  3155.0      2.05630E-05
  3165.0      2.04350E-05
  3175.0      2.03090E-05
  3185.0      2.01830E-05
  3195.0      2.00590E-05
  3210.0      1.98750E-05
  3230.0      1.96340E-05
  3250.0      1.93970E-05
  3270.0      1.91640E-05
  3290.0      1.87640E-05
  3310.0      1.86930E-05
  3330.0      1.84980E-05
  3350.0      1.82810E-05
  3370.0      1.80680E-05
  3390.0      1.78590E-05
  3410.0      1.76530E-05
  3430.0      1.74500E-05
  3450.0      1.72520E-05
  3470.0      1.70560E-05
  3490.0      1.68640E-05
  3510.0      1.66750E-05
  3530.0      1.64890E-05
  3550.0      1.63060E-05
  3570.0      1.61260E-05
  3590.0      1.59490E-05
  3610.0      1.57750E-05
  3630.0      1.56040E-05
  3650.0      1.54360E-05
  3670.0      1.52700E-05
  3690.0      1.51070E-05
  3710.0      1.49420E-05
  3730.0      1.47280E-05
  3750.0      1.45220E-05
  3770.0      1.44800E-05
  3790.0      1.43300E-05
  3810.0      1.41780E-05
  3830.0      1.40350E-05
  3850.0      1.38910E-05
  3870.0      1.37500E-05
  3890.0      1.36100E-05
  3910.0      1.34590E-05
  3930.0      1.33370E-05
  3950.0      1.32040E-05
  3970.0      1.30730E-05
  3990.0      1.29430E-05
  4010.0      1.28050E-05
  4030.0      1.26650E-05
  4050.0      1.24320E-05
  4070.0      1.24440E-05
  4090.0      1.23240E-05
  4110.0      1.22060E-05
  4130.0      1.20870E-05
  4150.0      1.19740E-05
  4170.0      1.18130E-05
  4190.0      1.17480E-05
  4210.0      1.16380E-05
  4230.0      1.15290E-05
  4250.0      1.14210E-05
  4270.0      1.13160E-05
  4290.0      1.12090E-05
  4310.0      1.11090E-05
  4330.0      1.10070E-05
  4350.0      1.09070E-05
  4370.0      1.07520E-05
  4390.0      1.07000E-05
  4410.0      1.06150E-05
  4430.0      1.05200E-05
  4450.0      1.04260E-05
  4470.0      1.03360E-05
  4490.0      1.02450E-05
  4510.0      1.01550E-05
  4530.0      1.00660E-05
  4550.0      9.97880E-06
  4570.0      9.89220E-06
  4590.0      9.80670E-06
  4610.0      9.72190E-06
  4630.0      9.63900E-06
  4650.0      9.42410E-06
  4670.0      9.39100E-06
  4690.0      9.38880E-06
  4710.0      9.31640E-06
  4730.0      9.23820E-06
  4750.0      9.16110E-06
  4770.0      9.08480E-06
  4790.0      9.00960E-06
  4810.0      8.93520E-06
  4830.0      8.86170E-06
  4850.0      8.78920E-06
  4870.0      8.71750E-06
  4890.0      8.64670E-06
  4910.0      8.57670E-06
  4930.0      8.50760E-06
  4950.0      8.43930E-06
  4970.0      8.37180E-06
  4990.0      8.30510E-06
  5010.0      8.23930E-06
  5030.0      8.17420E-06
  5050.0      8.10980E-06
  5070.0      8.04620E-06
  5090.0      7.98340E-06
  5110.0      7.91810E-06
  5130.0      7.77420E-06
  5150.0      7.79900E-06
  5170.0      7.73920E-06
  5190.0      7.67990E-06
  5210.0      7.62130E-06
  5230.0      7.56330E-06
  5250.0      7.50590E-06
  5270.0      7.44920E-06
  5290.0      7.39330E-06
  5310.0      7.33790E-06
  5330.0      7.28310E-06
  5350.0      7.22890E-06
  5370.0      7.17520E-06
  5390.0      7.12220E-06
  5410.0      7.06990E-06
  5430.0      7.01810E-06
  5450.0      6.96680E-06
  5470.0      6.91610E-06
  5490.0      6.86590E-06
  5510.0      6.81620E-06
  5530.0      6.76590E-06
  5550.0      6.71860E-06
  5570.0      6.67060E-06
  5590.0      6.62310E-06
  5610.0      6.57600E-06
  5630.0      6.52950E-06
  5650.0      6.48340E-06
  5670.0      6.43790E-06
  5690.0      6.39270E-06
  5710.0      6.34130E-06
  5730.0      6.30390E-06
  5750.0      6.26030E-06
  5770.0      6.21700E-06
  5790.0      6.17420E-06
  5810.0      6.13180E-06
  5830.0      6.08990E-06
  5850.0      6.04940E-06
  5870.0      6.00830E-06
  5890.0      5.96350E-06
  5910.0      5.84280E-06
  5930.0      5.88730E-06
  5950.0      5.83320E-06
  5970.0      5.80450E-06
  5990.0      5.77010E-06
  6010.0      5.73190E-06
  6030.0      5.69390E-06
  6050.0      5.65640E-06
  6070.0      5.61920E-06
  6090.0      5.58230E-06
  6110.0      5.54580E-06
  6130.0      5.50970E-06
  6150.0      5.47390E-06
  6170.0      5.43850E-06
  6190.0      5.40340E-06
  6210.0      5.36870E-06
  6230.0      5.33420E-06
  6250.0      5.30010E-06
  6270.0      5.26630E-06
  6290.0      5.20340E-06
  6310.0      5.19760E-06
  6330.0      5.16700E-06
  6350.0      5.13450E-06
  6370.0      5.10230E-06
  6390.0      5.07040E-06
  6420.0      5.02310E-06
  6460.0      4.96100E-06
  6500.0      4.90010E-06
  6540.0      4.84030E-06
  6580.0      4.78160E-06
  6620.0      4.72390E-06
  6660.0      4.66720E-06
  6700.0      4.61160E-06
  6740.0      4.55650E-06
  6780.0      4.48290E-06
  6820.0      4.45040E-06
  6860.0      4.39860E-06
  6900.0      4.34770E-06
  6940.0      4.29760E-06
  6980.0      4.24840E-06
  7020.0      4.20000E-06
  7060.0      4.15240E-06
  7100.0      4.10570E-06
  7140.0      4.05970E-06
  7180.0      4.01450E-06
  7220.0      3.97000E-06
  7260.0      3.92620E-06
  7300.0      3.88320E-06
  7340.0      3.84090E-06
  7380.0      3.79920E-06
  7420.0      3.75700E-06
  7460.0      3.67670E-06
  7500.0      3.62220E-06
  7540.0      3.63750E-06
  7580.0      3.60080E-06
  7620.0      3.56300E-06
  7660.0      3.52570E-06
  7700.0      3.48900E-06
  7740.0      3.45290E-06
  7780.0      3.41670E-06
  7820.0      3.38230E-06
  7860.0      3.34790E-06
  7900.0      3.31390E-06
  7940.0      3.28050E-06
  7980.0      3.24750E-06
  8020.0      3.21510E-06
  8060.0      3.18310E-06
  8100.0      3.15160E-06
  8140.0      3.11750E-06
  8180.0      3.08990E-06
  8220.0      3.05980E-06
  8260.0      3.03010E-06
  8300.0      3.00080E-06
  8340.0      2.97200E-06
  8380.0      2.94350E-06
  8420.0      2.91550E-06
  8460.0      2.88780E-06
  8500.0      2.86060E-06
  8540.0      2.83370E-06
  8580.0      2.80720E-06
  8620.0      2.78100E-06
  8660.0      2.74890E-06
  8700.0      2.72980E-06
  8740.0      2.69200E-06
  8780.0      2.66720E-06
  8820.0      2.65560E-06
  8860.0      2.63160E-06
  8900.0      2.60780E-06
  8940.0      2.58440E-06
  8980.0      2.56130E-06
  9020.0      2.53850E-06
  9060.0      2.51600E-06
  9100.0      2.49380E-06
  9140.0      2.47180E-06
  9180.0      2.45020E-06
  9220.0      2.42890E-06
  9260.0      2.40780E-06
  9300.0      2.38700E-06
  9340.0      2.36640E-06
  9380.0      2.33650E-06
  9420.0      2.32440E-06
  9460.0      2.30640E-06
  9500.0      2.28690E-06
  9540.0      2.26760E-06
  9580.0      2.24860E-06
  9620.0      2.22980E-06
  9660.0      2.21120E-06
  9700.0      2.19290E-06
  9740.0      2.17470E-06
  9780.0      2.15690E-06
  9820.0      2.13920E-06
  9860.0      2.12170E-06
  9900.0      2.10450E-06
  9940.0      2.08740E-06
  9980.0      2.07060E-06
  10020.      2.05400E-06
  20000.      5.06710E-07
  40000.      1.23450E-07
  60000.      5.39360E-08
  80000.      2.99620E-08
 1.00000E+05  1.89950E-08
 1.20000E+05  1.30920E-08
 1.40000E+05  9.56070E-09
 1.60000E+05  7.28270E-09
