 Castelli and Kurucz 2004-2012 Atmosphere
 T     50000.     G    5.00000 [-2.5a] N(He)/Ntot=0.0784 VTURB=2  L/H=1.25 NOVE
 Wavelength  Eddington Hnu
   (nm)    (ergs/s/cm2/Hz/sr)
  9.0900      6.08920E-18
  9.3500      1.64960E-17
  9.6100      4.23040E-17
  9.7700      7.38040E-17
  9.9600      1.39530E-16
  10.200      3.01760E-16
  10.380      5.26310E-16
  10.560      9.01140E-16
  10.770      1.65090E-15
  11.040      3.48010E-15
  11.400      8.92340E-15
  11.780      2.27370E-14
  12.130      5.12440E-14
  12.480      1.10550E-13
  12.710      1.79340E-13
  12.840      2.34150E-13
  13.050      3.56040E-13
  13.240      5.14800E-13
  13.390      6.83870E-13
  13.660      1.12400E-12
  13.980      1.97940E-12
  14.330      3.57630E-12
  14.720      6.68250E-12
  15.100      1.19870E-11
  15.520      2.21030E-11
  15.880      3.64410E-11
  16.200      5.59440E-11
  16.600      9.33560E-11
  17.030      1.57380E-10
  17.340      2.26060E-10
  17.680      3.32150E-10
  18.020      4.80700E-10
  18.170      5.60770E-10
  18.610      8.84360E-10
  19.100      1.42560E-09
  19.390      1.87410E-09
  19.840      2.81340E-09
  20.180      3.78080E-09
  20.500      4.94830E-09
  21.050      7.71020E-09
  21.620      1.19240E-08
  21.980      1.55270E-08
  22.300      1.94820E-08
  22.680      2.52720E-08
  23.000      4.26500E-07
  23.400      3.44880E-06
  24.000      4.34120E-05
  24.650      2.25660E-04
  25.240      4.37010E-04
  25.680      2.98060E-04
  26.000      6.27360E-04
  26.400      7.78270E-04
  26.850      8.64120E-04
  27.350      9.78630E-04
  27.850      1.02110E-03
  28.400      1.10870E-03
  29.000      1.21350E-03
  29.600      1.13720E-03
  30.100      6.32590E-04
  30.800      7.88190E-04
  31.800      1.19780E-03
  32.800      1.30400E-03
  33.800      1.31410E-03
  34.800      1.37270E-03
  35.700      1.54600E-03
  36.600      1.66960E-03
  37.500      1.72550E-03
  38.500      1.65190E-03
  39.500      1.84600E-03
  40.500      1.96050E-03
  41.400      2.00660E-03
  42.200      2.00180E-03
  43.000      2.05850E-03
  44.100      2.16200E-03
  45.100      2.20930E-03
  46.000      2.20290E-03
  47.000      2.23080E-03
  48.000      2.31070E-03
  49.000      2.29370E-03
  50.000      2.41220E-03
  50.600      2.35660E-03
  51.200      2.55580E-03
  52.000      2.56490E-03
  53.000      2.62890E-03
  54.000      2.58190E-03
  55.000      2.56520E-03
  56.000      2.71510E-03
  57.000      2.77860E-03
  58.000      2.78320E-03
  59.000      2.84510E-03
  60.000      2.83000E-03
  61.000      2.79210E-03
  62.000      2.88490E-03
  63.000      2.88510E-03
  64.000      2.96110E-03
  65.000      2.95350E-03
  65.800      2.91310E-03
  66.500      3.00620E-03
  67.500      3.04160E-03
  68.500      3.00490E-03
  69.500      3.08690E-03
  70.500      3.01470E-03
  71.600      3.11710E-03
  72.600      3.14980E-03
  73.500      3.16490E-03
  74.500      3.16870E-03
  75.500      3.16610E-03
  76.500      3.14420E-03
  77.500      3.20930E-03
  78.500      3.18690E-03
  79.500      3.20710E-03
  80.500      3.24250E-03
  81.500      3.25440E-03
  82.500      3.27610E-03
  83.500      3.20710E-03
  84.500      3.28750E-03
  85.500      3.27140E-03
  86.500      3.30970E-03
  87.500      3.32270E-03
  88.500      3.32350E-03
  89.500      3.32750E-03
  90.500      3.30010E-03
  91.500      2.55660E-03
  92.500      4.00530E-03
  93.500      4.95860E-03
  94.500      6.07670E-03
  95.500      6.58990E-03
  96.500      7.45890E-03
  97.500      6.15680E-03
  98.500      7.44030E-03
  99.500      6.98230E-03
  100.50      7.39400E-03
  101.50      7.29640E-03
  102.50      5.94360E-03
  103.50      7.15910E-03
  104.50      7.19060E-03
  105.50      7.13800E-03
  106.50      7.01950E-03
  107.50      7.00100E-03
  108.50      6.60580E-03
  109.50      6.89720E-03
  110.50      6.82450E-03
  111.50      6.76300E-03
  112.50      6.65360E-03
  113.50      6.66630E-03
  114.50      6.61000E-03
  115.50      6.52880E-03
  116.50      6.46260E-03
  117.50      6.27570E-03
  118.50      6.38090E-03
  119.50      6.30590E-03
  120.50      6.23830E-03
  121.50      5.17440E-03
  122.50      6.11890E-03
  123.50      6.05660E-03
  124.50      6.00770E-03
  125.50      6.01110E-03
  126.50      5.95960E-03
  127.50      5.90870E-03
  128.50      5.85810E-03
  129.50      5.80880E-03
  130.50      5.75650E-03
  131.50      5.70850E-03
  132.50      5.65560E-03
  133.50      5.61220E-03
  134.50      5.56740E-03
  135.50      5.51450E-03
  136.50      5.45920E-03
  137.50      5.38020E-03
  138.50      5.37000E-03
  139.50      5.29590E-03
  140.50      5.23400E-03
  141.50      5.24190E-03
  142.50      5.19820E-03
  143.50      5.15900E-03
  144.20      5.11470E-03
  144.70      5.09770E-03
  145.50      5.06300E-03
  146.50      5.02240E-03
  147.50      4.98910E-03
  148.50      4.95560E-03
  149.50      4.91430E-03
  150.50      4.87630E-03
  151.20      4.84970E-03
  151.70      4.82750E-03
  152.50      4.79820E-03
  153.50      4.75580E-03
  154.50      4.64660E-03
  155.50      4.61610E-03
  156.50      4.64210E-03
  157.50      4.60730E-03
  158.50      4.56850E-03
  159.50      4.53360E-03
  160.50      4.49540E-03
  161.50      4.46040E-03
  162.50      4.42030E-03
  163.50      4.30250E-03
  164.50      4.11560E-03
  165.50      4.32480E-03
  166.50      4.29300E-03
  167.20      4.26570E-03
  167.70      4.25350E-03
  168.50      4.22760E-03
  169.50      4.19550E-03
  170.50      4.16280E-03
  171.50      4.10270E-03
  172.50      4.09080E-03
  173.50      4.06950E-03
  174.50      4.03810E-03
  175.50      4.00740E-03
  176.50      3.97770E-03
  177.50      3.94840E-03
  178.50      3.91900E-03
  179.50      3.88950E-03
  180.50      3.86070E-03
  181.50      3.83210E-03
  182.50      3.80380E-03
  183.50      3.77590E-03
  184.50      3.74820E-03
  185.50      3.72060E-03
  186.50      3.69350E-03
  187.50      3.66660E-03
  188.50      3.64000E-03
  189.50      3.61410E-03
  190.50      3.58810E-03
  191.50      3.56220E-03
  192.50      3.53550E-03
  193.50      3.51160E-03
  194.50      3.48670E-03
  195.50      3.46200E-03
  196.70      3.43270E-03
  197.60      3.41060E-03
  198.40      3.39180E-03
  199.50      3.36550E-03
  200.50      3.34220E-03
  201.50      3.31890E-03
  202.50      3.29590E-03
  203.50      3.27310E-03
  204.50      3.25020E-03
  205.50      2.52960E-03
  206.50      2.44490E-03
  207.40      2.47940E-03
  207.80      2.52450E-03
  208.50      2.65110E-03
  209.50      2.92880E-03
  210.50      3.09900E-03
  211.50      3.10570E-03
  212.50      3.08630E-03
  213.50      3.05830E-03
  214.50      3.04330E-03
  215.50      3.06820E-03
  216.50      2.97540E-03
  217.50      3.05240E-03
  218.50      2.93140E-03
  219.50      3.01260E-03
  220.50      3.00020E-03
  221.50      2.86700E-03
  222.50      2.96030E-03
  223.50      2.94420E-03
  224.50      2.91970E-03
  225.50      2.79500E-03
  226.50      2.88610E-03
  227.50      2.86790E-03
  228.50      2.84880E-03
  229.50      2.82400E-03
  230.50      2.70950E-03
  231.50      2.78960E-03
  232.50      2.77640E-03
  233.50      2.75860E-03
  234.50      2.74100E-03
  235.50      2.72350E-03
  236.50      2.70620E-03
  237.50      2.68880E-03
  238.50      2.57760E-03
  239.50      2.65240E-03
  240.50      2.63830E-03
  241.50      2.62170E-03
  242.50      2.60570E-03
  243.50      2.58940E-03
  244.50      2.57340E-03
  245.50      2.55690E-03
  246.50      2.54170E-03
  247.50      2.52610E-03
  248.50      2.51060E-03
  249.50      2.46950E-03
  250.50      2.46660E-03
  251.30      2.29540E-03
  251.80      2.45330E-03
  252.50      2.44890E-03
  253.50      2.43520E-03
  254.50      2.42060E-03
  255.50      2.40600E-03
  256.50      2.39160E-03
  257.50      2.37730E-03
  258.50      2.36310E-03
  259.50      2.34830E-03
  260.50      2.33540E-03
  261.50      2.32130E-03
  262.50      2.30800E-03
  263.50      2.29440E-03
  264.50      2.28100E-03
  265.50      2.26770E-03
  266.50      2.25440E-03
  267.50      2.24080E-03
  268.50      2.22840E-03
  269.50      2.21530E-03
  270.50      2.20280E-03
  271.50      2.19010E-03
  272.50      2.17600E-03
  273.50      2.09560E-03
  274.50      2.15280E-03
  275.50      2.14060E-03
  276.50      2.12800E-03
  277.50      2.11640E-03
  278.50      2.10450E-03
  279.50      2.09250E-03
  280.50      2.08090E-03
  281.50      2.06930E-03
  282.50      2.05720E-03
  283.50      2.04610E-03
  284.50      2.03500E-03
  285.50      2.02370E-03
  286.50      2.01250E-03
  287.50      2.00150E-03
  288.50      1.99050E-03
  289.50      1.97960E-03
  291.00      1.96340E-03
  293.00      1.94210E-03
  295.00      1.92080E-03
  297.00      1.90050E-03
  299.00      1.88010E-03
  301.00      1.86030E-03
  303.00      1.84040E-03
  305.00      1.82110E-03
  307.00      1.80200E-03
  309.00      1.78360E-03
  311.00      1.76520E-03
  313.00      1.74690E-03
  315.00      1.72920E-03
  317.00      1.71150E-03
  319.00      1.69260E-03
  321.00      1.64940E-03
  323.00      1.66040E-03
  325.00      1.64380E-03
  327.00      1.62690E-03
  329.00      1.61130E-03
  331.00      1.59550E-03
  333.00      1.57980E-03
  335.00      1.56420E-03
  337.00      1.54930E-03
  339.00      1.53430E-03
  341.00      1.51940E-03
  343.00      1.50520E-03
  345.00      1.49060E-03
  347.00      1.47670E-03
  349.00      1.46280E-03
  351.00      1.44900E-03
  353.00      1.43540E-03
  355.00      1.42190E-03
  357.00      1.40900E-03
  359.00      1.39560E-03
  361.00      1.38300E-03
  363.00      1.37000E-03
  364.00      1.33760E-03
  365.00      1.22690E-03
  367.00      1.21730E-03
  369.00      1.20920E-03
  371.00      1.20680E-03
  373.00      1.21150E-03
  375.00      1.22450E-03
  377.00      1.23740E-03
  379.00      1.25510E-03
  381.00      1.27260E-03
  383.00      1.22490E-03
  385.00      1.26590E-03
  387.00      1.27220E-03
  389.00      1.17820E-03
  391.00      1.25380E-03
  393.00      1.23980E-03
  395.00      1.23540E-03
  397.00      1.13550E-03
  399.00      1.21240E-03
  401.00      1.20900E-03
  403.00      1.17890E-03
  405.00      1.19210E-03
  407.00      1.18020E-03
  409.00      1.14220E-03
  411.00      1.08630E-03
  413.00      1.14890E-03
  415.00      1.14220E-03
  417.00      1.13330E-03
  419.00      1.11720E-03
  421.00      1.09730E-03
  423.00      1.10550E-03
  425.00      1.09640E-03
  427.00      1.08750E-03
  429.00      1.07860E-03
  431.00      1.06810E-03
  433.00      1.02750E-03
  435.00      9.93240E-04
  437.00      1.04180E-03
  439.00      1.03490E-03
  441.00      1.02780E-03
  443.00      1.01960E-03
  445.00      1.01160E-03
  447.00      9.99100E-04
  449.00      9.95830E-04
  451.00      9.88080E-04
  453.00      9.78020E-04
  455.00      9.54220E-04
  457.00      9.65340E-04
  459.00      9.57940E-04
  461.00      9.50620E-04
  463.00      9.43360E-04
  465.00      9.36110E-04
  467.00      9.27960E-04
  469.00      8.91580E-04
  471.00      9.14380E-04
  473.00      9.08410E-04
  475.00      9.01650E-04
  477.00      8.94960E-04
  479.00      8.88340E-04
  481.00      8.81800E-04
  483.00      8.73890E-04
  485.00      8.47830E-04
  487.00      8.10450E-04
  489.00      8.53810E-04
  491.00      8.50150E-04
  493.00      8.42400E-04
  495.00      8.37990E-04
  497.00      8.32000E-04
  499.00      8.26070E-04
  501.00      8.19460E-04
  503.00      8.14400E-04
  505.00      8.08540E-04
  507.00      8.02970E-04
  509.00      7.97350E-04
  511.00      7.91790E-04
  513.00      7.86280E-04
  515.00      7.80830E-04
  517.00      7.75440E-04
  519.00      7.70100E-04
  521.00      7.64810E-04
  523.00      7.59580E-04
  525.00      7.54410E-04
  527.00      7.49280E-04
  529.00      7.44210E-04
  531.00      7.39190E-04
  533.00      7.34220E-04
  535.00      7.29300E-04
  537.00      7.24430E-04
  539.00      7.19590E-04
  541.00      7.00400E-04
  543.00      7.09770E-04
  545.00      7.05420E-04
  547.00      7.00790E-04
  549.00      6.96200E-04
  551.00      6.91650E-04
  553.00      6.87150E-04
  555.00      6.82690E-04
  557.00      6.78280E-04
  559.00      6.73870E-04
  561.00      6.69580E-04
  563.00      6.65290E-04
  565.00      6.61040E-04
  567.00      6.56840E-04
  569.00      6.45270E-04
  571.00      6.08430E-04
  573.00      6.04860E-04
  575.00      6.01340E-04
  577.00      5.97890E-04
  579.00      5.94600E-04
  581.00      5.91510E-04
  583.00      5.89120E-04
  585.00      5.87140E-04
  587.00      5.83720E-04
  589.00      5.84430E-04
  591.00      5.83750E-04
  593.00      5.83380E-04
  595.00      5.83460E-04
  597.00      5.83850E-04
  599.00      5.85020E-04
  601.00      5.84430E-04
  603.00      5.84200E-04
  605.00      5.83340E-04
  607.00      5.79840E-04
  609.00      5.76960E-04
  611.00      5.73920E-04
  613.00      5.70860E-04
  615.00      5.68200E-04
  617.00      5.63060E-04
  619.00      5.61310E-04
  621.00      5.58230E-04
  623.00      5.52960E-04
  625.00      5.51160E-04
  627.00      5.48530E-04
  629.00      5.45340E-04
  631.00      5.39330E-04
  633.00      5.38680E-04
  635.00      5.35970E-04
  637.00      5.32900E-04
  639.00      5.29460E-04
  641.00      5.23090E-04
  643.00      5.23740E-04
  645.00      5.20870E-04
  647.00      5.17930E-04
  649.00      5.15000E-04
  651.00      5.11550E-04
  653.00      5.03750E-04
  655.00      4.99030E-04
  657.00      4.73200E-04
  659.00      4.99300E-04
  661.00      4.97990E-04
  663.00      4.95240E-04
  665.00      4.92510E-04
  667.00      4.88180E-04
  669.00      4.80810E-04
  671.00      4.84440E-04
  673.00      4.81810E-04
  675.00      4.79190E-04
  677.00      4.76600E-04
  679.00      4.74020E-04
  681.00      4.71460E-04
  683.00      4.68920E-04
  685.00      4.66400E-04
  687.00      4.63900E-04
  689.00      4.54830E-04
  691.00      4.58480E-04
  693.00      4.56540E-04
  695.00      4.54120E-04
  697.00      4.51730E-04
  699.00      4.49350E-04
  701.00      4.46990E-04
  703.00      4.44640E-04
  705.00      4.42320E-04
  707.00      4.39220E-04
  709.00      4.37730E-04
  711.00      4.35460E-04
  713.00      4.33200E-04
  715.00      4.30970E-04
  717.00      4.24300E-04
  719.00      4.23630E-04
  721.00      4.24370E-04
  723.00      4.22200E-04
  725.00      4.20050E-04
  727.00      4.17920E-04
  729.00      4.15590E-04
  731.00      4.13700E-04
  733.00      4.11610E-04
  735.00      4.09540E-04
  737.00      4.07490E-04
  739.00      4.05450E-04
  741.00      4.03430E-04
  743.00      4.01420E-04
  745.00      3.99420E-04
  747.00      3.97450E-04
  749.00      3.95480E-04
  751.00      3.93530E-04
  753.00      3.91600E-04
  755.00      3.89670E-04
  757.00      3.87760E-04
  759.00      3.79310E-04
  761.00      3.83420E-04
  763.00      3.82130E-04
  765.00      3.80280E-04
  767.00      3.78440E-04
  769.00      3.76620E-04
  771.00      3.74800E-04
  773.00      3.73000E-04
  775.00      3.71220E-04
  777.00      3.69450E-04
  779.00      3.67690E-04
  781.00      3.65940E-04
  783.00      3.64200E-04
  785.00      3.62480E-04
  787.00      3.60770E-04
  789.00      3.59070E-04
  791.00      3.57390E-04
  793.00      3.55710E-04
  795.00      3.54050E-04
  797.00      3.52390E-04
  799.00      3.50750E-04
  801.00      3.49120E-04
  803.00      3.47510E-04
  805.00      3.45900E-04
  807.00      3.44300E-04
  809.00      3.42720E-04
  811.00      3.41140E-04
  813.00      3.39580E-04
  815.00      3.38030E-04
  817.00      3.36490E-04
  819.00      3.33610E-04
  821.00      3.20710E-04
  823.00      3.17470E-04
  825.00      3.17460E-04
  827.00      3.16570E-04
  829.00      3.15240E-04
  831.00      3.13890E-04
  833.00      3.12550E-04
  835.00      3.11220E-04
  837.00      3.09930E-04
  839.00      3.08650E-04
  841.00      3.07430E-04
  843.00      3.06230E-04
  845.00      3.05010E-04
  847.00      3.03940E-04
  849.00      3.02940E-04
  851.00      3.01910E-04
  853.00      3.00960E-04
  855.00      2.99850E-04
  857.00      2.99130E-04
  859.00      2.97990E-04
  861.00      2.97140E-04
  863.00      2.96690E-04
  865.00      2.95610E-04
  867.00      2.94020E-04
  869.00      2.94330E-04
  871.00      2.93860E-04
  873.00      2.92740E-04
  875.00      2.89720E-04
  877.00      2.90850E-04
  879.00      2.91300E-04
  881.00      2.90930E-04
  883.00      2.90070E-04
  885.00      2.86540E-04
  887.00      2.82570E-04
  889.00      2.86330E-04
  891.00      2.86630E-04
  893.00      2.85980E-04
  895.00      2.85080E-04
  897.00      2.83620E-04
  899.00      2.80960E-04
  901.00      2.73270E-04
  903.00      2.74980E-04
  905.00      2.78210E-04
  907.00      2.77910E-04
  909.00      2.77290E-04
  911.00      2.75780E-04
  913.00      2.75290E-04
  915.00      2.74160E-04
  917.00      2.72790E-04
  919.00      2.70850E-04
  921.00      2.67130E-04
  923.00      2.57560E-04
  925.00      2.64300E-04
  927.00      2.66330E-04
  929.00      2.66140E-04
  931.00      2.65290E-04
  933.00      2.63680E-04
  935.00      2.57230E-04
  937.00      2.61030E-04
  939.00      2.60930E-04
  941.00      2.60040E-04
  943.00      2.59000E-04
  945.00      2.57960E-04
  947.00      2.56880E-04
  949.00      2.55700E-04
  951.00      2.53640E-04
  953.00      2.49350E-04
  955.00      2.39750E-04
  957.00      2.48470E-04
  959.00      2.49970E-04
  961.00      2.49810E-04
  963.00      2.48880E-04
  965.00      2.47950E-04
  967.00      2.46980E-04
  969.00      2.46020E-04
  971.00      2.45050E-04
  973.00      2.44100E-04
  975.00      2.42740E-04
  977.00      2.40900E-04
  979.00      2.41280E-04
  981.00      2.40350E-04
  983.00      2.39430E-04
  985.00      2.38510E-04
  987.00      2.37590E-04
  989.00      2.36680E-04
  991.00      2.35780E-04
  993.00      2.34880E-04
  995.00      2.33990E-04
  997.00      2.33100E-04
  999.00      2.32120E-04
  1002.5      2.26970E-04
  1007.5      2.23330E-04
  1012.5      2.22820E-04
  1017.5      2.24270E-04
  1022.5      2.22200E-04
  1027.5      2.20150E-04
  1032.5      2.18070E-04
  1037.5      2.16130E-04
  1042.5      2.13090E-04
  1047.5      2.12230E-04
  1052.5      2.10320E-04
  1057.5      2.08440E-04
  1062.5      2.06570E-04
  1067.5      2.04730E-04
  1072.5      2.02920E-04
  1077.5      2.01140E-04
  1082.5      1.99120E-04
  1087.5      1.97420E-04
  1092.5      1.89700E-04
  1097.5      1.92410E-04
  1102.5      1.92520E-04
  1107.5      1.90880E-04
  1112.5      1.89250E-04
  1117.5      1.87740E-04
  1122.5      1.86150E-04
  1127.5      1.84580E-04
  1132.5      1.83020E-04
  1137.5      1.81490E-04
  1142.5      1.79980E-04
  1147.5      1.78480E-04
  1152.5      1.77000E-04
  1157.5      1.75540E-04
  1162.5      1.72200E-04
  1167.5      1.71290E-04
  1172.5      1.71270E-04
  1177.5      1.69890E-04
  1182.5      1.68510E-04
  1187.5      1.67160E-04
  1192.5      1.65820E-04
  1197.5      1.64420E-04
  1202.5      1.63190E-04
  1207.5      1.61900E-04
  1212.5      1.60620E-04
  1217.5      1.59360E-04
  1222.5      1.58110E-04
  1227.5      1.56880E-04
  1232.5      1.55660E-04
  1237.5      1.54460E-04
  1242.5      1.53270E-04
  1247.5      1.52090E-04
  1252.5      1.50920E-04
  1257.5      1.49780E-04
  1262.5      1.48640E-04
  1267.5      1.47520E-04
  1272.5      1.46400E-04
  1277.5      1.44630E-04
  1282.5      1.39090E-04
  1287.5      1.42820E-04
  1292.5      1.42080E-04
  1297.5      1.41020E-04
  1302.5      1.40000E-04
  1307.5      1.38970E-04
  1312.5      1.37950E-04
  1317.5      1.36950E-04
  1322.5      1.35950E-04
  1327.5      1.34970E-04
  1332.5      1.34000E-04
  1337.5      1.33030E-04
  1342.5      1.32080E-04
  1347.5      1.31140E-04
  1352.5      1.30210E-04
  1357.5      1.29290E-04
  1362.5      1.28370E-04
  1367.5      1.27470E-04
  1372.5      1.26580E-04
  1377.5      1.25690E-04
  1382.5      1.24820E-04
  1387.5      1.23950E-04
  1392.5      1.23100E-04
  1397.5      1.22250E-04
  1402.5      1.21410E-04
  1407.5      1.20580E-04
  1412.5      1.19760E-04
  1417.5      1.18940E-04
  1422.5      1.18140E-04
  1427.5      1.17340E-04
  1432.5      1.16550E-04
  1437.5      1.15770E-04
  1442.5      1.15000E-04
  1447.5      1.14230E-04
  1452.5      1.13470E-04
  1457.0      1.12800E-04
  1462.0      1.12290E-04
  1467.5      1.11480E-04
  1472.5      1.10470E-04
  1477.5      1.08760E-04
  1482.5      1.09190E-04
  1487.5      1.08600E-04
  1492.5      1.07890E-04
  1497.5      1.07200E-04
  1502.5      1.06510E-04
  1507.5      1.05800E-04
  1512.5      1.05150E-04
  1517.5      1.04480E-04
  1522.5      1.03810E-04
  1527.5      1.03160E-04
  1532.5      1.02510E-04
  1537.5      1.01860E-04
  1542.5      1.01220E-04
  1547.5      1.00590E-04
  1552.5      9.99630E-05
  1557.5      9.92840E-05
  1562.5      9.87270E-05
  1567.5      9.80350E-05
  1572.5      9.73810E-05
  1577.5      9.69150E-05
  1582.5      9.63150E-05
  1587.5      9.54560E-05
  1592.5      9.50460E-05
  1597.5      9.45760E-05
  1605.0      9.36180E-05
  1615.0      9.23520E-05
  1625.0      9.14950E-05
  1635.0      9.02220E-05
  1645.0      8.89570E-05
  1655.0      8.83020E-05
  1665.0      8.72750E-05
  1675.0      8.59880E-05
  1685.0      8.47010E-05
  1695.0      8.42970E-05
  1705.0      8.32990E-05
  1715.0      8.23960E-05
  1725.0      8.14540E-05
  1735.0      7.96430E-05
  1745.0      7.95320E-05
  1755.0      7.87800E-05
  1765.0      7.79140E-05
  1775.0      7.70610E-05
  1785.0      7.62220E-05
  1795.0      7.53970E-05
  1805.0      7.45830E-05
  1815.0      7.27890E-05
  1825.0      7.27800E-05
  1835.0      7.22260E-05
  1845.0      7.14650E-05
  1855.0      7.07260E-05
  1865.0      6.92330E-05
  1875.0      6.77670E-05
  1885.0      6.85330E-05
  1895.0      6.78430E-05
  1905.0      6.71380E-05
  1915.0      6.64670E-05
  1925.0      6.57940E-05
  1935.0      6.50770E-05
  1945.0      6.33050E-05
  1955.0      6.37700E-05
  1965.0      6.32030E-05
  1975.0      6.25790E-05
  1985.0      6.19640E-05
  1995.0      6.13580E-05
  2005.0      6.07610E-05
  2015.0      6.01730E-05
  2025.0      5.95930E-05
  2035.0      5.90210E-05
  2045.0      5.84580E-05
  2055.0      5.78980E-05
  2065.0      5.73550E-05
  2075.0      5.68150E-05
  2085.0      5.62820E-05
  2095.0      5.57570E-05
  2105.0      5.52400E-05
  2115.0      5.47210E-05
  2125.0      5.42260E-05
  2135.0      5.37290E-05
  2145.0      5.32380E-05
  2155.0      5.27200E-05
  2165.0      5.11720E-05
  2175.0      5.17170E-05
  2185.0      5.13440E-05
  2195.0      5.08870E-05
  2205.0      5.04350E-05
  2215.0      4.99890E-05
  2225.0      4.95490E-05
  2235.0      4.91150E-05
  2245.0      4.86860E-05
  2255.0      4.82630E-05
  2265.0      4.78460E-05
  2275.0      4.74340E-05
  2285.0      4.70600E-05
  2295.0      4.66580E-05
  2305.0      4.62610E-05
  2315.0      4.58700E-05
  2325.0      4.54830E-05
  2335.0      4.51010E-05
  2345.0      4.47240E-05
  2355.0      4.43510E-05
  2365.0      4.39830E-05
  2375.0      4.36200E-05
  2385.0      4.32610E-05
  2395.0      4.29060E-05
  2405.0      4.25560E-05
  2415.0      4.22100E-05
  2425.0      4.18680E-05
  2435.0      4.15310E-05
  2445.0      4.11970E-05
  2455.0      4.08680E-05
  2465.0      4.05420E-05
  2475.0      4.02160E-05
  2485.0      3.99020E-05
  2495.0      3.95880E-05
  2505.0      3.92770E-05
  2515.0      3.89700E-05
  2525.0      3.86670E-05
  2535.0      3.83670E-05
  2545.0      3.80710E-05
  2555.0      3.77770E-05
  2565.0      3.74870E-05
  2575.0      3.72010E-05
  2585.0      3.69190E-05
  2595.0      3.66390E-05
  2605.0      3.63550E-05
  2615.0      3.59680E-05
  2625.0      3.49160E-05
  2635.0      3.54750E-05
  2645.0      3.52850E-05
  2655.0      3.50230E-05
  2665.0      3.47620E-05
  2675.0      3.43990E-05
  2685.0      3.42530E-05
  2695.0      3.40050E-05
  2705.0      3.37580E-05
  2715.0      3.35130E-05
  2725.0      3.32710E-05
  2735.0      3.30310E-05
  2745.0      3.27930E-05
  2755.0      3.24020E-05
  2765.0      3.22550E-05
  2775.0      3.20970E-05
  2785.0      3.18700E-05
  2795.0      3.16450E-05
  2805.0      3.14220E-05
  2815.0      3.12020E-05
  2825.0      3.09840E-05
  2835.0      3.07690E-05
  2845.0      3.05550E-05
  2855.0      3.03430E-05
  2865.0      3.00620E-05
  2875.0      2.96840E-05
  2885.0      2.97040E-05
  2895.0      2.95200E-05
  2905.0      2.93200E-05
  2915.0      2.91210E-05
  2925.0      2.89250E-05
  2935.0      2.87300E-05
  2945.0      2.85370E-05
  2955.0      2.83470E-05
  2965.0      2.81580E-05
  2975.0      2.79710E-05
  2985.0      2.77860E-05
  2995.0      2.76020E-05
  3005.0      2.74210E-05
  3015.0      2.72410E-05
  3025.0      2.70580E-05
  3035.0      2.66280E-05
  3045.0      2.65500E-05
  3055.0      2.65390E-05
  3065.0      2.63680E-05
  3075.0      2.61990E-05
  3085.0      2.60310E-05
  3095.0      2.58640E-05
  3105.0      2.57000E-05
  3115.0      2.55360E-05
  3125.0      2.53750E-05
  3135.0      2.52150E-05
  3145.0      2.50560E-05
  3155.0      2.48990E-05
  3165.0      2.47430E-05
  3175.0      2.45890E-05
  3185.0      2.44360E-05
  3195.0      2.42850E-05
  3210.0      2.40600E-05
  3230.0      2.37660E-05
  3250.0      2.34770E-05
  3270.0      2.31920E-05
  3290.0      2.26710E-05
  3310.0      2.25910E-05
  3330.0      2.23790E-05
  3350.0      2.21140E-05
  3370.0      2.18550E-05
  3390.0      2.15990E-05
  3410.0      2.13490E-05
  3430.0      2.11020E-05
  3450.0      2.08600E-05
  3470.0      2.06210E-05
  3490.0      2.03870E-05
  3510.0      2.01570E-05
  3530.0      1.99310E-05
  3550.0      1.97080E-05
  3570.0      1.94890E-05
  3590.0      1.92740E-05
  3610.0      1.90620E-05
  3630.0      1.88540E-05
  3650.0      1.86490E-05
  3670.0      1.84470E-05
  3690.0      1.82490E-05
  3710.0      1.80520E-05
  3730.0      1.77500E-05
  3750.0      1.75010E-05
  3770.0      1.74860E-05
  3790.0      1.73030E-05
  3810.0      1.71220E-05
  3830.0      1.69450E-05
  3850.0      1.67700E-05
  3870.0      1.65980E-05
  3890.0      1.64280E-05
  3910.0      1.62610E-05
  3930.0      1.60960E-05
  3950.0      1.59340E-05
  3970.0      1.57750E-05
  3990.0      1.56170E-05
  4010.0      1.54590E-05
  4030.0      1.52970E-05
  4050.0      1.49250E-05
  4070.0      1.50100E-05
  4090.0      1.48650E-05
  4110.0      1.47210E-05
  4130.0      1.45790E-05
  4150.0      1.44390E-05
  4170.0      1.42710E-05
  4190.0      1.41650E-05
  4210.0      1.40310E-05
  4230.0      1.38990E-05
  4250.0      1.37690E-05
  4270.0      1.36400E-05
  4290.0      1.35130E-05
  4310.0      1.33890E-05
  4330.0      1.32650E-05
  4350.0      1.31440E-05
  4370.0      1.29760E-05
  4390.0      1.28900E-05
  4410.0      1.27890E-05
  4430.0      1.26740E-05
  4450.0      1.25600E-05
  4470.0      1.24510E-05
  4490.0      1.23400E-05
  4510.0      1.22310E-05
  4530.0      1.21230E-05
  4550.0      1.20170E-05
  4570.0      1.19120E-05
  4590.0      1.18080E-05
  4610.0      1.17060E-05
  4630.0      1.16030E-05
  4650.0      1.12790E-05
  4670.0      1.13070E-05
  4690.0      1.12950E-05
  4710.0      1.12140E-05
  4730.0      1.11190E-05
  4750.0      1.10260E-05
  4770.0      1.09330E-05
  4790.0      1.08420E-05
  4810.0      1.07520E-05
  4830.0      1.06630E-05
  4850.0      1.05750E-05
  4870.0      1.04880E-05
  4890.0      1.04030E-05
  4910.0      1.03180E-05
  4930.0      1.02340E-05
  4950.0      1.01520E-05
  4970.0      1.00700E-05
  4990.0      9.98920E-06
  5010.0      9.90940E-06
  5030.0      9.83060E-06
  5050.0      9.75280E-06
  5070.0      9.67580E-06
  5090.0      9.59970E-06
  5110.0      9.51360E-06
  5130.0      9.34770E-06
  5150.0      9.37040E-06
  5170.0      9.30420E-06
  5190.0      9.23250E-06
  5210.0      9.16160E-06
  5230.0      9.09150E-06
  5250.0      9.02210E-06
  5270.0      8.95360E-06
  5290.0      8.88580E-06
  5310.0      8.81880E-06
  5330.0      8.75250E-06
  5350.0      8.68700E-06
  5370.0      8.62210E-06
  5390.0      8.55800E-06
  5410.0      8.49470E-06
  5430.0      8.43200E-06
  5450.0      8.37000E-06
  5470.0      8.30870E-06
  5490.0      8.24800E-06
  5510.0      8.18800E-06
  5530.0      8.12860E-06
  5550.0      8.07000E-06
  5570.0      8.01190E-06
  5590.0      7.95450E-06
  5610.0      7.89760E-06
  5630.0      7.84130E-06
  5650.0      7.78570E-06
  5670.0      7.73060E-06
  5690.0      7.67610E-06
  5710.0      7.62200E-06
  5730.0      7.56880E-06
  5750.0      7.51600E-06
  5770.0      7.46370E-06
  5790.0      7.41200E-06
  5810.0      7.36080E-06
  5830.0      7.31010E-06
  5850.0      7.26110E-06
  5870.0      7.21140E-06
  5890.0      7.14760E-06
  5910.0      6.99590E-06
  5930.0      7.05640E-06
  5950.0      7.00940E-06
  5970.0      6.96930E-06
  5990.0      6.92390E-06
  6010.0      6.87770E-06
  6030.0      6.83190E-06
  6050.0      6.78650E-06
  6070.0      6.74160E-06
  6090.0      6.69720E-06
  6110.0      6.65320E-06
  6130.0      6.60960E-06
  6150.0      6.56640E-06
  6170.0      6.52370E-06
  6190.0      6.48130E-06
  6210.0      6.43940E-06
  6230.0      6.39790E-06
  6250.0      6.35670E-06
  6270.0      6.31580E-06
  6290.0      6.25500E-06
  6310.0      6.23320E-06
  6330.0      6.19600E-06
  6350.0      6.15690E-06
  6370.0      6.11800E-06
  6390.0      6.07950E-06
  6420.0      6.02250E-06
  6460.0      5.94760E-06
  6500.0      5.87420E-06
  6540.0      5.80210E-06
  6580.0      5.73120E-06
  6620.0      5.66170E-06
  6660.0      5.59340E-06
  6700.0      5.52630E-06
  6740.0      5.45820E-06
  6780.0      5.37600E-06
  6820.0      5.33210E-06
  6860.0      5.26970E-06
  6900.0      5.20830E-06
  6940.0      5.14790E-06
  6980.0      5.08860E-06
  7020.0      5.03030E-06
  7060.0      4.97300E-06
  7100.0      4.91670E-06
  7140.0      4.86130E-06
  7180.0      4.80680E-06
  7220.0      4.75320E-06
  7260.0      4.70050E-06
  7300.0      4.64870E-06
  7340.0      4.59770E-06
  7380.0      4.54760E-06
  7420.0      4.49730E-06
  7460.0      4.37210E-06
  7500.0      4.32020E-06
  7540.0      4.34810E-06
  7580.0      4.30870E-06
  7620.0      4.26320E-06
  7660.0      4.21840E-06
  7700.0      4.17420E-06
  7740.0      4.13080E-06
  7780.0      4.08800E-06
  7820.0      4.04590E-06
  7860.0      4.00440E-06
  7900.0      3.96360E-06
  7940.0      3.92340E-06
  7980.0      3.88370E-06
  8020.0      3.84470E-06
  8060.0      3.80620E-06
  8100.0      3.76840E-06
  8140.0      3.73100E-06
  8180.0      3.69420E-06
  8220.0      3.65800E-06
  8260.0      3.62230E-06
  8300.0      3.58710E-06
  8340.0      3.55240E-06
  8380.0      3.51830E-06
  8420.0      3.48460E-06
  8460.0      3.45130E-06
  8500.0      3.41860E-06
  8540.0      3.38630E-06
  8580.0      3.35440E-06
  8620.0      3.32300E-06
  8660.0      3.28910E-06
  8700.0      3.26140E-06
  8740.0      3.21320E-06
  8780.0      3.18360E-06
  8820.0      3.17230E-06
  8860.0      3.14340E-06
  8900.0      3.11490E-06
  8940.0      3.08680E-06
  8980.0      3.05900E-06
  9020.0      3.03160E-06
  9060.0      3.00460E-06
  9100.0      2.97790E-06
  9140.0      2.95160E-06
  9180.0      2.92560E-06
  9220.0      2.90000E-06
  9260.0      2.87470E-06
  9300.0      2.84970E-06
  9340.0      2.82500E-06
  9380.0      2.79370E-06
  9420.0      2.77480E-06
  9460.0      2.75300E-06
  9500.0      2.72950E-06
  9540.0      2.70640E-06
  9580.0      2.68360E-06
  9620.0      2.66100E-06
  9660.0      2.63880E-06
  9700.0      2.61680E-06
  9740.0      2.59500E-06
  9780.0      2.57360E-06
  9820.0      2.55240E-06
  9860.0      2.53140E-06
  9900.0      2.51080E-06
  9940.0      2.49030E-06
  9980.0      2.47010E-06
  10020.      2.45020E-06
  20000.      6.00690E-07
  40000.      1.46010E-07
  60000.      6.38400E-08
  80000.      3.55170E-08
 1.00000E+05  2.25470E-08
 1.20000E+05  1.55590E-08
 1.40000E+05  1.13730E-08
 1.60000E+05  8.67050E-09
