 Castelli and Kurucz 2004-2012 Atmosphere
 T     31000.     G    4.50000 [-2.5a] N(He)/Ntot=0.0784 VTURB=2  L/H=1.25 NOVE
 Wavelength  Eddington Hnu
   (nm)    (ergs/s/cm2/Hz/sr)
  9.0900      3.33460E-35
  9.3500      2.65770E-34
  9.6100      1.90090E-33
  9.7700      6.06990E-33
  9.9600      2.29990E-32
  10.200      1.15570E-31
  10.380      3.70200E-31
  10.560      1.14160E-30
  10.770      4.05640E-30
  11.040      1.93330E-29
  11.400      1.38740E-28
  11.780      9.80360E-28
  12.130      5.34630E-27
  12.480      2.65990E-26
  12.710      7.28620E-26
  12.840      1.26820E-25
  13.050      3.03660E-25
  13.240      6.53810E-25
  13.390      1.18000E-24
  13.660      3.31150E-24
  13.980      1.07120E-23
  14.330      3.65090E-23
  14.720      1.34000E-22
  15.100      4.47020E-22
  15.520      1.58370E-21
  15.880      4.45130E-21
  16.200      1.07510E-20
  16.600      3.09130E-20
  17.030      9.11790E-20
  17.340      1.92570E-19
  17.680      4.24460E-19
  18.020      9.09000E-19
  18.170      1.26080E-18
  18.610      3.19670E-18
  19.100      8.57630E-18
  19.390      1.50270E-17
  19.840      3.47490E-17
  20.180      6.38920E-17
  20.500      1.11290E-16
  21.050      2.77780E-16
  21.620      6.83240E-16
  21.980      1.17720E-15
  22.300      1.88120E-15
  22.680      3.22590E-15
  23.000      2.80130E-13
  23.400      1.15360E-12
  24.000      2.30190E-12
  24.650      4.44840E-12
  25.240      7.73390E-12
  25.680      8.93580E-12
  26.000      1.46510E-11
  26.400      1.95510E-11
  26.850      2.84380E-11
  27.350      4.16410E-11
  27.850      5.96360E-11
  28.400      8.99200E-11
  29.000      1.34640E-10
  29.600      1.96910E-10
  30.100      2.49480E-10
  30.800      3.49780E-10
  31.800      7.45450E-10
  32.800      1.27050E-09
  33.800      2.14700E-09
  34.800      3.47510E-09
  35.700      5.21730E-09
  36.600      7.80670E-09
  37.500      1.11300E-08
  38.500      1.66500E-08
  39.500      2.40330E-08
  40.500      3.40520E-08
  41.400      4.62200E-08
  42.200      5.93090E-08
  43.000      7.55310E-08
  44.100      1.04350E-07
  45.100      1.38350E-07
  46.000      1.74510E-07
  47.000      2.26260E-07
  48.000      2.88030E-07
  49.000      3.62310E-07
  50.000      4.54460E-07
  50.600      2.68040E-06
  51.200      9.32740E-06
  52.000      9.72160E-06
  53.000      1.09710E-05
  54.000      1.06510E-05
  55.000      1.24770E-05
  56.000      1.34440E-05
  57.000      1.45000E-05
  58.000      1.43320E-05
  59.000      1.63420E-05
  60.000      1.72690E-05
  61.000      1.85610E-05
  62.000      1.97990E-05
  63.000      2.12690E-05
  64.000      2.22420E-05
  65.000      2.39650E-05
  65.800      2.49920E-05
  66.500      2.61090E-05
  67.500      2.75270E-05
  68.500      2.85310E-05
  69.500      3.13950E-05
  70.500      3.23090E-05
  71.600      3.51040E-05
  72.600      3.69780E-05
  73.500      3.92260E-05
  74.500      4.12470E-05
  75.500      4.33180E-05
  76.500      4.55640E-05
  77.500      4.81470E-05
  78.500      5.08030E-05
  79.500      5.30210E-05
  80.500      5.56370E-05
  81.500      5.81330E-05
  82.500      6.10770E-05
  83.500      6.14950E-05
  84.500      6.64990E-05
  85.500      6.92830E-05
  86.500      7.23050E-05
  87.500      7.53030E-05
  88.500      7.83750E-05
  89.500      8.14630E-05
  90.500      8.41680E-05
  91.500      1.00560E-04
  92.500      4.49220E-04
  93.500      8.46160E-04
  94.500      1.55830E-03
  95.500      1.82490E-03
  96.500      2.30940E-03
  97.500      1.37020E-03
  98.500      2.39860E-03
  99.500      2.26420E-03
  100.50      2.41440E-03
  101.50      2.34150E-03
  102.50      1.34530E-03
  103.50      2.28710E-03
  104.50      2.41690E-03
  105.50      2.41010E-03
  106.50      2.33340E-03
  107.50      2.34180E-03
  108.50      2.21510E-03
  109.50      2.35280E-03
  110.50      2.30240E-03
  111.50      2.29090E-03
  112.50      2.22480E-03
  113.50      2.28910E-03
  114.50      2.25360E-03
  115.50      2.24550E-03
  116.50      2.24240E-03
  117.50      2.03780E-03
  118.50      2.19780E-03
  119.50      2.15880E-03
  120.50      2.06550E-03
  121.50      1.23030E-03
  122.50      2.06380E-03
  123.50      2.12930E-03
  124.50      2.10220E-03
  125.50      2.11510E-03
  126.50      2.10240E-03
  127.50      2.08940E-03
  128.50      2.07560E-03
  129.50      2.01210E-03
  130.50      2.01520E-03
  131.50      2.03220E-03
  132.50      2.01150E-03
  133.50      1.97400E-03
  134.50      1.98680E-03
  135.50      1.97650E-03
  136.50      1.95800E-03
  137.50      1.94620E-03
  138.50      1.93390E-03
  139.50      1.86700E-03
  140.50      1.86330E-03
  141.50      1.88870E-03
  142.50      1.87360E-03
  143.50      1.86560E-03
  144.20      1.85890E-03
  144.70      1.85180E-03
  145.50      1.84040E-03
  146.50      1.82790E-03
  147.50      1.81470E-03
  148.50      1.80340E-03
  149.50      1.78960E-03
  150.50      1.77260E-03
  151.20      1.76820E-03
  151.70      1.76150E-03
  152.50      1.74970E-03
  153.50      1.72480E-03
  154.50      1.69100E-03
  155.50      1.68220E-03
  156.50      1.69160E-03
  157.50      1.68660E-03
  158.50      1.67760E-03
  159.50      1.66680E-03
  160.50      1.64410E-03
  161.50      1.63150E-03
  162.50      1.62050E-03
  163.50      1.59760E-03
  164.50      1.53720E-03
  165.50      1.59780E-03
  166.50      1.58640E-03
  167.20      1.57740E-03
  167.70      1.58060E-03
  168.50      1.57070E-03
  169.50      1.55950E-03
  170.50      1.54760E-03
  171.50      1.53040E-03
  172.50      1.51890E-03
  173.50      1.51990E-03
  174.50      1.50870E-03
  175.50      1.49800E-03
  176.50      1.48770E-03
  177.50      1.47900E-03
  178.50      1.47020E-03
  179.50      1.46130E-03
  180.50      1.45290E-03
  181.50      1.44250E-03
  182.50      1.43310E-03
  183.50      1.42470E-03
  184.50      1.41140E-03
  185.50      1.39570E-03
  186.50      1.39020E-03
  187.50      1.38670E-03
  188.50      1.37380E-03
  189.50      1.35910E-03
  190.50      1.35940E-03
  191.50      1.34330E-03
  192.50      1.33370E-03
  193.50      1.33070E-03
  194.50      1.32640E-03
  195.50      1.31120E-03
  196.70      1.30810E-03
  197.60      1.30310E-03
  198.40      1.29350E-03
  199.50      1.28010E-03
  200.50      1.27920E-03
  201.50      1.27240E-03
  202.50      1.26530E-03
  203.50      1.25640E-03
  204.50      1.24870E-03
  205.50      1.14630E-03
  206.50      1.12890E-03
  207.40      1.13280E-03
  207.80      1.13190E-03
  208.50      1.15340E-03
  209.50      1.18760E-03
  210.50      1.20360E-03
  211.50      1.19970E-03
  212.50      1.19240E-03
  213.50      1.18500E-03
  214.50      1.17870E-03
  215.50      1.17470E-03
  216.50      1.16230E-03
  217.50      1.16250E-03
  218.50      1.14830E-03
  219.50      1.14900E-03
  220.50      1.14240E-03
  221.50      1.12760E-03
  222.50      1.12910E-03
  223.50      1.12250E-03
  224.50      1.11600E-03
  225.50      1.10140E-03
  226.50      1.10320E-03
  227.50      1.09690E-03
  228.50      1.09030E-03
  229.50      1.07310E-03
  230.50      1.07020E-03
  231.50      1.07190E-03
  232.50      1.06590E-03
  233.50      1.05980E-03
  234.50      1.05400E-03
  235.50      1.04810E-03
  236.50      1.04220E-03
  237.50      1.03630E-03
  238.50      1.02340E-03
  239.50      1.02460E-03
  240.50      1.01920E-03
  241.50      1.01350E-03
  242.50      1.00800E-03
  243.50      1.00230E-03
  244.50      9.96920E-04
  245.50      9.91480E-04
  246.50      9.86160E-04
  247.50      9.80760E-04
  248.50      9.75510E-04
  249.50      9.48020E-04
  250.50      9.64500E-04
  251.30      9.46130E-04
  251.80      9.57100E-04
  252.50      9.54730E-04
  253.50      9.49680E-04
  254.50      9.43920E-04
  255.50      9.39400E-04
  256.50      9.34660E-04
  257.50      9.29810E-04
  258.50      9.24960E-04
  259.50      9.20130E-04
  260.50      9.19290E-04
  261.50      9.14480E-04
  262.50      9.09710E-04
  263.50      9.04450E-04
  264.50      8.99450E-04
  265.50      8.93950E-04
  266.50      8.88140E-04
  267.50      8.82610E-04
  268.50      8.81910E-04
  269.50      8.72590E-04
  270.50      8.72920E-04
  271.50      8.68480E-04
  272.50      8.58540E-04
  273.50      8.55030E-04
  274.50      8.55360E-04
  275.50      8.51030E-04
  276.50      8.40790E-04
  277.50      8.42570E-04
  278.50      8.38320E-04
  279.50      8.32830E-04
  280.50      8.29740E-04
  281.50      8.25940E-04
  282.50      8.14680E-04
  283.50      8.14270E-04
  284.50      8.13800E-04
  285.50      8.09760E-04
  286.50      8.05800E-04
  287.50      8.01890E-04
  288.50      7.98030E-04
  289.50      7.94150E-04
  291.00      7.88370E-04
  293.00      7.80820E-04
  295.00      7.68400E-04
  297.00      7.66030E-04
  299.00      7.58780E-04
  301.00      7.51630E-04
  303.00      7.44610E-04
  305.00      7.37710E-04
  307.00      7.30920E-04
  309.00      7.23820E-04
  311.00      7.17510E-04
  313.00      7.11400E-04
  315.00      7.04930E-04
  317.00      6.98530E-04
  319.00      6.86820E-04
  321.00      6.84340E-04
  323.00      6.79540E-04
  325.00      6.73440E-04
  327.00      6.68070E-04
  329.00      6.61430E-04
  331.00      6.56450E-04
  333.00      6.50700E-04
  335.00      6.44060E-04
  337.00      6.39500E-04
  339.00      6.34050E-04
  341.00      6.28640E-04
  343.00      6.21100E-04
  345.00      6.13930E-04
  347.00      6.10310E-04
  349.00      6.05150E-04
  351.00      6.00930E-04
  353.00      5.96890E-04
  355.00      5.91840E-04
  357.00      5.90110E-04
  359.00      5.81470E-04
  361.00      5.78530E-04
  363.00      5.72020E-04
  364.00      5.73380E-04
  365.00      5.67980E-04
  367.00      5.65430E-04
  369.00      5.60700E-04
  371.00      5.48530E-04
  373.00      5.34690E-04
  375.00      5.40460E-04
  377.00      5.35560E-04
  379.00      5.58170E-04
  381.00      5.81630E-04
  383.00      5.21670E-04
  385.00      6.00250E-04
  387.00      6.09620E-04
  389.00      5.06970E-04
  391.00      6.07430E-04
  393.00      6.05410E-04
  395.00      5.98840E-04
  397.00      4.89140E-04
  399.00      5.85950E-04
  401.00      5.86880E-04
  403.00      5.61680E-04
  405.00      5.83010E-04
  407.00      5.75900E-04
  409.00      5.40170E-04
  411.00      4.83870E-04
  413.00      5.56550E-04
  415.00      5.55590E-04
  417.00      5.55320E-04
  419.00      5.51550E-04
  421.00      5.46840E-04
  423.00      5.43230E-04
  425.00      5.38810E-04
  427.00      5.34360E-04
  429.00      5.30000E-04
  431.00      5.23300E-04
  433.00      4.84110E-04
  435.00      4.49710E-04
  437.00      5.10270E-04
  439.00      4.97690E-04
  441.00      5.06160E-04
  443.00      5.01020E-04
  445.00      4.98760E-04
  447.00      4.75980E-04
  449.00      4.90980E-04
  451.00      4.87680E-04
  453.00      4.84030E-04
  455.00      4.79560E-04
  457.00      4.76810E-04
  459.00      4.73240E-04
  461.00      4.69850E-04
  463.00      4.66420E-04
  465.00      4.62310E-04
  467.00      4.59560E-04
  469.00      4.53460E-04
  471.00      4.48120E-04
  473.00      4.49810E-04
  475.00      4.46560E-04
  477.00      4.43420E-04
  479.00      4.40260E-04
  481.00      4.36740E-04
  483.00      4.31480E-04
  485.00      4.05190E-04
  487.00      3.69410E-04
  489.00      4.21170E-04
  491.00      4.20690E-04
  493.00      4.09830E-04
  495.00      4.16140E-04
  497.00      4.13360E-04
  499.00      4.10520E-04
  501.00      4.03420E-04
  503.00      4.04930E-04
  505.00      4.00280E-04
  507.00      3.99460E-04
  509.00      3.96770E-04
  511.00      3.94100E-04
  513.00      3.91460E-04
  515.00      3.88840E-04
  517.00      3.86250E-04
  519.00      3.83690E-04
  521.00      3.81150E-04
  523.00      3.78640E-04
  525.00      3.76150E-04
  527.00      3.73690E-04
  529.00      3.71250E-04
  531.00      3.68830E-04
  533.00      3.66440E-04
  535.00      3.64070E-04
  537.00      3.61730E-04
  539.00      3.59400E-04
  541.00      3.56600E-04
  543.00      3.54820E-04
  545.00      3.52560E-04
  547.00      3.50330E-04
  549.00      3.48110E-04
  551.00      3.45920E-04
  553.00      3.43750E-04
  555.00      3.41600E-04
  557.00      3.39470E-04
  559.00      3.37350E-04
  561.00      3.35260E-04
  563.00      3.33190E-04
  565.00      3.31140E-04
  567.00      3.29100E-04
  569.00      3.27010E-04
  571.00      3.25070E-04
  573.00      3.23110E-04
  575.00      3.21120E-04
  577.00      3.19210E-04
  579.00      3.17280E-04
  581.00      3.15380E-04
  583.00      3.13480E-04
  585.00      3.11610E-04
  587.00      3.01080E-04
  589.00      3.07330E-04
  591.00      3.06090E-04
  593.00      3.04290E-04
  595.00      3.02500E-04
  597.00      3.00720E-04
  599.00      2.98960E-04
  601.00      2.97220E-04
  603.00      2.95490E-04
  605.00      2.93770E-04
  607.00      2.92070E-04
  609.00      2.90390E-04
  611.00      2.88720E-04
  613.00      2.87060E-04
  615.00      2.85420E-04
  617.00      2.83790E-04
  619.00      2.82180E-04
  621.00      2.80580E-04
  623.00      2.78990E-04
  625.00      2.77420E-04
  627.00      2.75860E-04
  629.00      2.74310E-04
  631.00      2.72780E-04
  633.00      2.71260E-04
  635.00      2.69750E-04
  637.00      2.68250E-04
  639.00      2.66770E-04
  641.00      2.65290E-04
  643.00      2.63840E-04
  645.00      2.62390E-04
  647.00      2.60950E-04
  649.00      2.59530E-04
  651.00      2.58100E-04
  653.00      2.55660E-04
  655.00      2.46980E-04
  657.00      2.23520E-04
  659.00      2.50440E-04
  661.00      2.50920E-04
  663.00      2.49880E-04
  665.00      2.48670E-04
  667.00      2.45030E-04
  669.00      2.43750E-04
  671.00      2.44730E-04
  673.00      2.43430E-04
  675.00      2.42150E-04
  677.00      2.40880E-04
  679.00      2.39620E-04
  681.00      2.38370E-04
  683.00      2.37120E-04
  685.00      2.35890E-04
  687.00      2.34670E-04
  689.00      2.33450E-04
  691.00      2.32250E-04
  693.00      2.31060E-04
  695.00      2.29870E-04
  697.00      2.28700E-04
  699.00      2.27530E-04
  701.00      2.26370E-04
  703.00      2.25220E-04
  705.00      2.24080E-04
  707.00      2.19740E-04
  709.00      2.21820E-04
  711.00      2.20710E-04
  713.00      2.19600E-04
  715.00      2.18500E-04
  717.00      2.17370E-04
  719.00      2.16330E-04
  721.00      2.15250E-04
  723.00      2.14160E-04
  725.00      2.13120E-04
  727.00      2.12080E-04
  729.00      2.09460E-04
  731.00      2.09980E-04
  733.00      2.08970E-04
  735.00      2.07950E-04
  737.00      2.06940E-04
  739.00      2.05930E-04
  741.00      2.04930E-04
  743.00      2.03940E-04
  745.00      2.02980E-04
  747.00      2.02000E-04
  749.00      2.01030E-04
  751.00      2.00020E-04
  753.00      1.99120E-04
  755.00      1.98170E-04
  757.00      1.97220E-04
  759.00      1.96290E-04
  761.00      1.95360E-04
  763.00      1.94440E-04
  765.00      1.93520E-04
  767.00      1.92610E-04
  769.00      1.91710E-04
  771.00      1.90810E-04
  773.00      1.89920E-04
  775.00      1.89040E-04
  777.00      1.88160E-04
  779.00      1.87290E-04
  781.00      1.86340E-04
  783.00      1.85560E-04
  785.00      1.84860E-04
  787.00      1.84010E-04
  789.00      1.83090E-04
  791.00      1.82330E-04
  793.00      1.81500E-04
  795.00      1.80670E-04
  797.00      1.79710E-04
  799.00      1.79030E-04
  801.00      1.78080E-04
  803.00      1.77230E-04
  805.00      1.76430E-04
  807.00      1.75680E-04
  809.00      1.74630E-04
  811.00      1.74000E-04
  813.00      1.73360E-04
  815.00      1.72390E-04
  817.00      1.71830E-04
  819.00      1.70850E-04
  821.00      1.69890E-04
  823.00      1.69470E-04
  825.00      1.68810E-04
  827.00      1.67430E-04
  829.00      1.67260E-04
  831.00      1.66590E-04
  833.00      1.65780E-04
  835.00      1.64400E-04
  837.00      1.64160E-04
  839.00      1.63640E-04
  841.00      1.62940E-04
  843.00      1.62140E-04
  845.00      1.60500E-04
  847.00      1.60700E-04
  849.00      1.59690E-04
  851.00      1.59130E-04
  853.00      1.58250E-04
  855.00      1.56940E-04
  857.00      1.57930E-04
  859.00      1.53980E-04
  861.00      1.54470E-04
  863.00      1.56730E-04
  865.00      1.53610E-04
  867.00      1.48590E-04
  869.00      1.54700E-04
  871.00      1.55560E-04
  873.00      1.51930E-04
  875.00      1.42340E-04
  877.00      1.49010E-04
  879.00      1.53500E-04
  881.00      1.53460E-04
  883.00      1.52070E-04
  885.00      1.44100E-04
  887.00      1.36480E-04
  889.00      1.48560E-04
  891.00      1.50450E-04
  893.00      1.50200E-04
  895.00      1.49930E-04
  897.00      1.48900E-04
  899.00      1.45180E-04
  901.00      1.31900E-04
  903.00      1.37450E-04
  905.00      1.45260E-04
  907.00      1.44790E-04
  909.00      1.45460E-04
  911.00      1.45560E-04
  913.00      1.45100E-04
  915.00      1.44330E-04
  917.00      1.43130E-04
  919.00      1.42060E-04
  921.00      1.36290E-04
  923.00      1.22720E-04
  925.00      1.35250E-04
  927.00      1.39600E-04
  929.00      1.39960E-04
  931.00      1.39200E-04
  933.00      1.39360E-04
  935.00      1.38650E-04
  937.00      1.38260E-04
  939.00      1.37720E-04
  941.00      1.37170E-04
  943.00      1.36630E-04
  945.00      1.36090E-04
  947.00      1.34550E-04
  949.00      1.34510E-04
  951.00      1.32070E-04
  953.00      1.26590E-04
  955.00      1.14660E-04
  957.00      1.28230E-04
  959.00      1.31250E-04
  961.00      1.31180E-04
  963.00      1.30630E-04
  965.00      1.30880E-04
  967.00      1.30380E-04
  969.00      1.29770E-04
  971.00      1.29040E-04
  973.00      1.28880E-04
  975.00      1.28390E-04
  977.00      1.27900E-04
  979.00      1.27410E-04
  981.00      1.26920E-04
  983.00      1.26440E-04
  985.00      1.25960E-04
  987.00      1.25490E-04
  989.00      1.25010E-04
  991.00      1.24530E-04
  993.00      1.24070E-04
  995.00      1.23600E-04
  997.00      1.23070E-04
  999.00      1.22260E-04
  1002.5      1.16510E-04
  1007.5      1.13950E-04
  1012.5      1.19000E-04
  1017.5      1.18540E-04
  1022.5      1.17410E-04
  1027.5      1.16390E-04
  1032.5      1.14890E-04
  1037.5      1.14290E-04
  1042.5      1.13270E-04
  1047.5      1.12260E-04
  1052.5      1.11260E-04
  1057.5      1.10270E-04
  1062.5      1.09300E-04
  1067.5      1.08150E-04
  1072.5      1.07390E-04
  1077.5      1.06450E-04
  1082.5      1.04530E-04
  1087.5      1.04170E-04
  1092.5      9.55240E-05
  1097.5      1.00320E-04
  1102.5      1.01240E-04
  1107.5      1.00990E-04
  1112.5      1.00240E-04
  1117.5      9.93920E-05
  1122.5      9.85130E-05
  1127.5      9.77370E-05
  1132.5      9.69240E-05
  1137.5      9.61220E-05
  1142.5      9.53300E-05
  1147.5      9.45470E-05
  1152.5      9.37740E-05
  1157.5      9.30100E-05
  1162.5      9.22470E-05
  1167.5      9.15100E-05
  1172.5      9.07750E-05
  1177.5      9.00470E-05
  1182.5      8.93280E-05
  1187.5      8.86180E-05
  1192.5      8.79160E-05
  1197.5      8.63180E-05
  1202.5      8.65370E-05
  1207.5      8.58600E-05
  1212.5      8.51910E-05
  1217.5      8.45290E-05
  1222.5      8.38750E-05
  1227.5      8.32290E-05
  1232.5      8.25890E-05
  1237.5      8.19580E-05
  1242.5      8.13330E-05
  1247.5      8.07150E-05
  1252.5      7.99450E-05
  1257.5      7.95010E-05
  1262.5      7.89040E-05
  1267.5      7.83130E-05
  1272.5      7.76560E-05
  1277.5      7.56990E-05
  1282.5      7.05120E-05
  1287.5      7.54050E-05
  1292.5      7.54130E-05
  1297.5      7.43740E-05
  1302.5      7.43600E-05
  1307.5      7.38210E-05
  1312.5      7.32860E-05
  1317.5      7.27580E-05
  1322.5      7.22350E-05
  1327.5      7.17180E-05
  1332.5      7.12060E-05
  1337.5      7.06990E-05
  1342.5      7.01440E-05
  1347.5      6.97030E-05
  1352.5      6.92120E-05
  1357.5      6.87270E-05
  1362.5      6.82460E-05
  1367.5      6.77710E-05
  1372.5      6.73010E-05
  1377.5      6.68360E-05
  1382.5      6.63750E-05
  1387.5      6.59190E-05
  1392.5      6.54680E-05
  1397.5      6.50210E-05
  1402.5      6.45790E-05
  1407.5      6.41410E-05
  1412.5      6.37080E-05
  1417.5      6.32790E-05
  1422.5      6.28550E-05
  1427.5      6.24350E-05
  1432.5      6.20190E-05
  1437.5      6.16070E-05
  1442.5      6.11990E-05
  1447.5      6.07950E-05
  1452.5      6.03950E-05
  1457.0      6.00390E-05
  1462.0      5.96500E-05
  1467.5      5.92270E-05
  1472.5      5.88470E-05
  1477.5      5.84670E-05
  1482.5      5.80960E-05
  1487.5      5.77260E-05
  1492.5      5.73600E-05
  1497.5      5.69970E-05
  1502.5      5.66360E-05
  1507.5      5.61710E-05
  1512.5      5.59250E-05
  1517.5      5.55710E-05
  1522.5      5.52220E-05
  1527.5      5.48710E-05
  1532.5      5.45230E-05
  1537.5      5.41880E-05
  1542.5      5.38110E-05
  1547.5      5.35090E-05
  1552.5      5.31580E-05
  1557.5      5.27450E-05
  1562.5      5.25850E-05
  1567.5      5.20910E-05
  1572.5      5.16830E-05
  1577.5      5.16700E-05
  1582.5      5.13120E-05
  1587.5      5.04010E-05
  1592.5      5.05400E-05
  1597.5      5.05180E-05
  1605.0      4.98480E-05
  1615.0      4.88310E-05
  1625.0      4.89980E-05
  1635.0      4.79880E-05
  1645.0      4.68360E-05
  1655.0      4.73970E-05
  1665.0      4.68840E-05
  1675.0      4.56960E-05
  1685.0      4.44650E-05
  1695.0      4.52530E-05
  1705.0      4.45320E-05
  1715.0      4.42850E-05
  1725.0      4.36990E-05
  1735.0      4.14830E-05
  1745.0      4.25440E-05
  1755.0      4.23520E-05
  1765.0      4.18890E-05
  1775.0      4.14330E-05
  1785.0      4.09840E-05
  1795.0      4.05420E-05
  1805.0      4.00500E-05
  1815.0      3.80120E-05
  1825.0      3.88290E-05
  1835.0      3.88450E-05
  1845.0      3.84380E-05
  1855.0      3.80260E-05
  1865.0      3.73050E-05
  1875.0      3.56310E-05
  1885.0      3.68020E-05
  1895.0      3.64930E-05
  1905.0      3.59750E-05
  1915.0      3.57480E-05
  1925.0      3.53950E-05
  1935.0      3.49030E-05
  1945.0      3.29530E-05
  1955.0      3.41670E-05
  1965.0      3.40070E-05
  1975.0      3.36730E-05
  1985.0      3.33440E-05
  1995.0      3.30190E-05
  2005.0      3.26990E-05
  2015.0      3.23840E-05
  2025.0      3.20730E-05
  2035.0      3.17660E-05
  2045.0      3.14540E-05
  2055.0      3.11150E-05
  2065.0      3.08730E-05
  2075.0      3.05830E-05
  2085.0      3.02980E-05
  2095.0      3.00160E-05
  2105.0      2.97380E-05
  2115.0      2.93610E-05
  2125.0      2.91940E-05
  2135.0      2.89280E-05
  2145.0      2.86570E-05
  2155.0      2.83070E-05
  2165.0      2.67250E-05
  2175.0      2.77120E-05
  2185.0      2.76300E-05
  2195.0      2.74030E-05
  2205.0      2.71600E-05
  2215.0      2.69210E-05
  2225.0      2.66820E-05
  2235.0      2.64520E-05
  2245.0      2.62220E-05
  2255.0      2.59950E-05
  2265.0      2.57710E-05
  2275.0      2.55490E-05
  2285.0      2.53310E-05
  2295.0      2.51160E-05
  2305.0      2.48990E-05
  2315.0      2.46950E-05
  2325.0      2.44880E-05
  2335.0      2.42840E-05
  2345.0      2.40820E-05
  2355.0      2.38820E-05
  2365.0      2.36850E-05
  2375.0      2.34910E-05
  2385.0      2.32990E-05
  2395.0      2.31090E-05
  2405.0      2.29210E-05
  2415.0      2.27360E-05
  2425.0      2.25520E-05
  2435.0      2.23700E-05
  2445.0      2.21890E-05
  2455.0      2.20150E-05
  2465.0      2.18360E-05
  2475.0      2.16280E-05
  2485.0      2.14970E-05
  2495.0      2.13080E-05
  2505.0      2.11630E-05
  2515.0      2.09980E-05
  2525.0      2.07930E-05
  2535.0      2.06690E-05
  2545.0      2.05260E-05
  2555.0      2.03450E-05
  2565.0      2.01180E-05
  2575.0      2.00430E-05
  2585.0      1.99130E-05
  2595.0      1.97560E-05
  2605.0      1.95360E-05
  2615.0      1.91920E-05
  2625.0      1.83850E-05
  2635.0      1.90580E-05
  2645.0      1.90380E-05
  2655.0      1.88970E-05
  2665.0      1.86980E-05
  2675.0      1.83320E-05
  2685.0      1.84160E-05
  2695.0      1.83800E-05
  2705.0      1.82500E-05
  2715.0      1.81170E-05
  2725.0      1.79870E-05
  2735.0      1.78570E-05
  2745.0      1.76730E-05
  2755.0      1.72130E-05
  2765.0      1.72700E-05
  2775.0      1.73310E-05
  2785.0      1.72310E-05
  2795.0      1.71100E-05
  2805.0      1.69900E-05
  2815.0      1.68710E-05
  2825.0      1.67530E-05
  2835.0      1.66370E-05
  2845.0      1.65220E-05
  2855.0      1.63830E-05
  2865.0      1.61210E-05
  2875.0      1.56810E-05
  2885.0      1.59980E-05
  2895.0      1.59630E-05
  2905.0      1.58550E-05
  2915.0      1.57480E-05
  2925.0      1.56420E-05
  2935.0      1.55370E-05
  2945.0      1.54330E-05
  2955.0      1.53300E-05
  2965.0      1.52280E-05
  2975.0      1.51270E-05
  2985.0      1.50270E-05
  2995.0      1.49280E-05
  3005.0      1.48300E-05
  3015.0      1.47330E-05
  3025.0      1.45900E-05
  3035.0      1.41140E-05
  3045.0      1.41590E-05
  3055.0      1.43240E-05
  3065.0      1.42620E-05
  3075.0      1.41710E-05
  3085.0      1.40800E-05
  3095.0      1.39910E-05
  3105.0      1.39020E-05
  3115.0      1.38140E-05
  3125.0      1.37270E-05
  3135.0      1.36400E-05
  3145.0      1.35550E-05
  3155.0      1.34700E-05
  3165.0      1.33860E-05
  3175.0      1.33030E-05
  3185.0      1.32200E-05
  3195.0      1.31380E-05
  3210.0      1.30170E-05
  3230.0      1.28580E-05
  3250.0      1.27020E-05
  3270.0      1.25440E-05
  3290.0      1.20770E-05
  3310.0      1.21550E-05
  3330.0      1.20920E-05
  3350.0      1.19560E-05
  3370.0      1.18170E-05
  3390.0      1.16800E-05
  3410.0      1.15450E-05
  3430.0      1.14130E-05
  3450.0      1.12820E-05
  3470.0      1.11760E-05
  3490.0      1.10490E-05
  3510.0      1.09250E-05
  3530.0      1.08020E-05
  3550.0      1.06820E-05
  3570.0      1.05640E-05
  3590.0      1.04470E-05
  3610.0      1.03330E-05
  3630.0      1.02200E-05
  3650.0      1.01040E-05
  3670.0      1.00000E-05
  3690.0      9.87380E-06
  3710.0      9.75480E-06
  3730.0      9.53140E-06
  3750.0      9.38940E-06
  3770.0      9.46480E-06
  3790.0      9.38190E-06
  3810.0      9.26670E-06
  3830.0      9.17220E-06
  3850.0      9.09400E-06
  3870.0      9.00100E-06
  3890.0      8.90090E-06
  3910.0      8.78380E-06
  3930.0      8.72850E-06
  3950.0      8.64270E-06
  3970.0      8.55640E-06
  3990.0      8.47130E-06
  4010.0      8.35410E-06
  4030.0      8.24710E-06
  4050.0      8.02460E-06
  4070.0      8.13340E-06
  4090.0      8.06500E-06
  4110.0      7.98720E-06
  4130.0      7.90490E-06
  4150.0      7.82390E-06
  4170.0      7.68000E-06
  4190.0      7.67270E-06
  4210.0      7.61460E-06
  4230.0      7.54330E-06
  4250.0      7.47000E-06
  4270.0      7.40340E-06
  4290.0      7.32590E-06
  4310.0      7.26740E-06
  4330.0      7.20080E-06
  4350.0      7.13000E-06
  4370.0      6.97670E-06
  4390.0      6.96470E-06
  4410.0      6.94320E-06
  4430.0      6.88120E-06
  4450.0      6.81980E-06
  4470.0      6.76490E-06
  4490.0      6.70510E-06
  4510.0      6.64600E-06
  4530.0      6.58780E-06
  4550.0      6.53020E-06
  4570.0      6.47350E-06
  4590.0      6.41740E-06
  4610.0      6.35980E-06
  4630.0      6.29020E-06
  4650.0      6.06650E-06
  4670.0      6.06230E-06
  4690.0      6.11030E-06
  4710.0      6.09360E-06
  4730.0      6.04480E-06
  4750.0      5.99430E-06
  4770.0      5.94430E-06
  4790.0      5.89500E-06
  4810.0      5.84630E-06
  4830.0      5.79820E-06
  4850.0      5.75070E-06
  4870.0      5.70370E-06
  4890.0      5.65730E-06
  4910.0      5.61150E-06
  4930.0      5.56630E-06
  4950.0      5.52160E-06
  4970.0      5.47740E-06
  4990.0      5.43370E-06
  5010.0      5.39060E-06
  5030.0      5.34800E-06
  5050.0      5.30590E-06
  5070.0      5.26420E-06
  5090.0      5.22270E-06
  5110.0      5.15730E-06
  5130.0      5.02090E-06
  5150.0      5.08370E-06
  5170.0      5.06320E-06
  5190.0      5.02450E-06
  5210.0      4.98610E-06
  5230.0      4.94820E-06
  5250.0      4.91070E-06
  5270.0      4.87360E-06
  5290.0      4.83690E-06
  5310.0      4.80070E-06
  5330.0      4.76490E-06
  5350.0      4.72940E-06
  5370.0      4.69430E-06
  5390.0      4.65960E-06
  5410.0      4.62540E-06
  5430.0      4.59150E-06
  5450.0      4.55800E-06
  5470.0      4.52480E-06
  5490.0      4.49200E-06
  5510.0      4.45940E-06
  5530.0      4.42360E-06
  5550.0      4.39560E-06
  5570.0      4.36420E-06
  5590.0      4.33310E-06
  5610.0      4.30240E-06
  5630.0      4.27200E-06
  5650.0      4.24180E-06
  5670.0      4.21200E-06
  5690.0      4.18250E-06
  5710.0      4.14100E-06
  5730.0      4.12280E-06
  5750.0      4.09590E-06
  5770.0      4.06770E-06
  5790.0      4.03970E-06
  5810.0      4.01200E-06
  5830.0      3.98450E-06
  5850.0      3.95920E-06
  5870.0      3.93080E-06
  5890.0      3.88360E-06
  5910.0      3.77750E-06
  5930.0      3.83510E-06
  5950.0      3.80580E-06
  5970.0      3.78810E-06
  5990.0      3.77660E-06
  6010.0      3.75160E-06
  6030.0      3.72690E-06
  6050.0      3.70230E-06
  6070.0      3.67800E-06
  6090.0      3.65390E-06
  6110.0      3.63010E-06
  6130.0      3.60650E-06
  6150.0      3.58310E-06
  6170.0      3.56000E-06
  6190.0      3.53700E-06
  6210.0      3.51430E-06
  6230.0      3.49180E-06
  6250.0      3.46950E-06
  6270.0      3.43910E-06
  6290.0      3.39300E-06
  6310.0      3.39180E-06
  6330.0      3.38250E-06
  6350.0      3.36130E-06
  6370.0      3.34030E-06
  6390.0      3.31940E-06
  6420.0      3.28850E-06
  6460.0      3.24800E-06
  6500.0      3.20820E-06
  6540.0      3.16910E-06
  6580.0      3.13080E-06
  6620.0      3.09310E-06
  6660.0      3.05610E-06
  6700.0      3.01970E-06
  6740.0      2.97820E-06
  6780.0      2.92160E-06
  6820.0      2.91400E-06
  6860.0      2.88070E-06
  6900.0      2.84740E-06
  6940.0      2.81470E-06
  6980.0      2.78250E-06
  7020.0      2.75090E-06
  7060.0      2.71990E-06
  7100.0      2.68930E-06
  7140.0      2.65930E-06
  7180.0      2.62970E-06
  7220.0      2.60070E-06
  7260.0      2.57210E-06
  7300.0      2.54400E-06
  7340.0      2.51630E-06
  7380.0      2.48910E-06
  7420.0      2.45790E-06
  7460.0      2.39240E-06
  7500.0      2.35570E-06
  7540.0      2.37620E-06
  7580.0      2.35950E-06
  7620.0      2.33480E-06
  7660.0      2.31050E-06
  7700.0      2.28660E-06
  7740.0      2.26300E-06
  7780.0      2.23940E-06
  7820.0      2.21700E-06
  7860.0      2.19450E-06
  7900.0      2.17230E-06
  7940.0      2.15050E-06
  7980.0      2.12900E-06
  8020.0      2.10780E-06
  8060.0      2.08690E-06
  8100.0      2.06630E-06
  8140.0      2.04340E-06
  8180.0      2.02530E-06
  8220.0      2.00640E-06
  8260.0      1.98710E-06
  8300.0      1.96800E-06
  8340.0      1.94910E-06
  8380.0      1.93050E-06
  8420.0      1.91220E-06
  8460.0      1.89420E-06
  8500.0      1.87640E-06
  8540.0      1.85890E-06
  8580.0      1.84150E-06
  8620.0      1.82450E-06
  8660.0      1.80070E-06
  8700.0      1.78980E-06
  8740.0      1.75930E-06
  8780.0      1.74360E-06
  8820.0      1.74260E-06
  8860.0      1.72690E-06
  8900.0      1.71140E-06
  8940.0      1.69610E-06
  8980.0      1.68100E-06
  9020.0      1.66620E-06
  9060.0      1.65150E-06
  9100.0      1.63700E-06
  9140.0      1.62270E-06
  9180.0      1.60850E-06
  9220.0      1.59460E-06
  9260.0      1.58080E-06
  9300.0      1.56720E-06
  9340.0      1.55380E-06
  9380.0      1.53140E-06
  9420.0      1.52400E-06
  9460.0      1.51460E-06
  9500.0      1.50190E-06
  9540.0      1.48930E-06
  9580.0      1.47690E-06
  9620.0      1.46460E-06
  9660.0      1.45250E-06
  9700.0      1.44050E-06
  9740.0      1.42870E-06
  9780.0      1.41700E-06
  9820.0      1.40550E-06
  9860.0      1.39410E-06
  9900.0      1.38280E-06
  9940.0      1.37170E-06
  9980.0      1.36070E-06
  10020.      1.34990E-06
  20000.      3.37110E-07
  40000.      8.33390E-08
  60000.      3.67330E-08
  80000.      2.05360E-08
 1.00000E+05  1.30800E-08
 1.20000E+05  9.04730E-09
 1.40000E+05  6.62490E-09
 1.60000E+05  5.05760E-09
