 WMBASIC, Moont, Westmoquette 2004 (Pauldrach 2003) after SNC 2002
 Z/Z0 2.00 Teff 40.00 logg 3.51 R/R0 21.47 R 1.4933E+12
   Wavelength   Eddington Hnu
 (Angstroms) (erg/s/cm2/Hz/sr)
 5.00000000E+01 8.31031990E-52
 5.39979250E+01 2.47007560E-50
 5.86907500E+01 9.04976810E-49
 6.42768940E+01 1.21233530E-46
 6.72896990E+01 2.63753890E-44
 7.05988270E+01 1.18744080E-41
 7.23785180E+01 2.57639720E-40
 7.42502560E+01 5.57394510E-39
 7.42530130E+01 1.62785660E-43
 8.28169820E+01 4.16981020E-38
 8.60000000E+01 2.25438990E-36
 9.36183240E+01 1.01249630E-32
 9.96000000E+01 2.92912470E-30
 1.03800000E+02 1.04313540E-28
 1.07659770E+02 2.15138230E-27
 1.16388060E+02 9.30162410E-25
 1.21300000E+02 1.89113800E-23
 1.26656480E+02 3.81346100E-22
 1.26657280E+02 3.81509760E-22
 1.27447660E+02 5.81005760E-22
 1.27448480E+02 5.81046210E-22
 1.29343070E+02 1.55755740E-21
 1.31295690E+02 4.16939340E-21
 1.33308180E+02 1.11399550E-20
 1.34337740E+02 1.81958720E-20
 1.35383330E+02 2.97061820E-20
 1.35384240E+02 2.97186820E-20
 1.37200850E+02 6.83363530E-20
 1.39067840E+02 1.56965280E-19
 1.39068810E+02 1.57031860E-19
 1.40058470E+02 2.41688680E-19
 1.41063320E+02 3.71983270E-19
 1.41064320E+02 3.72140910E-19
 1.44205920E+02 1.37459310E-18
 1.47491730E+02 5.05810030E-18
 1.50930770E+02 1.85293800E-17
 1.52711150E+02 3.54026220E-17
 1.54534020E+02 6.75588040E-17
 1.54535210E+02 6.92229120E-17
 1.57236080E+02 1.74850790E-16
 1.60034310E+02 4.40642660E-16
 1.60035590E+02 4.44662780E-16
 1.60224390E+02 4.72666070E-16
 1.60225670E+02 4.97063750E-16
 1.62147230E+02 9.17371450E-16
 1.64116780E+02 1.69156260E-15
 1.64118130E+02 9.94824870E-17
 1.65325350E+02 1.43723690E-16
 1.66551860E+02 2.07626560E-16
 1.66553240E+02 2.07712250E-16
 1.68739650E+02 3.94432530E-16
 1.70985680E+02 7.48163770E-16
 1.70987140E+02 6.63083340E-16
 1.71113420E+02 6.87012560E-16
 1.71114880E+02 5.57583030E-16
 1.71458910E+02 6.13962010E-16
 1.71460380E+02 3.10392920E-16
 1.72433830E+02 4.06874060E-16
 1.72435320E+02 3.42406540E-17
 1.75831390E+02 8.83000020E-17
 1.79365540E+02 2.27297240E-16
 1.79367150E+02 2.27257960E-16
 1.80916590E+02 3.39769490E-16
 1.80918230E+02 3.29475810E-16
 1.83985820E+02 7.15779930E-16
 1.87160980E+02 1.55313350E-15
 1.87162730E+02 1.55306930E-15
 1.88738970E+02 2.25806280E-15
 1.88740750E+02 2.25900940E-15
 1.89790130E+02 2.88761390E-15
 1.90853060E+02 3.69203850E-15
 1.90854880E+02 3.69355470E-15
 1.92241740E+02 5.06763340E-15
 1.92243590E+02 4.96784530E-15
 1.92420960E+02 5.17121780E-15
 1.92783400E+02 5.57558580E-15
 1.93146520E+02 6.07690340E-15
 1.93510330E+02 6.55286360E-15
 1.93566170E+02 6.63326870E-15
 1.93568040E+02 6.63599170E-15
 1.93874820E+02 7.09847080E-15
 1.94239990E+02 7.76514760E-15
 1.94605860E+02 8.41488560E-15
 1.94617540E+02 8.43648410E-15
 1.94619430E+02 8.35692050E-15
 1.94836520E+02 8.76420500E-15
 1.94838420E+02 8.76784800E-15
 1.94972410E+02 9.02869030E-15
 1.95339650E+02 9.56084010E-15
 1.95707590E+02 1.04870570E-14
 1.95961030E+02 1.11518420E-14
 1.96076220E+02 1.14677240E-14
 1.96445540E+02 1.24557370E-14
 1.96815560E+02 1.33584110E-14
 1.97098590E+02 1.42793870E-14
 1.97100530E+02 1.42859130E-14
 1.97186270E+02 1.45767960E-14
 1.97557690E+02 1.58090020E-14
 1.97929800E+02 1.70830210E-14
 1.98302610E+02 1.83279190E-14
 1.98676130E+02 2.00589670E-14
 1.98877180E+02 1.97099150E-14
 1.99050350E+02 1.94499460E-14
 1.99425280E+02 2.20275910E-14
 1.99800910E+02 2.53282350E-14
 2.00177240E+02 2.65255260E-14
 2.00554290E+02 2.93551580E-14
 2.00688160E+02 2.91408190E-14
 2.00690170E+02 2.91378060E-14
 2.00932050E+02 2.88168320E-14
 2.01029230E+02 3.01263390E-14
 2.01031250E+02 3.01508160E-14
 2.01310520E+02 3.43183910E-14
 2.01590960E+02 3.62326700E-14
 2.01592990E+02 3.62469030E-14
 2.01689700E+02 3.69305370E-14
 2.02069600E+02 4.05102640E-14
 2.02358650E+02 4.19956570E-14
 2.02360700E+02 4.20064000E-14
 2.02450210E+02 4.24801110E-14
 2.02518850E+02 4.31784140E-14
 2.02520900E+02 4.31994460E-14
 2.02831540E+02 4.65018730E-14
 2.03213580E+02 5.03508820E-14
 2.03596350E+02 5.51317560E-14
 2.03979840E+02 5.94948550E-14
 2.04364050E+02 5.86400920E-14
 2.04748980E+02 6.94356490E-14
 2.05134640E+02 3.41731540E-14
 2.05521020E+02 8.08471050E-14
 2.05908140E+02 8.71980740E-14
 2.06041210E+02 8.89752190E-14
 2.06295980E+02 9.24801210E-14
 2.06684550E+02 7.44113060E-14
 2.07073860E+02 5.18573440E-14
 2.07463890E+02 1.17399900E-13
 2.07854660E+02 1.27166760E-13
 2.08246170E+02 1.36953070E-13
 2.08638420E+02 1.47661940E-13
 2.09031400E+02 1.58528830E-13
 2.09425130E+02 1.71308750E-13
 2.09688270E+02 1.77666600E-13
 2.09819590E+02 1.80933130E-13
 2.10214800E+02 1.98176890E-13
 2.10610760E+02 2.13320950E-13
 2.11007460E+02 2.30495280E-13
 2.11404900E+02 2.00988590E-13
 2.11803100E+02 2.49435600E-13
 2.12202040E+02 2.87270000E-13
 2.12601740E+02 3.03091650E-13
 2.13002190E+02 3.32445010E-13
 2.13403400E+02 3.57479360E-13
 2.13466760E+02 3.61623470E-13
 2.13805350E+02 3.84548610E-13
 2.14208070E+02 4.13030040E-13
 2.14611550E+02 4.45238010E-13
 2.15015780E+02 4.78251480E-13
 2.15407540E+02 5.12861520E-13
 2.15420780E+02 5.14071290E-13
 2.15826540E+02 5.52710230E-13
 2.16233060E+02 5.94007100E-13
 2.16640350E+02 6.36634400E-13
 2.17048410E+02 6.84046330E-13
 2.17383930E+02 7.25984850E-13
 2.17386300E+02 7.26288210E-13
 2.17457230E+02 7.35463400E-13
 2.17866830E+02 7.89022570E-13
 2.18277200E+02 8.48180870E-13
 2.18688340E+02 9.06761250E-13
 2.19100250E+02 9.76017300E-13
 2.19479890E+02 1.04201850E-12
 2.19482300E+02 1.04220610E-12
 2.19512940E+02 1.04771300E-12
 2.19926410E+02 1.11550300E-12
 2.20340650E+02 1.15177910E-12
 2.20755680E+02 7.61954710E-13
 2.21171490E+02 1.36964440E-12
 2.21588080E+02 1.46118410E-12
 2.22005460E+02 1.59654700E-12
 2.22379990E+02 1.69878100E-12
 2.22423620E+02 1.71108330E-12
 2.22842570E+02 1.82957800E-12
 2.23262310E+02 1.96559590E-12
 2.23682840E+02 1.96820040E-12
 2.24104160E+02 1.83007110E-12
 2.24526270E+02 2.40495080E-12
 2.24949180E+02 2.57992590E-12
 2.25357750E+02 1.63397840E-12
 2.25360290E+02 1.63020820E-12
 2.25372890E+02 1.61175120E-12
 2.25609880E+02 2.21016060E-12
 2.25612420E+02 2.20697920E-12
 2.25797400E+02 2.94502250E-12
 2.25845330E+02 2.96710740E-12
 2.25847880E+02 2.96825890E-12
 2.26222700E+02 3.14646230E-12
 2.26648810E+02 3.37206980E-12
 2.26991880E+02 3.35339160E-12
 2.26994450E+02 3.35328050E-12
 2.27075710E+02 3.34999430E-12
 2.27503430E+02 3.60862260E-12
 2.27837820E+02 3.84862560E-12
 2.27840410E+02 3.40969580E-11
 2.27931940E+02 7.59516430E-12
 2.28361270E+02 2.81370170E-10
 2.28791400E+02 7.42643960E-10
 2.29222350E+02 1.49499160E-09
 2.29654100E+02 8.91096630E-10
 2.30086670E+02 8.90662400E-10
 2.30520060E+02 1.87710410E-09
 2.30721440E+02 3.67430300E-09
 2.30954260E+02 5.77609700E-09
 2.31389270E+02 5.92146050E-09
 2.31825110E+02 5.63535310E-09
 2.32261770E+02 1.62722660E-09
 2.32699250E+02 6.50643910E-09
 2.33137550E+02 6.03631580E-09
 2.33576680E+02 7.95834220E-09
 2.33678980E+02 7.76280460E-09
 2.33681710E+02 7.75758020E-09
 2.34016640E+02 7.10926240E-09
 2.34457430E+02 9.87301410E-09
 2.34899040E+02 6.44919470E-09
 2.34985870E+02 6.58377190E-09
 2.35341490E+02 7.14201240E-09
 2.35784770E+02 1.29596330E-08
 2.36228890E+02 7.56899610E-09
 2.36307460E+02 6.24800660E-09
 2.36310250E+02 9.24569080E-10
 2.36673840E+02 9.31057550E-10
 2.37119630E+02 1.56435810E-09
 2.37566270E+02 1.23238030E-09
 2.37749710E+02 6.96395930E-09
 2.37752530E+02 7.05973770E-09
 2.38013740E+02 1.52857570E-08
 2.38462050E+02 5.73050390E-08
 2.38911210E+02 1.06710660E-07
 2.39361220E+02 8.99453880E-08
 2.39812070E+02 5.77945950E-08
 2.40263770E+02 5.15823920E-08
 2.40641950E+02 2.38738530E-08
 2.40716330E+02 1.83846510E-08
 2.41169730E+02 5.52544540E-09
 2.41623990E+02 9.17591100E-10
 2.42079110E+02 1.59260640E-09
 2.42535080E+02 6.74624510E-10
 2.42991910E+02 2.84297050E-10
 2.43449600E+02 1.34494560E-09
 2.43605420E+02 1.48008840E-09
 2.43608390E+02 1.48509530E-09
 2.43908150E+02 1.74749670E-09
 2.44367570E+02 6.75589770E-09
 2.44827850E+02 1.90451270E-09
 2.45289000E+02 1.42724240E-09
 2.45413770E+02 1.28789550E-09
 2.45416780E+02 1.28473050E-09
 2.45751020E+02 9.08394270E-10
 2.46213910E+02 1.29514290E-09
 2.46677670E+02 2.44100690E-09
 2.47142310E+02 1.56342130E-08
 2.47579110E+02 2.04657740E-08
 2.47582170E+02 2.05083120E-08
 2.47607810E+02 2.07943320E-08
 2.48074200E+02 1.81510620E-08
 2.48541460E+02 1.31912870E-08
 2.49009610E+02 6.17498020E-09
 2.49478640E+02 5.33875640E-09
 2.49834420E+02 2.99896930E-09
 2.49837540E+02 6.76679530E-09
 2.49948550E+02 5.09404360E-09
 2.50419340E+02 1.20187590E-08
 2.50891020E+02 2.18294100E-08
 2.51363590E+02 5.48570730E-08
 2.51553820E+02 7.33068700E-08
 2.51837050E+02 1.01008300E-07
 2.52311400E+02 1.34863330E-07
 2.52786650E+02 2.09694570E-08
 2.53262790E+02 1.38311660E-07
 2.53297040E+02 1.33361650E-07
 2.53300250E+02 1.47337510E-07
 2.53739830E+02 7.62051760E-08
 2.54217760E+02 1.26132250E-07
 2.54600830E+02 2.22422040E-07
 2.54604070E+02 2.29975960E-07
 2.54696600E+02 2.54105100E-07
 2.55176340E+02 4.21798190E-07
 2.55656980E+02 4.29680860E-07
 2.56138530E+02 9.95149050E-07
 2.56620980E+02 2.28686430E-06
 2.56735220E+02 2.09713720E-06
 2.57104340E+02 1.47950930E-06
 2.57588620E+02 1.29377020E-06
 2.58073800E+02 1.09867810E-06
 2.58559900E+02 7.93638270E-07
 2.58905710E+02 1.63710880E-06
 2.58909060E+02 1.74059360E-06
 2.59046920E+02 2.09911960E-06
 2.59534850E+02 1.27659260E-06
 2.60023700E+02 9.28186520E-07
 2.60513470E+02 4.84623300E-07
 2.61004170E+02 2.22341050E-07
 2.61010740E+02 2.19565670E-07
 2.61014140E+02 6.61330990E-08
 2.61378120E+02 3.24778010E-07
 2.61381530E+02 4.40464640E-07
 2.61495790E+02 9.23639030E-08
 2.61988330E+02 1.00063300E-07
 2.62481800E+02 1.75845420E-07
 2.62976210E+02 3.52220570E-07
 2.63471540E+02 2.69721880E-07
 2.63967810E+02 5.81273760E-06
 2.64465010E+02 8.42675230E-08
 2.64575530E+02 1.49987340E-07
 2.64963150E+02 3.81539900E-07
 2.65462220E+02 2.52455020E-06
 2.65962240E+02 1.43504970E-06
 2.66463200E+02 4.20015160E-06
 2.66965100E+02 6.59296480E-06
 2.67467940E+02 7.24076790E-06
 2.67852140E+02 6.30782410E-06
 2.67971740E+02 6.01605750E-06
 2.68476480E+02 8.83524940E-06
 2.68982170E+02 2.72407470E-05
 2.69488820E+02 1.51277010E-05
 2.69996420E+02 1.04694920E-05
 2.70504980E+02 9.98175260E-06
 2.71014490E+02 2.41447760E-05
 2.71210930E+02 3.70656270E-05
 2.71524960E+02 5.78138680E-05
 2.72036400E+02 9.66315580E-05
 2.72548800E+02 3.42980030E-06
 2.72922110E+02 1.50363260E-06
 2.73062160E+02 7.77779730E-07
 2.73576490E+02 3.70773650E-08
 2.74091790E+02 2.69628140E-06
 2.74608060E+02 9.89662960E-07
 2.74655030E+02 3.05906240E-06
 2.74658800E+02 3.33808890E-06
 2.75125310E+02 2.47070920E-05
 2.75643520E+02 4.29079910E-05
 2.76162720E+02 8.98359290E-05
 2.76682890E+02 5.74860600E-05
 2.77204040E+02 1.81614460E-05
 2.77383510E+02 1.35058430E-05
 2.77726170E+02 4.57821080E-06
 2.78249290E+02 6.63818810E-07
 2.78773390E+02 7.52462460E-07
 2.79298480E+02 1.59783600E-06
 2.79824550E+02 4.41333170E-07
 2.80166740E+02 1.15589020E-06
 2.80170670E+02 1.16714900E-06
 2.80351620E+02 1.54762100E-06
 2.80879680E+02 2.66912400E-06
 2.81408740E+02 9.29714930E-06
 2.81938790E+02 1.98244740E-05
 2.82469840E+02 3.00878640E-05
 2.83001890E+02 3.53178620E-05
 2.83305060E+02 2.01070470E-05
 2.83534950E+02 8.52418790E-06
 2.84069000E+02 2.09504990E-06
 2.84604070E+02 1.87295250E-06
 2.85140140E+02 2.84701200E-06
 2.85677220E+02 4.38273730E-06
 2.86215310E+02 8.27793560E-06
 2.86514480E+02 6.60639410E-06
 2.86518580E+02 6.77557150E-06
 2.86754420E+02 5.41369140E-06
 2.87294540E+02 4.43301630E-06
 2.87835680E+02 5.14975540E-06
 2.88377830E+02 4.17195690E-06
 2.88921010E+02 5.07680870E-06
 2.89465220E+02 4.44340170E-06
 2.90010440E+02 3.99692850E-06
 2.90556700E+02 1.80802710E-04
 2.91103980E+02 1.69599930E-04
 2.91652290E+02 1.52707440E-04
 2.92201640E+02 3.03389320E-04
 2.92752020E+02 5.97719920E-06
 2.92892620E+02 4.83661570E-06
 2.93303440E+02 1.49057020E-06
 2.93855900E+02 1.63640460E-05
 2.94409390E+02 3.28997690E-05
 2.94963930E+02 4.57568240E-05
 2.95519520E+02 3.13788410E-05
 2.96000000E+02 2.50256450E-05
 2.96076150E+02 2.40147040E-05
 2.96633830E+02 2.57437020E-05
 2.97192560E+02 2.63381590E-05
 2.97752340E+02 5.43409930E-05
 2.98313180E+02 3.01607320E-06
 2.98875070E+02 9.05056260E-06
 2.99438020E+02 3.30468870E-05
 2.99561200E+02 4.10391580E-05
 2.99565690E+02 4.33932780E-05
 2.99930480E+02 6.83236520E-05
 2.99934970E+02 6.88904080E-05
 3.00002030E+02 7.35039810E-05
 3.00567110E+02 5.97498470E-06
 3.01133250E+02 3.14023180E-06
 3.01700450E+02 1.32824390E-06
 3.02268720E+02 2.70925090E-06
 3.02838070E+02 1.34172370E-07
 3.03408480E+02 2.36504710E-08
 3.03979970E+02 1.34483980E-07
 3.04552540E+02 8.16860920E-07
 3.05126190E+02 2.63717830E-07
 3.05700910E+02 3.50556790E-07
 3.06276720E+02 8.06691770E-06
 3.06534360E+02 1.39873970E-05
 3.06853610E+02 2.13501630E-05
 3.07431590E+02 6.36389080E-05
 3.08010660E+02 2.05574540E-04
 3.08590820E+02 5.93321250E-05
 3.09172070E+02 8.44616660E-06
 3.09754420E+02 2.13048840E-06
 3.10337860E+02 2.95817720E-07
 3.10922400E+02 5.27128010E-07
 3.11508050E+02 3.42211410E-07
 3.12094790E+02 4.18325900E-07
 3.12682640E+02 1.23492070E-06
 3.13271600E+02 3.32520600E-06
 3.13435610E+02 3.99689010E-06
 3.13440520E+02 4.02500320E-06
 3.13588740E+02 4.63442010E-06
 3.13593660E+02 4.65466030E-06
 3.13861670E+02 5.75935370E-06
 3.14452850E+02 7.31684420E-06
 3.15045140E+02 1.64240630E-05
 3.15638550E+02 2.80303440E-05
 3.16233080E+02 2.70946220E-05
 3.16351530E+02 2.37083390E-05
 3.16828720E+02 1.00190290E-05
 3.17425490E+02 1.07215560E-05
 3.18023380E+02 3.47941890E-06
 3.18622400E+02 2.02368950E-06
 3.19163430E+02 9.06378070E-07
 3.19168530E+02 9.00828610E-07
 3.19222550E+02 7.88252890E-07
 3.19823830E+02 8.30669130E-07
 3.20426240E+02 8.94605690E-07
 3.20800100E+02 8.06547120E-07
 3.20805250E+02 8.10490070E-07
 3.21029780E+02 7.57066240E-07
 3.21634460E+02 5.09217040E-07
 3.22240280E+02 6.22796640E-07
 3.22847240E+02 2.43994890E-06
 3.23455350E+02 4.12103820E-06
 3.24064600E+02 1.46125850E-05
 3.24233030E+02 1.69988830E-05
 3.24675000E+02 2.32807370E-05
 3.25286540E+02 3.39381610E-06
 3.25899240E+02 1.16781040E-06
 3.26513100E+02 1.00363170E-06
 3.27128100E+02 2.87038650E-06
 3.27740230E+02 2.98130520E-06
 3.27744270E+02 2.98204020E-06
 3.27745600E+02 3.00029930E-06
 3.27954120E+02 3.27090510E-06
 3.27959500E+02 3.28436660E-06
 3.28361600E+02 3.80885270E-06
 3.28839200E+02 5.75358120E-06
 3.28844600E+02 5.79501910E-06
 3.28980090E+02 6.35029260E-06
 3.29599750E+02 8.49996900E-06
 3.30220570E+02 3.46523910E-06
 3.30842560E+02 3.25240310E-06
 3.31465730E+02 5.58605000E-06
 3.32090070E+02 3.75952180E-06
 3.32715580E+02 4.31528160E-06
 3.33342270E+02 3.29822780E-06
 3.33970150E+02 3.38964180E-06
 3.34599200E+02 1.60693130E-06
 3.35229440E+02 3.79876060E-06
 3.35234000E+02 3.81325190E-06
 3.35860870E+02 5.81235300E-06
 3.36493480E+02 9.74284870E-06
 3.37127290E+02 5.40456030E-06
 3.37762290E+02 4.04211130E-06
 3.38398490E+02 1.08733940E-05
 3.39035890E+02 1.68019280E-05
 3.39674490E+02 7.20869220E-06
 3.40314290E+02 5.42169120E-06
 3.40955290E+02 2.32953480E-06
 3.41597500E+02 6.54033860E-06
 3.41882450E+02 5.25429250E-06
 3.41888290E+02 5.29096410E-06
 3.42240920E+02 3.67526520E-06
 3.42885560E+02 9.28996940E-06
 3.43531410E+02 1.28409030E-05
 3.44178470E+02 7.26007100E-06
 3.44826750E+02 6.81371770E-06
 3.45476260E+02 1.09471910E-05
 3.46126990E+02 1.48867310E-05
 3.46778940E+02 2.01385180E-05
 3.46988970E+02 2.20921050E-05
 3.47432120E+02 2.62254340E-05
 3.48086530E+02 3.20497930E-05
 3.48742180E+02 2.66140160E-05
 3.49399060E+02 4.64361190E-06
 3.50057170E+02 5.27322470E-06
 3.50716530E+02 1.01551250E-05
 3.51377130E+02 1.63186670E-05
 3.52038970E+02 1.16549800E-05
 3.52250350E+02 1.20302680E-05
 3.52256560E+02 1.20734650E-05
 3.52412100E+02 1.23507680E-05
 3.52418310E+02 1.23641330E-05
 3.52702060E+02 1.28709720E-05
 3.53366400E+02 1.77316930E-05
 3.54031990E+02 2.34422290E-05
 3.54698830E+02 2.87421690E-05
 3.55366930E+02 2.97099980E-05
 3.56036290E+02 1.46062850E-05
 3.56692090E+02 2.35159240E-05
 3.56706900E+02 2.37177600E-05
 3.57378790E+02 6.22690850E-06
 3.58051930E+02 5.21824800E-06
 3.58726350E+02 8.46498240E-06
 3.59402030E+02 1.08444940E-05
 3.60078990E+02 1.45835070E-05
 3.60757220E+02 2.17045290E-05
 3.61077310E+02 1.32907660E-05
 3.61436730E+02 3.81840920E-06
 3.62117530E+02 7.01664440E-06
 3.62799600E+02 1.42131910E-05
 3.63482960E+02 1.33659140E-05
 3.64167600E+02 1.20945130E-05
 3.64853530E+02 2.05929600E-05
 3.65540760E+02 3.79014430E-05
 3.65571700E+02 3.84629940E-05
 3.66229280E+02 5.04277190E-05
 3.66919100E+02 3.56904630E-05
 3.67610220E+02 2.64717210E-05
 3.67861110E+02 2.40214650E-05
 3.68302630E+02 1.96987160E-05
 3.68996360E+02 2.04895710E-05
 3.69691390E+02 2.42972290E-05
 3.70179390E+02 1.06760800E-05
 3.70186240E+02 1.04845010E-05
 3.70387720E+02 4.84646010E-06
 3.71085380E+02 3.62886970E-06
 3.71784340E+02 9.25479650E-06
 3.72484620E+02 1.75781810E-05
 3.73186220E+02 2.01098120E-05
 3.73889140E+02 7.49160610E-06
 3.74593390E+02 4.95266630E-06
 3.75298960E+02 4.23097040E-06
 3.76005860E+02 4.52157400E-06
 3.76714090E+02 4.67671970E-06
 3.77423660E+02 6.56251060E-06
 3.77652630E+02 6.85424720E-06
 3.78134560E+02 7.46968660E-06
 3.78846800E+02 1.58787530E-05
 3.79560390E+02 3.10743890E-05
 3.80275310E+02 2.57763940E-05
 3.80991590E+02 1.15078410E-05
 3.81709210E+02 7.35360980E-06
 3.82428190E+02 3.63547870E-06
 3.83148520E+02 3.68179580E-06
 3.83870200E+02 6.51630590E-06
 3.84593250E+02 1.05731240E-05
 3.85317650E+02 5.85848810E-06
 3.85433840E+02 6.95803330E-06
 3.85441270E+02 7.02835870E-06
 3.86043430E+02 1.27401090E-05
 3.86770560E+02 1.73796280E-05
 3.87499070E+02 2.41409240E-05
 3.88228950E+02 3.25700400E-05
 3.88960210E+02 1.55427990E-05
 3.89193040E+02 1.48422100E-05
 3.89200620E+02 1.48202510E-05
 3.89692840E+02 1.33356520E-05
 3.90426850E+02 1.29285890E-05
 3.91162250E+02 1.35442700E-05
 3.91899030E+02 1.08498550E-05
 3.92637200E+02 3.78919170E-05
 3.93376760E+02 9.56668040E-05
 3.94117710E+02 1.62279510E-04
 3.94860060E+02 1.24537000E-04
 3.95603800E+02 9.85788970E-05
 3.96348950E+02 4.18722080E-05
 3.97046770E+02 3.43385700E-05
 3.97095500E+02 3.38113200E-05
 3.97843450E+02 4.17657570E-05
 3.98592820E+02 5.06958090E-05
 3.99343590E+02 3.74904990E-05
 4.00095790E+02 5.47493590E-05
 4.00849390E+02 7.82145750E-05
 4.01604420E+02 1.26034670E-04
 4.02360870E+02 1.15455760E-04
 4.03118740E+02 1.08025060E-04
 4.03878040E+02 7.30462840E-05
 4.04638780E+02 7.70285970E-05
 4.05223990E+02 6.58004030E-05
 4.05232200E+02 6.56426190E-05
 4.05400940E+02 6.23981720E-05
 4.06164540E+02 5.72736360E-05
 4.06929580E+02 4.73453140E-05
 4.07696060E+02 5.34749760E-05
 4.08106300E+02 5.76511560E-05
 4.08463980E+02 6.12994480E-05
 4.09233350E+02 8.79735260E-05
 4.10004170E+02 1.49979470E-04
 4.10776440E+02 1.33364250E-04
 4.11029910E+02 1.30312140E-04
 4.11038350E+02 1.30213630E-04
 4.11550160E+02 1.24037460E-04
 4.12325350E+02 1.40159260E-04
 4.13101990E+02 3.09619670E-05
 4.13880090E+02 6.89386790E-05
 4.14659660E+02 1.51503530E-04
 4.15440700E+02 1.94674580E-04
 4.16223210E+02 1.33644440E-04
 4.17007200E+02 6.33897350E-05
 4.17792660E+02 8.49330870E-05
 4.18050540E+02 6.78582090E-05
 4.18579600E+02 3.27613480E-05
 4.19368020E+02 9.55222880E-05
 4.20157930E+02 1.98491140E-04
 4.20949330E+02 2.59286670E-04
 4.21742210E+02 1.06601750E-04
 4.22000000E+02 1.08374720E-04
 4.22536590E+02 1.12071590E-04
 4.23332470E+02 1.12210860E-04
 4.24129840E+02 1.34582470E-04
 4.24928720E+02 1.28352210E-04
 4.25315190E+02 9.33529200E-05
 4.25729100E+02 5.57978640E-05
 4.26530990E+02 3.69991280E-05
 4.27334390E+02 3.35629630E-05
 4.28139310E+02 7.51367800E-05
 4.28945740E+02 3.67257620E-05
 4.29753680E+02 5.24583450E-05
 4.30563150E+02 4.73646830E-05
 4.31374150E+02 7.33491410E-05
 4.32186670E+02 1.45299790E-04
 4.32836770E+02 2.45450240E-04
 4.33000720E+02 2.70751750E-04
 4.33816310E+02 3.94432660E-04
 4.34633430E+02 2.87296440E-04
 4.35452090E+02 3.46834350E-04
 4.36272300E+02 3.71330770E-04
 4.36698220E+02 3.63391900E-04
 4.37094040E+02 3.56000020E-04
 4.37917340E+02 3.42210140E-04
 4.38742190E+02 6.15939880E-05
 4.39568590E+02 3.10077300E-05
 4.40396540E+02 2.98647260E-05
 4.40629180E+02 3.82347000E-05
 4.40638890E+02 3.85841480E-05
 4.41226060E+02 5.97455120E-05
 4.42057140E+02 3.93275280E-05
 4.42889780E+02 4.54259730E-05
 4.43332170E+02 5.85779040E-05
 4.43342000E+02 5.88703280E-05
 4.43724000E+02 7.02457930E-05
 4.44559780E+02 3.85813770E-05
 4.45397140E+02 1.02203030E-04
 4.46236070E+02 7.42314170E-05
 4.46543000E+02 8.43534830E-05
 4.46552970E+02 8.46825430E-05
 4.47076590E+02 1.01979390E-04
 4.47918690E+02 1.72920790E-04
 4.48762370E+02 2.81183180E-04
 4.49607650E+02 4.19554730E-04
 4.49716120E+02 4.40537610E-04
 4.49726230E+02 4.42494280E-04
 4.50454510E+02 5.83605360E-04
 4.51302980E+02 6.95857600E-04
 4.52153040E+02 5.53800980E-04
 4.52875170E+02 4.95950690E-04
 4.52885420E+02 4.95232570E-04
 4.53004700E+02 4.85659760E-04
 4.53857960E+02 4.85846000E-04
 4.54712830E+02 3.49555710E-04
 4.55569320E+02 2.88487920E-04
 4.56427410E+02 3.09040260E-04
 4.56474270E+02 3.17659030E-04
 4.57287120E+02 4.67409220E-04
 4.58148450E+02 5.94305060E-04
 4.59011410E+02 8.09230830E-04
 4.59875990E+02 8.99004990E-05
 4.60131030E+02 8.23830190E-05
 4.60141610E+02 8.23530050E-05
 4.60500780E+02 7.17175930E-05
 4.60511380E+02 7.14034320E-05
 4.60742190E+02 6.45613570E-05
 4.61610030E+02 1.43144260E-04
 4.62479510E+02 3.03385630E-04
 4.63350620E+02 4.61745650E-04
 4.63872020E+02 6.72996570E-04
 4.63882780E+02 6.77393570E-04
 4.64223370E+02 8.15594470E-04
 4.65097770E+02 1.17684590E-03
 4.65973810E+02 1.14925740E-03
 4.66851500E+02 1.22433040E-03
 4.67730850E+02 9.77989450E-04
 4.68011200E+02 8.43060700E-04
 4.68611850E+02 5.53562730E-04
 4.69494510E+02 7.08232530E-04
 4.70378840E+02 7.09724640E-04
 4.71264830E+02 7.71720420E-04
 4.72152490E+02 1.24688060E-03
 4.72224910E+02 1.27505240E-03
 4.72236060E+02 1.27939000E-03
 4.73041820E+02 1.59324330E-03
 4.73932820E+02 1.26812540E-03
 4.74825510E+02 5.95883600E-04
 4.75719870E+02 1.29998490E-03
 4.76615920E+02 5.48316690E-04
 4.77513660E+02 7.36262820E-04
 4.78413090E+02 9.22028920E-04
 4.78684420E+02 8.91849600E-04
 4.79314210E+02 8.21702420E-04
 4.80217030E+02 6.27061200E-04
 4.81121560E+02 1.16645000E-03
 4.82027780E+02 8.92621780E-04
 4.82935710E+02 2.24165060E-04
 4.83845350E+02 1.24416540E-05
 4.84756710E+02 5.09837500E-06
 4.85323100E+02 2.65277090E-06
 4.85334880E+02 2.60187690E-06
 4.85669780E+02 1.15391940E-06
 4.86584570E+02 1.23670610E-06
 4.87501090E+02 5.23313920E-05
 4.88083090E+02 1.06877830E-04
 4.88419330E+02 1.38431210E-04
 4.89339300E+02 3.20792240E-04
 4.90261000E+02 1.98193360E-04
 4.90874640E+02 2.26106860E-04
 4.90886690E+02 2.26828660E-04
 4.91184440E+02 2.40399610E-04
 4.92109620E+02 2.97246470E-04
 4.93036540E+02 7.81151430E-04
 4.93965210E+02 7.74878820E-04
 4.94895630E+02 1.06457090E-03
 4.95263790E+02 1.54723700E-03
 4.95827800E+02 2.28753410E-03
 4.96761720E+02 2.02479130E-03
 4.97697410E+02 2.15949890E-03
 4.98634850E+02 1.70999340E-03
 4.99574060E+02 1.27691250E-03
 4.99732140E+02 1.34727120E-03
 4.99744630E+02 1.36253460E-03
 5.00515050E+02 1.70824560E-03
 5.01457800E+02 1.13315100E-03
 5.02402330E+02 6.06987870E-06
 5.03348640E+02 2.90146690E-06
 5.04273720E+02 8.01352860E-06
 5.04286430E+02 8.08805300E-06
 5.04296730E+02 8.14503000E-06
 5.05246610E+02 1.92698100E-05
 5.06198270E+02 7.24079740E-05
 5.07151730E+02 4.97498610E-04
 5.08106980E+02 1.16226390E-03
 5.08589050E+02 1.47383760E-03
 5.08601990E+02 1.48220150E-03
 5.09064040E+02 1.78115600E-03
 5.10022890E+02 1.47414040E-03
 5.10983560E+02 1.81650240E-03
 5.11946030E+02 1.19740870E-03
 5.12052960E+02 1.24057070E-03
 5.12066070E+02 1.25311440E-03
 5.12910310E+02 1.59619690E-03
 5.13876410E+02 1.20027060E-03
 5.14844340E+02 1.49420210E-03
 5.15814080E+02 8.55304250E-04
 5.16785650E+02 6.63867770E-04
 5.17759050E+02 7.01900950E-04
 5.18734280E+02 1.49395120E-03
 5.19711360E+02 1.70553400E-03
 5.20690270E+02 2.09208180E-05
 5.21671020E+02 3.19414180E-04
 5.22653620E+02 1.19204370E-03
 5.22811300E+02 1.32832410E-03
 5.23638080E+02 2.04355990E-03
 5.24624390E+02 2.93937420E-03
 5.25612550E+02 3.75582270E-03
 5.26602580E+02 3.30275790E-03
 5.27594470E+02 3.01850970E-03
 5.28588230E+02 2.33876710E-03
 5.29583860E+02 1.93512180E-03
 5.30000000E+02 1.92465930E-03
 5.30581370E+02 1.91002470E-03
 5.31580750E+02 1.74272530E-03
 5.32582020E+02 8.41002200E-05
 5.33585170E+02 2.48498150E-05
 5.34031420E+02 6.24284010E-05
 5.34045680E+02 6.36297040E-05
 5.34590220E+02 1.09525210E-04
 5.35597150E+02 2.83909080E-05
 5.36605990E+02 1.31427000E-05
 5.37616720E+02 1.06217400E-05
 5.38629360E+02 6.35114190E-06
 5.39643900E+02 7.13834310E-06
 5.40660360E+02 2.49782950E-05
 5.41678730E+02 1.08849590E-04
 5.42699020E+02 2.89110850E-04
 5.43721230E+02 9.22652630E-04
 5.44745360E+02 1.41611420E-03
 5.44984220E+02 1.48786360E-03
 5.45771430E+02 1.72450390E-03
 5.46799430E+02 1.71628490E-03
 5.47829360E+02 9.85009430E-06
 5.48861230E+02 2.43595200E-06
 5.49895050E+02 2.80894210E-06
 5.50000000E+02 7.78268650E-06
 5.50930810E+02 5.19276530E-05
 5.51968530E+02 1.60712970E-04
 5.53008200E+02 1.17825530E-04
 5.54049830E+02 1.17009080E-04
 5.55093420E+02 2.70491590E-04
 5.56138970E+02 8.42747400E-04
 5.56395710E+02 1.01793960E-03
 5.56411190E+02 1.02851580E-03
 5.57186500E+02 1.55793980E-03
 5.58236000E+02 2.53443570E-03
 5.59287470E+02 3.27966970E-03
 5.60340930E+02 1.93949480E-03
 5.61396370E+02 1.67371500E-03
 5.62453790E+02 2.16693280E-03
 5.63513210E+02 2.33966040E-03
 5.64574630E+02 1.59450480E-03
 5.65161420E+02 1.62182910E-03
 5.65638040E+02 1.64403490E-03
 5.66703460E+02 1.47749670E-03
 5.67770880E+02 8.73284250E-04
 5.68840320E+02 1.92959970E-03
 5.69911770E+02 1.57800760E-03
 5.70985240E+02 1.84209230E-03
 5.72060720E+02 1.95788830E-03
 5.73138240E+02 2.90329760E-03
 5.74207740E+02 1.46678990E-03
 5.74217780E+02 1.45328670E-03
 5.74224220E+02 1.45013310E-03
 5.75299360E+02 9.23241370E-04
 5.76382980E+02 1.17484280E-03
 5.77468630E+02 1.33676620E-03
 5.78556330E+02 1.46970510E-03
 5.79498500E+02 1.64242490E-03
 5.79515290E+02 1.64557180E-03
 5.79646080E+02 1.66956210E-03
 5.80737890E+02 2.05259740E-03
 5.81831750E+02 1.79116610E-03
 5.82927660E+02 1.62522100E-03
 5.83639650E+02 1.50302870E-03
 5.84025650E+02 1.43674510E-03
 5.85125700E+02 1.69764970E-03
 5.86227820E+02 2.97707120E-03
 5.87332020E+02 3.38033760E-03
 5.87840400E+02 2.58237100E-03
 5.87857680E+02 2.55525730E-03
 5.88438300E+02 1.64342680E-03
 5.89546670E+02 2.26248110E-03
 5.90657120E+02 2.33510910E-03
 5.91769660E+02 6.60728060E-05
 5.92884300E+02 3.89335710E-04
 5.94001030E+02 2.29474550E-04
 5.95119880E+02 6.51154450E-04
 5.96240820E+02 1.28434160E-03
 5.97363880E+02 2.15985530E-03
 5.98489060E+02 3.50545300E-03
 5.99616350E+02 3.87232350E-03
 6.00745770E+02 3.81372400E-03
 6.01877320E+02 2.69549230E-03
 6.03010990E+02 6.33356490E-05
 6.03379230E+02 4.45099530E-05
 6.04146800E+02 5.25183810E-06
 6.05284750E+02 2.08874980E-05
 6.06424850E+02 7.92509340E-05
 6.07567090E+02 3.49601310E-04
 6.08711480E+02 1.02324890E-03
 6.09858030E+02 1.95985750E-03
 6.11006740E+02 2.26131440E-03
 6.12157610E+02 2.03600070E-03
 6.13310650E+02 5.45835030E-04
 6.14465870E+02 5.86286090E-04
 6.15623250E+02 1.10070850E-03
 6.16782820E+02 2.11689400E-03
 6.17944570E+02 2.87614230E-03
 6.19108510E+02 8.60917190E-04
 6.19761850E+02 4.14831490E-04
 6.20274650E+02 6.45911760E-05
 6.21442980E+02 5.76167870E-05
 6.22613510E+02 5.53315990E-05
 6.23786240E+02 7.68916060E-05
 6.24961180E+02 3.40515530E-04
 6.25000000E+02 3.95128680E-04
 6.26138340E+02 1.99718960E-03
 6.27317710E+02 1.61979320E-04
 6.28499310E+02 3.04246000E-04
 6.29683130E+02 1.16404130E-04
 6.30869180E+02 2.47876580E-04
 6.32057460E+02 3.79896460E-04
 6.33247990E+02 2.64168380E-04
 6.34440750E+02 4.83779250E-04
 6.35635760E+02 1.10264370E-03
 6.36833030E+02 8.42543390E-04
 6.37058930E+02 8.91422060E-04
 6.38032550E+02 1.10212980E-03
 6.39234320E+02 1.38956880E-03
 6.40438360E+02 3.36298610E-04
 6.41644670E+02 5.16578650E-04
 6.42853250E+02 9.28553670E-04
 6.44064110E+02 1.44134450E-03
 6.45277250E+02 1.28112910E-03
 6.46074650E+02 1.42262890E-03
 6.46492670E+02 1.49681810E-03
 6.47710380E+02 1.85539000E-03
 6.48930390E+02 2.40068270E-03
 6.50152690E+02 1.19359600E-03
 6.51377300E+02 1.20985770E-03
 6.52604210E+02 1.03507540E-03
 6.53833440E+02 8.53956080E-04
 6.55064980E+02 9.61065780E-04
 6.55349220E+02 9.59586500E-04
 6.55370700E+02 9.59474720E-04
 6.56298840E+02 9.54641410E-04
 6.57535020E+02 7.14191360E-04
 6.58773530E+02 8.34107120E-04
 6.60014370E+02 1.25720950E-03
 6.61257560E+02 1.37929750E-03
 6.62503080E+02 2.38478880E-03
 6.63750950E+02 3.31549520E-03
 6.65001170E+02 3.58367390E-04
 6.65523740E+02 3.93422640E-04
 6.66253740E+02 4.42395560E-04
 6.67508680E+02 7.58371180E-04
 6.68765970E+02 1.53610850E-03
 6.70025640E+02 2.94224440E-03
 6.71287680E+02 1.29037900E-03
 6.72552090E+02 1.08482080E-03
 6.73818890E+02 2.07833600E-03
 6.75088070E+02 1.17650110E-03
 6.76019170E+02 1.03081400E-03
 6.76042020E+02 1.02723850E-03
 6.76359650E+02 9.77537220E-04
 6.77633620E+02 4.45403680E-04
 6.78909980E+02 1.43557560E-04
 6.80188760E+02 1.12334120E-04
 6.81098690E+02 3.77951360E-04
 6.81469940E+02 4.86320070E-04
 6.82753530E+02 6.10121830E-04
 6.84039550E+02 1.23275350E-03
 6.85327980E+02 2.56261030E-03
 6.86255130E+02 2.96959640E-03
 6.86278680E+02 2.97993730E-03
 6.86618840E+02 3.12924890E-03
 6.87912130E+02 2.39481670E-03
 6.89207860E+02 2.74400510E-03
 6.90506030E+02 2.32923010E-03
 6.91806650E+02 2.24602850E-03
 6.93109710E+02 1.34506980E-03
 6.94415230E+02 1.40347160E-03
 6.94942120E+02 8.44063860E-04
 6.95723210E+02 1.48375460E-05
 6.97033650E+02 7.46507580E-06
 6.98346560E+02 2.12178140E-05
 6.99661940E+02 6.75435710E-05
 7.00000000E+02 1.01248340E-04
 7.00979800E+02 1.98926300E-04
 7.02300150E+02 1.12601460E-04
 7.03622970E+02 4.85456750E-04
 7.03851860E+02 6.39415600E-04
 7.04948300E+02 1.37682600E-03
 7.06276110E+02 3.00651160E-03
 7.07606430E+02 1.52448850E-03
 7.08939260E+02 8.75823130E-04
 7.10274590E+02 9.49272340E-04
 7.11612440E+02 2.20863330E-03
 7.12952810E+02 4.20182740E-03
 7.12993030E+02 4.17973440E-03
 7.14295710E+02 3.46429720E-03
 7.15641130E+02 3.05263260E-03
 7.16989090E+02 2.34000850E-03
 7.17653240E+02 2.27729420E-03
 7.18339590E+02 2.21249170E-03
 7.19692630E+02 2.21183530E-03
 7.21048220E+02 2.24324360E-03
 7.22374760E+02 1.34356460E-03
 7.22400860E+02 1.32587200E-03
 7.22406360E+02 1.32214080E-03
 7.23767060E+02 1.81614500E-03
 7.25130320E+02 1.50990630E-03
 7.25514610E+02 1.65547430E-03
 7.25540930E+02 1.66544350E-03
 7.26496160E+02 2.02720470E-03
 7.27864560E+02 2.58978400E-03
 7.29235540E+02 3.02269660E-03
 7.30000000E+02 3.26719460E-03
 7.30609110E+02 3.46195680E-03
 7.31985260E+02 4.24716140E-03
 7.33364000E+02 3.65924510E-03
 7.34745340E+02 3.12945270E-03
 7.36129280E+02 2.42592780E-03
 7.37515830E+02 3.60531230E-03
 7.38904990E+02 3.23882470E-03
 7.40296770E+02 2.22288920E-03
 7.41691170E+02 1.66272210E-03
 7.43088190E+02 2.69643130E-03
 7.44487850E+02 1.36510010E-03
 7.45890140E+02 2.70473300E-03
 7.47295080E+02 7.68552250E-04
 7.47989310E+02 7.34808460E-04
 7.48702660E+02 7.00145310E-04
 7.50112890E+02 1.50237730E-03
 7.51525780E+02 1.78185270E-03
 7.52941330E+02 9.66959130E-04
 7.54359540E+02 1.82445910E-03
 7.55780430E+02 6.55471990E-04
 7.57203990E+02 9.65197890E-05
 7.58630240E+02 2.77836380E-04
 7.60059170E+02 6.93098640E-04
 7.61490790E+02 1.57065590E-03
 7.62925110E+02 2.57648030E-03
 7.64362130E+02 5.87012240E-03
 7.65801860E+02 5.48693380E-03
 7.67244300E+02 4.29874870E-03
 7.68689460E+02 3.88073300E-03
 7.70137330E+02 3.33853490E-03
 7.71587940E+02 3.07879780E-03
 7.71900950E+02 2.99398040E-03
 7.73041280E+02 2.68510750E-03
 7.74497350E+02 1.24363790E-03
 7.75956170E+02 9.81719580E-04
 7.77417740E+02 1.94368700E-03
 7.78882050E+02 9.00936480E-05
 7.80349130E+02 1.03758710E-04
 7.81818970E+02 2.42248050E-04
 7.83291580E+02 1.80662240E-04
 7.84766960E+02 4.08867890E-04
 7.86245120E+02 8.43437080E-04
 7.87726070E+02 1.63001170E-03
 7.89209800E+02 2.43376380E-03
 7.90000000E+02 1.80931920E-03
 7.90696330E+02 1.25931280E-03
 7.92185660E+02 1.14256420E-03
 7.93677800E+02 2.62702430E-03
 7.95172740E+02 3.45748540E-03
 7.96670510E+02 1.90262320E-03
 7.97391890E+02 2.12173750E-03
 7.98171090E+02 2.35828700E-03
 7.99674500E+02 1.96978780E-03
 8.01180740E+02 2.77579580E-03
 8.02689820E+02 4.90864920E-03
 8.04201740E+02 3.89943040E-03
 8.05716500E+02 3.40472250E-03
 8.07234130E+02 3.40184150E-03
 8.08754610E+02 1.94173390E-03
 8.10277950E+02 2.95556740E-03
 8.10779310E+02 3.07393200E-03
 8.11804160E+02 3.31574180E-03
 8.13333250E+02 3.32816940E-03
 8.14865220E+02 1.64323110E-03
 8.16400070E+02 3.10034570E-03
 8.17937820E+02 2.06682620E-03
 8.19478460E+02 2.69268850E-03
 8.21022000E+02 2.35348690E-03
 8.22568450E+02 3.28769450E-03
 8.24117810E+02 4.34627450E-04
 8.24623930E+02 2.96027360E-04
 8.24657930E+02 2.86718440E-04
 8.25670090E+02 9.71407340E-06
 8.27225300E+02 4.99334390E-06
 8.28783430E+02 2.71381100E-05
 8.30000000E+02 8.29319390E-05
 8.30344500E+02 9.87212610E-05
 8.31908510E+02 3.20264620E-04
 8.33475470E+02 1.20116920E-03
 8.35045380E+02 2.35598970E-03
 8.36618240E+02 4.17801490E-03
 8.38194070E+02 2.89458350E-03
 8.39772860E+02 3.70384050E-03
 8.40282470E+02 3.04083610E-03
 8.41354630E+02 1.64689360E-03
 8.42939380E+02 1.85474050E-03
 8.44527110E+02 1.80868060E-03
 8.46117840E+02 5.85463490E-04
 8.47711560E+02 3.97177590E-04
 8.49308280E+02 4.88304540E-04
 8.50000000E+02 5.66164700E-04
 8.50908010E+02 6.68295160E-04
 8.52510750E+02 7.94148940E-04
 8.54116510E+02 1.49002390E-03
 8.55725300E+02 1.32984870E-03
 8.56547190E+02 1.60019600E-03
 8.57337110E+02 1.85983160E-03
 8.58951960E+02 2.24663170E-03
 8.60569860E+02 4.66273960E-03
 8.62190800E+02 3.77693580E-03
 8.63814790E+02 3.03631310E-03
 8.65441850E+02 3.76650890E-03
 8.67071970E+02 3.59151140E-03
 8.68705150E+02 3.31257890E-03
 8.70000000E+02 2.69288230E-03
 8.70341420E+02 2.52961200E-03
 8.71980760E+02 2.98516370E-03
 8.73453990E+02 3.61413800E-03
 8.73623200E+02 3.68632220E-03
 8.75268730E+02 2.14170450E-03
 8.76917350E+02 2.97342260E-03
 8.78569090E+02 3.72262310E-03
 8.80223930E+02 3.49145020E-03
 8.81881890E+02 2.39853930E-03
 8.82160160E+02 2.52670090E-03
 8.83542980E+02 3.16303650E-03
 8.85207190E+02 1.74368290E-03
 8.86874540E+02 1.97046610E-03
 8.88545020E+02 3.24545600E-03
 8.90218660E+02 4.05955300E-03
 8.91041650E+02 3.48721310E-03
 8.91081350E+02 3.45961720E-03
 8.91895450E+02 2.89395640E-03
 8.93575390E+02 3.29053830E-03
 8.95258500E+02 5.05214360E-03
 8.96944780E+02 4.43932020E-03
 8.98634240E+02 3.84318610E-03
 9.00000000E+02 2.19674830E-03
 9.00440900E+02 2.29073700E-03
 9.00882220E+02 2.47161160E-03
 9.01323990E+02 2.99437420E-03
 9.01766180E+02 2.91433450E-03
 9.02208810E+02 3.06533860E-03
 9.02650790E+02 3.37334820E-03
 9.03093200E+02 3.80514910E-03
 9.03536040E+02 3.77968740E-03
 9.03979320E+02 3.44180020E-03
 9.04423040E+02 2.94126240E-03
 9.04866100E+02 2.26991300E-03
 9.05309600E+02 2.25705160E-03
 9.05753530E+02 2.66352330E-03
 9.06197900E+02 3.05853640E-03
 9.06642700E+02 3.71573950E-03
 9.07086850E+02 3.07060380E-03
 9.07531440E+02 3.40584460E-03
 9.07976460E+02 3.13321190E-03
 9.08421920E+02 3.38594320E-03
 9.08867810E+02 2.99929950E-03
 9.09313050E+02 3.44526770E-03
 9.09758730E+02 2.65687660E-03
 9.10204840E+02 3.32467800E-03
 9.10651390E+02 3.19734340E-03
 9.11098380E+02 2.72941930E-03
 9.11544720E+02 2.26949790E-03
 9.11991490E+02 1.80759010E-03
 9.12438700E+02 1.19153180E-03
 9.12886340E+02 4.61164300E-04
 9.13334430E+02 9.27465050E-05
 9.13781860E+02 2.71390490E-05
 9.14229720E+02 1.99106890E-05
 9.14678030E+02 2.22946780E-05
 9.15126780E+02 2.78193280E-05
 9.15575960E+02 3.56084360E-05
 9.16024490E+02 4.60927770E-05
 9.16473460E+02 5.87924330E-05
 9.16922860E+02 7.15152590E-05
 9.17372710E+02 8.41671290E-05
 9.17823000E+02 9.62784830E-05
 9.18272630E+02 1.08419720E-04
 9.18722690E+02 1.21819340E-04
 9.19173200E+02 1.40341250E-04
 9.19624150E+02 1.67288440E-04
 9.20075550E+02 2.04042380E-04
 9.20526280E+02 2.56083450E-04
 9.20977450E+02 3.25629350E-04
 9.21429070E+02 4.05340790E-04
 9.21881120E+02 4.47557680E-04
 9.22333630E+02 3.28424880E-04
 9.22785460E+02 1.63928570E-04
 9.23237740E+02 1.29790070E-04
 9.23690470E+02 1.06378390E-04
 9.24143630E+02 8.84102040E-05
 9.24597250E+02 8.70395540E-05
 9.25050190E+02 1.24499420E-04
 9.25503580E+02 1.86571040E-04
 9.25957420E+02 2.92081600E-04
 9.26411700E+02 4.24295270E-04
 9.26866420E+02 5.98382050E-04
 9.27320480E+02 8.00728470E-04
 9.27774980E+02 1.02791500E-03
 9.28229930E+02 1.25629650E-03
 9.28685330E+02 1.50547090E-03
 9.29141170E+02 1.86503520E-03
 9.29596340E+02 2.30570400E-03
 9.30051960E+02 2.80972600E-03
 9.30508020E+02 3.39399330E-03
 9.30964530E+02 4.00453570E-03
 9.31421490E+02 4.61256990E-03
 9.31877780E+02 5.46048520E-03
 9.32334520E+02 6.14451800E-03
 9.32791700E+02 6.48912080E-03
 9.33249340E+02 5.68843020E-03
 9.33707420E+02 2.93166030E-03
 9.34164830E+02 1.61030120E-03
 9.34622680E+02 1.19815860E-03
 9.35080990E+02 9.12733390E-04
 9.35539750E+02 6.98527280E-04
 9.35998950E+02 5.88083470E-04
 9.36457480E+02 5.28780130E-04
 9.36916460E+02 5.52329510E-04
 9.37375890E+02 6.28971930E-04
 9.37835780E+02 7.63802010E-04
 9.38296110E+02 9.61235540E-04
 9.38755770E+02 1.18390740E-03
 9.39215870E+02 1.41419120E-03
 9.39676430E+02 1.66577160E-03
 9.40137440E+02 2.03317780E-03
 9.40598910E+02 2.47945540E-03
 9.41059690E+02 2.99533180E-03
 9.41520930E+02 3.59794140E-03
 9.41982620E+02 4.22834760E-03
 9.42444760E+02 4.84482100E-03
 9.42907350E+02 5.65359220E-03
 9.43369270E+02 6.45249650E-03
 9.43831640E+02 7.03362110E-03
 9.44294460E+02 8.00025350E-03
 9.44757730E+02 9.32828280E-03
 9.45221470E+02 1.00525220E-02
 9.45684510E+02 9.37743410E-03
 9.46148020E+02 9.86299740E-03
 9.46611980E+02 9.34524580E-03
 9.47076390E+02 8.85032150E-03
 9.47541260E+02 8.10262290E-03
 9.48005440E+02 6.87257860E-03
 9.48470080E+02 6.10636510E-03
 9.48935180E+02 5.39514940E-03
 9.49400730E+02 4.15229340E-03
 9.49866740E+02 3.34436280E-03
 9.50332070E+02 2.78790500E-03
 9.50797850E+02 2.52741090E-03
 9.51264090E+02 2.44880750E-03
 9.51730780E+02 2.46106730E-03
 9.52197940E+02 2.51881920E-03
 9.52664400E+02 2.62101210E-03
 9.53131330E+02 2.80787010E-03
 9.53598710E+02 3.05261360E-03
 9.54066550E+02 3.45329540E-03
 9.54534850E+02 4.01484080E-03
 9.55002460E+02 5.12231600E-03
 9.55470530E+02 7.20388040E-03
 9.55939060E+02 6.75441140E-03
 9.56408050E+02 6.59823070E-03
 9.56877500E+02 6.15581310E-03
 9.57346260E+02 5.15729460E-03
 9.57815480E+02 5.37825630E-03
 9.58285160E+02 5.09692590E-03
 9.58755300E+02 4.32444650E-03
 9.59225900E+02 4.60142190E-03
 9.59695810E+02 3.41289630E-03
 9.60166180E+02 4.20954080E-03
 9.60637010E+02 3.80707550E-03
 9.61108300E+02 4.06093630E-03
 9.61580060E+02 4.23069520E-03
 9.62051120E+02 4.15179540E-03
 9.62522650E+02 3.64557450E-03
 9.62994630E+02 3.91385090E-03
 9.63467090E+02 3.87543370E-03
 9.63940000E+02 2.88450930E-03
 9.64412220E+02 3.70303600E-03
 9.64884900E+02 2.47738950E-03
 9.65358050E+02 4.44287220E-04
 9.65831660E+02 3.88428060E-05
 9.66305730E+02 2.10870100E-05
 9.66779110E+02 1.40876230E-05
 9.67252950E+02 9.36374710E-06
 9.67727260E+02 8.69645910E-06
 9.68202030E+02 1.52710210E-05
 9.68677270E+02 3.83363590E-05
 9.69151810E+02 8.12068990E-05
 9.69626810E+02 1.41545290E-04
 9.70102280E+02 2.23823580E-04
 9.70578220E+02 3.24332340E-04
 9.71054630E+02 4.49346020E-04
 9.71530330E+02 6.08281010E-04
 9.72006500E+02 7.94527390E-04
 9.72483140E+02 1.02604590E-03
 9.72960250E+02 1.38233670E-03
 9.73437820E+02 1.78552350E-03
 9.73914690E+02 2.39549340E-03
 9.74392030E+02 3.20694010E-03
 9.74869840E+02 3.86580330E-03
 9.75348120E+02 4.45284640E-03
 9.75826860E+02 4.80353110E-03
 9.76304900E+02 5.01680600E-03
 9.76783410E+02 4.92448010E-03
 9.77262390E+02 5.81193010E-03
 9.77741850E+02 5.56816200E-03
 9.78221770E+02 4.64437510E-03
 9.78700980E+02 3.92033200E-03
 9.79180670E+02 2.34451830E-03
 9.79660820E+02 1.38163400E-03
 9.80141450E+02 8.78214050E-04
 9.80622550E+02 5.54213830E-04
 9.81102940E+02 4.14739620E-04
 9.81583800E+02 3.47867510E-04
 9.82065140E+02 3.27444440E-04
 9.82546940E+02 3.51110170E-04
 9.83029220E+02 4.26657360E-04
 9.83510790E+02 4.96910550E-04
 9.83992840E+02 6.02469620E-04
 9.84475350E+02 7.10150820E-04
 9.84958340E+02 8.55073450E-04
 9.85441800E+02 1.02942380E-03
 9.85924560E+02 1.20746800E-03
 9.86407780E+02 1.33507750E-03
 9.86891480E+02 1.48984840E-03
 9.87375660E+02 1.78074930E-03
 9.87860310E+02 2.05797100E-03
 9.88344240E+02 2.14192940E-03
 9.88828660E+02 2.83207050E-03
 9.89313540E+02 3.06013000E-03
 9.89798900E+02 3.42463000E-03
 9.90284740E+02 3.83258260E-03
 9.90769870E+02 4.35164200E-03
 9.91255470E+02 3.92307730E-03
 9.91741550E+02 5.66620700E-03
 9.92228100E+02 5.33704510E-03
 9.92715130E+02 5.05004070E-03
 9.93201450E+02 3.49620870E-03
 9.93688240E+02 5.51689290E-03
 9.94175510E+02 4.84481970E-03
 9.94663260E+02 3.61340510E-03
 9.95151480E+02 3.56528920E-03
 9.95638990E+02 5.15082080E-03
 9.96126980E+02 3.67338470E-03
 9.96615450E+02 4.67822570E-03
 9.97104390E+02 4.14523980E-03
 9.97593820E+02 4.24601720E-03
 9.98082520E+02 4.16198160E-03
 9.98571710E+02 3.84743850E-03
 9.99061370E+02 2.46439470E-03
 9.99551520E+02 3.95343460E-03
 1.00004210E+03 4.67300190E-03
 1.00053200E+03 4.06744820E-03
 1.00102240E+03 4.31412300E-03
 1.00151330E+03 4.29471560E-03
 1.00200460E+03 3.42475000E-03
 1.00249650E+03 3.43927120E-03
 1.00298760E+03 3.21871620E-03
 1.00347920E+03 3.22672600E-03
 1.00397120E+03 3.45775230E-03
 1.00446380E+03 3.11890050E-03
 1.00495680E+03 3.07107220E-03
 1.00544910E+03 3.14915650E-03
 1.00594190E+03 2.17663890E-03
 1.00643520E+03 2.99525520E-03
 1.00692900E+03 2.95350030E-03
 1.00742320E+03 3.13120960E-03
 1.00791680E+03 1.97858870E-03
 1.00841080E+03 2.79981610E-03
 1.00890520E+03 2.88709290E-03
 1.00940020E+03 3.48279580E-03
 1.00989570E+03 2.87786970E-03
 1.01039040E+03 2.14702800E-03
 1.01088560E+03 2.87600320E-03
 1.01138130E+03 2.61834930E-03
 1.01187750E+03 3.68032120E-03
 1.01237420E+03 3.21648460E-03
 1.01287010E+03 2.85471900E-03
 1.01336660E+03 3.62120910E-03
 1.01386350E+03 3.45023060E-03
 1.01436090E+03 3.65458690E-03
 1.01485880E+03 2.65470040E-03
 1.01535600E+03 2.94450840E-03
 1.01585360E+03 3.42532830E-03
 1.01635180E+03 3.57277720E-03
 1.01685040E+03 2.34174860E-03
 1.01734950E+03 2.91317940E-03
 1.01784790E+03 2.44599490E-03
 1.01834680E+03 3.59134380E-03
 1.01884610E+03 3.34239010E-03
 1.01934600E+03 3.68859870E-03
 1.01984630E+03 3.64340260E-03
 1.02034590E+03 2.49510110E-03
 1.02084600E+03 3.43749580E-03
 1.02134660E+03 2.68372640E-03
 1.02184770E+03 3.43244910E-03
 1.02234920E+03 3.39537350E-03
 1.02285010E+03 3.55677330E-03
 1.02335140E+03 3.47494860E-03
 1.02385320E+03 2.75173520E-03
 1.02435550E+03 3.03127450E-03
 1.02485830E+03 2.96226000E-03
 1.02536040E+03 3.16016310E-03
 1.02586290E+03 4.04773390E-03
 1.02636600E+03 4.28371320E-03
 1.02686950E+03 4.13305030E-03
 1.02737360E+03 3.39019120E-03
 1.02787690E+03 3.37163920E-03
 1.02838070E+03 3.74189260E-03
 1.02888490E+03 3.93837440E-03
 1.02938970E+03 3.91143090E-03
 1.02989500E+03 3.82843210E-03
 1.03039950E+03 3.27296130E-03
 1.03090450E+03 3.92654300E-03
 1.03141010E+03 3.74072860E-03
 1.03191610E+03 3.81160320E-03
 1.03242260E+03 3.80890910E-03
 1.03292830E+03 3.72618670E-03
 1.03343460E+03 3.61733930E-03
 1.03394140E+03 3.14219080E-03
 1.03444860E+03 3.05322820E-03
 1.03495640E+03 2.54086490E-03
 1.03546340E+03 2.94781880E-03
 1.03597090E+03 2.65052260E-03
 1.03647890E+03 3.06787000E-03
 1.03698740E+03 3.85278450E-03
 1.03749640E+03 3.73397700E-03
 1.03800470E+03 3.76179610E-03
 1.03851340E+03 3.30212910E-03
 1.03902270E+03 2.53857580E-03
 1.03953240E+03 2.56649870E-03
 1.04004270E+03 3.61861680E-03
 1.04055220E+03 4.26413760E-03
 1.04106220E+03 4.13787660E-03
 1.04157270E+03 3.84006160E-03
 1.04208370E+03 3.93589530E-03
 1.04259520E+03 3.86771830E-03
 1.04310590E+03 3.80684240E-03
 1.04361720E+03 3.06192400E-03
 1.04412890E+03 3.79012690E-03
 1.04464120E+03 3.70537470E-03
 1.04515390E+03 3.40866000E-03
 1.04566590E+03 3.42008120E-03
 1.04617840E+03 2.85018270E-03
 1.04669150E+03 3.19030420E-03
 1.04720500E+03 3.17957460E-03
 1.04771900E+03 3.35325520E-03
 1.04823220E+03 3.24970760E-03
 1.04874600E+03 3.47210320E-03
 1.04926030E+03 3.99543260E-03
 1.04977510E+03 4.24459910E-03
 1.05029030E+03 4.31976560E-03
 1.05080490E+03 4.61641590E-03
 1.05131990E+03 4.31190600E-03
 1.05183540E+03 4.02519560E-03
 1.05235140E+03 3.59792590E-03
 1.05286800E+03 3.59358660E-03
 1.05338380E+03 3.71786930E-03
 1.05390010E+03 3.77402000E-03
 1.05441690E+03 3.77339030E-03
 1.05493420E+03 3.46039580E-03
 1.05545200E+03 3.81131720E-03
 1.05596900E+03 2.98951430E-03
 1.05648660E+03 3.92604770E-03
 1.05700460E+03 3.74495000E-03
 1.05752320E+03 3.57745930E-03
 1.05804230E+03 3.41382300E-03
 1.05856060E+03 3.56490270E-03
 1.05907940E+03 3.55104650E-03
 1.05959880E+03 3.68280540E-03
 1.06011860E+03 2.99833250E-03
 1.06063900E+03 3.54910430E-03
 1.06115860E+03 2.86026690E-03
 1.06167870E+03 2.02807190E-03
 1.06219930E+03 1.93537010E-03
 1.06272040E+03 3.04691690E-03
 1.06324200E+03 3.98681520E-03
 1.06376290E+03 3.88372450E-03
 1.06428430E+03 3.83214750E-03
 1.06480620E+03 3.76945050E-03
 1.06532860E+03 3.67983380E-03
 1.06585150E+03 3.47659070E-03
 1.06637360E+03 3.16854860E-03
 1.06689630E+03 3.43067770E-03
 1.06741940E+03 2.92381080E-03
 1.06794310E+03 3.53883370E-03
 1.06846730E+03 3.69019780E-03
 1.06899070E+03 3.59179140E-03
 1.06951470E+03 3.55818600E-03
 1.07003910E+03 2.73352510E-03
 1.07056410E+03 3.11309120E-03
 1.07108960E+03 3.33928160E-03
 1.07161430E+03 2.29488260E-03
 1.07213950E+03 1.41504930E-03
 1.07266530E+03 1.83924590E-03
 1.07319150E+03 3.08312550E-03
 1.07371830E+03 4.06960940E-03
 1.07424430E+03 3.63564000E-03
 1.07477080E+03 3.95478500E-03
 1.07529780E+03 3.75156410E-03
 1.07582540E+03 3.61355330E-03
 1.07635340E+03 3.44199050E-03
 1.07688070E+03 3.42789610E-03
 1.07740850E+03 3.56625480E-03
 1.07793690E+03 3.27286240E-03
 1.07846570E+03 3.63382010E-03
 1.07899510E+03 3.11670190E-03
 1.07952360E+03 3.78677030E-03
 1.08005270E+03 3.79178010E-03
 1.08058240E+03 3.71125270E-03
 1.08111250E+03 3.18396820E-03
 1.08164320E+03 2.95489250E-03
 1.08217300E+03 3.49928310E-03
 1.08270340E+03 3.01974450E-03
 1.08323440E+03 3.35801200E-03
 1.08376580E+03 3.19256910E-03
 1.08429780E+03 3.14240730E-03
 1.08482890E+03 2.89688540E-03
 1.08536060E+03 3.90082270E-03
 1.08589290E+03 3.82033280E-03
 1.08642560E+03 3.68937910E-03
 1.08695890E+03 3.52701930E-03
 1.08749140E+03 3.56766570E-03
 1.08802440E+03 3.44534950E-03
 1.08855790E+03 3.13125060E-03
 1.08909200E+03 3.39553460E-03
 1.08962650E+03 3.15588710E-03
 1.09016030E+03 3.47557470E-03
 1.09069460E+03 3.47658430E-03
 1.09122950E+03 2.74184800E-03
 1.09176480E+03 3.57504580E-03
 1.09230070E+03 3.59647150E-03
 1.09283580E+03 3.81909580E-03
 1.09337140E+03 3.57710900E-03
 1.09390760E+03 3.75437790E-03
 1.09444430E+03 3.81490200E-03
 1.09498150E+03 3.70145730E-03
 1.09551790E+03 3.79131240E-03
 1.09605480E+03 3.43040370E-03
 1.09659230E+03 3.50119800E-03
 1.09713030E+03 3.71809580E-03
 1.09766880E+03 3.69919800E-03
 1.09820650E+03 3.44185380E-03
 1.09874480E+03 3.56520830E-03
 1.09928360E+03 3.51061860E-03
 1.09982290E+03 3.05082840E-03
 1.10036280E+03 3.67387230E-03
 1.10090180E+03 3.66743280E-03
 1.10144140E+03 3.36160480E-03
 1.10198150E+03 3.64519010E-03
 1.10252210E+03 3.77986520E-03
 1.10306330E+03 3.58395200E-03
 1.10360370E+03 3.37252000E-03
 1.10414460E+03 3.23765940E-03
 1.10468600E+03 2.03583000E-03
 1.10522800E+03 5.24959720E-04
 1.10577050E+03 6.24338210E-05
 1.10631220E+03 2.16421570E-05
 1.10685440E+03 1.79418580E-05
 1.10739720E+03 2.32484990E-05
 1.10794050E+03 3.60468430E-05
 1.10848430E+03 6.07596710E-05
 1.10902730E+03 1.01366810E-04
 1.10957090E+03 1.54122980E-04
 1.11011500E+03 2.20129620E-04
 1.11065960E+03 3.07898800E-04
 1.11120480E+03 4.23419210E-04
 1.11174910E+03 5.61788140E-04
 1.11229400E+03 7.48682270E-04
 1.11283940E+03 9.65765760E-04
 1.11338540E+03 1.19096450E-03
 1.11393190E+03 1.38767170E-03
 1.11447760E+03 1.46194650E-03
 1.11502380E+03 1.18396770E-03
 1.11557060E+03 6.81116230E-04
 1.11611790E+03 3.73511520E-04
 1.11666580E+03 2.58786710E-04
 1.11721280E+03 2.12030330E-04
 1.11776040E+03 1.98277200E-04
 1.11830850E+03 2.11413610E-04
 1.11885710E+03 2.45014660E-04
 1.11940630E+03 3.09082460E-04
 1.11995470E+03 4.09132540E-04
 1.12050360E+03 5.24755680E-04
 1.12105310E+03 6.71601940E-04
 1.12160310E+03 9.00223880E-04
 1.12215360E+03 1.24518640E-03
 1.12270330E+03 1.49021130E-03
 1.12325360E+03 1.57367710E-03
 1.12380440E+03 1.70605970E-03
 1.12435570E+03 1.82660720E-03
 1.12490760E+03 2.00132120E-03
 1.12545870E+03 2.27943550E-03
 1.12601030E+03 2.63323510E-03
 1.12656250E+03 3.09255250E-03
 1.12711520E+03 3.62219470E-03
 1.12766840E+03 4.15281150E-03
 1.12822080E+03 4.62664350E-03
 1.12877380E+03 5.54999560E-03
 1.12932730E+03 6.23672290E-03
 1.12988140E+03 5.88436880E-03
 1.13043600E+03 5.46956710E-03
 1.13098980E+03 4.97457550E-03
 1.13154410E+03 4.82714060E-03
 1.13209890E+03 4.28790330E-03
 1.13265440E+03 3.52756220E-03
 1.13321030E+03 3.29733400E-03
 1.13376550E+03 3.75466720E-03
 1.13432110E+03 4.30860690E-03
 1.13487740E+03 4.39496600E-03
 1.13543420E+03 4.41341120E-03
 1.13599150E+03 4.20630590E-03
 1.13654800E+03 4.06649350E-03
 1.13710500E+03 3.92449160E-03
 1.13766260E+03 3.81484140E-03
 1.13822080E+03 3.27667260E-03
 1.13877950E+03 3.67382490E-03
 1.13933730E+03 3.55616830E-03
 1.13989580E+03 3.61905940E-03
 1.14045470E+03 3.62110300E-03
 1.14101420E+03 3.63018530E-03
 1.14157430E+03 3.64172760E-03
 1.14213350E+03 3.64556630E-03
 1.14269330E+03 3.69827090E-03
 1.14325370E+03 3.70635470E-03
 1.14381450E+03 3.69630000E-03
 1.14437600E+03 3.70925050E-03
 1.14493660E+03 3.67669400E-03
 1.14549780E+03 3.69846080E-03
 1.14605950E+03 3.70882300E-03
 1.14662170E+03 3.70679430E-03
 1.14718450E+03 3.56533290E-03
 1.14774650E+03 3.73526940E-03
 1.14830910E+03 3.64559680E-03
 1.14887220E+03 3.50009150E-03
 1.14943580E+03 3.20992290E-03
 1.15000000E+03 3.26732750E-03
 1.15000000E+03 3.26732750E-03
 1.15072300E+03 3.41536290E-03
 1.15144690E+03 3.64555080E-03
 1.15217170E+03 3.41850320E-03
 1.15289740E+03 3.74148430E-03
 1.15362400E+03 3.27747310E-03
 1.15434930E+03 3.68052890E-03
 1.15507540E+03 3.64687000E-03
 1.15580250E+03 3.17619570E-03
 1.15653050E+03 3.76442270E-03
 1.15725940E+03 3.44977320E-03
 1.15798700E+03 3.61366150E-03
 1.15871540E+03 3.67375140E-03
 1.15944480E+03 3.39317620E-03
 1.16017510E+03 3.62050640E-03
 1.16090630E+03 3.71460150E-03
 1.16163620E+03 3.51821400E-03
 1.16236690E+03 2.97040080E-03
 1.16309860E+03 2.80944590E-03
 1.16383120E+03 1.98765540E-03
 1.16456470E+03 1.67088680E-03
 1.16529680E+03 1.91311180E-03
 1.16602990E+03 1.76830500E-03
 1.16676390E+03 1.68251830E-03
 1.16749880E+03 1.53037270E-03
 1.16823460E+03 1.74331630E-03
 1.16896900E+03 2.00993330E-03
 1.16970440E+03 2.87359550E-03
 1.17044070E+03 3.05679970E-03
 1.17117790E+03 3.07043460E-03
 1.17191610E+03 3.11787410E-03
 1.17265280E+03 3.68082210E-03
 1.17339050E+03 3.88572160E-03
 1.17412910E+03 3.84064040E-03
 1.17486870E+03 3.58636920E-03
 1.17560910E+03 3.63604960E-03
 1.17634820E+03 3.89422570E-03
 1.17708820E+03 4.57620410E-03
 1.17782920E+03 3.62386290E-03
 1.17857100E+03 4.19032130E-03
 1.17931380E+03 4.34032920E-03
 1.18005520E+03 4.00654970E-03
 1.18079760E+03 4.19756170E-03
 1.18154090E+03 3.86642880E-03
 1.18228510E+03 3.76684290E-03
 1.18303020E+03 3.20773860E-03
 1.18377400E+03 3.69925560E-03
 1.18451860E+03 2.97989060E-03
 1.18526430E+03 3.64333820E-03
 1.18601080E+03 3.43690880E-03
 1.18675830E+03 3.23191450E-03
 1.18750440E+03 3.01794310E-03
 1.18825140E+03 3.00679990E-03
 1.18899940E+03 2.83413420E-03
 1.18974830E+03 3.05888060E-03
 1.19049820E+03 3.35110270E-03
 1.19124660E+03 3.24618000E-03
 1.19199600E+03 3.63252690E-03
 1.19274630E+03 3.59478670E-03
 1.19349760E+03 3.57620990E-03
 1.19424980E+03 3.13406350E-03
 1.19500060E+03 3.08632430E-03
 1.19575230E+03 3.30593980E-03
 1.19650500E+03 2.78658880E-03
 1.19725870E+03 2.73127560E-03
 1.19801320E+03 2.70771930E-03
 1.19876640E+03 3.57630400E-03
 1.19952050E+03 4.68927980E-03
 1.20027560E+03 4.48138440E-03
 1.20103160E+03 4.10205550E-03
 1.20178860E+03 3.23558850E-03
 1.20254410E+03 3.43049950E-03
 1.20330060E+03 2.77291130E-03
 1.20405800E+03 3.39659070E-03
 1.20481640E+03 3.18154120E-03
 1.20557580E+03 2.75453400E-03
 1.20633370E+03 3.06087490E-03
 1.20709250E+03 3.10131710E-03
 1.20785240E+03 3.07699770E-03
 1.20861320E+03 2.82028270E-03
 1.20937490E+03 2.78461410E-03
 1.21013520E+03 2.82940090E-03
 1.21089650E+03 2.87638470E-03
 1.21165870E+03 2.85950550E-03
 1.21242190E+03 2.76123180E-03
 1.21318600E+03 2.63923400E-03
 1.21394870E+03 2.83734710E-03
 1.21471240E+03 3.54620240E-03
 1.21547700E+03 5.28051220E-03
 1.21624260E+03 5.38146080E-03
 1.21700910E+03 4.02676160E-03
 1.21777420E+03 3.76101480E-03
 1.21854030E+03 4.32241640E-03
 1.21930730E+03 4.10184220E-03
 1.22007530E+03 3.93104380E-03
 1.22084430E+03 3.55489170E-03
 1.22161180E+03 3.71406600E-03
 1.22238030E+03 3.77752140E-03
 1.22314980E+03 3.59671890E-03
 1.22392020E+03 3.69696840E-03
 1.22469160E+03 3.64065080E-03
 1.22546150E+03 3.70392360E-03
 1.22623240E+03 3.47341430E-03
 1.22700430E+03 3.22643490E-03
 1.22777710E+03 2.44387570E-03
 1.22855100E+03 1.61405170E-03
 1.22932330E+03 7.28928170E-04
 1.23009670E+03 2.90678750E-04
 1.23087100E+03 2.78097570E-04
 1.23164620E+03 3.46382740E-04
 1.23242250E+03 4.18293850E-04
 1.23319730E+03 4.74658760E-04
 1.23397310E+03 5.04684170E-04
 1.23474980E+03 5.26961120E-04
 1.23552750E+03 5.69723120E-04
 1.23630620E+03 6.39201030E-04
 1.23708350E+03 7.55760840E-04
 1.23786170E+03 9.29685180E-04
 1.23864090E+03 1.19270180E-03
 1.23942110E+03 1.68760910E-03
 1.24020220E+03 2.39444100E-03
 1.24098190E+03 3.20362250E-03
 1.24176260E+03 4.30467220E-03
 1.24254420E+03 5.46543330E-03
 1.24332690E+03 5.94563440E-03
 1.24411050E+03 6.27542110E-03
 1.24489260E+03 5.73875980E-03
 1.24567580E+03 5.76772950E-03
 1.24645990E+03 5.44385430E-03
 1.24724500E+03 4.63666240E-03
 1.24803110E+03 3.25160380E-03
 1.24881570E+03 3.78104080E-03
 1.24960130E+03 4.01481340E-03
 1.25038790E+03 3.64152550E-03
 1.25117540E+03 3.67819340E-03
 1.25196400E+03 3.59316080E-03
 1.25275110E+03 3.50011980E-03
 1.25353920E+03 3.51731170E-03
 1.25432820E+03 3.29557180E-03
 1.25511830E+03 2.99267880E-03
 1.25590930E+03 2.88062110E-03
 1.25669890E+03 2.92333510E-03
 1.25748940E+03 3.01326170E-03
 1.25828100E+03 3.16019180E-03
 1.25907350E+03 2.87052420E-03
 1.25986710E+03 3.43316480E-03
 1.26065910E+03 3.33444160E-03
 1.26145220E+03 3.40416050E-03
 1.26224620E+03 4.02710840E-03
 1.26304130E+03 3.90952390E-03
 1.26383730E+03 3.88689820E-03
 1.26463190E+03 4.11334140E-03
 1.26542740E+03 3.38430230E-03
 1.26622400E+03 2.87381770E-03
 1.26702150E+03 2.84467670E-03
 1.26782010E+03 2.51568090E-03
 1.26861710E+03 3.49856190E-03
 1.26941520E+03 2.90988420E-03
 1.27021420E+03 2.61267660E-03
 1.27101430E+03 3.44086190E-03
 1.27181540E+03 3.37062900E-03
 1.27261490E+03 2.60568190E-03
 1.27341550E+03 2.85736810E-03
 1.27421710E+03 2.83311990E-03
 1.27501960E+03 3.11584590E-03
 1.27582320E+03 3.49115830E-03
 1.27662530E+03 3.72774860E-03
 1.27742840E+03 3.91725000E-03
 1.27823250E+03 3.51575310E-03
 1.27903760E+03 3.18676230E-03
 1.27984380E+03 3.40290010E-03
 1.28064840E+03 2.94605560E-03
 1.28145400E+03 3.25642920E-03
 1.28226060E+03 2.93823930E-03
 1.28306830E+03 3.45601770E-03
 1.28387690E+03 3.01817130E-03
 1.28468410E+03 3.60015260E-03
 1.28549220E+03 3.35838470E-03
 1.28630140E+03 3.43548930E-03
 1.28711160E+03 2.89123950E-03
 1.28792280E+03 3.21600820E-03
 1.28873250E+03 3.04001320E-03
 1.28954320E+03 3.31042720E-03
 1.29035490E+03 2.96272470E-03
 1.29116770E+03 2.71773450E-03
 1.29198150E+03 2.91247720E-03
 1.29279370E+03 3.30534360E-03
 1.29360700E+03 3.25925130E-03
 1.29442130E+03 3.22016040E-03
 1.29523660E+03 2.70478110E-03
 1.29605290E+03 2.95688150E-03
 1.29686770E+03 3.17036240E-03
 1.29768350E+03 3.10628880E-03
 1.29850040E+03 2.99222000E-03
 1.29931830E+03 3.12005690E-03
 1.30013720E+03 2.97047690E-03
 1.30095450E+03 2.75897450E-03
 1.30177290E+03 3.23428560E-03
 1.30259240E+03 2.91472530E-03
 1.30341280E+03 2.50250770E-03
 1.30423430E+03 3.08401150E-03
 1.30505420E+03 2.84100780E-03
 1.30587520E+03 2.40922640E-03
 1.30669720E+03 2.75052320E-03
 1.30752030E+03 2.85443870E-03
 1.30834440E+03 3.31779350E-03
 1.30916690E+03 2.88732390E-03
 1.30999040E+03 2.79786270E-03
 1.31081500E+03 2.59611160E-03
 1.31164070E+03 2.40338390E-03
 1.31246730E+03 2.64056380E-03
 1.31329250E+03 2.36419260E-03
 1.31411860E+03 2.37607120E-03
 1.31494580E+03 2.29857770E-03
 1.31577410E+03 2.52868730E-03
 1.31660330E+03 2.42504520E-03
 1.31743110E+03 2.09687580E-03
 1.31825980E+03 2.36188100E-03
 1.31908960E+03 2.69006130E-03
 1.31992050E+03 2.54422060E-03
 1.32075240E+03 2.61767300E-03
 1.32158270E+03 3.07090310E-03
 1.32241410E+03 3.04145670E-03
 1.32324650E+03 2.51956780E-03
 1.32407990E+03 3.20551520E-03
 1.32491450E+03 3.24303340E-03
 1.32574740E+03 2.38988060E-03
 1.32658140E+03 3.07895370E-03
 1.32741640E+03 2.77694190E-03
 1.32825250E+03 2.95496320E-03
 1.32908970E+03 2.58630930E-03
 1.32992520E+03 2.33738770E-03
 1.33076190E+03 2.66186820E-03
 1.33159950E+03 1.77821090E-03
 1.33243830E+03 1.57415410E-03
 1.33327810E+03 1.13991970E-03
 1.33411630E+03 1.13349620E-03
 1.33495550E+03 1.28705500E-03
 1.33579580E+03 1.37761490E-03
 1.33663720E+03 1.37509790E-03
 1.33747960E+03 1.33773780E-03
 1.33832050E+03 1.35523920E-03
 1.33916240E+03 1.46505700E-03
 1.34000530E+03 1.69283230E-03
 1.34084940E+03 2.02813840E-03
 1.34169440E+03 2.51918690E-03
 1.34253790E+03 3.17175110E-03
 1.34338250E+03 4.03306010E-03
 1.34422810E+03 4.55163820E-03
 1.34507480E+03 3.96155580E-03
 1.34592250E+03 4.06524930E-03
 1.34676870E+03 3.73837340E-03
 1.34761590E+03 3.13643000E-03
 1.34846420E+03 3.23588640E-03
 1.34931350E+03 2.85918580E-03
 1.35016400E+03 2.45270460E-03
 1.35101280E+03 2.56111960E-03
 1.35186270E+03 2.85267090E-03
 1.35271360E+03 2.63627460E-03
 1.35356560E+03 1.98622820E-03
 1.35441870E+03 2.43331510E-03
 1.35527020E+03 1.99151590E-03
 1.35612280E+03 2.29811700E-03
 1.35697640E+03 1.99432300E-03
 1.35783110E+03 2.01301820E-03
 1.35868690E+03 2.20553780E-03
 1.35954110E+03 2.42102390E-03
 1.36039640E+03 2.29745450E-03
 1.36125270E+03 2.03688070E-03
 1.36211010E+03 2.31085310E-03
 1.36296860E+03 2.18792290E-03
 1.36382540E+03 2.09337780E-03
 1.36468340E+03 2.05400470E-03
 1.36554240E+03 2.08919310E-03
 1.36640250E+03 2.22615590E-03
 1.36726370E+03 2.04202000E-03
 1.36812330E+03 1.91111310E-03
 1.36898390E+03 1.87049970E-03
 1.36984570E+03 1.85672780E-03
 1.37070850E+03 1.85493640E-03
 1.37157240E+03 1.97490930E-03
 1.37243470E+03 2.16685600E-03
 1.37329800E+03 2.31531190E-03
 1.37416250E+03 2.51557250E-03
 1.37502800E+03 2.67070410E-03
 1.37589460E+03 2.69912910E-03
 1.37675960E+03 3.14461440E-03
 1.37762570E+03 2.46726720E-03
 1.37849290E+03 2.08460670E-03
 1.37936110E+03 1.68323130E-03
 1.38023050E+03 1.35508030E-03
 1.38109820E+03 1.30466530E-03
 1.38196700E+03 1.28744230E-03
 1.38283690E+03 1.27546760E-03
 1.38370790E+03 1.36792130E-03
 1.38458000E+03 1.50495870E-03
 1.38545050E+03 1.58519140E-03
 1.38632200E+03 1.73577730E-03
 1.38719470E+03 1.70476310E-03
 1.38806840E+03 1.62391950E-03
 1.38894330E+03 1.48946310E-03
 1.38981650E+03 1.53791310E-03
 1.39069080E+03 1.62573330E-03
 1.39156620E+03 1.83867970E-03
 1.39244270E+03 2.06309580E-03
 1.39332030E+03 2.26384310E-03
 1.39419620E+03 2.29236750E-03
 1.39507330E+03 2.42753230E-03
 1.39595140E+03 2.12006040E-03
 1.39683070E+03 2.00722840E-03
 1.39771100E+03 1.92098010E-03
 1.39858980E+03 1.99940410E-03
 1.39946960E+03 2.03242530E-03
 1.40035050E+03 2.12426450E-03
 1.40123250E+03 2.21863670E-03
 1.40211570E+03 2.34398450E-03
 1.40299710E+03 2.46964560E-03
 1.40387970E+03 2.45922820E-03
 1.40476340E+03 2.47306860E-03
 1.40564820E+03 2.55717970E-03
 1.40653420E+03 2.68420800E-03
 1.40741840E+03 2.88109570E-03
 1.40830380E+03 2.99859230E-03
 1.40919030E+03 3.20302580E-03
 1.41007790E+03 3.55515400E-03
 1.41096660E+03 3.14371880E-03
 1.41185360E+03 3.11025510E-03
 1.41274180E+03 2.98675990E-03
 1.41363110E+03 2.78000450E-03
 1.41452150E+03 2.52005320E-03
 1.41541300E+03 2.59167420E-03
 1.41630280E+03 2.70613400E-03
 1.41719380E+03 2.60969750E-03
 1.41808590E+03 2.47284690E-03
 1.41897910E+03 2.65828260E-03
 1.41987340E+03 2.31110800E-03
 1.42076600E+03 2.31191030E-03
 1.42165980E+03 2.54621750E-03
 1.42255470E+03 2.24755320E-03
 1.42345070E+03 2.05699410E-03
 1.42434790E+03 1.89875660E-03
 1.42524330E+03 2.23053700E-03
 1.42613990E+03 2.01677490E-03
 1.42703760E+03 2.10777070E-03
 1.42793640E+03 2.11104150E-03
 1.42883640E+03 2.25237160E-03
 1.42973470E+03 2.51481080E-03
 1.43063410E+03 2.68453110E-03
 1.43153460E+03 2.99763770E-03
 1.43243630E+03 2.46704870E-03
 1.43333910E+03 2.54376920E-03
 1.43424020E+03 2.28679390E-03
 1.43514250E+03 2.13178700E-03
 1.43604580E+03 2.14908270E-03
 1.43695040E+03 1.94256390E-03
 1.43785600E+03 1.98057980E-03
 1.43876000E+03 1.98500110E-03
 1.43966500E+03 2.11964300E-03
 1.44057130E+03 2.17954370E-03
 1.44147860E+03 2.27107120E-03
 1.44238710E+03 2.40635970E-03
 1.44329390E+03 2.22604170E-03
 1.44420190E+03 2.03494250E-03
 1.44511100E+03 1.91452380E-03
 1.44602120E+03 1.90934760E-03
 1.44693260E+03 2.08886970E-03
 1.44784220E+03 1.92887130E-03
 1.44875300E+03 1.97841040E-03
 1.44966490E+03 1.84022090E-03
 1.45057800E+03 1.84504540E-03
 1.45149230E+03 1.76904300E-03
 1.45240480E+03 1.78805580E-03
 1.45331850E+03 1.78896100E-03
 1.45423330E+03 1.91555500E-03
 1.45514930E+03 1.99437960E-03
 1.45606640E+03 2.06676350E-03
 1.45698180E+03 2.19972830E-03
 1.45789830E+03 2.20489590E-03
 1.45881600E+03 2.20033070E-03
 1.45973490E+03 2.30603420E-03
 1.46065490E+03 2.34171330E-03
 1.46157320E+03 2.45559130E-03
 1.46249260E+03 2.41843320E-03
 1.46341320E+03 2.57718400E-03
 1.46433500E+03 2.58605830E-03
 1.46525790E+03 2.69294680E-03
 1.46617910E+03 2.87476740E-03
 1.46710140E+03 2.90164530E-03
 1.46802490E+03 2.61696320E-03
 1.46894950E+03 2.59466010E-03
 1.46987540E+03 2.99688990E-03
 1.47079940E+03 2.74390680E-03
 1.47172470E+03 2.46592240E-03
 1.47265110E+03 3.13098300E-03
 1.47357860E+03 3.07624290E-03
 1.47450740E+03 2.95868770E-03
 1.47543440E+03 2.51920190E-03
 1.47636250E+03 2.68685010E-03
 1.47729190E+03 2.67030750E-03
 1.47822240E+03 2.57555950E-03
 1.47915400E+03 2.58430870E-03
 1.48008390E+03 3.13706050E-03
 1.48101500E+03 2.81143080E-03
 1.48194730E+03 2.71092810E-03
 1.48288070E+03 2.54796020E-03
 1.48381530E+03 2.78824650E-03
 1.48474810E+03 2.85153080E-03
 1.48568210E+03 2.94771860E-03
 1.48661730E+03 2.79254270E-03
 1.48755370E+03 2.85802280E-03
 1.48849130E+03 2.39643870E-03
 1.48942700E+03 2.18739480E-03
 1.49036400E+03 2.79261360E-03
 1.49130210E+03 3.13392650E-03
 1.49224140E+03 2.86215480E-03
 1.49318200E+03 2.80001300E-03
 1.49412070E+03 2.89969260E-03
 1.49506060E+03 2.82175090E-03
 1.49600170E+03 2.58712430E-03
 1.49694400E+03 1.67749140E-03
 1.49788740E+03 1.36824280E-03
 1.49882910E+03 1.38644280E-03
 1.49977200E+03 1.72951250E-03
 1.50071600E+03 2.30221490E-03
 1.50166130E+03 2.99117830E-03
 1.50260770E+03 3.32088280E-03
 1.50355240E+03 2.63558960E-03
 1.50449820E+03 3.20199070E-03
 1.50544530E+03 3.12642470E-03
 1.50639350E+03 3.11882190E-03
 1.50734290E+03 3.13009780E-03
 1.50829060E+03 3.00390970E-03
 1.50923940E+03 3.07390530E-03
 1.51018940E+03 2.98975310E-03
 1.51114060E+03 2.45099380E-03
 1.51209300E+03 3.00052260E-03
 1.51304360E+03 3.02721890E-03
 1.51399550E+03 2.76145420E-03
 1.51494850E+03 2.82199170E-03
 1.51590270E+03 2.50121390E-03
 1.51685810E+03 2.46816990E-03
 1.51781170E+03 2.08868160E-03
 1.51876650E+03 2.27371890E-03
 1.51972250E+03 2.74536600E-03
 1.52067980E+03 2.89025050E-03
 1.52163820E+03 2.86559280E-03
 1.52259480E+03 3.02392640E-03
 1.52355260E+03 2.89527240E-03
 1.52451170E+03 2.72367480E-03
 1.52547190E+03 3.05297870E-03
 1.52643330E+03 2.72593130E-03
 1.52739300E+03 1.43305880E-03
 1.52835380E+03 4.39288550E-05
 1.52931590E+03 2.13237410E-05
 1.53027910E+03 1.33615700E-05
 1.53124360E+03 8.56757760E-06
 1.53220630E+03 6.60162070E-06
 1.53317010E+03 4.08535810E-06
 1.53413520E+03 3.65774660E-06
 1.53510150E+03 1.25470640E-06
 1.53606900E+03 9.44559200E-07
 1.53703470E+03 1.15755950E-06
 1.53800160E+03 3.35554410E-06
 1.53896970E+03 2.14074030E-05
 1.53993910E+03 8.17665560E-05
 1.54090970E+03 1.82867760E-04
 1.54187840E+03 3.25390640E-04
 1.54284830E+03 5.16995430E-04
 1.54381950E+03 7.63493590E-04
 1.54479190E+03 1.06782630E-03
 1.54576550E+03 1.46216960E-03
 1.54673730E+03 1.93921040E-03
 1.54771030E+03 2.53529950E-03
 1.54868460E+03 3.27825020E-03
 1.54966000E+03 4.21111790E-03
 1.55063670E+03 5.49348930E-03
 1.55161160E+03 5.86468200E-03
 1.55258760E+03 5.78037560E-03
 1.55356500E+03 5.60074880E-03
 1.55454350E+03 5.33255110E-03
 1.55552330E+03 5.01096110E-03
 1.55650120E+03 4.69700120E-03
 1.55748030E+03 4.60182260E-03
 1.55846070E+03 4.38857250E-03
 1.55944230E+03 4.22665500E-03
 1.56042520E+03 3.95661930E-03
 1.56140620E+03 3.51087980E-03
 1.56238840E+03 3.37008350E-03
 1.56337190E+03 3.53540360E-03
 1.56435660E+03 3.48298080E-03
 1.56534260E+03 3.12007540E-03
 1.56632670E+03 3.08166400E-03
 1.56731200E+03 3.02525720E-03
 1.56829860E+03 2.48941850E-03
 1.56928640E+03 2.79971520E-03
 1.57027550E+03 2.45413360E-03
 1.57126270E+03 2.44971460E-03
 1.57225110E+03 2.34315230E-03
 1.57324080E+03 3.16999470E-03
 1.57423170E+03 2.74382010E-03
 1.57522390E+03 2.74287740E-03
 1.57621420E+03 2.54633130E-03
 1.57720570E+03 2.57351200E-03
 1.57819850E+03 2.44376150E-03
 1.57919260E+03 2.19015690E-03
 1.58018790E+03 3.00826680E-03
 1.58118130E+03 2.82773910E-03
 1.58217600E+03 2.73565460E-03
 1.58317190E+03 2.67490680E-03
 1.58416910E+03 2.40295210E-03
 1.58516760E+03 2.73260930E-03
 1.58616410E+03 2.64537560E-03
 1.58716190E+03 2.70575430E-03
 1.58816100E+03 2.58555140E-03
 1.58916130E+03 2.41692030E-03
 1.59016290E+03 2.33451660E-03
 1.59116260E+03 2.12422400E-03
 1.59216360E+03 2.93154470E-03
 1.59316580E+03 2.78863750E-03
 1.59416930E+03 2.73359380E-03
 1.59517400E+03 3.20464430E-03
 1.59617690E+03 2.90092200E-03
 1.59718100E+03 2.96216640E-03
 1.59818630E+03 2.92956430E-03
 1.59919300E+03 3.10480090E-03
 1.60020090E+03 3.08279710E-03
 1.60120690E+03 2.65908950E-03
 1.60221420E+03 2.58130020E-03
 1.60322270E+03 2.59283000E-03
 1.60423250E+03 2.99917810E-03
 1.60524360E+03 2.92205110E-03
 1.60625280E+03 2.66032040E-03
 1.60726330E+03 2.91142370E-03
 1.60827500E+03 2.71640390E-03
 1.60928800E+03 2.53864860E-03
 1.61030220E+03 2.36511630E-03
 1.61131460E+03 2.28997010E-03
 1.61232820E+03 2.44511310E-03
 1.61334320E+03 2.01128830E-03
 1.61435930E+03 2.36469780E-03
 1.61537680E+03 2.03976880E-03
 1.61639240E+03 2.49942660E-03
 1.61740920E+03 2.36711720E-03
 1.61842730E+03 2.45065820E-03
 1.61944670E+03 2.37285400E-03
 1.62046740E+03 2.66408980E-03
 1.62148610E+03 2.42531180E-03
 1.62250610E+03 2.56089660E-03
 1.62352750E+03 2.57606920E-03
 1.62455010E+03 2.91141190E-03
 1.62557400E+03 3.07290090E-03
 1.62659590E+03 2.90230670E-03
 1.62761920E+03 2.76443290E-03
 1.62864370E+03 2.58852510E-03
 1.62966950E+03 2.52115470E-03
 1.63069660E+03 2.33950820E-03
 1.63172180E+03 2.22011830E-03
 1.63274830E+03 2.49985140E-03
 1.63377610E+03 2.44391260E-03
 1.63480510E+03 2.35312200E-03
 1.63583550E+03 2.18967780E-03
 1.63686390E+03 2.12080560E-03
 1.63789360E+03 2.19449400E-03
 1.63892460E+03 2.69660560E-03
 1.63995690E+03 3.58590320E-03
 1.64099050E+03 3.90076210E-03
 1.64202210E+03 3.48273150E-03
 1.64305510E+03 3.05703370E-03
 1.64408940E+03 3.07096620E-03
 1.64512490E+03 3.25253690E-03
 1.64616180E+03 3.15717470E-03
 1.64719670E+03 3.04836860E-03
 1.64823290E+03 2.98281890E-03
 1.64927040E+03 2.88837260E-03
 1.65030920E+03 2.84602490E-03
 1.65134930E+03 2.74042140E-03
 1.65238750E+03 2.47868440E-03
 1.65342700E+03 2.55665590E-03
 1.65446770E+03 2.35527010E-03
 1.65550980E+03 2.52482740E-03
 1.65655320E+03 2.71040280E-03
 1.65759470E+03 2.49031500E-03
 1.65863740E+03 2.96959310E-03
 1.65968150E+03 2.85514370E-03
 1.66072690E+03 2.84040040E-03
 1.66177360E+03 2.85272200E-03
 1.66281830E+03 2.93938710E-03
 1.66386430E+03 2.91042010E-03
 1.66491170E+03 2.79433740E-03
 1.66596030E+03 2.89614060E-03
 1.66701030E+03 2.85703960E-03
 1.66805830E+03 2.64551400E-03
 1.66910770E+03 2.86584630E-03
 1.67015830E+03 2.77476430E-03
 1.67121030E+03 2.72554660E-03
 1.67226360E+03 2.73666970E-03
 1.67331490E+03 2.69515790E-03
 1.67436750E+03 2.74686300E-03
 1.67542150E+03 2.51021140E-03
 1.67647680E+03 2.63573660E-03
 1.67753340E+03 2.74307580E-03
 1.67858800E+03 2.84468910E-03
 1.67964400E+03 2.91186760E-03
 1.68070130E+03 2.90170920E-03
 1.68175990E+03 2.85973930E-03
 1.68281980E+03 2.88097470E-03
 1.68387780E+03 2.86110310E-03
 1.68493710E+03 2.86719770E-03
 1.68599770E+03 2.85720510E-03
 1.68705960E+03 2.67742190E-03
 1.68812290E+03 2.86646710E-03
 1.68918420E+03 2.84515940E-03
 1.69024680E+03 2.57391930E-03
 1.69131080E+03 2.83294180E-03
 1.69237610E+03 2.80309110E-03
 1.69344270E+03 2.82974020E-03
 1.69450730E+03 2.76733070E-03
 1.69557330E+03 2.77170850E-03
 1.69664060E+03 2.80124040E-03
 1.69770930E+03 2.78704470E-03
 1.69877930E+03 2.51329910E-03
 1.69984730E+03 2.34247540E-03
 1.70091660E+03 2.63540770E-03
 1.70198730E+03 2.61597110E-03
 1.70305930E+03 2.22942410E-03
 1.70413270E+03 2.03881350E-03
 1.70520400E+03 1.74944550E-03
 1.70627670E+03 1.29740370E-03
 1.70735080E+03 7.75976200E-04
 1.70842620E+03 5.91986460E-04
 1.70950290E+03 6.35608970E-04
 1.71057760E+03 7.89342560E-04
 1.71165370E+03 9.81341800E-04
 1.71273110E+03 1.22011140E-03
 1.71380990E+03 1.50310880E-03
 1.71489010E+03 1.84636730E-03
 1.71596820E+03 2.28095320E-03
 1.71704770E+03 2.88307270E-03
 1.71812850E+03 3.73075420E-03
 1.71921070E+03 4.58581770E-03
 1.72029420E+03 4.35927380E-03
 1.72137570E+03 4.09808590E-03
 1.72245860E+03 4.01664520E-03
 1.72354280E+03 3.81113790E-03
 1.72462840E+03 3.54167080E-03
 1.72571540E+03 3.37167530E-03
 1.72680030E+03 3.27103010E-03
 1.72788660E+03 3.08316100E-03
 1.72897430E+03 2.94355310E-03
 1.73006330E+03 2.66800970E-03
 1.73115370E+03 2.26664570E-03
 1.73224200E+03 2.86410710E-03
 1.73333170E+03 2.80702290E-03
 1.73442280E+03 2.74288810E-03
 1.73551520E+03 2.78472810E-03
 1.73660910E+03 2.76830410E-03
 1.73770080E+03 2.75713710E-03
 1.73879400E+03 2.28181670E-03
 1.73988850E+03 2.78047620E-03
 1.74098440E+03 2.74738470E-03
 1.74208170E+03 2.73766700E-03
 1.74317690E+03 2.76004800E-03
 1.74427350E+03 2.77186760E-03
 1.74537140E+03 2.64320360E-03
 1.74647080E+03 2.75192020E-03
 1.74757150E+03 2.44285450E-03
 1.74867020E+03 2.75096800E-03
 1.74977020E+03 2.76515260E-03
 1.75087160E+03 2.74467410E-03
 1.75197440E+03 2.77003360E-03
 1.75307860E+03 2.65569330E-03
 1.75418080E+03 2.72904470E-03
 1.75528430E+03 2.73434440E-03
 1.75638920E+03 2.76108830E-03
 1.75749550E+03 2.73783180E-03
 1.75860310E+03 2.64467090E-03
 1.75970870E+03 2.56941250E-03
 1.76081570E+03 2.49608360E-03
 1.76192410E+03 2.72539110E-03
 1.76303390E+03 2.67938780E-03
 1.76414500E+03 2.76635680E-03
 1.76525410E+03 2.69991780E-03
 1.76636460E+03 2.73793680E-03
 1.76747650E+03 2.71705330E-03
 1.76858970E+03 2.71650420E-03
 1.76970440E+03 2.62037150E-03
 1.77081700E+03 2.70961600E-03
 1.77193100E+03 2.66040740E-03
 1.77304630E+03 2.57015130E-03
 1.77416310E+03 2.32700590E-03
 1.77528130E+03 2.72779060E-03
 1.77639740E+03 2.72115810E-03
 1.77751490E+03 2.65651920E-03
 1.77863370E+03 2.64458210E-03
 1.77975400E+03 2.72287130E-03
 1.78087580E+03 2.70299570E-03
 1.78199540E+03 2.70133340E-03
 1.78311640E+03 2.67341060E-03
 1.78423880E+03 2.69604980E-03
 1.78536260E+03 2.61112120E-03
 1.78648780E+03 2.57621580E-03
 1.78761100E+03 2.67584690E-03
 1.78873550E+03 2.66790290E-03
 1.78986150E+03 2.68123880E-03
 1.79098880E+03 2.66791900E-03
 1.79211760E+03 2.40550510E-03
 1.79324430E+03 2.66881070E-03
 1.79437240E+03 2.64634040E-03
 1.79550190E+03 2.63160940E-03
 1.79663280E+03 2.67046240E-03
 1.79776510E+03 2.67332940E-03
 1.79889540E+03 2.24748100E-03
 1.80002700E+03 2.70064100E-03
 1.80116010E+03 2.68658910E-03
 1.80229450E+03 2.61996220E-03
 1.80343050E+03 2.67276020E-03
 1.80456420E+03 2.67100510E-03
 1.80569940E+03 2.66762980E-03
 1.80683610E+03 2.64646470E-03
 1.80797410E+03 2.70936730E-03
 1.80911360E+03 2.69109900E-03
 1.81025100E+03 2.56292070E-03
 1.81138980E+03 2.58786100E-03
 1.81253000E+03 2.49960420E-03
 1.81367160E+03 2.66661660E-03
 1.81481470E+03 2.64997150E-03
 1.81595560E+03 2.45204630E-03
 1.81709800E+03 2.61701950E-03
 1.81824180E+03 2.63045380E-03
 1.81938710E+03 2.67395400E-03
 1.82053370E+03 2.64616160E-03
 1.82167830E+03 2.53351760E-03
 1.82282420E+03 2.64749840E-03
 1.82397170E+03 2.63850180E-03
 1.82512050E+03 2.55069760E-03
 1.82627080E+03 2.50216740E-03
 1.82741890E+03 2.43260420E-03
 1.82856850E+03 2.64792120E-03
 1.82971950E+03 2.60347880E-03
 1.83087200E+03 2.64991520E-03
 1.83202600E+03 2.62808900E-03
 1.83317770E+03 2.55323720E-03
 1.83433090E+03 2.46566100E-03
 1.83548560E+03 2.34576030E-03
 1.83664170E+03 2.04966490E-03
 1.83779920E+03 2.79197570E-03
 1.83895460E+03 2.66518370E-03
 1.84011150E+03 2.16272590E-03
 1.84126970E+03 2.58838830E-03
 1.84242950E+03 2.59851960E-03
 1.84359070E+03 2.62559850E-03
 1.84474970E+03 2.62087880E-03
 1.84591020E+03 2.51239180E-03
 1.84707220E+03 2.56336870E-03
 1.84823560E+03 2.39939840E-03
 1.84940040E+03 2.55026510E-03
 1.85056310E+03 2.33447200E-03
 1.85172720E+03 2.48913300E-03
 1.85289290E+03 2.60965030E-03
 1.85405990E+03 2.58461440E-03
 1.85522850E+03 2.51948870E-03
 1.85639480E+03 2.59996490E-03
 1.85756260E+03 2.58315100E-03
 1.85873190E+03 2.63544690E-03
 1.85990260E+03 2.61587090E-03
 1.86107490E+03 2.59447570E-03
 1.86224490E+03 2.57432540E-03
 1.86341640E+03 2.60510220E-03
 1.86458930E+03 2.59149950E-03
 1.86576380E+03 2.58573650E-03
 1.86693970E+03 2.56559650E-03
 1.86811340E+03 2.50560850E-03
 1.86928860E+03 2.58843270E-03
 1.87046520E+03 2.52389530E-03
 1.87164340E+03 2.58140760E-03
 1.87282300E+03 2.29578500E-03
 1.87400040E+03 2.54769900E-03
 1.87517930E+03 2.50984150E-03
 1.87635960E+03 2.57411320E-03
 1.87754150E+03 2.22517010E-03
 1.87872480E+03 2.57601360E-03
 1.87990600E+03 2.58106090E-03
 1.88108860E+03 2.54688760E-03
 1.88227260E+03 2.57582840E-03
 1.88345820E+03 2.57070010E-03
 1.88464530E+03 2.57063960E-03
 1.88583010E+03 2.56225890E-03
 1.88701640E+03 2.56241210E-03
 1.88820430E+03 2.54476390E-03
 1.88939360E+03 2.54662930E-03
 1.89058440E+03 2.53015000E-03
 1.89177300E+03 2.48495970E-03
 1.89296300E+03 2.48612460E-03
 1.89415460E+03 2.56264040E-03
 1.89534760E+03 2.52855950E-03
 1.89654220E+03 2.54124760E-03
 1.89773450E+03 2.52319820E-03
 1.89892830E+03 2.43668700E-03
 1.90012360E+03 2.54006200E-03
 1.90132050E+03 2.52061330E-03
 1.90251880E+03 2.50942970E-03
 1.90371490E+03 2.54385880E-03
 1.90491240E+03 2.54505650E-03
 1.90611150E+03 2.53167820E-03
 1.90731210E+03 2.53802260E-03
 1.90851420E+03 2.28116600E-03
 1.90971410E+03 2.54231420E-03
 1.91091540E+03 2.54805290E-03
 1.91211830E+03 2.54155290E-03
 1.91332260E+03 2.52301840E-03
 1.91452850E+03 2.54250650E-03
 1.91573220E+03 2.53908000E-03
 1.91693730E+03 2.53495940E-03
 1.91814390E+03 2.49368930E-03
 1.91935210E+03 2.54691600E-03
 1.92056180E+03 2.43316690E-03
 1.92176920E+03 2.44883750E-03
 1.92297820E+03 2.42386520E-03
 1.92418860E+03 2.53599240E-03
 1.92540060E+03 2.52900860E-03
 1.92661410E+03 2.52377320E-03
 1.92782530E+03 2.52164730E-03
 1.92903810E+03 2.33284000E-03
 1.93025230E+03 2.51387260E-03
 1.93146810E+03 2.52147270E-03
 1.93268550E+03 2.51554910E-03
 1.93390050E+03 2.50915120E-03
 1.93511710E+03 2.49670530E-03
 1.93633510E+03 2.49544860E-03
 1.93755480E+03 2.36164190E-03
 1.93877590E+03 2.48249250E-03
 1.93999480E+03 2.49123800E-03
 1.94121520E+03 2.48467720E-03
 1.94243710E+03 2.39292800E-03
 1.94366060E+03 2.48844700E-03
 1.94488560E+03 2.47850520E-03
 1.94610830E+03 2.47783940E-03
 1.94733260E+03 2.47254220E-03
 1.94855840E+03 2.49422970E-03
 1.94978570E+03 2.47988290E-03
 1.95101460E+03 2.43695090E-03
 1.95224110E+03 2.48306440E-03
 1.95346920E+03 2.47665540E-03
 1.95469890E+03 2.45295480E-03
 1.95593010E+03 2.42057950E-03
 1.95716280E+03 2.47051980E-03
 1.95839320E+03 2.31331500E-03
 1.95962520E+03 2.46815750E-03
 1.96085870E+03 2.46097150E-03
 1.96209380E+03 2.41798760E-03
 1.96333040E+03 2.44803500E-03
 1.96456470E+03 2.43930540E-03
 1.96580060E+03 2.42910880E-03
 1.96703800E+03 2.35964440E-03
 1.96827700E+03 2.41061330E-03
 1.96951750E+03 2.45252910E-03
 1.97075570E+03 2.43833870E-03
 1.97199540E+03 2.29120030E-03
 1.97323680E+03 2.41528550E-03
 1.97447960E+03 2.43392250E-03
 1.97572410E+03 2.45259940E-03
 1.97696620E+03 2.44423520E-03
 1.97820980E+03 2.44516580E-03
 1.97945500E+03 2.43790320E-03
 1.98070180E+03 2.44259930E-03
 1.98195020E+03 2.43524990E-03
 1.98319620E+03 2.43529150E-03
 1.98444380E+03 2.42202690E-03
 1.98569290E+03 2.44735020E-03
 1.98694360E+03 2.57462270E-03
 1.98819590E+03 2.43198840E-03
 1.98944590E+03 2.41343950E-03
 1.99069740E+03 2.42892940E-03
 1.99195040E+03 2.40854270E-03
 1.99320510E+03 2.43076190E-03
 1.99446130E+03 2.42309120E-03
 1.99571520E+03 2.41650280E-03
 1.99697070E+03 2.40434410E-03
 1.99822770E+03 2.31344300E-03
 1.99948630E+03 2.39535000E-03
 2.00074650E+03 2.41009590E-03
 2.00200430E+03 2.39558010E-03
 2.00326370E+03 2.21981270E-03
 2.00452470E+03 2.40072790E-03
 2.00578730E+03 2.26715680E-03
 2.00705150E+03 2.41316620E-03
 2.00831330E+03 2.40515430E-03
 2.00957660E+03 2.40537960E-03
 2.01084160E+03 2.39047610E-03
 2.01210820E+03 2.38552400E-03
 2.01337630E+03 2.34311170E-03
 2.01464210E+03 2.39749300E-03
 2.01590940E+03 2.39481260E-03
 2.01717840E+03 2.39169020E-03
 2.01844890E+03 2.39316360E-03
 2.01972110E+03 2.39222680E-03
 2.02099080E+03 2.39031320E-03
 2.02226220E+03 2.39938770E-03
 2.02353510E+03 2.38566090E-03
 2.02480970E+03 2.35116170E-03
 2.02608590E+03 2.37859200E-03
 2.02735960E+03 2.22015350E-03
 2.02863500E+03 2.38198090E-03
 2.02991190E+03 2.37744560E-03
 2.03119050E+03 2.37388960E-03
 2.03247070E+03 2.37126960E-03
 2.03374850E+03 2.36912680E-03
 2.03502780E+03 2.36540240E-03
 2.03630880E+03 2.30546060E-03
 2.03759140E+03 2.36153320E-03
 2.03887560E+03 2.31850690E-03
 2.04015740E+03 1.97775070E-03
 2.04144080E+03 2.36136710E-03
 2.04272590E+03 2.35900980E-03
 2.04401250E+03 2.35633250E-03
 2.04530080E+03 2.34814530E-03
 2.04658660E+03 2.35474100E-03
 2.04787400E+03 2.29060140E-03
 2.04916310E+03 2.34549110E-03
 2.05045380E+03 2.36838390E-03
 2.05174610E+03 2.34134130E-03
 2.05303600E+03 2.35915010E-03
 2.05432750E+03 2.36415000E-03
 2.05562070E+03 2.35076670E-03
 2.05691540E+03 2.36093090E-03
 2.05821180E+03 2.35741070E-03
 2.05950580E+03 2.35064540E-03
 2.06080130E+03 2.32762520E-03
 2.06209860E+03 2.29141410E-03
 2.06339740E+03 2.35756240E-03
 2.06469790E+03 2.22186200E-03
 2.06599590E+03 2.36099240E-03
 2.06729560E+03 2.34968420E-03
 2.06859690E+03 2.34630360E-03
 2.06989980E+03 2.34254170E-03
 2.07120440E+03 2.33020970E-03
 2.07250650E+03 2.33832720E-03
 2.07381030E+03 2.33747210E-03
 2.07511570E+03 2.33706290E-03
 2.07642270E+03 2.33092280E-03
 2.07773140E+03 2.31439440E-03
 2.07903760E+03 2.27265360E-03
 2.08034550E+03 2.41714940E-03
 2.08165500E+03 2.32948630E-03
 2.08296620E+03 2.28779550E-03
 2.08427900E+03 2.13340700E-03
 2.08558930E+03 2.31992450E-03
 2.08690130E+03 2.30972660E-03
 2.08821490E+03 2.32131800E-03
 2.08953020E+03 2.31369910E-03
 2.09084720E+03 2.30912890E-03
 2.09216160E+03 2.27735540E-03
 2.09347780E+03 2.26462180E-03
 2.09479550E+03 2.32727640E-03
 2.09611500E+03 2.31075430E-03
 2.09743610E+03 2.30554980E-03
 2.09875470E+03 2.30415370E-03
 2.10007500E+03 2.30436720E-03
 2.10139690E+03 2.29244940E-03
 2.10272050E+03 2.30860080E-03
 2.10404580E+03 2.30923600E-03
 2.10536850E+03 2.29744830E-03
 2.10669290E+03 2.28242260E-03
 2.10801900E+03 2.22319350E-03
 2.10934680E+03 2.30262100E-03
 2.11067630E+03 2.29353210E-03
 2.11200320E+03 2.28703900E-03
 2.11333180E+03 1.97081800E-03
 2.11466210E+03 2.25927330E-03
 2.11599400E+03 2.15508210E-03
 2.11732760E+03 2.27775940E-03
 2.11865880E+03 2.28250810E-03
 2.11999160E+03 2.28466910E-03
 2.12132600E+03 2.19864540E-03
 2.12266220E+03 2.28413720E-03
 2.12400000E+03 2.27877080E-03
 2.12500000E+03 2.27727590E-03
 2.13923310E+03 2.26023570E-03
 2.17500000E+03 2.21805510E-03
 2.22500000E+03 2.16060840E-03
 2.23681870E+03 2.14728510E-03
 2.27500000E+03 2.10490230E-03
 2.32500000E+03 2.05089970E-03
 2.34373310E+03 2.03109750E-03
 2.37500000E+03 1.99856010E-03
 2.40111680E+03 1.97186820E-03
 2.42500000E+03 1.94784060E-03
 2.46138090E+03 1.91192940E-03
 2.46141120E+03 1.91190000E-03
 2.48000000E+03 1.89386810E-03
 2.48738280E+03 1.88676520E-03
 2.51393980E+03 1.86148760E-03
 2.51397140E+03 1.86145770E-03
 2.53000000E+03 1.84640620E-03
 2.56038020E+03 1.81829400E-03
 2.57500000E+03 1.80495750E-03
 2.60856860E+03 1.77479910E-03
 2.60860260E+03 1.77477440E-03
 2.62500000E+03 1.76027480E-03
 2.67500000E+03 1.71698020E-03
 2.72258120E+03 1.67703280E-03
 2.77500000E+03 1.63439160E-03
 2.82500000E+03 1.59500950E-03
 2.84701560E+03 1.57805770E-03
 2.87500000E+03 1.55684490E-03
 2.95000000E+03 1.50179000E-03
 2.98336920E+03 1.47810950E-03
 3.05000000E+03 1.43226540E-03
 3.05656400E+03 1.42785040E-03
 3.13344070E+03 1.37744800E-03
 3.13348980E+03 1.37741430E-03
 3.15000000E+03 1.36689640E-03
 3.20394980E+03 1.33325670E-03
 3.25000000E+03 1.30540210E-03
 3.27770520E+03 1.28901370E-03
 3.35000000E+03 1.24751380E-03
 3.35493630E+03 1.24474520E-03
 3.39493300E+03 1.22261060E-03
 3.43589480E+03 1.20048110E-03
 3.43595380E+03 1.20046670E-03
 3.45000000E+03 1.19300140E-03
 3.48542270E+03 1.17444780E-03
 3.53639930E+03 1.14841670E-03
 3.55000000E+03 1.14160180E-03
 3.58888920E+03 1.12241170E-03
 3.61572280E+03 1.10942150E-03
 3.62000000E+03 1.10736950E-03
 3.64296070E+03 1.09644050E-03
 3.64302710E+03 1.09905850E-03
 3.64701290E+03 1.09718400E-03
 3.64707940E+03 1.16778640E-03
 3.67132800E+03 1.15698020E-03
 3.69596950E+03 1.14614580E-03
 3.69603780E+03 1.14610000E-03
 3.72617810E+03 1.13304630E-03
 3.75000000E+03 1.12288020E-03
 3.75688450E+03 1.11996670E-03
 3.75695510E+03 1.11993700E-03
 3.85000000E+03 1.08161000E-03
 3.95000000E+03 1.04249530E-03
 3.98703810E+03 1.02852590E-03
 4.05000000E+03 1.00539290E-03
 4.15000000E+03 9.70170650E-04
 4.24723130E+03 9.37610450E-04
 4.35000000E+03 9.04888050E-04
 4.54375580E+03 8.47538900E-04
 4.55000000E+03 8.45779170E-04
 4.65000000E+03 8.18303710E-04
 4.70810620E+03 8.02928970E-04
 4.75000000E+03 7.92102210E-04
 4.85000000E+03 7.67098400E-04
 4.88479220E+03 7.58666740E-04
 4.88491150E+03 7.58638050E-04
 4.95000000E+03 7.43221530E-04
 5.02633170E+03 7.25713480E-04
 5.05000000E+03 7.20405990E-04
 5.15000000E+03 6.98590780E-04
 5.17631830E+03 6.93008470E-04
 5.25000000E+03 6.77719260E-04
 5.33553160E+03 6.60576350E-04
 5.35000000E+03 6.57738680E-04
 5.41886840E+03 6.44470730E-04
 5.45000000E+03 6.38599950E-04
 5.50484980E+03 6.28443250E-04
 5.50500130E+03 6.28415530E-04
 5.55000000E+03 6.20257270E-04
 5.59581430E+03 6.12107800E-04
 5.65000000E+03 6.02667940E-04
 5.68983570E+03 5.95861970E-04
 5.68999760E+03 5.97409170E-04
 5.75000000E+03 5.87422570E-04
 5.85000000E+03 5.71311790E-04
 5.95000000E+03 5.55837220E-04
 6.05000000E+03 5.40966420E-04
 6.15000000E+03 5.26668990E-04
 6.16217930E+03 5.24965430E-04
 6.25000000E+03 5.12916390E-04
 6.35000000E+03 4.99681870E-04
 6.45000000E+03 4.86940290E-04
 6.55000000E+03 4.74668030E-04
 6.65000000E+03 4.62842840E-04
 6.72004620E+03 4.54814730E-04
 6.75000000E+03 4.51443800E-04
 6.85000000E+03 4.40451180E-04
 6.95000000E+03 4.29846380E-04
 7.05000000E+03 4.19611840E-04
 7.15000000E+03 4.09730980E-04
 7.25000000E+03 4.00188120E-04
 7.35000000E+03 3.90968460E-04
 7.38897600E+03 3.87459480E-04
 7.45000000E+03 3.82057950E-04
 7.55000000E+03 3.73443330E-04
 7.65000000E+03 3.65112000E-04
 7.75000000E+03 3.57052010E-04
 7.77599690E+03 3.54999710E-04
 7.85000000E+03 3.49252060E-04
 7.95000000E+03 3.41701390E-04
 8.05000000E+03 3.34389790E-04
 8.15000000E+03 3.27307540E-04
 8.20580150E+03 3.23451810E-04
 8.20613820E+03 3.28312170E-04
 8.25000000E+03 3.25351860E-04
 8.35000000E+03 3.18750540E-04
 8.45000000E+03 3.12348210E-04
 8.55000000E+03 3.06137130E-04
 8.65000000E+03 3.00109960E-04
 8.75000000E+03 2.94259680E-04
 8.85000000E+03 2.88579580E-04
 8.95000000E+03 2.83063300E-04
 9.05000000E+03 2.77704740E-04
 9.15000000E+03 2.72498070E-04
 9.21353280E+03 2.69266510E-04
 9.25000000E+03 2.67437770E-04
 9.35000000E+03 2.62518490E-04
 9.45000000E+03 2.57735170E-04
 9.55000000E+03 2.53082950E-04
 9.65000000E+03 2.48557170E-04
 9.75000000E+03 2.44153400E-04
 9.85000000E+03 2.39867370E-04
 9.95000000E+03 2.35695010E-04
 1.01250000E+04 2.28655210E-04
 1.03750000E+04 2.19142620E-04
 1.05034290E+04 2.14489590E-04
 1.06250000E+04 2.10223220E-04
 1.08750000E+04 2.01849330E-04
 1.11250000E+04 1.93977860E-04
 1.13750000E+04 1.86569760E-04
 1.16250000E+04 1.79589620E-04
 1.18750000E+04 1.73005250E-04
 1.21250000E+04 1.66787390E-04
 1.22132930E+04 1.64673920E-04
 1.23750000E+04 1.60909340E-04
 1.26250000E+04 1.55346740E-04
 1.28750000E+04 1.50077340E-04
 1.31250000E+04 1.45080790E-04
 1.32954860E+04 1.41820290E-04
 1.33750000E+04 1.40338440E-04
 1.36250000E+04 1.35833180E-04
 1.38750000E+04 1.31549300E-04
 1.41250000E+04 1.27472370E-04
 1.44200000E+04 1.22909720E-04
 1.45881050E+04 1.20422620E-04
 1.45882110E+04 1.20794640E-04
 1.46700000E+04 1.19615790E-04
 1.48750000E+04 1.16739250E-04
 1.51250000E+04 1.13375920E-04
 1.53750000E+04 1.10162530E-04
 1.56250000E+04 1.07090170E-04
 1.58750000E+04 1.04150570E-04
 1.60308430E+04 1.02381860E-04
 1.62000000E+04 1.00515040E-04
 1.66000000E+04 9.63081470E-05
 1.70000000E+04 9.23723700E-05
 1.74000000E+04 8.86846060E-05
 1.77902710E+04 8.53058180E-05
 1.78000000E+04 8.52241960E-05
 1.82000000E+04 8.19726360E-05
 1.86000000E+04 7.89133010E-05
 1.90000000E+04 7.60312220E-05
 1.94000000E+04 7.33128830E-05
 1.98000000E+04 7.07460600E-05
 1.99835140E+04 6.96160630E-05
 2.02500000E+04 6.80257180E-05
 2.07500000E+04 6.51942730E-05
 2.12500000E+04 6.25471320E-05
 2.12962490E+04 6.23110210E-05
 2.17500000E+04 6.00686200E-05
 2.22500000E+04 5.77446970E-05
 2.26500000E+04 5.59883370E-05
 2.27935810E+04 5.53789000E-05
 2.27938410E+04 5.54314870E-05
 2.29000000E+04 5.49886900E-05
 2.32500000E+04 5.35688800E-05
 2.37500000E+04 5.16418830E-05
 2.42500000E+04 4.98257990E-05
 2.47500000E+04 4.81122280E-05
 2.52500000E+04 4.64935440E-05
 2.57500000E+04 4.49628040E-05
 2.62500000E+04 4.35136800E-05
 2.67500000E+04 4.21403960E-05
 2.72500000E+04 4.08376700E-05
 2.77500000E+04 3.96006660E-05
 2.82500000E+04 3.84249510E-05
 2.87500000E+04 3.73064570E-05
 2.92500000E+04 3.62414440E-05
 2.97500000E+04 3.52264710E-05
 3.02500000E+04 3.42583690E-05
 3.07500000E+04 3.33342130E-05
 3.12500000E+04 3.24513050E-05
 3.17500000E+04 3.16071480E-05
 3.24000000E+04 3.05639000E-05
 3.34000000E+04 2.90686170E-05
 3.45000000E+04 2.75617910E-05
 3.50017500E+04 2.69179150E-05
 3.55000000E+04 2.63034190E-05
 3.65000000E+04 2.51397040E-05
 3.75000000E+04 2.40609710E-05
 3.85000000E+04 2.30587630E-05
 3.95000000E+04 2.21256580E-05
 4.05000000E+04 2.12551180E-05
 4.15000000E+04 2.04413730E-05
 4.25000000E+04 1.96793120E-05
 4.35000000E+04 1.89643960E-05
 4.45000000E+04 1.82925880E-05
 4.55000000E+04 1.76602810E-05
 4.65000000E+04 1.70642530E-05
 4.75000000E+04 1.65016110E-05
 4.85000000E+04 1.59697580E-05
 5.00000000E+04 1.52246510E-05
 1.20000000E+05 4.09434560E-06
 2.50000000E+05 1.52302050E-06
 5.99999990E+05 5.33257500E-07
 1.00000000E+06 3.05114930E-07
 1.20000000E+07 4.41357070E-09
 2.00000000E+08 4.07255400E-15
 6.00000000E+08 4.52444940E-17
