 WMBASIC, Moont, Westmoquette 2004 (Pauldrach 2003) after SNC 2002
 Z/Z0 0.05 Teff 30.20 logg 3.14 R/R0 28.12 R 1.9558E+12
   Wavelength   Eddington Hnu
 (Angstroms) (erg/s/cm2/Hz/sr)
 5.00000000E+01 1.63699870E-58
 5.39979250E+01 1.36090230E-55
 5.86907500E+01 7.90020410E-53
 6.42768940E+01 3.57037780E-50
 6.72896990E+01 6.02298480E-49
 7.05988270E+01 9.89318670E-48
 7.23785180E+01 3.97669670E-47
 7.42502560E+01 1.61809760E-46
 7.42530130E+01 1.50201750E-46
 8.28169820E+01 8.41867250E-43
 8.60000000E+01 3.68491100E-41
 9.36183240E+01 1.17703670E-37
 9.96000000E+01 2.81069120E-35
 1.03800000E+02 9.02532690E-34
 1.07659770E+02 1.72578580E-32
 1.16388060E+02 6.65186600E-30
 1.21300000E+02 1.30200970E-28
 1.26656480E+02 2.55896960E-27
 1.26657280E+02 2.56006200E-27
 1.27447660E+02 3.88835230E-27
 1.27448480E+02 3.89001200E-27
 1.29343070E+02 1.03713040E-26
 1.31295690E+02 2.76443610E-26
 1.33308180E+02 7.36256260E-26
 1.34337740E+02 1.20112960E-25
 1.35383330E+02 1.95902470E-25
 1.35384240E+02 1.95985810E-25
 1.37200850E+02 4.50146180E-25
 1.39067840E+02 1.03342360E-24
 1.39068810E+02 1.03386230E-24
 1.40058470E+02 1.59114690E-24
 1.41063320E+02 2.44916430E-24
 1.41064320E+02 2.45020250E-24
 1.44205920E+02 9.05999520E-24
 1.47491730E+02 3.34051570E-23
 1.50930770E+02 1.22698850E-22
 1.52711150E+02 2.34775020E-22
 1.54534020E+02 4.48692640E-22
 1.54535210E+02 4.48983950E-22
 1.57236080E+02 1.13772120E-21
 1.60034310E+02 2.87581520E-21
 1.60035590E+02 2.87728560E-21
 1.60224390E+02 3.05914770E-21
 1.60225670E+02 3.06050880E-21
 1.62147230E+02 5.66008760E-21
 1.64116780E+02 1.04561790E-20
 1.64118130E+02 6.54938140E-22
 1.65325350E+02 9.46969340E-22
 1.66551860E+02 1.36903290E-21
 1.66553240E+02 1.36959900E-21
 1.68739650E+02 2.60362800E-21
 1.70985680E+02 4.94240970E-21
 1.70987140E+02 4.41656890E-21
 1.71113420E+02 4.57610000E-21
 1.71114880E+02 3.77658940E-21
 1.71458910E+02 4.15878560E-21
 1.71460380E+02 2.28301480E-21
 1.72433830E+02 2.99308290E-21
 1.72435320E+02 6.86135170E-22
 1.75831390E+02 1.73672300E-21
 1.79365540E+02 4.38743260E-21
 1.79367150E+02 4.38922580E-21
 1.80916590E+02 6.50948320E-21
 1.80918230E+02 6.51216530E-21
 1.83985820E+02 1.39144320E-20
 1.87160980E+02 2.96844180E-20
 1.87162730E+02 2.96950000E-20
 1.88738970E+02 4.28151050E-20
 1.88740750E+02 4.28326520E-20
 1.89790130E+02 5.44484520E-20
 1.90853060E+02 6.92269970E-20
 1.90854880E+02 6.92552740E-20
 1.92241740E+02 9.43275970E-20
 1.92243590E+02 9.43610550E-20
 1.93566170E+02 1.26127560E-19
 1.93568040E+02 1.26179030E-19
 1.94617540E+02 1.58363400E-19
 1.94619430E+02 1.58379810E-19
 1.94836520E+02 1.65945000E-19
 1.94838420E+02 1.66012630E-19
 1.95961030E+02 2.10935320E-19
 1.97098590E+02 2.68054320E-19
 1.97100530E+02 2.68163340E-19
 1.98877180E+02 3.87554770E-19
 2.00688160E+02 5.59970550E-19
 2.00690170E+02 5.60197480E-19
 2.01029230E+02 5.99671510E-19
 2.01031250E+02 5.99914450E-19
 2.01590960E+02 6.70913220E-19
 2.01592990E+02 6.71184880E-19
 2.02358650E+02 7.81294130E-19
 2.02360700E+02 7.81610250E-19
 2.02518850E+02 8.06395820E-19
 2.02520900E+02 8.06722030E-19
 2.06041210E+02 1.59435050E-18
 2.09688270E+02 3.14450020E-18
 2.13466760E+02 6.18591270E-18
 2.15407540E+02 8.66756790E-18
 2.17383930E+02 1.21365470E-17
 2.17386300E+02 1.21413840E-17
 2.19479890E+02 1.72163860E-17
 2.19482300E+02 1.72232070E-17
 2.22379990E+02 2.75929370E-17
 2.25357750E+02 4.41608660E-17
 2.25360290E+02 4.41783180E-17
 2.25609880E+02 4.59256130E-17
 2.25612420E+02 1.69736990E-17
 2.25845330E+02 1.76142920E-17
 2.25847880E+02 1.74747930E-17
 2.26991880E+02 2.09393300E-17
 2.26994450E+02 2.09478140E-17
 2.27837820E+02 2.39059000E-17
 2.27840410E+02 3.88419310E-11
 2.28062080E+02 3.98024710E-11
 2.28506890E+02 4.10940410E-11
 2.28952570E+02 3.15375220E-11
 2.29399110E+02 9.37154020E-14
 2.29846530E+02 1.87279680E-14
 2.30294820E+02 8.91278100E-13
 2.30721440E+02 7.69804220E-14
 2.30743990E+02 3.18863540E-14
 2.31194030E+02 3.80693010E-12
 2.31644950E+02 3.84152700E-15
 2.32096740E+02 1.05130500E-12
 2.32549420E+02 2.01507380E-11
 2.33002980E+02 5.63254440E-11
 2.33457430E+02 5.51442680E-14
 2.33678980E+02 4.82488990E-12
 2.33681710E+02 4.88499470E-12
 2.33912760E+02 1.00905470E-11
 2.34368990E+02 5.87956040E-11
 2.34826100E+02 7.69362880E-11
 2.34985870E+02 7.71321480E-11
 2.35284100E+02 7.74567250E-11
 2.35742990E+02 8.40387120E-11
 2.36202790E+02 8.40803470E-11
 2.36307460E+02 6.57135790E-11
 2.36310250E+02 4.68462090E-11
 2.36663470E+02 2.17318630E-13
 2.37125060E+02 9.14861270E-12
 2.37587540E+02 1.21037440E-11
 2.37749710E+02 1.43621640E-11
 2.37752530E+02 1.44023600E-11
 2.38050930E+02 1.87344050E-11
 2.38515230E+02 6.28597060E-11
 2.38980420E+02 1.00666620E-10
 2.39446530E+02 7.72833340E-11
 2.39913540E+02 5.71018350E-11
 2.40381470E+02 9.16784670E-11
 2.40641950E+02 1.00739370E-10
 2.40850300E+02 1.08260960E-10
 2.41320060E+02 9.16588780E-11
 2.41790720E+02 8.22442850E-11
 2.42262310E+02 1.76514780E-13
 2.42734820E+02 7.41255700E-12
 2.43208240E+02 5.07241370E-11
 2.43605420E+02 8.91197820E-11
 2.43608390E+02 8.94038550E-11
 2.43682590E+02 9.68778010E-11
 2.44157870E+02 3.84936390E-11
 2.44634070E+02 5.52255180E-11
 2.45111210E+02 1.36571460E-10
 2.45413770E+02 1.47118190E-10
 2.45416780E+02 1.47216120E-10
 2.45589270E+02 1.53437470E-10
 2.46068260E+02 2.05086170E-10
 2.46548190E+02 1.27552950E-10
 2.47029060E+02 2.55557510E-10
 2.47510860E+02 1.27745690E-10
 2.47579110E+02 1.29770490E-10
 2.47582170E+02 1.29848710E-10
 2.47993600E+02 1.42471170E-10
 2.48477290E+02 5.91108480E-10
 2.48961910E+02 4.79645150E-10
 2.49447490E+02 2.56537010E-10
 2.49834420E+02 2.38036430E-10
 2.49837540E+02 2.29801780E-10
 2.49934010E+02 2.25100540E-10
 2.50421470E+02 9.39611800E-11
 2.50909890E+02 9.62968700E-11
 2.51399270E+02 1.91514040E-10
 2.51553820E+02 2.21353070E-10
 2.51889590E+02 2.88771660E-10
 2.52380880E+02 3.04876270E-10
 2.52873120E+02 3.09240340E-10
 2.53297040E+02 2.95393090E-10
 2.53300250E+02 2.94872750E-10
 2.53366320E+02 2.92588280E-10
 2.53860480E+02 3.32073940E-10
 2.54355610E+02 4.98138350E-10
 2.54600830E+02 4.33583250E-10
 2.54604070E+02 4.32154740E-10
 2.54851700E+02 3.64096670E-10
 2.55348760E+02 1.68262390E-12
 2.55846790E+02 1.18972330E-11
 2.56345790E+02 2.46158350E-10
 2.56735220E+02 3.93355470E-10
 2.56845760E+02 4.36784360E-10
 2.57346710E+02 4.09084780E-10
 2.57848640E+02 4.56255120E-10
 2.58351550E+02 4.60426110E-10
 2.58855430E+02 4.63435740E-10
 2.58905710E+02 4.61701960E-10
 2.58909060E+02 5.20824720E-10
 2.59360300E+02 5.01038620E-10
 2.59866150E+02 2.86777420E-10
 2.60372990E+02 4.37242740E-10
 2.60880820E+02 6.44387680E-10
 2.61010740E+02 6.30901310E-10
 2.61014140E+02 6.55931340E-10
 2.61378120E+02 6.12316380E-10
 2.61381530E+02 1.62526200E-09
 2.61389640E+02 1.62203960E-09
 2.61899450E+02 1.50915110E-10
 2.62410260E+02 2.99743230E-10
 2.62922060E+02 1.39827030E-10
 2.63434860E+02 1.58675570E-10
 2.63948660E+02 5.67121070E-10
 2.64463470E+02 2.65585280E-09
 2.64575530E+02 2.82350010E-09
 2.64979270E+02 3.43523250E-09
 2.65496090E+02 1.78749350E-09
 2.66013910E+02 2.05086200E-11
 2.66532740E+02 2.23373230E-10
 2.67052580E+02 1.32738240E-09
 2.67573440E+02 1.65372410E-09
 2.67852140E+02 1.48987550E-09
 2.68095310E+02 1.34486350E-09
 2.68618200E+02 8.57984500E-10
 2.69142110E+02 1.30973040E-09
 2.69667040E+02 1.62778160E-09
 2.70193000E+02 1.52165570E-09
 2.70719980E+02 2.33495700E-09
 2.71210930E+02 9.49340500E-10
 2.71247990E+02 8.42996550E-10
 2.71777030E+02 6.82274630E-10
 2.72307100E+02 1.25473510E-09
 2.72838200E+02 2.35917300E-09
 2.72922110E+02 2.19855380E-09
 2.73370350E+02 1.32491830E-09
 2.73903520E+02 1.38438430E-09
 2.74437740E+02 2.74432040E-10
 2.74655030E+02 7.68525210E-10
 2.74658800E+02 8.11671800E-10
 2.74973000E+02 1.57145070E-09
 2.75509310E+02 5.91700390E-09
 2.76046660E+02 3.44699760E-09
 2.76585060E+02 9.14369490E-10
 2.77124500E+02 1.06685680E-09
 2.77383510E+02 2.06055510E-09
 2.77665010E+02 3.16191490E-09
 2.78206560E+02 3.16258200E-09
 2.78749170E+02 1.89282640E-09
 2.79292840E+02 6.17272210E-10
 2.79837570E+02 1.30834700E-09
 2.80166740E+02 1.60622750E-09
 2.80170670E+02 3.26136120E-09
 2.80383360E+02 3.64568110E-09
 2.80930220E+02 7.83458430E-09
 2.81478140E+02 6.07576580E-09
 2.82027140E+02 2.23993150E-09
 2.82577200E+02 3.71201910E-09
 2.83128330E+02 3.38502350E-09
 2.83305060E+02 4.09095340E-09
 2.83680540E+02 5.61073490E-09
 2.84233830E+02 4.60726380E-09
 2.84788200E+02 2.44220900E-09
 2.85343650E+02 6.93016250E-09
 2.85900180E+02 2.59340660E-09
 2.86457800E+02 8.02253170E-09
 2.86514480E+02 7.99522250E-09
 2.86518580E+02 8.19815950E-09
 2.87016500E+02 7.94507270E-09
 2.87576290E+02 4.26652610E-09
 2.88137180E+02 4.78584000E-09
 2.88699160E+02 9.50987550E-09
 2.89262230E+02 8.24586220E-09
 2.89826410E+02 7.19776750E-09
 2.90391680E+02 3.13601530E-09
 2.90958060E+02 5.83656240E-09
 2.91525540E+02 5.25298090E-09
 2.92094130E+02 6.07766080E-09
 2.92663830E+02 1.14071740E-08
 2.92892620E+02 9.38728850E-09
 2.93234640E+02 6.31521980E-09
 2.93806560E+02 9.79632700E-09
 2.94379600E+02 8.52438870E-09
 2.94953750E+02 7.97991860E-09
 2.95529020E+02 1.49846410E-08
 2.96000000E+02 1.04938030E-08
 2.96105420E+02 9.46978540E-09
 2.96682940E+02 1.09930930E-08
 2.97261590E+02 1.33547750E-08
 2.97841370E+02 6.98919040E-09
 2.98422270E+02 8.28018640E-09
 2.99004310E+02 6.95249710E-09
 2.99561200E+02 2.04966750E-09
 2.99565690E+02 7.75377940E-09
 2.99587490E+02 7.75504400E-09
 2.99930480E+02 2.75329710E-08
 2.99934970E+02 2.77928740E-08
 3.00171800E+02 4.14846730E-08
 3.00757250E+02 8.00147130E-09
 3.01343850E+02 2.45827620E-08
 3.01931580E+02 1.77848340E-08
 3.02520470E+02 3.90981320E-13
 3.03110500E+02 7.17933940E-10
 3.03701680E+02 3.57831870E-09
 3.04294020E+02 2.00577850E-09
 3.04887510E+02 8.63615470E-10
 3.05482160E+02 2.87202200E-09
 3.06077970E+02 1.34991330E-08
 3.06534360E+02 2.63125180E-08
 3.06674940E+02 3.02781100E-08
 3.07273080E+02 4.83821700E-08
 3.07872380E+02 3.99988880E-08
 3.08472850E+02 2.32266350E-08
 3.09074490E+02 1.07497960E-08
 3.09677310E+02 4.22524220E-08
 3.10281300E+02 2.35242350E-08
 3.10886470E+02 1.32097680E-08
 3.11492820E+02 2.10275300E-09
 3.12100350E+02 7.41971140E-09
 3.12709070E+02 1.05761220E-08
 3.13318970E+02 1.59954210E-08
 3.13435610E+02 1.52518750E-08
 3.13440520E+02 1.52465210E-08
 3.13588740E+02 1.42970040E-08
 3.13593660E+02 1.42655180E-08
 3.13930070E+02 1.20985950E-08
 3.14542350E+02 2.41160910E-08
 3.15155830E+02 1.69137780E-08
 3.15770510E+02 2.28350340E-08
 3.16351530E+02 2.96378550E-08
 3.16386390E+02 3.00492900E-08
 3.17003460E+02 5.27298220E-08
 3.17621740E+02 5.30857870E-08
 3.18241230E+02 6.21602240E-08
 3.18861920E+02 3.80768180E-08
 3.19163430E+02 4.04249050E-08
 3.19168530E+02 4.17804520E-08
 3.19483830E+02 4.43292370E-08
 3.20106950E+02 1.20422320E-08
 3.20731280E+02 2.56282930E-08
 3.20800100E+02 2.80075880E-08
 3.20805250E+02 2.81857810E-08
 3.21356830E+02 4.74312990E-08
 3.21983600E+02 2.09250990E-08
 3.22611600E+02 2.35308400E-08
 3.23240810E+02 4.20170330E-08
 3.23871260E+02 5.35301600E-08
 3.24233030E+02 4.28914930E-08
 3.24502930E+02 3.48748880E-08
 3.25135840E+02 5.18942930E-08
 3.25769980E+02 2.71911390E-08
 3.26405360E+02 3.03309750E-08
 3.27041980E+02 6.54329230E-08
 3.27679840E+02 3.58906420E-08
 3.27740230E+02 3.61478300E-08
 3.27745600E+02 3.61708230E-08
 3.27954120E+02 3.70633570E-08
 3.27959500E+02 3.73585090E-08
 3.28318940E+02 3.89221360E-08
 3.28839200E+02 3.05758240E-08
 3.28844600E+02 3.05393170E-08
 3.28959290E+02 2.86751430E-08
 3.29600890E+02 4.96963110E-08
 3.30243740E+02 1.08569350E-08
 3.30887840E+02 2.85994740E-08
 3.31533200E+02 5.05997480E-08
 3.32179820E+02 8.65649560E-08
 3.32827700E+02 9.42841440E-08
 3.33476850E+02 5.02938480E-08
 3.34127260E+02 8.58844200E-08
 3.34778940E+02 3.84481390E-08
 3.35234000E+02 4.08144190E-08
 3.35431880E+02 4.18568100E-08
 3.36086110E+02 8.67661570E-08
 3.36741610E+02 9.37222050E-08
 3.37398380E+02 5.91635200E-08
 3.38056440E+02 8.73461990E-08
 3.38715780E+02 7.61757880E-08
 3.39376410E+02 9.64608770E-08
 3.40038330E+02 1.06274440E-07
 3.40701540E+02 3.72702750E-08
 3.41366040E+02 1.25943140E-07
 3.41882450E+02 1.26186350E-07
 3.41888290E+02 1.26642870E-07
 3.42031830E+02 1.26708280E-07
 3.42698930E+02 8.89329200E-08
 3.43367320E+02 1.04989970E-07
 3.44037020E+02 1.00284440E-07
 3.44708030E+02 1.27035430E-07
 3.45380350E+02 1.58548380E-07
 3.46053970E+02 1.53866310E-07
 3.46728910E+02 1.28357510E-07
 3.46988970E+02 1.27304400E-07
 3.47405170E+02 1.25586350E-07
 3.48082740E+02 1.36669940E-07
 3.48761640E+02 1.59677620E-07
 3.49441860E+02 1.60947240E-07
 3.50123410E+02 9.77104350E-08
 3.50806290E+02 1.50287820E-07
 3.51490500E+02 9.80076630E-08
 3.52176040E+02 1.67615890E-07
 3.52250350E+02 1.64222790E-07
 3.52256560E+02 1.66287770E-07
 3.52412100E+02 1.59031750E-07
 3.52418310E+02 1.73495230E-07
 3.52862920E+02 1.50320180E-07
 3.53551140E+02 1.97331840E-07
 3.54240700E+02 1.30995780E-07
 3.54931610E+02 1.11944560E-07
 3.55623860E+02 9.88658420E-08
 3.56317470E+02 2.11604480E-07
 3.56692090E+02 2.04636490E-07
 3.57012430E+02 1.98577900E-07
 3.57708740E+02 2.15591020E-07
 3.58406410E+02 1.37222150E-07
 3.59105440E+02 1.25122870E-07
 3.59805840E+02 2.01897000E-07
 3.60507600E+02 1.02443660E-07
 3.61077310E+02 1.95828470E-07
 3.61210730E+02 2.18048220E-07
 3.61915230E+02 2.31520320E-07
 3.62621110E+02 2.32859170E-07
 3.63328360E+02 2.17933020E-07
 3.64036990E+02 2.21938770E-07
 3.64747010E+02 1.14074090E-07
 3.65458410E+02 2.74292120E-07
 3.65571700E+02 2.58880570E-07
 3.66171190E+02 1.75937610E-07
 3.66885370E+02 2.59115740E-07
 3.67600940E+02 2.96307080E-07
 3.67861110E+02 2.82173590E-07
 3.68317900E+02 2.56915500E-07
 3.69036270E+02 2.72709210E-07
 3.69756030E+02 2.94400990E-07
 3.70179390E+02 3.04084590E-07
 3.70186240E+02 3.04264320E-07
 3.70477200E+02 3.11019490E-07
 3.71199770E+02 3.04057760E-07
 3.71923760E+02 3.31387340E-07
 3.72649160E+02 7.92668690E-09
 3.73375970E+02 1.10021610E-07
 3.74104190E+02 6.08616130E-07
 3.74833840E+02 6.12088830E-07
 3.75564920E+02 3.86165670E-07
 3.76297410E+02 3.53219830E-07
 3.77031340E+02 1.21339350E-07
 3.77652630E+02 2.63639270E-07
 3.77766700E+02 2.90223510E-07
 3.78503490E+02 2.79858330E-07
 3.79241720E+02 2.30782670E-07
 3.79981390E+02 3.99313760E-07
 3.80722500E+02 4.07305290E-07
 3.81465060E+02 4.02290920E-07
 3.82209060E+02 4.36084410E-07
 3.82954520E+02 4.28791980E-07
 3.83701430E+02 1.93281640E-07
 3.84449800E+02 3.83007280E-07
 3.85199620E+02 2.48466670E-07
 3.85433840E+02 3.04791250E-07
 3.85441270E+02 3.06596350E-07
 3.85950910E+02 4.31381690E-07
 3.86703670E+02 3.97082380E-07
 3.87457890E+02 4.39081640E-07
 3.88213590E+02 4.90010470E-07
 3.88970750E+02 3.08728760E-07
 3.89193040E+02 3.63274550E-07
 3.89200620E+02 3.67076120E-07
 3.89729400E+02 4.99829400E-07
 3.90489520E+02 5.19379140E-07
 3.91251130E+02 5.20563270E-07
 3.92014220E+02 2.88490620E-07
 3.92778800E+02 5.05965620E-07
 3.93544870E+02 5.13937540E-07
 3.94312440E+02 4.43986670E-07
 3.95081500E+02 4.43352930E-07
 3.95852060E+02 6.22778720E-07
 3.96624130E+02 6.45029630E-07
 3.97046770E+02 6.48055070E-07
 3.97397700E+02 6.50560870E-07
 3.98172780E+02 5.96210870E-07
 3.98949370E+02 6.63994900E-07
 3.99727480E+02 6.74761220E-07
 4.00507110E+02 6.52070670E-07
 4.01288250E+02 7.19107870E-07
 4.02070920E+02 7.29619930E-07
 4.02855110E+02 6.52720250E-07
 4.03640840E+02 7.49442990E-07
 4.04428100E+02 7.65073160E-07
 4.05216890E+02 8.13229720E-07
 4.05223990E+02 8.12759890E-07
 4.05232200E+02 8.12292560E-07
 4.06007220E+02 7.59881040E-07
 4.06799090E+02 8.09297370E-07
 4.07592510E+02 8.48475510E-07
 4.08106300E+02 8.53637970E-07
 4.08387470E+02 8.56458800E-07
 4.09183990E+02 8.66084760E-07
 4.09982050E+02 7.66803470E-07
 4.10781680E+02 9.14332730E-07
 4.11029910E+02 9.18577440E-07
 4.11038350E+02 9.19078730E-07
 4.11582860E+02 9.28424210E-07
 4.12385610E+02 9.39597130E-07
 4.13189920E+02 9.72479960E-07
 4.13995800E+02 9.78986370E-07
 4.14803260E+02 9.92272300E-07
 4.15612290E+02 9.86770690E-07
 4.16422890E+02 1.00684180E-06
 4.17235080E+02 1.04141410E-06
 4.18048850E+02 1.09252230E-06
 4.18050540E+02 1.09201150E-06
 4.18864210E+02 8.42155710E-07
 4.19681160E+02 6.21402890E-07
 4.20499700E+02 1.14339880E-06
 4.21319840E+02 1.19826600E-06
 4.22000000E+02 1.18160710E-06
 4.22141570E+02 1.17803770E-06
 4.22964910E+02 1.23932390E-06
 4.23789860E+02 1.25132860E-06
 4.24616420E+02 1.21787130E-06
 4.25315190E+02 1.21597280E-06
 4.25444580E+02 1.21557880E-06
 4.26274370E+02 1.35896700E-06
 4.27105770E+02 1.35488410E-06
 4.27938790E+02 1.40481940E-06
 4.28773440E+02 1.36883010E-06
 4.29609710E+02 1.31238410E-06
 4.30447620E+02 1.35262300E-06
 4.31287160E+02 1.42347140E-06
 4.32128340E+02 1.27521010E-06
 4.32836770E+02 1.79151060E-06
 4.32971160E+02 1.89116100E-06
 4.33815620E+02 1.58435400E-06
 4.34661730E+02 1.38750330E-06
 4.35509490E+02 1.71397420E-06
 4.36358900E+02 1.62711820E-06
 4.36698220E+02 1.63271190E-06
 4.37209970E+02 1.64111440E-06
 4.38062700E+02 1.72673890E-06
 4.38917090E+02 1.79811240E-06
 4.39773150E+02 1.87507220E-06
 4.40629180E+02 1.72084810E-06
 4.40630880E+02 1.72053610E-06
 4.40638890E+02 1.72176740E-06
 4.41490280E+02 1.84858900E-06
 4.42351360E+02 1.88476640E-06
 4.43214120E+02 2.03938650E-06
 4.43332170E+02 2.04612120E-06
 4.43342000E+02 2.04670340E-06
 4.44078560E+02 2.08914610E-06
 4.44944690E+02 2.02068340E-06
 4.45812500E+02 2.08556250E-06
 4.46543000E+02 2.12292830E-06
 4.46552970E+02 2.12349320E-06
 4.46682010E+02 2.13015300E-06
 4.47553210E+02 2.07773880E-06
 4.48426120E+02 2.19730800E-06
 4.49300720E+02 2.17800090E-06
 4.49716120E+02 2.17533220E-06
 4.49726230E+02 2.17528950E-06
 4.50177030E+02 2.17213350E-06
 4.51055050E+02 2.53547690E-06
 4.51934790E+02 2.42119190E-06
 4.52816240E+02 2.53471400E-06
 4.52875170E+02 2.53440580E-06
 4.52885420E+02 2.53435170E-06
 4.53699400E+02 2.52958850E-06
 4.54584290E+02 2.48116150E-06
 4.55470910E+02 2.57884150E-06
 4.56359260E+02 2.47852790E-06
 4.56474270E+02 2.49908400E-06
 4.57249340E+02 2.63961920E-06
 4.58141150E+02 3.29936930E-06
 4.59034700E+02 2.61341600E-06
 4.59930000E+02 3.01914710E-06
 4.60131030E+02 3.01062740E-06
 4.60141610E+02 3.01017590E-06
 4.60500780E+02 2.99464580E-06
 4.60511380E+02 2.99417420E-06
 4.60827040E+02 2.98019780E-06
 4.61725830E+02 2.88498310E-06
 4.62626380E+02 3.05465560E-06
 4.63528680E+02 3.00993250E-06
 4.63872020E+02 2.89372470E-06
 4.63882780E+02 2.89005650E-06
 4.64432740E+02 2.70038960E-06
 4.65338570E+02 2.58618330E-06
 4.66246160E+02 3.25170790E-06
 4.67155520E+02 3.21079490E-06
 4.68011200E+02 3.39992150E-06
 4.68066660E+02 3.41235000E-06
 4.68979570E+02 2.72381340E-06
 4.69894260E+02 3.47493790E-06
 4.70810740E+02 3.61463310E-06
 4.71729000E+02 3.45931640E-06
 4.72224910E+02 3.58649840E-06
 4.72236060E+02 3.58938070E-06
 4.72649060E+02 3.69681350E-06
 4.73570910E+02 3.68427580E-06
 4.74494560E+02 3.89404540E-06
 4.75420010E+02 3.82991810E-06
 4.76347260E+02 4.03466420E-06
 4.77276320E+02 4.05674540E-06
 4.78207200E+02 4.18871380E-06
 4.78684420E+02 4.21519160E-06
 4.79139890E+02 4.24053190E-06
 4.80074400E+02 4.34019320E-06
 4.81010730E+02 4.43145800E-06
 4.81948890E+02 4.50312860E-06
 4.82888880E+02 3.92219890E-06
 4.83830700E+02 4.67300970E-06
 4.84774360E+02 4.27882470E-06
 4.85323100E+02 4.60455230E-06
 4.85334880E+02 4.61163790E-06
 4.85719850E+02 4.84360160E-06
 4.86667200E+02 2.81845590E-06
 4.87616390E+02 3.41281380E-07
 4.88083090E+02 7.30502820E-07
 4.88567430E+02 1.14090020E-06
 4.89520330E+02 2.25781200E-06
 4.90475080E+02 3.78215200E-06
 4.90874640E+02 4.97509760E-06
 4.90886690E+02 5.01131330E-06
 4.91431700E+02 6.66447900E-06
 4.92390180E+02 5.88594530E-06
 4.93350540E+02 4.78847430E-06
 4.94312760E+02 5.34737540E-06
 4.95263790E+02 5.64949810E-06
 4.95276860E+02 5.65370440E-06
 4.96242850E+02 6.02544690E-06
 4.97210710E+02 4.46003690E-06
 4.98180470E+02 6.06084810E-06
 4.99152110E+02 6.02306630E-06
 4.99732140E+02 6.10315400E-06
 4.99744630E+02 6.10488750E-06
 5.00125660E+02 6.15795610E-06
 5.01101100E+02 6.34556670E-06
 5.02078440E+02 6.49111560E-06
 5.03057690E+02 6.63600340E-06
 5.04038840E+02 6.54836670E-06
 5.04273720E+02 6.52009700E-06
 5.04286430E+02 8.49695750E-05
 5.05021920E+02 8.52896260E-05
 5.06006910E+02 1.95541810E-07
 5.06993820E+02 8.19215230E-06
 5.07982650E+02 3.38450770E-05
 5.08589050E+02 7.48000090E-05
 5.08601990E+02 7.60068400E-05
 5.08973420E+02 1.01280640E-04
 5.09966110E+02 8.92467600E-05
 5.10960750E+02 8.02277270E-05
 5.11957320E+02 5.30868210E-05
 5.12052960E+02 5.48291410E-05
 5.12066070E+02 5.50719680E-05
 5.12955830E+02 7.13324560E-05
 5.13956300E+02 8.42936580E-05
 5.14958710E+02 9.52106360E-05
 5.15963080E+02 6.71731600E-05
 5.16969410E+02 8.04876430E-05
 5.17977700E+02 9.00380650E-05
 5.18987960E+02 2.80486510E-05
 5.20000190E+02 7.67071290E-05
 5.21014390E+02 2.11833550E-05
 5.22030580E+02 3.84762990E-05
 5.22811300E+02 6.10640900E-05
 5.23048740E+02 6.79546050E-05
 5.24068890E+02 2.65067990E-05
 5.25091030E+02 3.95527150E-05
 5.26115160E+02 1.03886840E-04
 5.27141290E+02 5.74518470E-05
 5.28169420E+02 1.02991050E-04
 5.29199550E+02 9.07534620E-05
 5.30000000E+02 9.14108090E-05
 5.30231700E+02 9.16015320E-05
 5.31265860E+02 1.03602150E-04
 5.32302030E+02 1.05339700E-04
 5.33340230E+02 1.05428410E-04
 5.34031420E+02 5.11092950E-05
 5.34045680E+02 4.99864970E-05
 5.34380450E+02 2.35945020E-05
 5.35422700E+02 8.65664220E-05
 5.36466980E+02 9.22530900E-05
 5.37513300E+02 6.95634470E-05
 5.38561660E+02 7.71666200E-05
 5.39612070E+02 2.12119970E-05
 5.40664520E+02 2.13883090E-06
 5.41719030E+02 2.08472230E-05
 5.42775590E+02 2.65522710E-06
 5.43834220E+02 2.93897970E-06
 5.44894900E+02 1.19141610E-05
 5.44984220E+02 1.94269300E-05
 5.45957660E+02 1.01560020E-04
 5.47022490E+02 1.39906240E-05
 5.48089400E+02 5.51461330E-06
 5.49158390E+02 1.12385080E-04
 5.50000000E+02 1.07790610E-04
 5.50229460E+02 1.06533870E-04
 5.51302620E+02 4.35499500E-05
 5.52377880E+02 6.72293940E-06
 5.53455230E+02 1.86021330E-05
 5.54534680E+02 3.80700420E-05
 5.55616240E+02 1.39697480E-04
 5.56395710E+02 1.27087910E-04
 5.56411190E+02 1.26836910E-04
 5.56699910E+02 1.22151170E-04
 5.57785690E+02 1.18317710E-04
 5.58873590E+02 1.18930580E-04
 5.59963610E+02 7.71898050E-05
 5.61055760E+02 1.20588010E-04
 5.62150040E+02 1.19374830E-04
 5.63246450E+02 1.21155810E-04
 5.64345000E+02 1.21846300E-04
 5.65161420E+02 1.20808990E-04
 5.65445690E+02 1.20446460E-04
 5.66548530E+02 1.14079870E-04
 5.67653520E+02 1.23722350E-04
 5.68760670E+02 1.20876530E-04
 5.69869970E+02 1.24132880E-04
 5.70981440E+02 1.26486180E-04
 5.72095080E+02 1.26534030E-04
 5.73210880E+02 1.27041130E-04
 5.74207740E+02 3.40294220E-05
 5.74224220E+02 3.24929140E-05
 5.74328870E+02 2.26954340E-05
 5.75449030E+02 1.29265310E-04
 5.76571380E+02 9.45967390E-05
 5.77695920E+02 1.31607570E-05
 5.78822650E+02 1.30263910E-04
 5.79498500E+02 6.97432940E-05
 5.79515290E+02 6.82367020E-05
 5.79951580E+02 2.90405070E-05
 5.81082720E+02 6.34512520E-05
 5.82216050E+02 1.32547650E-04
 5.83351600E+02 9.11600780E-05
 5.83639650E+02 9.21567590E-05
 5.84489360E+02 9.51059190E-05
 5.85629350E+02 3.87725010E-05
 5.86771550E+02 9.40176470E-05
 5.87840400E+02 1.33709060E-04
 5.87857680E+02 1.34353310E-04
 5.87915980E+02 1.36525420E-04
 5.89062650E+02 1.37458670E-04
 5.90211550E+02 1.38111570E-04
 5.91362690E+02 1.38449090E-04
 5.92516080E+02 1.36866490E-04
 5.93671720E+02 1.40485320E-04
 5.94829610E+02 8.24283170E-05
 5.95989760E+02 1.21108330E-04
 5.97152170E+02 1.61821440E-05
 5.98316850E+02 9.49359900E-05
 5.99483800E+02 2.03121110E-04
 6.00653030E+02 2.25149960E-04
 6.01824540E+02 1.53311820E-04
 6.02998330E+02 6.82057070E-05
 6.03379230E+02 9.17459560E-05
 6.04174410E+02 1.41050820E-04
 6.05352790E+02 3.83318530E-05
 6.06533460E+02 3.09125690E-05
 6.07716440E+02 1.43227270E-05
 6.08901720E+02 2.24055910E-05
 6.10089320E+02 7.50196300E-05
 6.11279230E+02 1.56174400E-04
 6.12471460E+02 7.09192130E-06
 6.13666020E+02 1.53414310E-04
 6.14862910E+02 1.45343250E-04
 6.16062130E+02 1.92017450E-05
 6.17263690E+02 1.05640260E-04
 6.18467590E+02 1.56506510E-04
 6.19673850E+02 1.57392880E-04
 6.19761850E+02 1.57467400E-04
 6.20882450E+02 1.58418480E-04
 6.22093420E+02 7.39493230E-05
 6.23306740E+02 1.57912890E-04
 6.24522430E+02 1.11269970E-04
 6.25000000E+02 1.12725670E-04
 6.25740490E+02 1.14989850E-04
 6.26960930E+02 1.45343170E-04
 6.28183750E+02 1.62211380E-04
 6.29408950E+02 1.61010970E-04
 6.30636540E+02 1.62733030E-04
 6.31866530E+02 1.63505470E-04
 6.33098920E+02 1.39358900E-04
 6.34333710E+02 1.61159250E-04
 6.35570900E+02 1.61923710E-04
 6.36810520E+02 1.24657600E-04
 6.37058930E+02 1.33570430E-04
 6.38052540E+02 1.69339980E-04
 6.39297000E+02 1.76906730E-04
 6.40543870E+02 1.70414470E-04
 6.41793180E+02 5.98252400E-05
 6.43044930E+02 1.74285040E-04
 6.44299120E+02 1.60581320E-04
 6.45555750E+02 1.74827870E-04
 6.46074650E+02 1.37702050E-04
 6.46814840E+02 8.45633080E-05
 6.48076380E+02 9.49420670E-05
 6.49340380E+02 1.78950920E-04
 6.50606850E+02 5.55948720E-05
 6.51875780E+02 1.81024080E-04
 6.53147200E+02 1.81648060E-04
 6.54421090E+02 7.51649050E-05
 6.55349220E+02 1.53168060E-04
 6.55370700E+02 1.54980010E-04
 6.55697460E+02 1.82538050E-04
 6.56976330E+02 1.71882330E-04
 6.58257690E+02 1.09277290E-04
 6.59541550E+02 1.20426440E-04
 6.60827910E+02 1.21238310E-04
 6.62116780E+02 1.81940340E-04
 6.63408170E+02 1.95478860E-04
 6.64702070E+02 1.40152560E-04
 6.65523740E+02 1.61442540E-04
 6.65998500E+02 1.73785820E-04
 6.67297460E+02 9.48778040E-05
 6.68598950E+02 1.92887340E-04
 6.69902980E+02 1.94615570E-04
 6.71209550E+02 1.96060770E-04
 6.72518670E+02 1.96556790E-04
 6.73830340E+02 1.97231790E-04
 6.75144570E+02 1.93946300E-04
 6.76019170E+02 1.82767690E-04
 6.76042020E+02 1.82475390E-04
 6.76461370E+02 1.77096070E-04
 6.77780730E+02 2.01221220E-04
 6.79102670E+02 1.94060350E-04
 6.80427180E+02 1.98859370E-04
 6.81098690E+02 1.97021330E-04
 6.81754280E+02 1.95219850E-04
 6.83083970E+02 7.11184480E-05
 6.84416250E+02 1.19166330E-04
 6.85751130E+02 2.30767710E-04
 6.86255130E+02 2.06043570E-04
 6.86278680E+02 2.04887390E-04
 6.87088610E+02 1.65014140E-04
 6.88428700E+02 8.59905740E-05
 6.89771400E+02 2.09252190E-04
 6.91116730E+02 2.12917000E-04
 6.92464670E+02 2.13601550E-04
 6.93815250E+02 2.15121760E-04
 6.94942120E+02 1.09833560E-04
 6.95168460E+02 8.86121070E-05
 6.96524310E+02 1.94849840E-04
 6.97882800E+02 2.11293290E-04
 6.99243940E+02 2.18131330E-04
 7.00000000E+02 9.89709690E-05
 7.00607740E+02 2.84888090E-06
 7.01974200E+02 7.59775600E-06
 7.03343320E+02 1.01873510E-04
 7.03851860E+02 1.56276520E-04
 7.04715120E+02 2.48950530E-04
 7.06089590E+02 2.27567570E-04
 7.07466740E+02 2.26017650E-04
 7.08846570E+02 2.22709170E-04
 7.10229100E+02 2.29742450E-04
 7.11614320E+02 2.30907830E-04
 7.12993030E+02 2.31759250E-04
 7.13002250E+02 2.31764950E-04
 7.14392880E+02 2.32472510E-04
 7.15786220E+02 2.34713040E-04
 7.17182290E+02 2.36009530E-04
 7.17653240E+02 1.78094400E-04
 7.18581070E+02 6.35892930E-05
 7.19982580E+02 2.38646360E-04
 7.21386830E+02 2.39485540E-04
 7.22374760E+02 2.40730400E-04
 7.22400860E+02 2.40769390E-04
 7.22793820E+02 2.41265730E-04
 7.24203550E+02 2.34193450E-04
 7.25514610E+02 2.43059060E-04
 7.25540930E+02 2.43238560E-04
 7.25616020E+02 2.43748100E-04
 7.27031260E+02 2.45317180E-04
 7.28449250E+02 2.46614730E-04
 7.29870010E+02 2.47161280E-04
 7.30000000E+02 2.47361260E-04
 7.31293540E+02 2.49356310E-04
 7.32719850E+02 2.50714680E-04
 7.34148940E+02 2.50204120E-04
 7.35580820E+02 2.53516100E-04
 7.37015490E+02 2.53225350E-04
 7.38452950E+02 2.55205570E-04
 7.39893220E+02 2.57479480E-04
 7.41336300E+02 2.58568480E-04
 7.42782200E+02 2.60330750E-04
 7.44230910E+02 2.57955350E-04
 7.45682450E+02 2.62692090E-04
 7.47136830E+02 2.61347870E-04
 7.47989310E+02 2.66795120E-04
 7.48594030E+02 2.70671950E-04
 7.50054080E+02 1.77608830E-04
 7.51516980E+02 2.69022660E-04
 7.52982730E+02 2.67986520E-04
 7.54451340E+02 2.72331620E-04
 7.55922820E+02 2.73931320E-04
 7.57397160E+02 2.74816350E-04
 7.58874380E+02 2.75838650E-04
 7.60354480E+02 2.48905850E-04
 7.61837470E+02 1.10528970E-04
 7.63323350E+02 2.13964080E-04
 7.64812130E+02 5.55929580E-04
 7.66303810E+02 6.09942100E-04
 7.67798400E+02 3.22779370E-04
 7.69295900E+02 2.82269330E-04
 7.70796330E+02 2.86622160E-04
 7.71900950E+02 2.36939810E-04
 7.72299680E+02 2.18941420E-04
 7.73805970E+02 2.92886660E-04
 7.75315190E+02 2.94218040E-04
 7.76827360E+02 2.47623920E-04
 7.78342480E+02 2.95748760E-04
 7.79860550E+02 2.32604170E-04
 7.81381580E+02 3.00819940E-04
 7.82905580E+02 2.98953110E-04
 7.84432550E+02 7.00710000E-05
 7.85962500E+02 2.46229370E-04
 7.87495430E+02 2.58846380E-04
 7.89031350E+02 3.52061010E-04
 7.90000000E+02 5.58129970E-04
 7.90570270E+02 6.79879770E-04
 7.92112190E+02 3.70673840E-04
 7.93657120E+02 3.14518670E-04
 7.95205060E+02 3.13067820E-04
 7.96756020E+02 3.11704610E-04
 7.97391890E+02 3.13319920E-04
 7.98310000E+02 3.15658610E-04
 7.99867020E+02 3.22761840E-04
 8.01427070E+02 1.28147580E-04
 8.02990170E+02 3.25181930E-04
 8.04556310E+02 3.26752910E-04
 8.06125510E+02 3.28492080E-04
 8.07697770E+02 3.30110300E-04
 8.09273090E+02 3.28151750E-04
 8.10779310E+02 3.33770920E-04
 8.10851490E+02 3.34040990E-04
 8.12432970E+02 3.35786820E-04
 8.14017530E+02 3.37248440E-04
 8.15605180E+02 3.21130310E-04
 8.17195930E+02 3.37137770E-04
 8.18789780E+02 3.43385890E-04
 8.20386740E+02 3.32238820E-04
 8.21986810E+02 3.47019790E-04
 8.23590000E+02 3.48941070E-04
 8.24623930E+02 3.50125580E-04
 8.24657930E+02 3.50164710E-04
 8.25196330E+02 3.50782440E-04
 8.26805780E+02 3.52783040E-04
 8.28418370E+02 3.53303180E-04
 8.30000000E+02 3.03552250E-05
 8.30034110E+02 2.33652910E-05
 8.31653000E+02 1.10056760E-05
 8.33275050E+02 7.97661510E-05
 8.34900260E+02 2.59826220E-04
 8.36528640E+02 4.45316750E-04
 8.38160200E+02 3.72205860E-04
 8.39794940E+02 3.47025240E-04
 8.40282470E+02 3.53098510E-04
 8.41432860E+02 3.67476720E-04
 8.43073990E+02 3.59436130E-04
 8.44718310E+02 3.79026870E-04
 8.46365840E+02 3.77661790E-04
 8.48016580E+02 3.53172610E-04
 8.49670550E+02 3.71710250E-04
 8.50000000E+02 3.67088040E-04
 8.51327730E+02 3.48391780E-04
 8.52988150E+02 3.80003550E-04
 8.54651810E+02 2.69511760E-04
 8.56318720E+02 3.61689720E-04
 8.56547190E+02 3.67029660E-04
 8.57988870E+02 4.00838910E-04
 8.59662290E+02 3.35645790E-04
 8.61338960E+02 3.95056830E-04
 8.63018910E+02 2.69162760E-04
 8.64702130E+02 3.99046050E-04
 8.66388640E+02 4.02019380E-04
 8.68078430E+02 4.04172920E-04
 8.69771520E+02 4.06209720E-04
 8.70000000E+02 4.05281340E-04
 8.71467920E+02 3.99292060E-04
 8.73167620E+02 4.06870260E-04
 8.73453990E+02 4.07895400E-04
 8.74870640E+02 4.12980350E-04
 8.76576980E+02 4.13282980E-04
 8.78286640E+02 4.09377810E-04
 8.79999640E+02 4.07026280E-04
 8.81715990E+02 4.21211850E-04
 8.82160160E+02 4.21882250E-04
 8.83435670E+02 4.23810410E-04
 8.85158720E+02 4.26660880E-04
 8.86885120E+02 4.28793560E-04
 8.88614890E+02 4.31083860E-04
 8.90348040E+02 4.33392460E-04
 8.91041650E+02 4.33663690E-04
 8.91081350E+02 4.33679390E-04
 8.92084570E+02 4.34070100E-04
 8.93824480E+02 4.35133440E-04
 8.95567780E+02 4.40071300E-04
 8.97314490E+02 4.41951120E-04
 8.99064600E+02 4.44048820E-04
 9.00000000E+02 4.43251240E-04
 9.00440900E+02 4.46781510E-04
 9.00882220E+02 4.41313010E-04
 9.01323990E+02 4.51291330E-04
 9.01766180E+02 4.36682900E-04
 9.02208810E+02 4.50128250E-04
 9.02650790E+02 4.50442730E-04
 9.03093200E+02 4.50936260E-04
 9.03536040E+02 4.49477540E-04
 9.03979320E+02 3.12780790E-04
 9.04423040E+02 4.22785640E-04
 9.04866100E+02 4.52949660E-04
 9.05309600E+02 4.30065560E-04
 9.05753530E+02 4.54039700E-04
 9.06197900E+02 4.53333640E-04
 9.06642700E+02 4.55332490E-04
 9.07086850E+02 4.55556190E-04
 9.07531440E+02 4.56414830E-04
 9.07976460E+02 4.56989210E-04
 9.08421920E+02 4.57649000E-04
 9.08867810E+02 4.57313520E-04
 9.09313050E+02 4.58194940E-04
 9.09758730E+02 4.59603990E-04
 9.10204840E+02 4.60215590E-04
 9.10651390E+02 4.59845380E-04
 9.11098380E+02 4.61439340E-04
 9.11544720E+02 4.63039040E-04
 9.11991490E+02 1.36241640E-03
 9.12438700E+02 1.36007740E-03
 9.12886340E+02 1.36286840E-03
 9.13334430E+02 1.34634070E-03
 9.13781860E+02 1.36482140E-03
 9.14229720E+02 1.24745350E-03
 9.14678030E+02 1.36490660E-03
 9.15126780E+02 1.36513280E-03
 9.15575960E+02 1.36554700E-03
 9.16024490E+02 1.36596400E-03
 9.16473460E+02 1.36637980E-03
 9.16922860E+02 1.36372650E-03
 9.17372710E+02 1.36715920E-03
 9.17823000E+02 1.36631300E-03
 9.18272630E+02 1.36616040E-03
 9.18722690E+02 1.11695060E-03
 9.19173200E+02 1.33906600E-03
 9.19624150E+02 1.30405030E-03
 9.20075550E+02 1.27062870E-03
 9.20526280E+02 1.24171810E-03
 9.20977450E+02 3.60782450E-04
 9.21429070E+02 1.01006690E-03
 9.21881120E+02 1.09319750E-03
 9.22333630E+02 1.10935100E-03
 9.22785460E+02 1.12622700E-03
 9.23237740E+02 1.50161830E-03
 9.23690470E+02 1.50124100E-03
 9.24143630E+02 1.52230040E-03
 9.24597250E+02 1.78789570E-03
 9.25050190E+02 1.56271490E-03
 9.25503580E+02 1.44280150E-03
 9.25957420E+02 1.38902200E-03
 9.26411700E+02 1.13361370E-03
 9.26866420E+02 1.37822380E-03
 9.27320480E+02 1.37621270E-03
 9.27774980E+02 1.37556730E-03
 9.28229930E+02 1.37084650E-03
 9.28685330E+02 1.37293210E-03
 9.29141170E+02 1.24954650E-03
 9.29596340E+02 1.37867920E-03
 9.30051960E+02 1.32395400E-03
 9.30508020E+02 1.38373070E-03
 9.30964530E+02 1.34417870E-03
 9.31421490E+02 1.39898870E-03
 9.31877780E+02 1.39006560E-03
 9.32334520E+02 1.37453370E-03
 9.32791700E+02 1.35100530E-03
 9.33249340E+02 1.36709440E-03
 9.33707420E+02 1.40754500E-03
 9.34164830E+02 1.39142520E-03
 9.34622680E+02 1.38462080E-03
 9.35080990E+02 1.38374500E-03
 9.35539750E+02 1.38450110E-03
 9.35998950E+02 1.38576130E-03
 9.36457480E+02 1.38718680E-03
 9.36916460E+02 1.38662480E-03
 9.37375890E+02 9.47304990E-04
 9.37835780E+02 3.44617080E-04
 9.38296110E+02 1.38235860E-03
 9.38755770E+02 1.37196220E-03
 9.39215870E+02 1.38290520E-03
 9.39676430E+02 1.38365410E-03
 9.40137440E+02 1.38432840E-03
 9.40598910E+02 1.38471500E-03
 9.41059690E+02 1.38483550E-03
 9.41520930E+02 1.38462620E-03
 9.41982620E+02 1.38154340E-03
 9.42444760E+02 1.24951980E-03
 9.42907350E+02 1.38295580E-03
 9.43369270E+02 1.38134130E-03
 9.43831640E+02 1.37498310E-03
 9.44294460E+02 1.37745410E-03
 9.44757730E+02 1.40313600E-03
 9.45221470E+02 1.39576010E-03
 9.45684510E+02 1.38976880E-03
 9.46148020E+02 1.39076850E-03
 9.46611980E+02 1.38863040E-03
 9.47076390E+02 1.38721170E-03
 9.47541260E+02 1.38810680E-03
 9.48005440E+02 1.37159590E-03
 9.48470080E+02 1.37891880E-03
 9.48935180E+02 9.22822160E-04
 9.49400730E+02 7.81152680E-04
 9.49866740E+02 4.01053870E-04
 9.50332070E+02 1.34733790E-03
 9.50797850E+02 1.39127080E-03
 9.51264090E+02 1.38555980E-03
 9.51730780E+02 1.39431130E-03
 9.52197940E+02 1.39416740E-03
 9.52664400E+02 1.39395370E-03
 9.53131330E+02 1.39299060E-03
 9.53598710E+02 1.39458120E-03
 9.54066550E+02 1.39513720E-03
 9.54534850E+02 1.39186990E-03
 9.55002460E+02 1.34335210E-03
 9.55470530E+02 1.42321880E-03
 9.55939060E+02 1.40438910E-03
 9.56408050E+02 1.40013500E-03
 9.56877500E+02 1.39966340E-03
 9.57346260E+02 1.37329860E-03
 9.57815480E+02 1.34967280E-03
 9.58285160E+02 1.33118730E-03
 9.58755300E+02 6.54253980E-04
 9.59225900E+02 1.33300860E-03
 9.59695810E+02 1.35247980E-03
 9.60166180E+02 1.37870100E-03
 9.60637010E+02 1.40051750E-03
 9.61108300E+02 1.40162920E-03
 9.61580060E+02 1.40240660E-03
 9.62051120E+02 1.40223220E-03
 9.62522650E+02 1.40312890E-03
 9.62994630E+02 1.40350140E-03
 9.63467090E+02 1.40346470E-03
 9.63940000E+02 1.37135630E-03
 9.64412220E+02 1.40294890E-03
 9.64884900E+02 1.40296180E-03
 9.65358050E+02 1.40327750E-03
 9.65831660E+02 1.40344210E-03
 9.66305730E+02 1.40361110E-03
 9.66779110E+02 1.40383880E-03
 9.67252950E+02 1.39224880E-03
 9.67727260E+02 1.37538390E-03
 9.68202030E+02 1.39900840E-03
 9.68677270E+02 1.40518590E-03
 9.69151810E+02 1.40588470E-03
 9.69626810E+02 1.37869140E-03
 9.70102280E+02 1.40737840E-03
 9.70578220E+02 1.37315050E-03
 9.71054630E+02 1.40912990E-03
 9.71530330E+02 1.40668610E-03
 9.72006500E+02 1.14066410E-03
 9.72483140E+02 3.04264600E-05
 9.72960250E+02 2.53313720E-06
 9.73437820E+02 8.22455970E-06
 9.73914690E+02 2.58161460E-05
 9.74392030E+02 9.13668110E-05
 9.74869840E+02 2.33188080E-04
 9.75348120E+02 4.76299380E-04
 9.75826860E+02 7.76544130E-04
 9.76304900E+02 1.15213500E-03
 9.76783410E+02 1.65267090E-03
 9.77262390E+02 2.51623670E-03
 9.77741850E+02 2.29694410E-03
 9.78221770E+02 2.04753220E-03
 9.78700980E+02 1.89097170E-03
 9.79180670E+02 1.72205230E-03
 9.79660820E+02 1.55540920E-03
 9.80141450E+02 1.53139420E-03
 9.80622550E+02 1.46472790E-03
 9.81102940E+02 1.40512610E-03
 9.81583800E+02 1.41531370E-03
 9.82065140E+02 1.40915770E-03
 9.82546940E+02 1.40553480E-03
 9.83029220E+02 1.40211380E-03
 9.83510790E+02 1.31783100E-03
 9.83992840E+02 1.33641000E-03
 9.84475350E+02 1.30945940E-03
 9.84958340E+02 1.26673670E-03
 9.85441800E+02 1.20552220E-03
 9.85924560E+02 5.07165650E-04
 9.86407780E+02 1.05715010E-03
 9.86891480E+02 1.05413770E-03
 9.87375660E+02 9.23201290E-04
 9.87860310E+02 8.15952750E-04
 9.88344240E+02 8.03615570E-04
 9.88828660E+02 8.33957570E-04
 9.89313540E+02 8.94525070E-04
 9.89798900E+02 9.53616090E-04
 9.90284740E+02 1.26942510E-03
 9.90769870E+02 1.26178240E-03
 9.91255470E+02 1.27081890E-03
 9.91741550E+02 2.05788410E-03
 9.92228100E+02 1.80913970E-03
 9.92715130E+02 1.68793970E-03
 9.93201450E+02 1.61266440E-03
 9.93688240E+02 1.55171580E-03
 9.94175510E+02 1.49893530E-03
 9.94663260E+02 1.44240910E-03
 9.95151480E+02 1.20649850E-03
 9.95638990E+02 1.43207790E-03
 9.96126980E+02 1.40411360E-03
 9.96615450E+02 1.40081030E-03
 9.97104390E+02 1.26059820E-03
 9.97593820E+02 1.20765570E-03
 9.98082520E+02 1.42024630E-03
 9.98571710E+02 1.41950030E-03
 9.99061370E+02 1.41050550E-03
 9.99551520E+02 1.42126580E-03
 1.00004210E+03 1.42278560E-03
 1.00053200E+03 1.42410100E-03
 1.00102240E+03 1.42451090E-03
 1.00151330E+03 1.42405920E-03
 1.00200460E+03 1.38451790E-03
 1.00249650E+03 5.90024910E-04
 1.00298760E+03 1.42265730E-03
 1.00347920E+03 1.42438180E-03
 1.00397120E+03 1.42468580E-03
 1.00446380E+03 1.42569050E-03
 1.00495680E+03 1.42414460E-03
 1.00544910E+03 1.41594940E-03
 1.00594190E+03 8.64564560E-04
 1.00643520E+03 1.41489560E-03
 1.00692900E+03 1.39924640E-03
 1.00742320E+03 1.42000030E-03
 1.00791680E+03 1.36362800E-03
 1.00841080E+03 1.31431120E-03
 1.00890520E+03 1.42283760E-03
 1.00940020E+03 1.43007720E-03
 1.00989570E+03 1.26665180E-03
 1.01039040E+03 8.88848310E-04
 1.01088560E+03 1.42954030E-03
 1.01138130E+03 1.40852950E-03
 1.01187750E+03 1.42968810E-03
 1.01237420E+03 1.41404570E-03
 1.01287010E+03 1.33681680E-03
 1.01336660E+03 1.43030340E-03
 1.01386350E+03 1.43083060E-03
 1.01436090E+03 1.43177650E-03
 1.01485880E+03 1.42146200E-03
 1.01535600E+03 1.42854460E-03
 1.01585360E+03 1.43103550E-03
 1.01635180E+03 1.43118280E-03
 1.01685040E+03 1.43128440E-03
 1.01734950E+03 1.41784090E-03
 1.01784790E+03 1.39428290E-03
 1.01834680E+03 1.37585420E-03
 1.01884610E+03 1.43191860E-03
 1.01934600E+03 1.43501730E-03
 1.01984630E+03 1.42065120E-03
 1.02034590E+03 1.42479030E-03
 1.02084600E+03 1.43490150E-03
 1.02134660E+03 1.42739730E-03
 1.02184770E+03 1.43396030E-03
 1.02234920E+03 1.43546640E-03
 1.02285010E+03 1.42677510E-03
 1.02335140E+03 1.43559060E-03
 1.02385320E+03 1.42725920E-03
 1.02435550E+03 1.43530030E-03
 1.02485830E+03 1.43271640E-03
 1.02536040E+03 7.78713210E-04
 1.02586290E+03 5.54043090E-04
 1.02636600E+03 1.43930750E-03
 1.02686950E+03 1.43676230E-03
 1.02737360E+03 1.43550180E-03
 1.02787690E+03 1.43676530E-03
 1.02838070E+03 1.43574880E-03
 1.02888490E+03 1.40375600E-03
 1.02938970E+03 1.37507940E-03
 1.02989500E+03 1.35122410E-03
 1.03039950E+03 1.32947090E-03
 1.03090450E+03 1.20295640E-03
 1.03141010E+03 1.33489040E-03
 1.03191610E+03 1.40031460E-03
 1.03242260E+03 1.41117520E-03
 1.03292830E+03 1.43998180E-03
 1.03343460E+03 1.44058750E-03
 1.03394140E+03 1.41335050E-03
 1.03444860E+03 1.44074140E-03
 1.03495640E+03 1.39959920E-03
 1.03546340E+03 7.11090840E-04
 1.03597090E+03 1.44098340E-03
 1.03647890E+03 1.43267280E-03
 1.03698740E+03 6.71306690E-04
 1.03749640E+03 1.43431500E-03
 1.03800470E+03 1.24006510E-03
 1.03851340E+03 1.44320480E-03
 1.03902270E+03 1.42250730E-03
 1.03953240E+03 1.32847650E-03
 1.04004270E+03 1.44370710E-03
 1.04055220E+03 1.44389810E-03
 1.04106220E+03 1.44411220E-03
 1.04157270E+03 1.41066190E-03
 1.04208370E+03 1.44452840E-03
 1.04259520E+03 1.44473800E-03
 1.04310590E+03 1.44494700E-03
 1.04361720E+03 1.44515680E-03
 1.04412890E+03 1.44536750E-03
 1.04464120E+03 1.44553070E-03
 1.04515390E+03 1.44516780E-03
 1.04566590E+03 1.44480980E-03
 1.04617840E+03 1.44445520E-03
 1.04669150E+03 1.44409660E-03
 1.04720500E+03 1.44414760E-03
 1.04771900E+03 1.44579750E-03
 1.04823220E+03 1.44649160E-03
 1.04874600E+03 1.44732700E-03
 1.04926030E+03 1.44766140E-03
 1.04977510E+03 1.44799590E-03
 1.05029030E+03 1.44833160E-03
 1.05080490E+03 1.44863170E-03
 1.05131990E+03 1.44855370E-03
 1.05183540E+03 1.44886390E-03
 1.05235140E+03 1.44892860E-03
 1.05286800E+03 1.42811910E-03
 1.05338380E+03 1.44851870E-03
 1.05390010E+03 1.44804710E-03
 1.05441690E+03 1.44757550E-03
 1.05493420E+03 1.44737710E-03
 1.05545200E+03 1.43277270E-03
 1.05596900E+03 1.44415110E-03
 1.05648660E+03 1.44995890E-03
 1.05700460E+03 1.44913960E-03
 1.05752320E+03 1.45097420E-03
 1.05804230E+03 1.45119030E-03
 1.05856060E+03 1.45144730E-03
 1.05907940E+03 1.45145380E-03
 1.05959880E+03 1.45055260E-03
 1.06011860E+03 1.43528750E-03
 1.06063900E+03 1.44118420E-03
 1.06115860E+03 1.43037180E-03
 1.06167870E+03 1.38717850E-03
 1.06219930E+03 1.43142510E-03
 1.06272040E+03 4.03001860E-04
 1.06324200E+03 1.45456910E-03
 1.06376290E+03 1.45463160E-03
 1.06428430E+03 1.45437960E-03
 1.06480620E+03 1.45418660E-03
 1.06532860E+03 1.45409490E-03
 1.06585150E+03 1.44426990E-03
 1.06637360E+03 1.45369710E-03
 1.06689630E+03 1.45445650E-03
 1.06741940E+03 1.45459020E-03
 1.06794310E+03 1.45115520E-03
 1.06846730E+03 1.45496180E-03
 1.06899070E+03 1.40366880E-03
 1.06951470E+03 1.45507710E-03
 1.07003910E+03 1.44346980E-03
 1.07056410E+03 1.43071870E-03
 1.07108960E+03 1.44884530E-03
 1.07161430E+03 1.43322260E-03
 1.07213950E+03 1.38650840E-03
 1.07266530E+03 1.29941680E-03
 1.07319150E+03 1.35271310E-03
 1.07371830E+03 1.35061500E-03
 1.07424430E+03 1.36918710E-03
 1.07477080E+03 1.39614730E-03
 1.07529780E+03 1.43167570E-03
 1.07582540E+03 1.45523380E-03
 1.07635340E+03 1.45599870E-03
 1.07688070E+03 1.45678130E-03
 1.07740850E+03 1.45759170E-03
 1.07793690E+03 1.45318470E-03
 1.07846570E+03 1.45766770E-03
 1.07899510E+03 1.45579470E-03
 1.07952360E+03 1.45724130E-03
 1.08005270E+03 1.45725290E-03
 1.08058240E+03 1.45751970E-03
 1.08111250E+03 1.45557860E-03
 1.08164320E+03 1.45704770E-03
 1.08217300E+03 1.45837640E-03
 1.08270340E+03 1.45874020E-03
 1.08323440E+03 1.43340510E-03
 1.08376580E+03 1.43986680E-03
 1.08429780E+03 1.45975510E-03
 1.08482890E+03 1.42820820E-03
 1.08536060E+03 1.46029040E-03
 1.08589290E+03 1.44220680E-03
 1.08642560E+03 1.46281870E-03
 1.08695890E+03 1.46385250E-03
 1.08749140E+03 1.46487300E-03
 1.08802440E+03 1.46591630E-03
 1.08855790E+03 1.44384370E-03
 1.08909200E+03 1.44233010E-03
 1.08962650E+03 1.41295040E-03
 1.09016030E+03 1.45590940E-03
 1.09069460E+03 1.44231490E-03
 1.09122950E+03 1.45175560E-03
 1.09176480E+03 1.46070330E-03
 1.09230070E+03 1.44989070E-03
 1.09283580E+03 1.45476580E-03
 1.09337140E+03 1.45907190E-03
 1.09390760E+03 1.46330600E-03
 1.09444430E+03 1.46317680E-03
 1.09498150E+03 1.46351780E-03
 1.09551790E+03 1.45314510E-03
 1.09605480E+03 1.46449000E-03
 1.09659230E+03 1.40469310E-03
 1.09713030E+03 1.46527580E-03
 1.09766880E+03 1.42522050E-03
 1.09820650E+03 1.44474980E-03
 1.09874480E+03 1.46512420E-03
 1.09928360E+03 1.46514160E-03
 1.09982290E+03 1.46445800E-03
 1.10036280E+03 1.46522420E-03
 1.10090180E+03 1.46526610E-03
 1.10144140E+03 1.46534050E-03
 1.10198150E+03 1.46398990E-03
 1.10252210E+03 1.46555280E-03
 1.10306330E+03 1.43900830E-03
 1.10360370E+03 1.46422950E-03
 1.10414460E+03 1.45347390E-03
 1.10468600E+03 1.46590090E-03
 1.10522800E+03 1.46598260E-03
 1.10577050E+03 1.46630830E-03
 1.10631220E+03 1.46666970E-03
 1.10685440E+03 1.46705820E-03
 1.10739720E+03 1.46751130E-03
 1.10794050E+03 1.22414820E-03
 1.10848430E+03 1.29212600E-03
 1.10902730E+03 1.46598950E-03
 1.10957090E+03 1.46723490E-03
 1.11011500E+03 1.46501130E-03
 1.11065960E+03 1.46056410E-03
 1.11120480E+03 1.46179420E-03
 1.11174910E+03 1.45932690E-03
 1.11229400E+03 1.43328450E-03
 1.11283940E+03 1.43314360E-03
 1.11338540E+03 1.37850840E-03
 1.11393190E+03 1.34773650E-03
 1.11447760E+03 1.36014090E-03
 1.11502380E+03 1.34483360E-03
 1.11557060E+03 1.35988780E-03
 1.11611790E+03 1.35019780E-03
 1.11666580E+03 1.35756740E-03
 1.11721280E+03 1.34708090E-03
 1.11776040E+03 1.31369640E-03
 1.11830850E+03 1.66103340E-03
 1.11885710E+03 1.57650590E-03
 1.11940630E+03 1.53027670E-03
 1.11995470E+03 1.50927810E-03
 1.12050360E+03 1.48947060E-03
 1.12105310E+03 1.46427650E-03
 1.12160310E+03 1.47805350E-03
 1.12215360E+03 1.46763020E-03
 1.12270330E+03 1.47660820E-03
 1.12325360E+03 1.45532730E-03
 1.12380440E+03 5.98543850E-04
 1.12435570E+03 1.45841270E-03
 1.12490760E+03 9.17214120E-04
 1.12545870E+03 1.44912520E-03
 1.12601030E+03 1.43629000E-03
 1.12656250E+03 1.40633380E-03
 1.12711520E+03 1.39311980E-03
 1.12766840E+03 1.37170510E-03
 1.12822080E+03 6.81423000E-04
 1.12877380E+03 1.26729730E-03
 1.12932730E+03 1.51294330E-03
 1.12988140E+03 1.50091880E-03
 1.13043600E+03 1.35438340E-03
 1.13098980E+03 1.47965180E-03
 1.13154410E+03 1.47794080E-03
 1.13209890E+03 1.47558820E-03
 1.13265440E+03 1.47352510E-03
 1.13321030E+03 1.47235250E-03
 1.13376550E+03 1.47237460E-03
 1.13432110E+03 1.44305670E-03
 1.13487740E+03 1.45709550E-03
 1.13543420E+03 1.47279730E-03
 1.13599150E+03 1.47302700E-03
 1.13654800E+03 1.47401830E-03
 1.13710500E+03 1.47506480E-03
 1.13766260E+03 1.47605100E-03
 1.13822080E+03 1.47548580E-03
 1.13877950E+03 1.47587650E-03
 1.13933730E+03 1.38688380E-03
 1.13989580E+03 1.34067430E-03
 1.14045470E+03 1.47279130E-03
 1.14101420E+03 1.47362610E-03
 1.14157430E+03 1.29361150E-03
 1.14213350E+03 1.47383370E-03
 1.14269330E+03 1.47393060E-03
 1.14325370E+03 1.47400350E-03
 1.14381450E+03 1.47161340E-03
 1.14437600E+03 1.44410810E-03
 1.14493660E+03 1.40058750E-03
 1.14549780E+03 1.47426690E-03
 1.14605950E+03 1.47426060E-03
 1.14662170E+03 1.47436480E-03
 1.14718450E+03 1.47437340E-03
 1.14774650E+03 1.47454640E-03
 1.14830910E+03 1.47333140E-03
 1.14887220E+03 1.47460940E-03
 1.14943580E+03 1.47287870E-03
 1.15000000E+03 1.46842520E-03
 1.15000000E+03 1.46842520E-03
 1.15072300E+03 1.46765580E-03
 1.15144690E+03 1.47508790E-03
 1.15217170E+03 1.48473720E-03
 1.15289740E+03 1.49845600E-03
 1.15362400E+03 1.50412590E-03
 1.15434930E+03 1.50615800E-03
 1.15507540E+03 1.48738870E-03
 1.15580250E+03 1.47337370E-03
 1.15653050E+03 1.42456140E-03
 1.15725940E+03 1.47606420E-03
 1.15798700E+03 1.47258100E-03
 1.15871540E+03 1.47234760E-03
 1.15944480E+03 1.34833090E-03
 1.16017510E+03 1.47392380E-03
 1.16090630E+03 1.47725280E-03
 1.16163620E+03 1.45746040E-03
 1.16236690E+03 1.32842630E-03
 1.16309860E+03 1.47741060E-03
 1.16383120E+03 1.47328740E-03
 1.16456470E+03 1.46814200E-03
 1.16529680E+03 1.47074440E-03
 1.16602990E+03 1.47374510E-03
 1.16676390E+03 1.45068420E-03
 1.16749880E+03 1.45787160E-03
 1.16823460E+03 1.47919840E-03
 1.16896900E+03 1.17211220E-03
 1.16970440E+03 1.46362910E-03
 1.17044070E+03 1.33107330E-03
 1.17117790E+03 1.28852190E-03
 1.17191610E+03 1.27542090E-03
 1.17265280E+03 1.23510300E-03
 1.17339050E+03 1.23140480E-03
 1.17412910E+03 1.21100680E-03
 1.17486870E+03 6.89273300E-04
 1.17560910E+03 8.09078820E-04
 1.17634820E+03 8.02913410E-04
 1.17708820E+03 1.53629350E-03
 1.17782920E+03 1.49728110E-03
 1.17857100E+03 1.50630260E-03
 1.17931380E+03 1.49579560E-03
 1.18005520E+03 1.48180210E-03
 1.18079760E+03 1.47903280E-03
 1.18154090E+03 1.47871870E-03
 1.18228510E+03 1.47985020E-03
 1.18303020E+03 7.56261540E-04
 1.18377400E+03 1.48091760E-03
 1.18451860E+03 7.01714260E-04
 1.18526430E+03 1.47167380E-03
 1.18601080E+03 1.47825690E-03
 1.18675830E+03 1.47838570E-03
 1.18750440E+03 1.47805820E-03
 1.18825140E+03 1.47804440E-03
 1.18899940E+03 1.47842450E-03
 1.18974830E+03 1.47885800E-03
 1.19049820E+03 1.47920950E-03
 1.19124660E+03 1.12265210E-03
 1.19199600E+03 1.47765870E-03
 1.19274630E+03 1.47951470E-03
 1.19349760E+03 1.47917520E-03
 1.19424980E+03 1.47858430E-03
 1.19500060E+03 1.47533600E-03
 1.19575230E+03 1.45121280E-03
 1.19650500E+03 1.43211890E-03
 1.19725870E+03 8.84169470E-04
 1.19801320E+03 1.43306110E-03
 1.19876640E+03 1.44932530E-03
 1.19952050E+03 1.47674030E-03
 1.20027560E+03 1.47476740E-03
 1.20103160E+03 1.46685190E-03
 1.20178860E+03 1.45620690E-03
 1.20254410E+03 1.46276490E-03
 1.20330060E+03 1.46971500E-03
 1.20405800E+03 1.47856720E-03
 1.20481640E+03 1.49669020E-03
 1.20557580E+03 1.52055880E-03
 1.20633370E+03 1.54855700E-03
 1.20709250E+03 1.54179580E-03
 1.20785240E+03 1.51525210E-03
 1.20861320E+03 9.64415460E-04
 1.20937490E+03 1.48081770E-03
 1.21013520E+03 1.37473030E-03
 1.21089650E+03 1.47905170E-03
 1.21165870E+03 1.44024420E-03
 1.21242190E+03 1.47959060E-03
 1.21318600E+03 1.41172460E-03
 1.21394870E+03 1.41741570E-03
 1.21471240E+03 1.47938250E-03
 1.21547700E+03 8.92676410E-04
 1.21624260E+03 1.50826890E-03
 1.21700910E+03 1.37270340E-03
 1.21777420E+03 9.89854890E-04
 1.21854030E+03 1.48185260E-03
 1.21930730E+03 1.48131610E-03
 1.22007530E+03 1.31555140E-03
 1.22084430E+03 1.47983330E-03
 1.22161180E+03 1.47654810E-03
 1.22238030E+03 1.47282520E-03
 1.22314980E+03 1.08349430E-03
 1.22392020E+03 1.47124420E-03
 1.22469160E+03 1.47618880E-03
 1.22546150E+03 1.32220870E-03
 1.22623240E+03 1.48013470E-03
 1.22700430E+03 1.48012230E-03
 1.22777710E+03 1.29975230E-03
 1.22855100E+03 1.47919530E-03
 1.22932330E+03 1.47997970E-03
 1.23009670E+03 1.45678510E-03
 1.23087100E+03 1.47502720E-03
 1.23164620E+03 1.47996160E-03
 1.23242250E+03 1.47984330E-03
 1.23319730E+03 1.47268820E-03
 1.23397310E+03 1.47955190E-03
 1.23474980E+03 1.48016140E-03
 1.23552750E+03 1.48008400E-03
 1.23630620E+03 1.47875540E-03
 1.23708350E+03 1.47989560E-03
 1.23786170E+03 1.47980510E-03
 1.23864090E+03 1.47663570E-03
 1.23942110E+03 1.48028180E-03
 1.24020220E+03 1.47941820E-03
 1.24098190E+03 1.47661060E-03
 1.24176260E+03 1.47388760E-03
 1.24254420E+03 1.47112620E-03
 1.24332690E+03 1.46952790E-03
 1.24411050E+03 1.45671640E-03
 1.24489260E+03 1.47355820E-03
 1.24567580E+03 1.45747540E-03
 1.24645990E+03 1.46667480E-03
 1.24724500E+03 1.00866600E-03
 1.24803110E+03 1.48233680E-03
 1.24881570E+03 1.47779600E-03
 1.24960130E+03 1.47937470E-03
 1.25038790E+03 1.45453930E-03
 1.25117540E+03 1.47990080E-03
 1.25196400E+03 1.45317230E-03
 1.25275110E+03 1.47222300E-03
 1.25353920E+03 1.47793680E-03
 1.25432820E+03 1.48108060E-03
 1.25511830E+03 1.47922720E-03
 1.25590930E+03 1.47549150E-03
 1.25669890E+03 1.47896870E-03
 1.25748940E+03 1.47882970E-03
 1.25828100E+03 1.47895430E-03
 1.25907350E+03 1.47802230E-03
 1.25986710E+03 1.47901940E-03
 1.26065910E+03 1.47882370E-03
 1.26145220E+03 1.47819910E-03
 1.26224620E+03 1.47860770E-03
 1.26304130E+03 1.47870040E-03
 1.26383730E+03 1.44027920E-03
 1.26463190E+03 1.47866800E-03
 1.26542740E+03 1.47812100E-03
 1.26622400E+03 1.47755500E-03
 1.26702150E+03 1.47569830E-03
 1.26782010E+03 1.47106990E-03
 1.26861710E+03 1.45656550E-03
 1.26941520E+03 1.47589920E-03
 1.27021420E+03 1.47385360E-03
 1.27101430E+03 1.47797950E-03
 1.27181540E+03 1.47772700E-03
 1.27261490E+03 1.42690250E-03
 1.27341550E+03 1.47527870E-03
 1.27421710E+03 1.47543990E-03
 1.27501960E+03 1.47661020E-03
 1.27582320E+03 1.47690000E-03
 1.27662530E+03 1.47417020E-03
 1.27742840E+03 1.47713610E-03
 1.27823250E+03 1.47703480E-03
 1.27903760E+03 1.47604280E-03
 1.27984380E+03 1.47689530E-03
 1.28064840E+03 1.47042690E-03
 1.28145400E+03 1.47629390E-03
 1.28226060E+03 1.47079120E-03
 1.28306830E+03 1.47327220E-03
 1.28387690E+03 1.46724470E-03
 1.28468410E+03 1.47136690E-03
 1.28549220E+03 1.47381210E-03
 1.28630140E+03 1.42443050E-03
 1.28711160E+03 1.43388950E-03
 1.28792280E+03 1.47791250E-03
 1.28873250E+03 1.46627240E-03
 1.28954320E+03 1.47790580E-03
 1.29035490E+03 1.47612170E-03
 1.29116770E+03 1.46617780E-03
 1.29198150E+03 1.47429370E-03
 1.29279370E+03 1.47554520E-03
 1.29360700E+03 1.47538780E-03
 1.29442130E+03 1.47163250E-03
 1.29523660E+03 1.47668360E-03
 1.29605290E+03 1.47997040E-03
 1.29686770E+03 1.48149340E-03
 1.29768350E+03 1.47985740E-03
 1.29850040E+03 1.47778760E-03
 1.29931830E+03 1.47576030E-03
 1.30013720E+03 1.47589060E-03
 1.30095450E+03 1.44957420E-03
 1.30177290E+03 1.47569810E-03
 1.30259240E+03 1.47574720E-03
 1.30341280E+03 1.36639410E-03
 1.30423430E+03 1.47419770E-03
 1.30505420E+03 1.47390380E-03
 1.30587520E+03 1.47360370E-03
 1.30669720E+03 1.46946660E-03
 1.30752030E+03 1.47060490E-03
 1.30834440E+03 1.47141720E-03
 1.30916690E+03 1.45815030E-03
 1.30999040E+03 1.47233270E-03
 1.31081500E+03 1.47575560E-03
 1.31164070E+03 1.47157490E-03
 1.31246730E+03 1.47971520E-03
 1.31329250E+03 1.46699170E-03
 1.31411860E+03 1.47739540E-03
 1.31494580E+03 1.47400790E-03
 1.31577410E+03 1.46393900E-03
 1.31660330E+03 1.47361170E-03
 1.31743110E+03 1.46421680E-03
 1.31825980E+03 1.47014090E-03
 1.31908960E+03 1.46387810E-03
 1.31992050E+03 1.47098440E-03
 1.32075240E+03 1.45019670E-03
 1.32158270E+03 1.46823010E-03
 1.32241410E+03 1.47136600E-03
 1.32324650E+03 1.37438570E-03
 1.32407990E+03 1.47373900E-03
 1.32491450E+03 1.41753800E-03
 1.32574740E+03 1.45864950E-03
 1.32658140E+03 1.47277950E-03
 1.32741640E+03 1.47046690E-03
 1.32825250E+03 1.46810370E-03
 1.32908970E+03 1.46915990E-03
 1.32992520E+03 1.40823950E-03
 1.33076190E+03 1.46962520E-03
 1.33159950E+03 1.43355980E-03
 1.33243830E+03 1.38259960E-03
 1.33327810E+03 1.46829810E-03
 1.33411630E+03 1.46805530E-03
 1.33495550E+03 1.46501930E-03
 1.33579580E+03 1.03972490E-03
 1.33663720E+03 1.46248180E-03
 1.33747960E+03 1.46840870E-03
 1.33832050E+03 1.46836260E-03
 1.33916240E+03 1.40123440E-03
 1.34000530E+03 1.46808740E-03
 1.34084940E+03 1.46674610E-03
 1.34169440E+03 1.46393990E-03
 1.34253790E+03 1.46100420E-03
 1.34338250E+03 1.41726910E-03
 1.34422810E+03 1.45807570E-03
 1.34507480E+03 1.45668330E-03
 1.34592250E+03 1.45755800E-03
 1.34676870E+03 1.45885170E-03
 1.34761590E+03 1.46279050E-03
 1.34846420E+03 1.46631680E-03
 1.34931350E+03 1.46657430E-03
 1.35016400E+03 1.38100300E-03
 1.35101280E+03 1.46634550E-03
 1.35186270E+03 1.46640400E-03
 1.35271360E+03 1.46598570E-03
 1.35356560E+03 1.46507660E-03
 1.35441870E+03 1.46525690E-03
 1.35527020E+03 1.43785510E-03
 1.35612280E+03 1.31587260E-03
 1.35697640E+03 1.43154460E-03
 1.35783110E+03 1.45112650E-03
 1.35868690E+03 1.46407410E-03
 1.35954110E+03 1.46512200E-03
 1.36039640E+03 1.46695270E-03
 1.36125270E+03 1.42071740E-03
 1.36211010E+03 1.45873140E-03
 1.36296860E+03 1.44482280E-03
 1.36382540E+03 1.44411310E-03
 1.36468340E+03 1.46230880E-03
 1.36554240E+03 1.37429030E-03
 1.36640250E+03 1.46100440E-03
 1.36726370E+03 1.46281840E-03
 1.36812330E+03 1.46201040E-03
 1.36898390E+03 1.46221610E-03
 1.36984570E+03 1.46205850E-03
 1.37070850E+03 1.46262900E-03
 1.37157240E+03 1.42984360E-03
 1.37243470E+03 1.46344190E-03
 1.37329800E+03 1.46244400E-03
 1.37416250E+03 1.41885320E-03
 1.37502800E+03 1.46069640E-03
 1.37589460E+03 1.45983750E-03
 1.37675960E+03 1.45951430E-03
 1.37762570E+03 1.40472030E-03
 1.37849290E+03 1.40202500E-03
 1.37936110E+03 1.45903840E-03
 1.38023050E+03 1.45843980E-03
 1.38109820E+03 1.45893470E-03
 1.38196700E+03 1.45889570E-03
 1.38283690E+03 1.45833400E-03
 1.38370790E+03 1.45214220E-03
 1.38458000E+03 1.39949260E-03
 1.38545050E+03 1.44068740E-03
 1.38632200E+03 1.35916160E-03
 1.38719470E+03 1.31162360E-03
 1.38806840E+03 7.25346070E-04
 1.38894330E+03 6.63440950E-04
 1.38981650E+03 8.64157910E-04
 1.39069080E+03 1.01619500E-03
 1.39156620E+03 1.25368460E-03
 1.39244270E+03 1.42669860E-03
 1.39332030E+03 1.56775740E-03
 1.39419620E+03 2.00967450E-03
 1.39507330E+03 1.82643630E-03
 1.39595140E+03 1.56268410E-03
 1.39683070E+03 1.29559500E-03
 1.39771100E+03 1.06160780E-03
 1.39858980E+03 1.16017670E-03
 1.39946960E+03 1.20016840E-03
 1.40035050E+03 1.27604340E-03
 1.40123250E+03 1.40318680E-03
 1.40211570E+03 1.51326140E-03
 1.40299710E+03 1.83938100E-03
 1.40387970E+03 1.67371470E-03
 1.40476340E+03 1.59103650E-03
 1.40564820E+03 1.55356080E-03
 1.40653420E+03 1.51693940E-03
 1.40741840E+03 1.41834960E-03
 1.40830380E+03 1.47146320E-03
 1.40919030E+03 1.28491510E-03
 1.41007790E+03 1.45565810E-03
 1.41096660E+03 1.45476060E-03
 1.41185360E+03 1.45249040E-03
 1.41274180E+03 1.45156340E-03
 1.41363110E+03 1.44734520E-03
 1.41452150E+03 1.41712640E-03
 1.41541300E+03 1.44990930E-03
 1.41630280E+03 1.44181820E-03
 1.41719380E+03 1.21798690E-03
 1.41808590E+03 1.33077860E-03
 1.41897910E+03 1.44470220E-03
 1.41987340E+03 1.43553640E-03
 1.42076600E+03 1.41861600E-03
 1.42165980E+03 1.40930710E-03
 1.42255470E+03 1.42394240E-03
 1.42345070E+03 1.40604320E-03
 1.42434790E+03 8.13985590E-04
 1.42524330E+03 1.45908610E-03
 1.42613990E+03 1.43953150E-03
 1.42703760E+03 1.45094360E-03
 1.42793640E+03 1.33807330E-03
 1.42883640E+03 1.38176720E-03
 1.42973470E+03 1.40271000E-03
 1.43063410E+03 1.25841420E-03
 1.43153460E+03 1.41966170E-03
 1.43243630E+03 1.20159660E-03
 1.43333910E+03 1.43545120E-03
 1.43424020E+03 1.40503000E-03
 1.43514250E+03 1.42533280E-03
 1.43604580E+03 1.44210640E-03
 1.43695040E+03 1.41275530E-03
 1.43785600E+03 1.43952550E-03
 1.43876000E+03 1.31123920E-03
 1.43966500E+03 1.38315670E-03
 1.44057130E+03 1.25113130E-03
 1.44147860E+03 1.43939540E-03
 1.44238710E+03 1.43994890E-03
 1.44329390E+03 1.44073880E-03
 1.44420190E+03 1.42703450E-03
 1.44511100E+03 1.34267070E-03
 1.44602120E+03 1.41707060E-03
 1.44693260E+03 1.44090810E-03
 1.44784220E+03 1.43992160E-03
 1.44875300E+03 1.35722130E-03
 1.44966490E+03 1.44241770E-03
 1.45057800E+03 1.44111830E-03
 1.45149230E+03 1.44041420E-03
 1.45240480E+03 1.23871080E-03
 1.45331850E+03 1.43848630E-03
 1.45423330E+03 1.42775970E-03
 1.45514930E+03 1.43629450E-03
 1.45606640E+03 1.41669280E-03
 1.45698180E+03 1.43201780E-03
 1.45789830E+03 1.32872000E-03
 1.45881600E+03 1.41455480E-03
 1.45973490E+03 1.35928130E-03
 1.46065490E+03 1.39578860E-03
 1.46157320E+03 1.44453010E-03
 1.46249260E+03 1.40792540E-03
 1.46341320E+03 1.43354600E-03
 1.46433500E+03 1.43582120E-03
 1.46525790E+03 1.43457030E-03
 1.46617910E+03 1.43468010E-03
 1.46710140E+03 1.35932250E-03
 1.46802490E+03 1.32194410E-03
 1.46894950E+03 1.17848280E-03
 1.46987540E+03 1.32550140E-03
 1.47079940E+03 1.42750300E-03
 1.47172470E+03 1.38816670E-03
 1.47265110E+03 1.33837910E-03
 1.47357860E+03 1.34196360E-03
 1.47450740E+03 1.43114530E-03
 1.47543440E+03 1.44264960E-03
 1.47636250E+03 1.42789340E-03
 1.47729190E+03 1.47566280E-03
 1.47822240E+03 1.40580210E-03
 1.47915400E+03 1.43988340E-03
 1.48008390E+03 1.42715400E-03
 1.48101500E+03 1.43201950E-03
 1.48194730E+03 1.43106590E-03
 1.48288070E+03 1.42930820E-03
 1.48381530E+03 1.42442150E-03
 1.48474810E+03 1.40528130E-03
 1.48568210E+03 1.42896410E-03
 1.48661730E+03 1.42810070E-03
 1.48755370E+03 1.42822630E-03
 1.48849130E+03 1.42206470E-03
 1.48942700E+03 1.40907550E-03
 1.49036400E+03 1.42796610E-03
 1.49130210E+03 1.43038320E-03
 1.49224140E+03 1.43122790E-03
 1.49318200E+03 1.42899620E-03
 1.49412070E+03 1.42696500E-03
 1.49506060E+03 1.41898810E-03
 1.49600170E+03 1.41580010E-03
 1.49694400E+03 1.40503560E-03
 1.49788740E+03 1.23873730E-03
 1.49882910E+03 1.26885780E-03
 1.49977200E+03 1.35463050E-03
 1.50071600E+03 1.41287920E-03
 1.50166130E+03 1.16356730E-03
 1.50260770E+03 1.42383860E-03
 1.50355240E+03 1.39346580E-03
 1.50449820E+03 1.36658920E-03
 1.50544530E+03 1.32373990E-03
 1.50639350E+03 1.42105630E-03
 1.50734290E+03 1.42022250E-03
 1.50829060E+03 1.41987970E-03
 1.50923940E+03 1.41939120E-03
 1.51018940E+03 1.42000980E-03
 1.51114060E+03 1.26448020E-03
 1.51209300E+03 1.38620420E-03
 1.51304360E+03 1.41518750E-03
 1.51399550E+03 1.42023370E-03
 1.51494850E+03 1.32823610E-03
 1.51590270E+03 1.41462180E-03
 1.51685810E+03 1.41357120E-03
 1.51781170E+03 1.24119550E-03
 1.51876650E+03 1.41200500E-03
 1.51972250E+03 1.41580350E-03
 1.52067980E+03 1.20919860E-03
 1.52163820E+03 1.26879100E-03
 1.52259480E+03 1.41740490E-03
 1.52355260E+03 1.41610260E-03
 1.52451170E+03 1.39673480E-03
 1.52547190E+03 1.41443220E-03
 1.52643330E+03 1.39450200E-03
 1.52739300E+03 1.37991790E-03
 1.52835380E+03 1.43002780E-03
 1.52931590E+03 1.44846470E-03
 1.53027910E+03 8.96891300E-04
 1.53124360E+03 9.17576700E-04
 1.53220630E+03 1.43238850E-03
 1.53317010E+03 1.22905020E-03
 1.53413520E+03 1.38661980E-03
 1.53510150E+03 1.41147140E-03
 1.53606900E+03 1.41047010E-03
 1.53703470E+03 1.40988700E-03
 1.53800160E+03 1.40660120E-03
 1.53896970E+03 1.12246920E-03
 1.53993910E+03 1.38022640E-03
 1.54090970E+03 1.64717310E-04
 1.54187840E+03 1.14650510E-06
 1.54284830E+03 6.86634590E-06
 1.54381950E+03 1.08787880E-05
 1.54479190E+03 5.54446020E-06
 1.54576550E+03 3.58534240E-05
 1.54673730E+03 1.33619740E-04
 1.54771030E+03 2.63087120E-04
 1.54868460E+03 5.06869520E-04
 1.54966000E+03 8.54122010E-04
 1.55063670E+03 1.37264540E-03
 1.55161160E+03 2.19976610E-03
 1.55258760E+03 1.96942370E-03
 1.55356500E+03 1.73066040E-03
 1.55454350E+03 1.61984030E-03
 1.55552330E+03 1.51429110E-03
 1.55650120E+03 1.38853890E-03
 1.55748030E+03 9.67114840E-04
 1.55846070E+03 1.42728440E-03
 1.55944230E+03 1.42349140E-03
 1.56042520E+03 1.35275890E-03
 1.56140620E+03 1.22595940E-03
 1.56238840E+03 1.11469520E-03
 1.56337190E+03 1.42400750E-03
 1.56435660E+03 1.37187330E-03
 1.56534260E+03 1.33751760E-03
 1.56632670E+03 1.14354760E-03
 1.56731200E+03 1.41727550E-03
 1.56829860E+03 7.84124290E-04
 1.56928640E+03 1.07966860E-03
 1.57027550E+03 1.33026170E-03
 1.57126270E+03 8.33037320E-04
 1.57225110E+03 1.37619940E-03
 1.57324080E+03 1.39464640E-03
 1.57423170E+03 1.39601420E-03
 1.57522390E+03 1.03911000E-03
 1.57621420E+03 1.36280220E-03
 1.57720570E+03 1.04622010E-03
 1.57819850E+03 1.37609640E-03
 1.57919260E+03 1.35468500E-03
 1.58018790E+03 1.21724800E-03
 1.58118130E+03 1.39189350E-03
 1.58217600E+03 1.39277400E-03
 1.58317190E+03 1.39557300E-03
 1.58416910E+03 1.33924480E-03
 1.58516760E+03 1.25686220E-03
 1.58616410E+03 1.40770120E-03
 1.58716190E+03 1.40597850E-03
 1.58816100E+03 1.39137830E-03
 1.58916130E+03 1.39107820E-03
 1.59016290E+03 1.35673890E-03
 1.59116260E+03 1.35781650E-03
 1.59216360E+03 1.34591060E-03
 1.59316580E+03 1.37791490E-03
 1.59416930E+03 1.37849340E-03
 1.59517400E+03 1.38363350E-03
 1.59617690E+03 1.38954900E-03
 1.59718100E+03 1.39088960E-03
 1.59818630E+03 1.38814360E-03
 1.59919300E+03 1.38592920E-03
 1.60020090E+03 1.37895380E-03
 1.60120690E+03 1.17965220E-03
 1.60221420E+03 1.38196260E-03
 1.60322270E+03 8.90436820E-04
 1.60423250E+03 1.31712090E-03
 1.60524360E+03 1.38122890E-03
 1.60625280E+03 1.33732300E-03
 1.60726330E+03 1.37992470E-03
 1.60827500E+03 1.37741210E-03
 1.60928800E+03 1.36521970E-03
 1.61030220E+03 8.74400500E-04
 1.61131460E+03 1.36479170E-03
 1.61232820E+03 1.37654490E-03
 1.61334320E+03 1.31134550E-03
 1.61435930E+03 1.37671320E-03
 1.61537680E+03 1.36792600E-03
 1.61639240E+03 1.37171160E-03
 1.61740920E+03 1.37531100E-03
 1.61842730E+03 1.36817810E-03
 1.61944670E+03 1.35964380E-03
 1.62046740E+03 1.34386170E-03
 1.62148610E+03 1.12361600E-03
 1.62250610E+03 1.37387100E-03
 1.62352750E+03 8.53736240E-04
 1.62455010E+03 1.35757860E-03
 1.62557400E+03 1.37144100E-03
 1.62659590E+03 1.34761950E-03
 1.62761920E+03 1.37176690E-03
 1.62864370E+03 1.33704250E-03
 1.62966950E+03 1.35526690E-03
 1.63069660E+03 9.37792390E-04
 1.63172180E+03 9.52216210E-04
 1.63274830E+03 1.37081460E-03
 1.63377610E+03 1.36382410E-03
 1.63480510E+03 1.27096850E-03
 1.63583550E+03 1.16030380E-03
 1.63686390E+03 1.36681540E-03
 1.63789360E+03 1.36449320E-03
 1.63892460E+03 1.36346260E-03
 1.63995690E+03 8.42654010E-04
 1.64099050E+03 1.36366080E-03
 1.64202210E+03 1.35951500E-03
 1.64305510E+03 1.36572560E-03
 1.64408940E+03 1.35382610E-03
 1.64512490E+03 1.31471790E-03
 1.64616180E+03 1.36366720E-03
 1.64719670E+03 1.13938540E-03
 1.64823290E+03 1.36318510E-03
 1.64927040E+03 1.33477310E-03
 1.65030920E+03 1.34307820E-03
 1.65134930E+03 1.35970940E-03
 1.65238750E+03 1.36035690E-03
 1.65342700E+03 9.24911990E-04
 1.65446770E+03 1.36015620E-03
 1.65550980E+03 1.35867470E-03
 1.65655320E+03 1.15316700E-03
 1.65759470E+03 1.33600480E-03
 1.65863740E+03 1.35861500E-03
 1.65968150E+03 1.35702240E-03
 1.66072690E+03 1.32130220E-03
 1.66177360E+03 1.32431620E-03
 1.66281830E+03 1.35673620E-03
 1.66386430E+03 1.35645330E-03
 1.66491170E+03 1.20630520E-03
 1.66596030E+03 1.35484980E-03
 1.66701030E+03 1.29633900E-03
 1.66805830E+03 9.67992820E-04
 1.66910770E+03 1.35359360E-03
 1.67015830E+03 1.33177100E-03
 1.67121030E+03 1.35168890E-03
 1.67226360E+03 1.19103510E-03
 1.67331490E+03 1.27050840E-03
 1.67436750E+03 1.35154560E-03
 1.67542150E+03 1.29343490E-03
 1.67647680E+03 1.22518520E-03
 1.67753340E+03 1.35032640E-03
 1.67858800E+03 1.34972530E-03
 1.67964400E+03 1.34916330E-03
 1.68070130E+03 1.34832960E-03
 1.68175990E+03 1.26316660E-03
 1.68281980E+03 1.34768520E-03
 1.68387780E+03 1.34711690E-03
 1.68493710E+03 1.34659940E-03
 1.68599770E+03 1.33583130E-03
 1.68705960E+03 1.34204130E-03
 1.68812290E+03 1.34581170E-03
 1.68918420E+03 1.34460850E-03
 1.69024680E+03 1.10562970E-03
 1.69131080E+03 1.34400650E-03
 1.69237610E+03 1.34182990E-03
 1.69344270E+03 1.34282560E-03
 1.69450730E+03 1.31125260E-03
 1.69557330E+03 1.34132680E-03
 1.69664060E+03 1.34121910E-03
 1.69770930E+03 1.34045970E-03
 1.69877930E+03 1.21054160E-03
 1.69984730E+03 1.33932820E-03
 1.70091660E+03 1.26750720E-03
 1.70198730E+03 1.33920590E-03
 1.70305930E+03 1.33855660E-03
 1.70413270E+03 1.26698080E-03
 1.70520400E+03 1.33750100E-03
 1.70627670E+03 1.33666680E-03
 1.70735080E+03 9.37213090E-04
 1.70842620E+03 1.33320040E-03
 1.70950290E+03 1.33419010E-03
 1.71057760E+03 1.33368650E-03
 1.71165370E+03 1.33538090E-03
 1.71273110E+03 8.01851370E-04
 1.71380990E+03 1.33155820E-03
 1.71489010E+03 1.32832450E-03
 1.71596820E+03 1.29393870E-03
 1.71704770E+03 1.06387270E-03
 1.71812850E+03 7.75742430E-04
 1.71921070E+03 1.32430000E-03
 1.72029420E+03 1.33051580E-03
 1.72137570E+03 1.29289440E-03
 1.72245860E+03 1.21806830E-03
 1.72354280E+03 1.26444590E-03
 1.72462840E+03 1.17317410E-03
 1.72571540E+03 1.08947780E-03
 1.72680030E+03 1.32789580E-03
 1.72788660E+03 1.32709410E-03
 1.72897430E+03 1.32667870E-03
 1.73006330E+03 1.31945750E-03
 1.73115370E+03 1.26811570E-03
 1.73224200E+03 1.32513050E-03
 1.73333170E+03 1.32475860E-03
 1.73442280E+03 1.32416530E-03
 1.73551520E+03 1.32326590E-03
 1.73660910E+03 1.32318280E-03
 1.73770080E+03 1.32266350E-03
 1.73879400E+03 1.26491410E-03
 1.73988850E+03 1.32162790E-03
 1.74098440E+03 1.31983490E-03
 1.74208170E+03 1.31652150E-03
 1.74317690E+03 1.32014400E-03
 1.74427350E+03 1.30971690E-03
 1.74537140E+03 1.22438230E-03
 1.74647080E+03 1.31863880E-03
 1.74757150E+03 1.31781950E-03
 1.74867020E+03 1.31771610E-03
 1.74977020E+03 1.31412080E-03
 1.75087160E+03 1.31707430E-03
 1.75197440E+03 1.31692450E-03
 1.75307860E+03 1.11018070E-03
 1.75418080E+03 1.31507400E-03
 1.75528430E+03 1.31443570E-03
 1.75638920E+03 1.31390340E-03
 1.75749550E+03 1.31329500E-03
 1.75860310E+03 1.24026700E-03
 1.75970870E+03 1.21076260E-03
 1.76081570E+03 1.29664470E-03
 1.76192410E+03 1.31136890E-03
 1.76303390E+03 1.21165790E-03
 1.76414500E+03 1.31000440E-03
 1.76525410E+03 1.30996300E-03
 1.76636460E+03 1.30927360E-03
 1.76747650E+03 1.30242600E-03
 1.76858970E+03 1.30822660E-03
 1.76970440E+03 1.20633650E-03
 1.77081700E+03 1.30717670E-03
 1.77193100E+03 1.26048580E-03
 1.77304630E+03 1.29101810E-03
 1.77416310E+03 1.30261030E-03
 1.77528130E+03 1.28913740E-03
 1.77639740E+03 1.30428000E-03
 1.77751490E+03 1.30385020E-03
 1.77863370E+03 1.29139330E-03
 1.77975400E+03 1.30282760E-03
 1.78087580E+03 1.29359970E-03
 1.78199540E+03 1.22438920E-03
 1.78311640E+03 1.19131740E-03
 1.78423880E+03 1.30075000E-03
 1.78536260E+03 1.26029830E-03
 1.78648780E+03 1.29964890E-03
 1.78761100E+03 1.29849660E-03
 1.78873550E+03 1.24354630E-03
 1.78986150E+03 1.29797220E-03
 1.79098880E+03 1.28100060E-03
 1.79211760E+03 9.02430110E-04
 1.79324430E+03 1.29047000E-03
 1.79437240E+03 1.29593210E-03
 1.79550190E+03 1.29512370E-03
 1.79663280E+03 1.29372300E-03
 1.79776510E+03 1.29433690E-03
 1.79889540E+03 1.26644320E-03
 1.80002700E+03 1.29323670E-03
 1.80116010E+03 1.29237670E-03
 1.80229450E+03 1.29217230E-03
 1.80343050E+03 1.29158080E-03
 1.80456420E+03 1.24629360E-03
 1.80569940E+03 1.24340450E-03
 1.80683610E+03 1.28997470E-03
 1.80797410E+03 1.28936630E-03
 1.80911360E+03 1.28838250E-03
 1.81025100E+03 1.28842530E-03
 1.81138980E+03 1.28094240E-03
 1.81253000E+03 9.93886850E-04
 1.81367160E+03 1.28678250E-03
 1.81481470E+03 1.28619800E-03
 1.81595560E+03 1.28564630E-03
 1.81709800E+03 1.27167550E-03
 1.81824180E+03 1.28455810E-03
 1.81938710E+03 1.28239230E-03
 1.82053370E+03 1.26347720E-03
 1.82167830E+03 9.85912110E-04
 1.82282420E+03 1.28231850E-03
 1.82397170E+03 1.28174200E-03
 1.82512050E+03 1.27514150E-03
 1.82627080E+03 1.08217190E-03
 1.82741890E+03 1.06210200E-03
 1.82856850E+03 1.27815290E-03
 1.82971950E+03 1.27865810E-03
 1.83087200E+03 1.27798220E-03
 1.83202600E+03 1.27799940E-03
 1.83317770E+03 1.27739660E-03
 1.83433090E+03 1.26492870E-03
 1.83548560E+03 1.27625990E-03
 1.83664170E+03 1.27563350E-03
 1.83779920E+03 1.27496740E-03
 1.83895460E+03 1.26603130E-03
 1.84011150E+03 9.51054100E-04
 1.84126970E+03 1.25965470E-03
 1.84242950E+03 1.27172340E-03
 1.84359070E+03 1.27202040E-03
 1.84474970E+03 1.23760680E-03
 1.84591020E+03 1.26269690E-03
 1.84707220E+03 1.27038670E-03
 1.84823560E+03 1.24578650E-03
 1.84940040E+03 1.19958880E-03
 1.85056310E+03 1.04227590E-03
 1.85172720E+03 1.26564550E-03
 1.85289290E+03 1.26422230E-03
 1.85405990E+03 1.20492400E-03
 1.85522850E+03 1.26678080E-03
 1.85639480E+03 1.26617500E-03
 1.85756260E+03 1.26540740E-03
 1.85873190E+03 1.23361550E-03
 1.85990260E+03 1.23968130E-03
 1.86107490E+03 1.26400960E-03
 1.86224490E+03 1.26285140E-03
 1.86341640E+03 1.26014290E-03
 1.86458930E+03 1.26125290E-03
 1.86576380E+03 1.26166520E-03
 1.86693970E+03 1.26107070E-03
 1.86811340E+03 1.26043280E-03
 1.86928860E+03 1.25950380E-03
 1.87046520E+03 1.25928980E-03
 1.87164340E+03 1.25875170E-03
 1.87282300E+03 1.12545210E-03
 1.87400040E+03 1.15347470E-03
 1.87517930E+03 1.25693330E-03
 1.87635960E+03 1.23557130E-03
 1.87754150E+03 1.25192870E-03
 1.87872480E+03 1.25542340E-03
 1.87990600E+03 1.25483240E-03
 1.88108860E+03 1.24977840E-03
 1.88227260E+03 1.23962920E-03
 1.88345820E+03 1.25308880E-03
 1.88464530E+03 1.21935680E-03
 1.88583010E+03 1.25009860E-03
 1.88701640E+03 1.24015600E-03
 1.88820430E+03 1.25078540E-03
 1.88939360E+03 1.22922820E-03
 1.89058440E+03 1.17556430E-03
 1.89177300E+03 1.24882760E-03
 1.89296300E+03 1.23562650E-03
 1.89415460E+03 1.23764010E-03
 1.89534760E+03 1.09483440E-03
 1.89654220E+03 1.24676620E-03
 1.89773450E+03 1.24617800E-03
 1.89892830E+03 1.22493730E-03
 1.90012360E+03 1.24506510E-03
 1.90132050E+03 1.21946760E-03
 1.90251880E+03 1.24388510E-03
 1.90371490E+03 1.24330400E-03
 1.90491240E+03 1.24272550E-03
 1.90611150E+03 1.24214120E-03
 1.90731210E+03 1.24154480E-03
 1.90851420E+03 1.24046970E-03
 1.90971410E+03 1.24040110E-03
 1.91091540E+03 1.23981930E-03
 1.91211830E+03 1.23923220E-03
 1.91332260E+03 1.23864360E-03
 1.91452850E+03 1.23805910E-03
 1.91573220E+03 1.22634210E-03
 1.91693730E+03 1.23672140E-03
 1.91814390E+03 1.23472880E-03
 1.91935210E+03 1.23570980E-03
 1.92056180E+03 1.22372900E-03
 1.92176920E+03 1.23446290E-03
 1.92297820E+03 9.12918360E-04
 1.92418860E+03 1.22759650E-03
 1.92540060E+03 1.23254760E-03
 1.92661410E+03 1.23216850E-03
 1.92782530E+03 1.23159200E-03
 1.92903810E+03 1.23031730E-03
 1.93025230E+03 1.21933680E-03
 1.93146810E+03 1.03183730E-03
 1.93268550E+03 1.22846090E-03
 1.93390050E+03 1.22864470E-03
 1.93511710E+03 1.22804490E-03
 1.93633510E+03 1.22396170E-03
 1.93755480E+03 1.18060730E-03
 1.93877590E+03 1.17735080E-03
 1.93999480E+03 1.17977830E-03
 1.94121520E+03 1.22509090E-03
 1.94243710E+03 1.22449700E-03
 1.94366060E+03 1.22356060E-03
 1.94488560E+03 1.22330650E-03
 1.94610830E+03 1.22270760E-03
 1.94733260E+03 1.22210990E-03
 1.94855840E+03 1.22149570E-03
 1.94978570E+03 1.22001270E-03
 1.95101460E+03 1.02241660E-03
 1.95224110E+03 1.21776400E-03
 1.95346920E+03 1.13330830E-03
 1.95469890E+03 1.19633630E-03
 1.95593010E+03 1.17878670E-03
 1.95716280E+03 1.19934860E-03
 1.95839320E+03 1.21656330E-03
 1.95962520E+03 1.21617160E-03
 1.96085870E+03 1.15800610E-03
 1.96209380E+03 1.21495200E-03
 1.96333040E+03 1.21434750E-03
 1.96456470E+03 1.21374000E-03
 1.96580060E+03 1.21313630E-03
 1.96703800E+03 1.20924300E-03
 1.96827700E+03 1.20179370E-03
 1.96951750E+03 1.21133790E-03
 1.97075570E+03 1.21073550E-03
 1.97199540E+03 1.16750720E-03
 1.97323680E+03 1.20951270E-03
 1.97447960E+03 1.20892460E-03
 1.97572410E+03 1.20082310E-03
 1.97696620E+03 1.20771810E-03
 1.97820980E+03 1.20710740E-03
 1.97945500E+03 1.20651280E-03
 1.98070180E+03 1.20590080E-03
 1.98195020E+03 1.20451690E-03
 1.98319620E+03 1.20469660E-03
 1.98444380E+03 1.20332980E-03
 1.98569290E+03 1.20096860E-03
 1.98694360E+03 1.20257060E-03
 1.98819590E+03 1.20226690E-03
 1.98944590E+03 1.20166130E-03
 1.99069740E+03 1.20105770E-03
 1.99195040E+03 1.16826760E-03
 1.99320510E+03 1.16084760E-03
 1.99446130E+03 1.19922920E-03
 1.99571520E+03 1.19747010E-03
 1.99697070E+03 1.19799380E-03
 1.99822770E+03 1.19739800E-03
 1.99948630E+03 1.18022620E-03
 2.00074650E+03 1.18557890E-03
 2.00200430E+03 1.19216600E-03
 2.00326370E+03 1.18552310E-03
 2.00452470E+03 1.19434930E-03
 2.00578730E+03 1.17546210E-03
 2.00705150E+03 1.19263620E-03
 2.00831330E+03 1.19246190E-03
 2.00957660E+03 1.19189880E-03
 2.01084160E+03 1.14619310E-03
 2.01210820E+03 1.18317810E-03
 2.01337630E+03 1.16862250E-03
 2.01464210E+03 1.18945010E-03
 2.01590940E+03 1.18883650E-03
 2.01717840E+03 1.18820030E-03
 2.01844890E+03 1.18760590E-03
 2.01972110E+03 1.18698860E-03
 2.02099080E+03 1.18637430E-03
 2.02226220E+03 1.18575860E-03
 2.02353510E+03 1.18514220E-03
 2.02480970E+03 1.18451870E-03
 2.02608590E+03 1.18389490E-03
 2.02735960E+03 1.18041200E-03
 2.02863500E+03 1.18268050E-03
 2.02991190E+03 1.18206090E-03
 2.03119050E+03 1.18144270E-03
 2.03247070E+03 1.18082400E-03
 2.03374850E+03 1.18020650E-03
 2.03502780E+03 1.17209110E-03
 2.03630880E+03 1.17896910E-03
 2.03759140E+03 1.17606530E-03
 2.03887560E+03 1.17657950E-03
 2.04015740E+03 1.11133960E-03
 2.04144080E+03 1.16127410E-03
 2.04272590E+03 1.17581080E-03
 2.04401250E+03 1.17524580E-03
 2.04530080E+03 1.17462320E-03
 2.04658660E+03 1.16704340E-03
 2.04787400E+03 1.17338240E-03
 2.04916310E+03 1.17275860E-03
 2.05045380E+03 1.18798240E-03
 2.05174610E+03 1.17481260E-03
 2.05303600E+03 1.18673490E-03
 2.05432750E+03 1.18593960E-03
 2.05562070E+03 1.18547170E-03
 2.05691540E+03 1.17365820E-03
 2.05821180E+03 1.18420660E-03
 2.05950580E+03 1.18357470E-03
 2.06080130E+03 1.18294230E-03
 2.06209860E+03 1.15567570E-03
 2.06339740E+03 1.18167570E-03
 2.06469790E+03 1.17182290E-03
 2.06599590E+03 1.18040370E-03
 2.06729560E+03 1.17000690E-03
 2.06859690E+03 1.17913200E-03
 2.06989980E+03 1.17850390E-03
 2.07120440E+03 1.10003500E-03
 2.07250650E+03 1.17723150E-03
 2.07381030E+03 1.17659540E-03
 2.07511570E+03 1.17595790E-03
 2.07642270E+03 1.17531890E-03
 2.07773140E+03 1.15546560E-03
 2.07903760E+03 1.17404300E-03
 2.08034550E+03 1.17062510E-03
 2.08165500E+03 1.17276820E-03
 2.08296620E+03 1.17212830E-03
 2.08427900E+03 1.16425170E-03
 2.08558930E+03 1.15968980E-03
 2.08690130E+03 1.17021280E-03
 2.08821490E+03 1.16957490E-03
 2.08953020E+03 1.16893510E-03
 2.09084720E+03 1.00431440E-03
 2.09216160E+03 1.16753840E-03
 2.09347780E+03 1.16631380E-03
 2.09479550E+03 1.16637820E-03
 2.09611500E+03 1.16573680E-03
 2.09743610E+03 1.16509420E-03
 2.09875470E+03 1.16443840E-03
 2.10007500E+03 1.15654770E-03
 2.10139690E+03 1.16316930E-03
 2.10272050E+03 1.16249320E-03
 2.10404580E+03 1.16189500E-03
 2.10536850E+03 1.16124870E-03
 2.10669290E+03 1.16060480E-03
 2.10801900E+03 1.07262410E-03
 2.10934680E+03 1.15931580E-03
 2.11067630E+03 1.15867020E-03
 2.11200320E+03 1.15802580E-03
 2.11333180E+03 1.15730640E-03
 2.11466210E+03 1.15159710E-03
 2.11599400E+03 1.15608810E-03
 2.11732760E+03 1.14803010E-03
 2.11865880E+03 1.15479460E-03
 2.11999160E+03 1.15414810E-03
 2.12132600E+03 1.15353240E-03
 2.12266220E+03 1.15285050E-03
 2.12400000E+03 1.15219930E-03
 2.12500000E+03 1.15172980E-03
 2.13923310E+03 1.14484990E-03
 2.17500000E+03 1.12764440E-03
 2.22500000E+03 1.10382020E-03
 2.23681870E+03 1.09823190E-03
 2.27500000E+03 1.08030100E-03
 2.32500000E+03 1.05712250E-03
 2.34373310E+03 1.04853220E-03
 2.37500000E+03 1.03431360E-03
 2.40111680E+03 1.02255470E-03
 2.42500000E+03 1.01189790E-03
 2.46138090E+03 9.95845440E-04
 2.46141120E+03 9.95832230E-04
 2.48000000E+03 9.87716370E-04
 2.48738280E+03 9.84509420E-04
 2.51393980E+03 9.73051010E-04
 2.51397140E+03 9.73037440E-04
 2.53000000E+03 9.66180990E-04
 2.56038020E+03 9.53309060E-04
 2.57500000E+03 9.47172800E-04
 2.60856860E+03 9.33227310E-04
 2.60860260E+03 9.34973040E-04
 2.62500000E+03 9.28210170E-04
 2.67500000E+03 9.07887560E-04
 2.72258120E+03 8.88968470E-04
 2.77500000E+03 8.68601720E-04
 2.82500000E+03 8.49639230E-04
 2.84701560E+03 8.41433190E-04
 2.87500000E+03 8.31128430E-04
 2.95000000E+03 8.04202440E-04
 2.98336920E+03 7.92543400E-04
 3.05000000E+03 7.69846440E-04
 3.05656400E+03 7.67652170E-04
 3.13344070E+03 7.42501760E-04
 3.13348980E+03 7.42898020E-04
 3.15000000E+03 7.37623580E-04
 3.20394980E+03 7.20704690E-04
 3.25000000E+03 7.06640900E-04
 3.27770520E+03 6.98344600E-04
 3.35000000E+03 6.77268030E-04
 3.35493630E+03 6.75858630E-04
 3.39493300E+03 6.64576720E-04
 3.43589480E+03 6.53273450E-04
 3.43595380E+03 6.57656800E-04
 3.45000000E+03 6.53824030E-04
 3.48542270E+03 6.44286030E-04
 3.53639930E+03 6.30875970E-04
 3.55000000E+03 6.27360150E-04
 3.58888920E+03 6.17448900E-04
 3.61572280E+03 6.10730920E-04
 3.62000000E+03 6.09669100E-04
 3.64296070E+03 6.04011020E-04
 3.64302710E+03 6.04976300E-04
 3.64701290E+03 6.03998180E-04
 3.64707940E+03 6.88889140E-04
 3.67132800E+03 6.82857220E-04
 3.69596950E+03 6.76795110E-04
 3.69603780E+03 6.78042580E-04
 3.72617810E+03 6.70734950E-04
 3.75000000E+03 6.65029010E-04
 3.75688450E+03 6.63391380E-04
 3.75695510E+03 6.63374610E-04
 3.85000000E+03 6.41732050E-04
 3.95000000E+03 6.19455690E-04
 3.98703810E+03 6.11453990E-04
 4.05000000E+03 5.98150630E-04
 4.15000000E+03 5.77769950E-04
 4.24723130E+03 5.58797590E-04
 4.35000000E+03 5.39606080E-04
 4.54375580E+03 5.05682480E-04
 4.55000000E+03 5.04635990E-04
 4.65000000E+03 4.88255610E-04
 4.70810620E+03 4.79057000E-04
 4.75000000E+03 4.72566010E-04
 4.85000000E+03 4.57535130E-04
 4.88479220E+03 4.52454380E-04
 4.88491150E+03 4.52437080E-04
 4.95000000E+03 4.43132510E-04
 5.02633170E+03 4.32543550E-04
 5.05000000E+03 4.29329190E-04
 5.15000000E+03 4.16097580E-04
 5.17631830E+03 4.12706940E-04
 5.25000000E+03 4.03411370E-04
 5.33553160E+03 3.92974400E-04
 5.35000000E+03 3.91245450E-04
 5.41886840E+03 3.83156980E-04
 5.45000000E+03 3.79575840E-04
 5.50484980E+03 3.73377560E-04
 5.50500130E+03 3.73360630E-04
 5.55000000E+03 3.68379640E-04
 5.59581430E+03 3.63402270E-04
 5.65000000E+03 3.57634950E-04
 5.68983570E+03 3.53475800E-04
 5.68999760E+03 3.53971840E-04
 5.75000000E+03 3.47822940E-04
 5.85000000E+03 3.37901590E-04
 5.95000000E+03 3.28371810E-04
 6.05000000E+03 3.19215430E-04
 6.15000000E+03 3.10415110E-04
 6.16217930E+03 3.09366800E-04
 6.25000000E+03 3.01954280E-04
 6.35000000E+03 2.93817200E-04
 6.45000000E+03 2.85988840E-04
 6.55000000E+03 2.78454890E-04
 6.65000000E+03 2.71201750E-04
 6.72004620E+03 2.66281470E-04
 6.75000000E+03 2.64216470E-04
 6.85000000E+03 2.57486750E-04
 6.95000000E+03 2.51000890E-04
 7.05000000E+03 2.44747790E-04
 7.15000000E+03 2.38716930E-04
 7.25000000E+03 2.32898260E-04
 7.35000000E+03 2.27282340E-04
 7.38897600E+03 2.25146420E-04
 7.45000000E+03 2.21860130E-04
 7.55000000E+03 2.16623090E-04
 7.65000000E+03 2.11563140E-04
 7.75000000E+03 2.06672590E-04
 7.77599690E+03 2.05428030E-04
 7.85000000E+03 2.01944130E-04
 7.95000000E+03 1.97370890E-04
 8.05000000E+03 1.92946270E-04
 8.15000000E+03 1.88664060E-04
 8.20580150E+03 1.86334220E-04
 8.20613820E+03 1.93914710E-04
 8.25000000E+03 1.92066960E-04
 8.35000000E+03 1.87949160E-04
 8.45000000E+03 1.83958910E-04
 8.55000000E+03 1.80091100E-04
 8.65000000E+03 1.76340900E-04
 8.75000000E+03 1.72703640E-04
 8.85000000E+03 1.69174930E-04
 8.95000000E+03 1.65750570E-04
 9.05000000E+03 1.62426530E-04
 9.15000000E+03 1.59199010E-04
 9.21353280E+03 1.57196940E-04
 9.25000000E+03 1.56064360E-04
 9.35000000E+03 1.53019090E-04
 9.45000000E+03 1.50059900E-04
 9.55000000E+03 1.47183640E-04
 9.65000000E+03 1.44387250E-04
 9.75000000E+03 1.41667880E-04
 9.85000000E+03 1.39022760E-04
 9.95000000E+03 1.36449260E-04
 1.01250000E+04 1.32110470E-04
 1.03750000E+04 1.26254420E-04
 1.05034290E+04 1.23392900E-04
 1.06250000E+04 1.20770880E-04
 1.08750000E+04 1.15629510E-04
 1.11250000E+04 1.10802960E-04
 1.13750000E+04 1.06266530E-04
 1.16250000E+04 1.01997860E-04
 1.18750000E+04 9.79766340E-05
 1.21250000E+04 9.41843970E-05
 1.22132930E+04 9.28966020E-05
 1.23750000E+04 9.06043170E-05
 1.26250000E+04 8.72210390E-05
 1.28750000E+04 8.40205250E-05
 1.31250000E+04 8.09899370E-05
 1.32954860E+04 7.90146290E-05
 1.33750000E+04 7.81175090E-05
 1.36250000E+04 7.53924560E-05
 1.38750000E+04 7.28048810E-05
 1.41250000E+04 7.03456920E-05
 1.44200000E+04 6.75976260E-05
 1.45881050E+04 6.61015630E-05
 1.45882110E+04 6.71676720E-05
 1.46700000E+04 6.64501080E-05
 1.48750000E+04 6.47005340E-05
 1.51250000E+04 6.26574290E-05
 1.53750000E+04 6.07080620E-05
 1.56250000E+04 5.88467740E-05
 1.58750000E+04 5.70683220E-05
 1.60308430E+04 5.59994360E-05
 1.62000000E+04 5.48722430E-05
 1.66000000E+04 5.23359830E-05
 1.70000000E+04 4.99683190E-05
 1.74000000E+04 4.77547170E-05
 1.77902710E+04 4.57310530E-05
 1.78000000E+04 4.56822250E-05
 1.82000000E+04 4.37392660E-05
 1.86000000E+04 4.19154730E-05
 1.90000000E+04 4.02015240E-05
 1.94000000E+04 3.85890160E-05
 1.98000000E+04 3.70703500E-05
 1.99835140E+04 3.64030980E-05
 2.02500000E+04 3.54654630E-05
 2.07500000E+04 3.38005710E-05
 2.12500000E+04 3.22496830E-05
 2.12962490E+04 3.21116330E-05
 2.17500000E+04 3.08030070E-05
 2.22500000E+04 2.94517460E-05
 2.26500000E+04 2.84340780E-05
 2.27935810E+04 2.80817140E-05
 2.27938410E+04 2.82937830E-05
 2.29000000E+04 2.80355410E-05
 2.32500000E+04 2.72089040E-05
 2.37500000E+04 2.60905730E-05
 2.42500000E+04 2.50406380E-05
 2.47500000E+04 2.40537760E-05
 2.52500000E+04 2.31251360E-05
 2.57500000E+04 2.22502860E-05
 2.62500000E+04 2.14251810E-05
 2.67500000E+04 2.06461200E-05
 2.72500000E+04 1.99097160E-05
 2.77500000E+04 1.92128690E-05
 2.82500000E+04 1.85527370E-05
 2.87500000E+04 1.79267170E-05
 2.92500000E+04 1.73324240E-05
 2.97500000E+04 1.67676680E-05
 3.02500000E+04 1.62304450E-05
 3.07500000E+04 1.57189120E-05
 3.12500000E+04 1.52313780E-05
 3.17500000E+04 1.47662910E-05
 3.24000000E+04 1.41929070E-05
 3.34000000E+04 1.33737040E-05
 3.45000000E+04 1.25512710E-05
 3.50017500E+04 1.22007960E-05
 3.55000000E+04 1.18668590E-05
 3.65000000E+04 1.12359880E-05
 3.75000000E+04 1.06531220E-05
 3.85000000E+04 1.01134910E-05
 3.95000000E+04 9.61296190E-06
 4.05000000E+04 9.14793110E-06
 4.15000000E+04 8.71523790E-06
 4.25000000E+04 8.31209260E-06
 4.35000000E+04 7.93601780E-06
 4.45000000E+04 7.58480100E-06
 4.55000000E+04 7.25645510E-06
 4.65000000E+04 6.94918760E-06
 4.75000000E+04 6.66137340E-06
 4.85000000E+04 6.39153370E-06
 5.00000000E+04 6.01755560E-06
 1.20000000E+05 1.16245410E-06
 2.50000000E+05 2.78606740E-07
 5.99999990E+05 5.21072370E-08
 1.00000000E+06 2.06612740E-08
 1.20000000E+07 8.30974630E-10
 2.00000000E+08 1.13677890E-10
 6.00000000E+08 4.55656750E-11
