 Castelli and Kurucz 2004-2012 Atmosphere
 T     47000.     G    5.00000 [-2.5] N(He)/Ntot=0.0784 VTURB=2  L/H=1.25 NOVER
 Wavelength  Eddington Hnu
   (nm)    (ergs/s/cm2/Hz/sr)
  9.0900      4.88000E-19
  9.3500      1.46340E-18
  9.6100      4.14710E-18
  9.7700      7.67350E-18
  9.9600      1.55490E-17
  10.200      3.66200E-17
  10.380      6.79620E-17
  10.560      1.23640E-16
  10.770      2.42610E-16
  11.040      5.56930E-16
  11.400      1.59090E-15
  11.780      4.51100E-15
  12.130      1.11460E-14
  12.480      2.62240E-14
  12.710      4.48840E-14
  12.840      6.03190E-14
  13.050      9.60450E-14
  13.240      1.44530E-13
  13.390      1.97960E-13
  13.660      3.42940E-13
  13.980      6.40410E-13
  14.330      1.22870E-12
  14.720      2.44860E-12
  15.100      4.63920E-12
  15.520      9.06060E-12
  15.880      1.56380E-11
  16.200      2.49070E-11
  16.600      4.34370E-11
  17.030      7.66520E-11
  17.340      1.13440E-10
  17.680      1.71690E-10
  18.020      2.55690E-10
  18.170      3.02960E-10
  18.610      4.92750E-10
  19.100      8.23290E-10
  19.390      1.10210E-09
  19.840      1.70230E-09
  20.180      2.33350E-09
  20.500      3.10900E-09
  21.050      4.98550E-09
  21.620      7.92220E-09
  21.980      1.04790E-08
  22.300      1.33300E-08
  22.680      1.75720E-08
  23.000      1.72240E-07
  23.400      7.54090E-07
  24.000      7.28020E-06
  24.650      7.27050E-05
  25.240      1.71430E-04
  25.680      1.08800E-04
  26.000      3.01070E-04
  26.400      3.95010E-04
  26.850      4.65300E-04
  27.350      5.45230E-04
  27.850      5.85980E-04
  28.400      6.45040E-04
  29.000      7.11450E-04
  29.600      6.43120E-04
  30.100      2.75840E-04
  30.800      4.21600E-04
  31.800      7.78020E-04
  32.800      8.67420E-04
  33.800      8.89440E-04
  34.800      9.40540E-04
  35.700      1.01960E-03
  36.600      1.08120E-03
  37.500      1.10890E-03
  38.500      1.06560E-03
  39.500      1.18710E-03
  40.500      1.25810E-03
  41.400      1.29220E-03
  42.200      1.29320E-03
  43.000      1.33120E-03
  44.100      1.40200E-03
  45.100      1.43350E-03
  46.000      1.43870E-03
  47.000      1.46850E-03
  48.000      1.52250E-03
  49.000      1.51700E-03
  50.000      1.58950E-03
  50.600      1.60720E-03
  51.200      1.84390E-03
  52.000      1.86410E-03
  53.000      1.91330E-03
  54.000      1.88160E-03
  55.000      1.91290E-03
  56.000      2.00830E-03
  57.000      2.05730E-03
  58.000      2.06020E-03
  59.000      2.11670E-03
  60.000      2.11630E-03
  61.000      2.11150E-03
  62.000      2.17850E-03
  63.000      2.19370E-03
  64.000      2.24790E-03
  65.000      2.25460E-03
  65.800      2.23730E-03
  66.500      2.29990E-03
  67.500      2.33640E-03
  68.500      2.31730E-03
  69.500      2.38280E-03
  70.500      2.34800E-03
  71.600      2.42680E-03
  72.600      2.45260E-03
  73.500      2.47090E-03
  74.500      2.48170E-03
  75.500      2.49350E-03
  76.500      2.48770E-03
  77.500      2.53230E-03
  78.500      2.53090E-03
  79.500      2.54970E-03
  80.500      2.58230E-03
  81.500      2.59900E-03
  82.500      2.62120E-03
  83.500      2.57820E-03
  84.500      2.64340E-03
  85.500      2.64110E-03
  86.500      2.67250E-03
  87.500      2.68620E-03
  88.500      2.69520E-03
  89.500      2.70350E-03
  90.500      2.68990E-03
  91.500      2.11820E-03
  92.500      3.36320E-03
  93.500      4.23290E-03
  94.500      5.31240E-03
  95.500      5.77690E-03
  96.500      6.63750E-03
  97.500      5.37620E-03
  98.500      6.65080E-03
  99.500      6.22020E-03
  100.50      6.63080E-03
  101.50      6.53960E-03
  102.50      5.21140E-03
  103.50      6.42340E-03
  104.50      6.45650E-03
  105.50      6.41180E-03
  106.50      6.32680E-03
  107.50      6.29400E-03
  108.50      5.91730E-03
  109.50      6.20370E-03
  110.50      6.14030E-03
  111.50      6.08770E-03
  112.50      5.99110E-03
  113.50      6.00490E-03
  114.50      5.95610E-03
  115.50      5.89200E-03
  116.50      5.83000E-03
  117.50      5.62250E-03
  118.50      5.75300E-03
  119.50      5.69530E-03
  120.50      5.62350E-03
  121.50      4.58940E-03
  122.50      5.51650E-03
  123.50      5.47760E-03
  124.50      5.43190E-03
  125.50      5.43500E-03
  126.50      5.39090E-03
  127.50      5.34650E-03
  128.50      5.30270E-03
  129.50      5.25890E-03
  130.50      5.21390E-03
  131.50      5.17190E-03
  132.50      5.12610E-03
  133.50      5.08760E-03
  134.50      5.04880E-03
  135.50      5.00250E-03
  136.50      4.95540E-03
  137.50      4.89610E-03
  138.50      4.87650E-03
  139.50      4.81210E-03
  140.50      4.76100E-03
  141.50      4.76320E-03
  142.50      4.72350E-03
  143.50      4.68950E-03
  144.20      4.65280E-03
  144.70      4.63710E-03
  145.50      4.60650E-03
  146.50      4.57100E-03
  147.50      4.54020E-03
  148.50      4.50980E-03
  149.50      4.47300E-03
  150.50      4.43960E-03
  151.20      4.41610E-03
  151.70      4.39640E-03
  152.50      4.37010E-03
  153.50      4.33170E-03
  154.50      4.23010E-03
  155.50      4.20620E-03
  156.50      4.23020E-03
  157.50      4.20060E-03
  158.50      4.16760E-03
  159.50      4.13600E-03
  160.50      4.10010E-03
  161.50      4.06930E-03
  162.50      4.03400E-03
  163.50      3.91820E-03
  164.50      3.74710E-03
  165.50      3.94980E-03
  166.50      3.92180E-03
  167.20      3.89640E-03
  167.70      3.88750E-03
  168.50      3.86410E-03
  169.50      3.83570E-03
  170.50      3.80640E-03
  171.50      3.75180E-03
  172.50      3.74580E-03
  173.50      3.72390E-03
  174.50      3.69590E-03
  175.50      3.66790E-03
  176.50      3.64230E-03
  177.50      3.61600E-03
  178.50      3.58970E-03
  179.50      3.56330E-03
  180.50      3.53770E-03
  181.50      3.51220E-03
  182.50      3.48680E-03
  183.50      3.46200E-03
  184.50      3.43720E-03
  185.50      3.41250E-03
  186.50      3.38820E-03
  187.50      3.36420E-03
  188.50      3.34030E-03
  189.50      3.31720E-03
  190.50      3.29400E-03
  191.50      3.27090E-03
  192.50      3.24660E-03
  193.50      3.22540E-03
  194.50      3.20310E-03
  195.50      3.18090E-03
  196.70      3.15460E-03
  197.60      3.13510E-03
  198.40      3.11790E-03
  199.50      3.09440E-03
  200.50      3.07340E-03
  201.50      3.05250E-03
  202.50      3.03180E-03
  203.50      3.01130E-03
  204.50      2.99080E-03
  205.50      2.31830E-03
  206.50      2.23960E-03
  207.40      2.27230E-03
  207.80      2.31490E-03
  208.50      2.43310E-03
  209.50      2.69460E-03
  210.50      2.85500E-03
  211.50      2.86240E-03
  212.50      2.84560E-03
  213.50      2.81980E-03
  214.50      2.80670E-03
  215.50      2.83090E-03
  216.50      2.74480E-03
  217.50      2.81810E-03
  218.50      2.70460E-03
  219.50      2.78200E-03
  220.50      2.77080E-03
  221.50      2.64610E-03
  222.50      2.73510E-03
  223.50      2.72060E-03
  224.50      2.69810E-03
  225.50      2.58090E-03
  226.50      2.66790E-03
  227.50      2.65140E-03
  228.50      2.63430E-03
  229.50      2.60850E-03
  230.50      2.50380E-03
  231.50      2.58020E-03
  232.50      2.56830E-03
  233.50      2.55220E-03
  234.50      2.53610E-03
  235.50      2.52030E-03
  236.50      2.50450E-03
  237.50      2.48870E-03
  238.50      2.38460E-03
  239.50      2.45580E-03
  240.50      2.44290E-03
  241.50      2.42790E-03
  242.50      2.41320E-03
  243.50      2.39840E-03
  244.50      2.38380E-03
  245.50      2.36910E-03
  246.50      2.35490E-03
  247.50      2.34070E-03
  248.50      2.32650E-03
  249.50      2.29170E-03
  250.50      2.28560E-03
  251.30      2.12540E-03
  251.80      2.27490E-03
  252.50      2.27050E-03
  253.50      2.25780E-03
  254.50      2.24450E-03
  255.50      2.23120E-03
  256.50      2.21810E-03
  257.50      2.20500E-03
  258.50      2.19210E-03
  259.50      2.17910E-03
  260.50      2.16700E-03
  261.50      2.15440E-03
  262.50      2.14190E-03
  263.50      2.12950E-03
  264.50      2.11730E-03
  265.50      2.10510E-03
  266.50      2.09300E-03
  267.50      2.08070E-03
  268.50      2.06920E-03
  269.50      2.05700E-03
  270.50      2.04580E-03
  271.50      2.03420E-03
  272.50      2.02090E-03
  273.50      1.94610E-03
  274.50      2.00010E-03
  275.50      1.98890E-03
  276.50      1.97690E-03
  277.50      1.96680E-03
  278.50      1.95590E-03
  279.50      1.94510E-03
  280.50      1.93440E-03
  281.50      1.92370E-03
  282.50      1.91230E-03
  283.50      1.90230E-03
  284.50      1.89230E-03
  285.50      1.88200E-03
  286.50      1.87170E-03
  287.50      1.86160E-03
  288.50      1.85150E-03
  289.50      1.84150E-03
  291.00      1.82670E-03
  293.00      1.80720E-03
  295.00      1.78720E-03
  297.00      1.76910E-03
  299.00      1.75040E-03
  301.00      1.73220E-03
  303.00      1.71410E-03
  305.00      1.69630E-03
  307.00      1.67890E-03
  309.00      1.66180E-03
  311.00      1.64480E-03
  313.00      1.62810E-03
  315.00      1.61180E-03
  317.00      1.59560E-03
  319.00      1.57740E-03
  321.00      1.53800E-03
  323.00      1.54840E-03
  325.00      1.53320E-03
  327.00      1.51790E-03
  329.00      1.50330E-03
  331.00      1.48870E-03
  333.00      1.47440E-03
  335.00      1.46000E-03
  337.00      1.44620E-03
  339.00      1.43240E-03
  341.00      1.41880E-03
  343.00      1.40570E-03
  345.00      1.39220E-03
  347.00      1.37950E-03
  349.00      1.36660E-03
  351.00      1.35390E-03
  353.00      1.34120E-03
  355.00      1.32870E-03
  357.00      1.31700E-03
  359.00      1.30420E-03
  361.00      1.29280E-03
  363.00      1.28050E-03
  364.00      1.25120E-03
  365.00      1.14940E-03
  367.00      1.14060E-03
  369.00      1.13310E-03
  371.00      1.13070E-03
  373.00      1.13510E-03
  375.00      1.14700E-03
  377.00      1.15800E-03
  379.00      1.17510E-03
  381.00      1.19250E-03
  383.00      1.14480E-03
  385.00      1.18780E-03
  387.00      1.19480E-03
  389.00      1.10200E-03
  391.00      1.17820E-03
  393.00      1.16540E-03
  395.00      1.16120E-03
  397.00      1.06250E-03
  399.00      1.13950E-03
  401.00      1.13690E-03
  403.00      1.10690E-03
  405.00      1.12140E-03
  407.00      1.11020E-03
  409.00      1.07280E-03
  411.00      1.01840E-03
  413.00      1.08070E-03
  415.00      1.07470E-03
  417.00      1.06670E-03
  419.00      1.05160E-03
  421.00      1.03300E-03
  423.00      1.04080E-03
  425.00      1.03240E-03
  427.00      1.02400E-03
  429.00      1.01570E-03
  431.00      1.00570E-03
  433.00      9.65530E-04
  435.00      9.32380E-04
  437.00      9.80880E-04
  439.00      9.73900E-04
  441.00      9.68200E-04
  443.00      9.60490E-04
  445.00      9.53090E-04
  447.00      9.39290E-04
  449.00      9.38330E-04
  451.00      9.31070E-04
  453.00      9.21620E-04
  455.00      8.99000E-04
  457.00      9.09800E-04
  459.00      9.02880E-04
  461.00      8.96030E-04
  463.00      8.89240E-04
  465.00      8.82400E-04
  467.00      8.74780E-04
  469.00      8.40320E-04
  471.00      8.61620E-04
  473.00      8.56520E-04
  475.00      8.50190E-04
  477.00      8.43920E-04
  479.00      8.37730E-04
  481.00      8.31590E-04
  483.00      8.24030E-04
  485.00      7.98140E-04
  487.00      7.62170E-04
  489.00      8.04950E-04
  491.00      8.01950E-04
  493.00      7.93540E-04
  495.00      7.90550E-04
  497.00      7.84930E-04
  499.00      7.79380E-04
  501.00      7.72680E-04
  503.00      7.68440E-04
  505.00      7.62820E-04
  507.00      7.57730E-04
  509.00      7.52460E-04
  511.00      7.47240E-04
  513.00      7.42080E-04
  515.00      7.36970E-04
  517.00      7.31920E-04
  519.00      7.26910E-04
  521.00      7.21960E-04
  523.00      7.17050E-04
  525.00      7.12200E-04
  527.00      7.07390E-04
  529.00      7.02630E-04
  531.00      6.97920E-04
  533.00      6.93260E-04
  535.00      6.88640E-04
  537.00      6.84070E-04
  539.00      6.79530E-04
  541.00      6.61440E-04
  543.00      6.70320E-04
  545.00      6.66230E-04
  547.00      6.61880E-04
  549.00      6.57580E-04
  551.00      6.53310E-04
  553.00      6.49080E-04
  555.00      6.44900E-04
  557.00      6.40760E-04
  559.00      6.36640E-04
  561.00      6.32590E-04
  563.00      6.28560E-04
  565.00      6.24570E-04
  567.00      6.20620E-04
  569.00      6.09840E-04
  571.00      5.75540E-04
  573.00      5.72200E-04
  575.00      5.68890E-04
  577.00      5.65640E-04
  579.00      5.62550E-04
  581.00      5.59680E-04
  583.00      5.57380E-04
  585.00      5.55530E-04
  587.00      5.51610E-04
  589.00      5.52930E-04
  591.00      5.52280E-04
  593.00      5.51910E-04
  595.00      5.51940E-04
  597.00      5.52220E-04
  599.00      5.53180E-04
  601.00      5.52670E-04
  603.00      5.52240E-04
  605.00      5.51630E-04
  607.00      5.48370E-04
  609.00      5.45610E-04
  611.00      5.42810E-04
  613.00      5.39840E-04
  615.00      5.37310E-04
  617.00      5.32560E-04
  619.00      5.30840E-04
  621.00      5.27940E-04
  623.00      5.23070E-04
  625.00      5.21310E-04
  627.00      5.18810E-04
  629.00      5.15810E-04
  631.00      5.10280E-04
  633.00      5.09560E-04
  635.00      5.07000E-04
  637.00      5.04100E-04
  639.00      5.00880E-04
  641.00      4.95030E-04
  643.00      4.95530E-04
  645.00      4.92780E-04
  647.00      4.90010E-04
  649.00      4.87260E-04
  651.00      4.84010E-04
  653.00      4.76760E-04
  655.00      4.71750E-04
  657.00      4.47290E-04
  659.00      4.72260E-04
  661.00      4.71250E-04
  663.00      4.68660E-04
  665.00      4.66100E-04
  667.00      4.61770E-04
  669.00      4.54970E-04
  671.00      4.58510E-04
  673.00      4.56030E-04
  675.00      4.53560E-04
  677.00      4.51110E-04
  679.00      4.48690E-04
  681.00      4.46280E-04
  683.00      4.43890E-04
  685.00      4.41520E-04
  687.00      4.39150E-04
  689.00      4.30800E-04
  691.00      4.34070E-04
  693.00      4.32220E-04
  695.00      4.29950E-04
  697.00      4.27690E-04
  699.00      4.25450E-04
  701.00      4.23220E-04
  703.00      4.21010E-04
  705.00      4.18830E-04
  707.00      4.15500E-04
  709.00      4.14500E-04
  711.00      4.12360E-04
  713.00      4.10240E-04
  715.00      4.08130E-04
  717.00      4.01950E-04
  719.00      4.01300E-04
  721.00      4.01900E-04
  723.00      3.99870E-04
  725.00      3.97840E-04
  727.00      3.95830E-04
  729.00      3.93470E-04
  731.00      3.91850E-04
  733.00      3.89890E-04
  735.00      3.87930E-04
  737.00      3.86000E-04
  739.00      3.84070E-04
  741.00      3.82170E-04
  743.00      3.80270E-04
  745.00      3.78390E-04
  747.00      3.76530E-04
  749.00      3.74680E-04
  751.00      3.72840E-04
  753.00      3.71010E-04
  755.00      3.69200E-04
  757.00      3.67400E-04
  759.00      3.59610E-04
  761.00      3.63320E-04
  763.00      3.62080E-04
  765.00      3.60340E-04
  767.00      3.58600E-04
  769.00      3.56880E-04
  771.00      3.55170E-04
  773.00      3.53480E-04
  775.00      3.51790E-04
  777.00      3.50120E-04
  779.00      3.48460E-04
  781.00      3.46810E-04
  783.00      3.45170E-04
  785.00      3.43560E-04
  787.00      3.41950E-04
  789.00      3.40340E-04
  791.00      3.38750E-04
  793.00      3.37170E-04
  795.00      3.35600E-04
  797.00      3.34040E-04
  799.00      3.32490E-04
  801.00      3.30950E-04
  803.00      3.29420E-04
  805.00      3.27910E-04
  807.00      3.26400E-04
  809.00      3.24910E-04
  811.00      3.23420E-04
  813.00      3.21940E-04
  815.00      3.20480E-04
  817.00      3.19020E-04
  819.00      3.16330E-04
  821.00      3.04490E-04
  823.00      3.01390E-04
  825.00      3.01410E-04
  827.00      3.00570E-04
  829.00      2.99330E-04
  831.00      2.98050E-04
  833.00      2.96790E-04
  835.00      2.95510E-04
  837.00      2.94300E-04
  839.00      2.93090E-04
  841.00      2.91940E-04
  843.00      2.90800E-04
  845.00      2.89630E-04
  847.00      2.88620E-04
  849.00      2.87670E-04
  851.00      2.86700E-04
  853.00      2.85780E-04
  855.00      2.84740E-04
  857.00      2.84050E-04
  859.00      2.82890E-04
  861.00      2.82130E-04
  863.00      2.81720E-04
  865.00      2.80630E-04
  867.00      2.79080E-04
  869.00      2.79460E-04
  871.00      2.79030E-04
  873.00      2.77850E-04
  875.00      2.74820E-04
  877.00      2.75970E-04
  879.00      2.76520E-04
  881.00      2.76150E-04
  883.00      2.75290E-04
  885.00      2.71680E-04
  887.00      2.67790E-04
  889.00      2.71680E-04
  891.00      2.72040E-04
  893.00      2.71420E-04
  895.00      2.70630E-04
  897.00      2.69220E-04
  899.00      2.66530E-04
  901.00      2.58860E-04
  903.00      2.60640E-04
  905.00      2.64030E-04
  907.00      2.63730E-04
  909.00      2.63160E-04
  911.00      2.61860E-04
  913.00      2.61400E-04
  915.00      2.60330E-04
  917.00      2.58960E-04
  919.00      2.57110E-04
  921.00      2.53300E-04
  923.00      2.43950E-04
  925.00      2.50660E-04
  927.00      2.52820E-04
  929.00      2.52670E-04
  931.00      2.51870E-04
  933.00      2.50430E-04
  935.00      2.44390E-04
  937.00      2.47950E-04
  939.00      2.47860E-04
  941.00      2.46970E-04
  943.00      2.45980E-04
  945.00      2.45000E-04
  947.00      2.43920E-04
  949.00      2.42790E-04
  951.00      2.40730E-04
  953.00      2.36440E-04
  955.00      2.27160E-04
  957.00      2.35750E-04
  959.00      2.37360E-04
  961.00      2.37170E-04
  963.00      2.36350E-04
  965.00      2.35520E-04
  967.00      2.34610E-04
  969.00      2.33690E-04
  971.00      2.32750E-04
  973.00      2.31880E-04
  975.00      2.30650E-04
  977.00      2.28920E-04
  979.00      2.29210E-04
  981.00      2.28330E-04
  983.00      2.27460E-04
  985.00      2.26580E-04
  987.00      2.25720E-04
  989.00      2.24860E-04
  991.00      2.24000E-04
  993.00      2.23150E-04
  995.00      2.22300E-04
  997.00      2.21460E-04
  999.00      2.20490E-04
  1002.5      2.15400E-04
  1007.5      2.11960E-04
  1012.5      2.11770E-04
  1017.5      2.13100E-04
  1022.5      2.11140E-04
  1027.5      2.09200E-04
  1032.5      2.07190E-04
  1037.5      2.05390E-04
  1042.5      2.02570E-04
  1047.5      2.01700E-04
  1052.5      1.99890E-04
  1057.5      1.98100E-04
  1062.5      1.96340E-04
  1067.5      1.94580E-04
  1072.5      1.92880E-04
  1077.5      1.91180E-04
  1082.5      1.89160E-04
  1087.5      1.87610E-04
  1092.5      1.80080E-04
  1097.5      1.82780E-04
  1102.5      1.82960E-04
  1107.5      1.81470E-04
  1112.5      1.79920E-04
  1117.5      1.78490E-04
  1122.5      1.76970E-04
  1127.5      1.75490E-04
  1132.5      1.74020E-04
  1137.5      1.72560E-04
  1142.5      1.71130E-04
  1147.5      1.69710E-04
  1152.5      1.68310E-04
  1157.5      1.66930E-04
  1162.5      1.63810E-04
  1167.5      1.62980E-04
  1172.5      1.62880E-04
  1177.5      1.61560E-04
  1182.5      1.60260E-04
  1187.5      1.58980E-04
  1192.5      1.57710E-04
  1197.5      1.56310E-04
  1202.5      1.55210E-04
  1207.5      1.53990E-04
  1212.5      1.52780E-04
  1217.5      1.51580E-04
  1222.5      1.50400E-04
  1227.5      1.49230E-04
  1232.5      1.48080E-04
  1237.5      1.46930E-04
  1242.5      1.45800E-04
  1247.5      1.44690E-04
  1252.5      1.43570E-04
  1257.5      1.42490E-04
  1262.5      1.41420E-04
  1267.5      1.40350E-04
  1272.5      1.39290E-04
  1277.5      1.37460E-04
  1282.5      1.32230E-04
  1287.5      1.35830E-04
  1292.5      1.35190E-04
  1297.5      1.34160E-04
  1302.5      1.33210E-04
  1307.5      1.32240E-04
  1312.5      1.31270E-04
  1317.5      1.30320E-04
  1322.5      1.29370E-04
  1327.5      1.28440E-04
  1332.5      1.27520E-04
  1337.5      1.26600E-04
  1342.5      1.25690E-04
  1347.5      1.24800E-04
  1352.5      1.23920E-04
  1357.5      1.23040E-04
  1362.5      1.22180E-04
  1367.5      1.21320E-04
  1372.5      1.20470E-04
  1377.5      1.19630E-04
  1382.5      1.18800E-04
  1387.5      1.17980E-04
  1392.5      1.17170E-04
  1397.5      1.16360E-04
  1402.5      1.15570E-04
  1407.5      1.14780E-04
  1412.5      1.14000E-04
  1417.5      1.13220E-04
  1422.5      1.12460E-04
  1427.5      1.11700E-04
  1432.5      1.10950E-04
  1437.5      1.10210E-04
  1442.5      1.09480E-04
  1447.5      1.08750E-04
  1452.5      1.08030E-04
  1457.0      1.07390E-04
  1462.0      1.06710E-04
  1467.5      1.05930E-04
  1472.5      1.05180E-04
  1477.5      1.03590E-04
  1482.5      1.03870E-04
  1487.5      1.03380E-04
  1492.5      1.02750E-04
  1497.5      1.02090E-04
  1502.5      1.01430E-04
  1507.5      1.00730E-04
  1512.5      1.00140E-04
  1517.5      9.95020E-05
  1522.5      9.88720E-05
  1527.5      9.82470E-05
  1532.5      9.76290E-05
  1537.5      9.70160E-05
  1542.5      9.64090E-05
  1547.5      9.58070E-05
  1552.5      9.51770E-05
  1557.5      9.45050E-05
  1562.5      9.40370E-05
  1567.5      9.33350E-05
  1572.5      9.27110E-05
  1577.5      9.23150E-05
  1582.5      9.16980E-05
  1587.5      9.09070E-05
  1592.5      9.04930E-05
  1597.5      9.00910E-05
  1605.0      8.91550E-05
  1615.0      8.79450E-05
  1625.0      8.71620E-05
  1635.0      8.59360E-05
  1645.0      8.47230E-05
  1655.0      8.41270E-05
  1665.0      8.31500E-05
  1675.0      8.19030E-05
  1685.0      8.06660E-05
  1695.0      8.03190E-05
  1705.0      7.93450E-05
  1715.0      7.85120E-05
  1725.0      7.76010E-05
  1735.0      7.58410E-05
  1745.0      7.57760E-05
  1755.0      7.50730E-05
  1765.0      7.42490E-05
  1775.0      7.34380E-05
  1785.0      7.26410E-05
  1795.0      7.18550E-05
  1805.0      7.10810E-05
  1815.0      6.93310E-05
  1825.0      6.93380E-05
  1835.0      6.88390E-05
  1845.0      6.81160E-05
  1855.0      6.74120E-05
  1865.0      6.59880E-05
  1875.0      6.46010E-05
  1885.0      6.53150E-05
  1895.0      6.46700E-05
  1905.0      6.39860E-05
  1915.0      6.33600E-05
  1925.0      6.27200E-05
  1935.0      6.20240E-05
  1945.0      6.03120E-05
  1955.0      6.07860E-05
  1965.0      6.02550E-05
  1975.0      5.96610E-05
  1985.0      5.90760E-05
  1995.0      5.85000E-05
  2005.0      5.79320E-05
  2015.0      5.73720E-05
  2025.0      5.68200E-05
  2035.0      5.62760E-05
  2045.0      5.57390E-05
  2055.0      5.52030E-05
  2065.0      5.46900E-05
  2075.0      5.41760E-05
  2085.0      5.36690E-05
  2095.0      5.31700E-05
  2105.0      5.26770E-05
  2115.0      5.21750E-05
  2125.0      5.17120E-05
  2135.0      5.12390E-05
  2145.0      5.07720E-05
  2155.0      5.02760E-05
  2165.0      4.87870E-05
  2175.0      4.93160E-05
  2185.0      4.89680E-05
  2195.0      4.85330E-05
  2205.0      4.81030E-05
  2215.0      4.76790E-05
  2225.0      4.72600E-05
  2235.0      4.68470E-05
  2245.0      4.64390E-05
  2255.0      4.60360E-05
  2265.0      4.56390E-05
  2275.0      4.52460E-05
  2285.0      4.48930E-05
  2295.0      4.45100E-05
  2305.0      4.41320E-05
  2315.0      4.37590E-05
  2325.0      4.33910E-05
  2335.0      4.30270E-05
  2345.0      4.26680E-05
  2355.0      4.23130E-05
  2365.0      4.19630E-05
  2375.0      4.16170E-05
  2385.0      4.12750E-05
  2395.0      4.09370E-05
  2405.0      4.06040E-05
  2415.0      4.02740E-05
  2425.0      3.99490E-05
  2435.0      3.96270E-05
  2445.0      3.93100E-05
  2455.0      3.89960E-05
  2465.0      3.86860E-05
  2475.0      3.83710E-05
  2485.0      3.80760E-05
  2495.0      3.77770E-05
  2505.0      3.74810E-05
  2515.0      3.71890E-05
  2525.0      3.68990E-05
  2535.0      3.66140E-05
  2545.0      3.63320E-05
  2555.0      3.60520E-05
  2565.0      3.57760E-05
  2575.0      3.55040E-05
  2585.0      3.52340E-05
  2595.0      3.49670E-05
  2605.0      3.46900E-05
  2615.0      3.43190E-05
  2625.0      3.33350E-05
  2635.0      3.38540E-05
  2645.0      3.36780E-05
  2655.0      3.34270E-05
  2665.0      3.31760E-05
  2675.0      3.28310E-05
  2685.0      3.26910E-05
  2695.0      3.24590E-05
  2705.0      3.22230E-05
  2715.0      3.19890E-05
  2725.0      3.17580E-05
  2735.0      3.15300E-05
  2745.0      3.13030E-05
  2755.0      3.09270E-05
  2765.0      3.07870E-05
  2775.0      3.06400E-05
  2785.0      3.04240E-05
  2795.0      3.02090E-05
  2805.0      2.99970E-05
  2815.0      2.97880E-05
  2825.0      2.95800E-05
  2835.0      2.93740E-05
  2845.0      2.91710E-05
  2855.0      2.89690E-05
  2865.0      2.86970E-05
  2875.0      2.83360E-05
  2885.0      2.83590E-05
  2895.0      2.81850E-05
  2905.0      2.79940E-05
  2915.0      2.78050E-05
  2925.0      2.76170E-05
  2935.0      2.74320E-05
  2945.0      2.72480E-05
  2955.0      2.70660E-05
  2965.0      2.68860E-05
  2975.0      2.67080E-05
  2985.0      2.65320E-05
  2995.0      2.63570E-05
  3005.0      2.61840E-05
  3015.0      2.60120E-05
  3025.0      2.58330E-05
  3035.0      2.54250E-05
  3045.0      2.53480E-05
  3055.0      2.53430E-05
  3065.0      2.51800E-05
  3075.0      2.50190E-05
  3085.0      2.48590E-05
  3095.0      2.47000E-05
  3105.0      2.45430E-05
  3115.0      2.43880E-05
  3125.0      2.42340E-05
  3135.0      2.40810E-05
  3145.0      2.39300E-05
  3155.0      2.37800E-05
  3165.0      2.36320E-05
  3175.0      2.34850E-05
  3185.0      2.33390E-05
  3195.0      2.31950E-05
  3210.0      2.29810E-05
  3230.0      2.27000E-05
  3250.0      2.24240E-05
  3270.0      2.21530E-05
  3290.0      2.16560E-05
  3310.0      2.15770E-05
  3330.0      2.13770E-05
  3350.0      2.11260E-05
  3370.0      2.08780E-05
  3390.0      2.06340E-05
  3410.0      2.03950E-05
  3430.0      2.01600E-05
  3450.0      1.99290E-05
  3470.0      1.97020E-05
  3490.0      1.94780E-05
  3510.0      1.92590E-05
  3530.0      1.90430E-05
  3550.0      1.88310E-05
  3570.0      1.86220E-05
  3590.0      1.84170E-05
  3610.0      1.82150E-05
  3630.0      1.80160E-05
  3650.0      1.78200E-05
  3670.0      1.76280E-05
  3690.0      1.74390E-05
  3710.0      1.72500E-05
  3730.0      1.69620E-05
  3750.0      1.67290E-05
  3770.0      1.67110E-05
  3790.0      1.65370E-05
  3810.0      1.63640E-05
  3830.0      1.61950E-05
  3850.0      1.60280E-05
  3870.0      1.58640E-05
  3890.0      1.57020E-05
  3910.0      1.55430E-05
  3930.0      1.53860E-05
  3950.0      1.52310E-05
  3970.0      1.50790E-05
  3990.0      1.49290E-05
  4010.0      1.47780E-05
  4030.0      1.46220E-05
  4050.0      1.42800E-05
  4070.0      1.43490E-05
  4090.0      1.42110E-05
  4110.0      1.40740E-05
  4130.0      1.39380E-05
  4150.0      1.38050E-05
  4170.0      1.36450E-05
  4190.0      1.35430E-05
  4210.0      1.34160E-05
  4230.0      1.32900E-05
  4250.0      1.31650E-05
  4270.0      1.30430E-05
  4290.0      1.29200E-05
  4310.0      1.28020E-05
  4330.0      1.26850E-05
  4350.0      1.25690E-05
  4370.0      1.24090E-05
  4390.0      1.23270E-05
  4410.0      1.22300E-05
  4430.0      1.21200E-05
  4450.0      1.20120E-05
  4470.0      1.19070E-05
  4490.0      1.18020E-05
  4510.0      1.16980E-05
  4530.0      1.15950E-05
  4550.0      1.14930E-05
  4570.0      1.13930E-05
  4590.0      1.12940E-05
  4610.0      1.11960E-05
  4630.0      1.10980E-05
  4650.0      1.07990E-05
  4670.0      1.08170E-05
  4690.0      1.08030E-05
  4710.0      1.07270E-05
  4730.0      1.06360E-05
  4750.0      1.05470E-05
  4770.0      1.04590E-05
  4790.0      1.03720E-05
  4810.0      1.02860E-05
  4830.0      1.02010E-05
  4850.0      1.01170E-05
  4870.0      1.00340E-05
  4890.0      9.95220E-06
  4910.0      9.87140E-06
  4930.0      9.79150E-06
  4950.0      9.71260E-06
  4970.0      9.63460E-06
  4990.0      9.55750E-06
  5010.0      9.48140E-06
  5030.0      9.40610E-06
  5050.0      9.33180E-06
  5070.0      9.25830E-06
  5090.0      9.18560E-06
  5110.0      9.10160E-06
  5130.0      8.94790E-06
  5150.0      8.96650E-06
  5170.0      8.90340E-06
  5190.0      8.83500E-06
  5210.0      8.76720E-06
  5230.0      8.70030E-06
  5250.0      8.63400E-06
  5270.0      8.56860E-06
  5290.0      8.50380E-06
  5310.0      8.43980E-06
  5330.0      8.37650E-06
  5350.0      8.31390E-06
  5370.0      8.25200E-06
  5390.0      8.19080E-06
  5410.0      8.13030E-06
  5430.0      8.07040E-06
  5450.0      8.01120E-06
  5470.0      7.95270E-06
  5490.0      7.89470E-06
  5510.0      7.83740E-06
  5530.0      7.78070E-06
  5550.0      7.72460E-06
  5570.0      7.66920E-06
  5590.0      7.61430E-06
  5610.0      7.56000E-06
  5630.0      7.50630E-06
  5650.0      7.45310E-06
  5670.0      7.40050E-06
  5690.0      7.34840E-06
  5710.0      7.29680E-06
  5730.0      7.24590E-06
  5750.0      7.19550E-06
  5770.0      7.14560E-06
  5790.0      7.09620E-06
  5810.0      7.04730E-06
  5830.0      6.99890E-06
  5850.0      6.95200E-06
  5870.0      6.90450E-06
  5890.0      6.84340E-06
  5910.0      6.70470E-06
  5930.0      6.75630E-06
  5950.0      6.71200E-06
  5970.0      6.67430E-06
  5990.0      6.62990E-06
  6010.0      6.58570E-06
  6030.0      6.54200E-06
  6050.0      6.49870E-06
  6070.0      6.45580E-06
  6090.0      6.41330E-06
  6110.0      6.37120E-06
  6130.0      6.32960E-06
  6150.0      6.28830E-06
  6170.0      6.24750E-06
  6190.0      6.20700E-06
  6210.0      6.16700E-06
  6230.0      6.12730E-06
  6250.0      6.08790E-06
  6270.0      6.04890E-06
  6290.0      5.99190E-06
  6310.0      5.97110E-06
  6330.0      5.93440E-06
  6350.0      5.89700E-06
  6370.0      5.85990E-06
  6390.0      5.82310E-06
  6420.0      5.76860E-06
  6460.0      5.69700E-06
  6500.0      5.62680E-06
  6540.0      5.55790E-06
  6580.0      5.49020E-06
  6620.0      5.42380E-06
  6660.0      5.35850E-06
  6700.0      5.29440E-06
  6740.0      5.22930E-06
  6780.0      5.15170E-06
  6820.0      5.10870E-06
  6860.0      5.04910E-06
  6900.0      4.99040E-06
  6940.0      4.93270E-06
  6980.0      4.87600E-06
  7020.0      4.82030E-06
  7060.0      4.76550E-06
  7100.0      4.71160E-06
  7140.0      4.65870E-06
  7180.0      4.60660E-06
  7220.0      4.55540E-06
  7260.0      4.50500E-06
  7300.0      4.45550E-06
  7340.0      4.40680E-06
  7380.0      4.35880E-06
  7420.0      4.31060E-06
  7460.0      4.19800E-06
  7500.0      4.14790E-06
  7540.0      4.16820E-06
  7580.0      4.13040E-06
  7620.0      4.08690E-06
  7660.0      4.04400E-06
  7700.0      4.00180E-06
  7740.0      3.96030E-06
  7780.0      3.91940E-06
  7820.0      3.87910E-06
  7860.0      3.83950E-06
  7900.0      3.80040E-06
  7940.0      3.76190E-06
  7980.0      3.72400E-06
  8020.0      3.68670E-06
  8060.0      3.64990E-06
  8100.0      3.61370E-06
  8140.0      3.57800E-06
  8180.0      3.54280E-06
  8220.0      3.50820E-06
  8260.0      3.47400E-06
  8300.0      3.44040E-06
  8340.0      3.40720E-06
  8380.0      3.37450E-06
  8420.0      3.34220E-06
  8460.0      3.31050E-06
  8500.0      3.27910E-06
  8540.0      3.24820E-06
  8580.0      3.21780E-06
  8620.0      3.18770E-06
  8660.0      3.15600E-06
  8700.0      3.12880E-06
  8740.0      3.08390E-06
  8780.0      3.05560E-06
  8820.0      3.04350E-06
  8860.0      3.01590E-06
  8900.0      2.98860E-06
  8940.0      2.96170E-06
  8980.0      2.93510E-06
  9020.0      2.90890E-06
  9060.0      2.88310E-06
  9100.0      2.85760E-06
  9140.0      2.83240E-06
  9180.0      2.80750E-06
  9220.0      2.78300E-06
  9260.0      2.75880E-06
  9300.0      2.73490E-06
  9340.0      2.71130E-06
  9380.0      2.68190E-06
  9420.0      2.66330E-06
  9460.0      2.64230E-06
  9500.0      2.61990E-06
  9540.0      2.59770E-06
  9580.0      2.57590E-06
  9620.0      2.55430E-06
  9660.0      2.53300E-06
  9700.0      2.51190E-06
  9740.0      2.49120E-06
  9780.0      2.47060E-06
  9820.0      2.45030E-06
  9860.0      2.43030E-06
  9900.0      2.41050E-06
  9940.0      2.39090E-06
  9980.0      2.37160E-06
  10020.      2.35250E-06
  20000.      5.79820E-07
  40000.      1.41950E-07
  60000.      6.23540E-08
  80000.      3.48010E-08
 1.00000E+05  2.21450E-08
 1.20000E+05  1.53100E-08
 1.40000E+05  1.12080E-08
 1.60000E+05  8.55490E-09
