 Castelli and Kurucz 2004-2012 Atmosphere
 T     37000.     G    5.00000 [-2.5] N(He)/Ntot=0.0784 VTURB=2  L/H=1.25 NOVER
 Wavelength  Eddington Hnu
   (nm)    (ergs/s/cm2/Hz/sr)
  9.0900      1.40400E-25
  9.3500      6.51070E-25
  9.6100      2.78890E-24
  9.7700      6.58230E-24
  9.9600      1.76460E-23
  10.200      5.82760E-23
  10.380      1.37880E-22
  10.560      3.17570E-22
  10.770      8.12770E-22
  11.040      2.58430E-21
  11.400      1.11360E-20
  11.780      4.74340E-20
  12.130      1.66580E-19
  12.480      5.47380E-19
  12.710      1.15410E-18
  12.840      1.73880E-18
  13.050      3.31600E-18
  13.240      5.84940E-18
  13.390      9.05090E-18
  13.660      1.93980E-17
  13.980      4.61010E-17
  14.330      1.13820E-16
  14.720      2.96260E-16
  15.100      7.17410E-16
  15.520      1.81480E-15
  15.880      3.86540E-15
  16.200      7.35940E-15
  16.600      1.58900E-14
  17.030      3.49090E-14
  17.340      6.00710E-14
  17.680      1.06540E-13
  18.020      1.84840E-13
  18.170      2.34110E-13
  18.610      4.58240E-13
  19.100      9.32290E-13
  19.390      1.39500E-12
  19.840      2.54520E-12
  20.180      3.93630E-12
  20.500      5.85300E-12
  21.050      1.12430E-11
  21.620      2.13270E-11
  21.980      3.13880E-11
  22.300      4.37730E-11
  22.680      6.41470E-11
  23.000      7.72120E-10
  23.400      3.90050E-09
  24.000      1.57390E-08
  24.650      7.64080E-08
  25.240      1.97710E-07
  25.680      1.35060E-07
  26.000      6.32110E-07
  26.400      1.20420E-06
  26.850      2.04860E-06
  27.350      2.98730E-06
  27.850      3.60830E-06
  28.400      4.82780E-06
  29.000      5.47100E-06
  29.600      4.04370E-06
  30.100      8.88370E-07
  30.800      2.49670E-06
  31.800      7.19590E-06
  32.800      8.60840E-06
  33.800      9.07930E-06
  34.800      1.03840E-05
  35.700      1.09480E-05
  36.600      1.20810E-05
  37.500      1.28510E-05
  38.500      1.41260E-05
  39.500      1.59640E-05
  40.500      1.78430E-05
  41.400      1.98210E-05
  42.200      2.14910E-05
  43.000      2.34130E-05
  44.100      2.69010E-05
  45.100      3.00580E-05
  46.000      3.30590E-05
  47.000      3.74380E-05
  48.000      4.18090E-05
  49.000      4.59120E-05
  50.000      5.16830E-05
  50.600      1.33510E-04
  51.200      3.23700E-04
  52.000      3.29080E-04
  53.000      3.47990E-04
  54.000      3.34110E-04
  55.000      3.59140E-04
  56.000      3.83500E-04
  57.000      3.95500E-04
  58.000      3.91530E-04
  59.000      4.14980E-04
  60.000      4.19360E-04
  61.000      4.26540E-04
  62.000      4.50160E-04
  63.000      4.60100E-04
  64.000      4.71490E-04
  65.000      4.80020E-04
  65.800      4.82060E-04
  66.500      4.94620E-04
  67.500      5.12220E-04
  68.500      5.10090E-04
  69.500      5.34410E-04
  70.500      5.33110E-04
  71.600      5.59190E-04
  72.600      5.71110E-04
  73.500      5.83120E-04
  74.500      5.90260E-04
  75.500      6.00830E-04
  76.500      6.09440E-04
  77.500      6.23590E-04
  78.500      6.36810E-04
  79.500      6.48290E-04
  80.500      6.58930E-04
  81.500      6.71520E-04
  82.500      6.86230E-04
  83.500      6.76280E-04
  84.500      7.07610E-04
  85.500      7.17980E-04
  86.500      7.31040E-04
  87.500      7.41940E-04
  88.500      7.52650E-04
  89.500      7.63320E-04
  90.500      7.70660E-04
  91.500      7.22930E-04
  92.500      1.41990E-03
  93.500      2.03050E-03
  94.500      2.97550E-03
  95.500      3.35440E-03
  96.500      4.13480E-03
  97.500      2.92150E-03
  98.500      4.24940E-03
  99.500      3.94760E-03
  100.50      4.28410E-03
  101.50      4.21270E-03
  102.50      2.86770E-03
  103.50      4.11260E-03
  104.50      4.20620E-03
  105.50      4.18970E-03
  106.50      4.10930E-03
  107.50      4.08480E-03
  108.50      3.82040E-03
  109.50      4.07030E-03
  110.50      4.03260E-03
  111.50      3.99230E-03
  112.50      3.91280E-03
  113.50      3.95650E-03
  114.50      3.92640E-03
  115.50      3.88270E-03
  116.50      3.85910E-03
  117.50      3.59100E-03
  118.50      3.79140E-03
  119.50      3.76420E-03
  120.50      3.67160E-03
  121.50      2.61530E-03
  122.50      3.60860E-03
  123.50      3.65150E-03
  124.50      3.61060E-03
  125.50      3.62220E-03
  126.50      3.59790E-03
  127.50      3.57230E-03
  128.50      3.54670E-03
  129.50      3.50880E-03
  130.50      3.48970E-03
  131.50      3.46910E-03
  132.50      3.44160E-03
  133.50      3.41230E-03
  134.50      3.39380E-03
  135.50      3.36740E-03
  136.50      3.34150E-03
  137.50      3.31390E-03
  138.50      3.29220E-03
  139.50      3.22660E-03
  140.50      3.20300E-03
  141.50      3.22070E-03
  142.50      3.19080E-03
  143.50      3.17380E-03
  144.20      3.15700E-03
  144.70      3.14550E-03
  145.50      3.12580E-03
  146.50      3.10440E-03
  147.50      3.08170E-03
  148.50      3.06220E-03
  149.50      3.03850E-03
  150.50      3.01800E-03
  151.20      3.00380E-03
  151.70      2.99160E-03
  152.50      2.97230E-03
  153.50      2.94020E-03
  154.50      2.86650E-03
  155.50      2.85710E-03
  156.50      2.87530E-03
  157.50      2.86220E-03
  158.50      2.84580E-03
  159.50      2.82490E-03
  160.50      2.79310E-03
  161.50      2.77270E-03
  162.50      2.75080E-03
  163.50      2.67690E-03
  164.50      2.55480E-03
  165.50      2.70430E-03
  166.50      2.68750E-03
  167.20      2.66850E-03
  167.70      2.67060E-03
  168.50      2.65410E-03
  169.50      2.63630E-03
  170.50      2.61670E-03
  171.50      2.58230E-03
  172.50      2.57350E-03
  173.50      2.56690E-03
  174.50      2.54810E-03
  175.50      2.52820E-03
  176.50      2.51440E-03
  177.50      2.49790E-03
  178.50      2.48140E-03
  179.50      2.46350E-03
  180.50      2.44780E-03
  181.50      2.43130E-03
  182.50      2.41460E-03
  183.50      2.39940E-03
  184.50      2.38280E-03
  185.50      2.36580E-03
  186.50      2.34990E-03
  187.50      2.33500E-03
  188.50      2.31930E-03
  189.50      2.30480E-03
  190.50      2.29040E-03
  191.50      2.27480E-03
  192.50      2.25640E-03
  193.50      2.24540E-03
  194.50      2.23120E-03
  195.50      2.21570E-03
  196.70      2.19950E-03
  197.60      2.18690E-03
  198.40      2.17550E-03
  199.50      2.15970E-03
  200.50      2.14660E-03
  201.50      2.13300E-03
  202.50      2.11930E-03
  203.50      2.10590E-03
  204.50      2.09250E-03
  205.50      1.70790E-03
  206.50      1.65960E-03
  207.40      1.66880E-03
  207.80      1.69180E-03
  208.50      1.75230E-03
  209.50      1.89570E-03
  210.50      2.00020E-03
  211.50      2.00700E-03
  212.50      1.99570E-03
  213.50      1.98030E-03
  214.50      1.96980E-03
  215.50      1.97290E-03
  216.50      1.93190E-03
  217.50      1.95960E-03
  218.50      1.90430E-03
  219.50      1.93620E-03
  220.50      1.92770E-03
  221.50      1.86330E-03
  222.50      1.90360E-03
  223.50      1.89330E-03
  224.50      1.87920E-03
  225.50      1.81680E-03
  226.50      1.85840E-03
  227.50      1.84710E-03
  228.50      1.83550E-03
  229.50      1.80920E-03
  230.50      1.76260E-03
  231.50      1.80050E-03
  232.50      1.79160E-03
  233.50      1.78080E-03
  234.50      1.77010E-03
  235.50      1.75950E-03
  236.50      1.74890E-03
  237.50      1.73850E-03
  238.50      1.68110E-03
  239.50      1.71670E-03
  240.50      1.70780E-03
  241.50      1.69770E-03
  242.50      1.68770E-03
  243.50      1.67780E-03
  244.50      1.66800E-03
  245.50      1.65810E-03
  246.50      1.64860E-03
  247.50      1.63900E-03
  248.50      1.62950E-03
  249.50      1.59550E-03
  250.50      1.60490E-03
  251.30      1.51520E-03
  251.80      1.59550E-03
  252.50      1.59220E-03
  253.50      1.58320E-03
  254.50      1.57420E-03
  255.50      1.56520E-03
  256.50      1.55640E-03
  257.50      1.54760E-03
  258.50      1.53890E-03
  259.50      1.53020E-03
  260.50      1.52440E-03
  261.50      1.51590E-03
  262.50      1.50740E-03
  263.50      1.49900E-03
  264.50      1.49040E-03
  265.50      1.48170E-03
  266.50      1.47270E-03
  267.50      1.46340E-03
  268.50      1.45800E-03
  269.50      1.44630E-03
  270.50      1.44210E-03
  271.50      1.43420E-03
  272.50      1.42130E-03
  273.50      1.38520E-03
  274.50      1.41100E-03
  275.50      1.40340E-03
  276.50      1.39010E-03
  277.50      1.38830E-03
  278.50      1.38090E-03
  279.50      1.37330E-03
  280.50      1.36610E-03
  281.50      1.35890E-03
  282.50      1.34540E-03
  283.50      1.34120E-03
  284.50      1.33740E-03
  285.50      1.33040E-03
  286.50      1.32340E-03
  287.50      1.31650E-03
  288.50      1.30960E-03
  289.50      1.30270E-03
  291.00      1.29260E-03
  293.00      1.27920E-03
  295.00      1.26090E-03
  297.00      1.25310E-03
  299.00      1.24030E-03
  301.00      1.22780E-03
  303.00      1.21530E-03
  305.00      1.20310E-03
  307.00      1.19120E-03
  309.00      1.17930E-03
  311.00      1.16770E-03
  313.00      1.15660E-03
  315.00      1.14530E-03
  317.00      1.13410E-03
  319.00      1.11680E-03
  321.00      1.09970E-03
  323.00      1.10130E-03
  325.00      1.09070E-03
  327.00      1.08060E-03
  329.00      1.06980E-03
  331.00      1.06040E-03
  333.00      1.05040E-03
  335.00      1.03970E-03
  337.00      1.03090E-03
  339.00      1.02140E-03
  341.00      1.01200E-03
  343.00      1.00100E-03
  345.00      9.90030E-04
  347.00      9.82540E-04
  349.00      9.73670E-04
  351.00      9.65230E-04
  353.00      9.57460E-04
  355.00      9.48260E-04
  357.00      9.43080E-04
  359.00      9.30280E-04
  361.00      9.24470E-04
  363.00      9.13760E-04
  364.00      9.07080E-04
  365.00      8.67640E-04
  367.00      8.61930E-04
  369.00      8.55560E-04
  371.00      8.45560E-04
  373.00      8.41100E-04
  375.00      8.40310E-04
  377.00      8.31810E-04
  379.00      8.46810E-04
  381.00      8.69140E-04
  383.00      8.05200E-04
  385.00      8.80710E-04
  387.00      8.92890E-04
  389.00      7.76840E-04
  391.00      8.84750E-04
  393.00      8.81190E-04
  395.00      8.72480E-04
  397.00      7.48290E-04
  399.00      8.54120E-04
  401.00      8.55680E-04
  403.00      8.23820E-04
  405.00      8.47040E-04
  407.00      8.37960E-04
  409.00      7.92670E-04
  411.00      7.29900E-04
  413.00      8.11750E-04
  415.00      8.09280E-04
  417.00      8.06970E-04
  419.00      7.98330E-04
  421.00      7.88010E-04
  423.00      7.88130E-04
  425.00      7.81750E-04
  427.00      7.75410E-04
  429.00      7.68930E-04
  431.00      7.59200E-04
  433.00      7.10830E-04
  435.00      6.73190E-04
  437.00      7.39990E-04
  439.00      7.26960E-04
  441.00      7.33380E-04
  443.00      7.26590E-04
  445.00      7.22060E-04
  447.00      6.96320E-04
  449.00      7.10680E-04
  451.00      7.05470E-04
  453.00      6.99300E-04
  455.00      6.86520E-04
  457.00      6.89440E-04
  459.00      6.84210E-04
  461.00      6.79060E-04
  463.00      6.73910E-04
  465.00      6.68370E-04
  467.00      6.63600E-04
  469.00      6.43080E-04
  471.00      6.49430E-04
  473.00      6.49270E-04
  475.00      6.44490E-04
  477.00      6.39770E-04
  479.00      6.35090E-04
  481.00      6.30070E-04
  483.00      6.22610E-04
  485.00      5.90080E-04
  487.00      5.50720E-04
  489.00      6.07510E-04
  491.00      6.06430E-04
  493.00      5.93970E-04
  495.00      5.99450E-04
  497.00      5.95220E-04
  499.00      5.91020E-04
  501.00      5.82570E-04
  503.00      5.82750E-04
  505.00      5.77080E-04
  507.00      5.74650E-04
  509.00      5.70670E-04
  511.00      5.66720E-04
  513.00      5.62820E-04
  515.00      5.58950E-04
  517.00      5.55120E-04
  519.00      5.51340E-04
  521.00      5.47590E-04
  523.00      5.43880E-04
  525.00      5.40210E-04
  527.00      5.36570E-04
  529.00      5.32970E-04
  531.00      5.29410E-04
  533.00      5.25880E-04
  535.00      5.22390E-04
  537.00      5.18930E-04
  539.00      5.15500E-04
  541.00      5.05850E-04
  543.00      5.08750E-04
  545.00      5.05440E-04
  547.00      5.02150E-04
  549.00      4.98890E-04
  551.00      4.95660E-04
  553.00      4.92460E-04
  555.00      4.89290E-04
  557.00      4.86160E-04
  559.00      4.83050E-04
  561.00      4.79980E-04
  563.00      4.76930E-04
  565.00      4.73910E-04
  567.00      4.70920E-04
  569.00      4.65890E-04
  571.00      4.53990E-04
  573.00      4.51290E-04
  575.00      4.48600E-04
  577.00      4.45950E-04
  579.00      4.43320E-04
  581.00      4.40740E-04
  583.00      4.38240E-04
  585.00      4.35910E-04
  587.00      4.25650E-04
  589.00      4.31230E-04
  591.00      4.30030E-04
  593.00      4.28330E-04
  595.00      4.26690E-04
  597.00      4.25140E-04
  599.00      4.23670E-04
  601.00      4.22110E-04
  603.00      4.20350E-04
  605.00      4.19110E-04
  607.00      4.16790E-04
  609.00      4.14320E-04
  611.00      4.11870E-04
  613.00      4.09450E-04
  615.00      4.07040E-04
  617.00      4.04660E-04
  619.00      4.02290E-04
  621.00      3.99950E-04
  623.00      3.97630E-04
  625.00      3.95330E-04
  627.00      3.93050E-04
  629.00      3.90780E-04
  631.00      3.88530E-04
  633.00      3.86310E-04
  635.00      3.84110E-04
  637.00      3.81930E-04
  639.00      3.79750E-04
  641.00      3.77360E-04
  643.00      3.75470E-04
  645.00      3.73360E-04
  647.00      3.71270E-04
  649.00      3.69190E-04
  651.00      3.66800E-04
  653.00      3.62810E-04
  655.00      3.52670E-04
  657.00      3.27050E-04
  659.00      3.56320E-04
  661.00      3.56670E-04
  663.00      3.55120E-04
  665.00      3.53260E-04
  667.00      3.48690E-04
  669.00      3.45970E-04
  671.00      3.47520E-04
  673.00      3.45640E-04
  675.00      3.43780E-04
  677.00      3.41920E-04
  679.00      3.40090E-04
  681.00      3.38270E-04
  683.00      3.36460E-04
  685.00      3.34660E-04
  687.00      3.32880E-04
  689.00      3.30170E-04
  691.00      3.29360E-04
  693.00      3.27630E-04
  695.00      3.25910E-04
  697.00      3.24190E-04
  699.00      3.22500E-04
  701.00      3.20810E-04
  703.00      3.19140E-04
  705.00      3.17490E-04
  707.00      3.12760E-04
  709.00      3.14210E-04
  711.00      3.12590E-04
  713.00      3.10980E-04
  715.00      3.09390E-04
  717.00      3.07050E-04
  719.00      3.05800E-04
  721.00      3.04680E-04
  723.00      3.03130E-04
  725.00      3.01600E-04
  727.00      3.00070E-04
  729.00      2.97090E-04
  731.00      2.97050E-04
  733.00      2.95570E-04
  735.00      2.94100E-04
  737.00      2.92630E-04
  739.00      2.91170E-04
  741.00      2.89730E-04
  743.00      2.88290E-04
  745.00      2.86890E-04
  747.00      2.85470E-04
  749.00      2.84070E-04
  751.00      2.82650E-04
  753.00      2.81300E-04
  755.00      2.79920E-04
  757.00      2.78560E-04
  759.00      2.75900E-04
  761.00      2.75860E-04
  763.00      2.74540E-04
  765.00      2.73210E-04
  767.00      2.71900E-04
  769.00      2.70600E-04
  771.00      2.69300E-04
  773.00      2.68010E-04
  775.00      2.66740E-04
  777.00      2.65470E-04
  779.00      2.64210E-04
  781.00      2.62910E-04
  783.00      2.61730E-04
  785.00      2.60610E-04
  787.00      2.59390E-04
  789.00      2.58170E-04
  791.00      2.56970E-04
  793.00      2.55770E-04
  795.00      2.54580E-04
  797.00      2.53390E-04
  799.00      2.52220E-04
  801.00      2.51060E-04
  803.00      2.49900E-04
  805.00      2.48750E-04
  807.00      2.47610E-04
  809.00      2.46380E-04
  811.00      2.45340E-04
  813.00      2.44230E-04
  815.00      2.43010E-04
  817.00      2.42010E-04
  819.00      2.40500E-04
  821.00      2.36870E-04
  823.00      2.35110E-04
  825.00      2.34750E-04
  827.00      2.33640E-04
  829.00      2.32970E-04
  831.00      2.32000E-04
  833.00      2.30920E-04
  835.00      2.29530E-04
  837.00      2.28820E-04
  839.00      2.27950E-04
  841.00      2.26980E-04
  843.00      2.25960E-04
  845.00      2.24420E-04
  847.00      2.24080E-04
  849.00      2.23000E-04
  851.00      2.22240E-04
  853.00      2.21070E-04
  855.00      2.20230E-04
  857.00      2.19660E-04
  859.00      2.17250E-04
  861.00      2.17360E-04
  863.00      2.17430E-04
  865.00      2.15280E-04
  867.00      2.13140E-04
  869.00      2.14900E-04
  871.00      2.14890E-04
  873.00      2.12090E-04
  875.00      2.07120E-04
  877.00      2.09440E-04
  879.00      2.11960E-04
  881.00      2.11800E-04
  883.00      2.10240E-04
  885.00      2.03730E-04
  887.00      1.98930E-04
  889.00      2.06310E-04
  891.00      2.07910E-04
  893.00      2.07610E-04
  895.00      2.07070E-04
  897.00      2.05670E-04
  899.00      2.01600E-04
  901.00      1.90970E-04
  903.00      1.94360E-04
  905.00      2.00830E-04
  907.00      2.00600E-04
  909.00      2.01160E-04
  911.00      2.00750E-04
  913.00      2.00320E-04
  915.00      1.99160E-04
  917.00      1.97780E-04
  919.00      1.96110E-04
  921.00      1.90010E-04
  923.00      1.78660E-04
  925.00      1.88240E-04
  927.00      1.92690E-04
  929.00      1.93150E-04
  931.00      1.92420E-04
  933.00      1.92240E-04
  935.00      1.89540E-04
  937.00      1.90820E-04
  939.00      1.90050E-04
  941.00      1.89290E-04
  943.00      1.88530E-04
  945.00      1.87780E-04
  947.00      1.86070E-04
  949.00      1.85530E-04
  951.00      1.82700E-04
  953.00      1.76610E-04
  955.00      1.66240E-04
  957.00      1.77560E-04
  959.00      1.80980E-04
  961.00      1.81090E-04
  963.00      1.80490E-04
  965.00      1.80490E-04
  967.00      1.79790E-04
  969.00      1.79020E-04
  971.00      1.78120E-04
  973.00      1.77700E-04
  975.00      1.77010E-04
  977.00      1.76320E-04
  979.00      1.75640E-04
  981.00      1.74960E-04
  983.00      1.74290E-04
  985.00      1.73620E-04
  987.00      1.72960E-04
  989.00      1.72290E-04
  991.00      1.71630E-04
  993.00      1.70980E-04
  995.00      1.70330E-04
  997.00      1.69540E-04
  999.00      1.68430E-04
  1002.5      1.62030E-04
  1007.5      1.59140E-04
  1012.5      1.62930E-04
  1017.5      1.63260E-04
  1022.5      1.61720E-04
  1027.5      1.60260E-04
  1032.5      1.58360E-04
  1037.5      1.57340E-04
  1042.5      1.55850E-04
  1047.5      1.54500E-04
  1052.5      1.53110E-04
  1057.5      1.51740E-04
  1062.5      1.50380E-04
  1067.5      1.48900E-04
  1072.5      1.47730E-04
  1077.5      1.46420E-04
  1082.5      1.44290E-04
  1087.5      1.43250E-04
  1092.5      1.34260E-04
  1097.5      1.38320E-04
  1102.5      1.39520E-04
  1107.5      1.38880E-04
  1112.5      1.37780E-04
  1117.5      1.36620E-04
  1122.5      1.35430E-04
  1127.5      1.34320E-04
  1132.5      1.33190E-04
  1137.5      1.32070E-04
  1142.5      1.30970E-04
  1147.5      1.29890E-04
  1152.5      1.28810E-04
  1157.5      1.27750E-04
  1162.5      1.26210E-04
  1167.5      1.25540E-04
  1172.5      1.24650E-04
  1177.5      1.23640E-04
  1182.5      1.22640E-04
  1187.5      1.21660E-04
  1192.5      1.20680E-04
  1197.5      1.18850E-04
  1202.5      1.18770E-04
  1207.5      1.17830E-04
  1212.5      1.16910E-04
  1217.5      1.15990E-04
  1222.5      1.15080E-04
  1227.5      1.14190E-04
  1232.5      1.13300E-04
  1237.5      1.12430E-04
  1242.5      1.11560E-04
  1247.5      1.10710E-04
  1252.5      1.09730E-04
  1257.5      1.09030E-04
  1262.5      1.08200E-04
  1267.5      1.07380E-04
  1272.5      1.06470E-04
  1277.5      1.04190E-04
  1282.5      9.88280E-05
  1287.5      1.03420E-04
  1292.5      1.03370E-04
  1297.5      1.02250E-04
  1302.5      1.01920E-04
  1307.5      1.01170E-04
  1312.5      1.00430E-04
  1317.5      9.97030E-05
  1322.5      9.89810E-05
  1327.5      9.82660E-05
  1332.5      9.75600E-05
  1337.5      9.68600E-05
  1342.5      9.61280E-05
  1347.5      9.54840E-05
  1352.5      9.48070E-05
  1357.5      9.41370E-05
  1362.5      9.34740E-05
  1367.5      9.28180E-05
  1372.5      9.21690E-05
  1377.5      9.15270E-05
  1382.5      9.08910E-05
  1387.5      9.02620E-05
  1392.5      8.96400E-05
  1397.5      8.90240E-05
  1402.5      8.84140E-05
  1407.5      8.78110E-05
  1412.5      8.72130E-05
  1417.5      8.66220E-05
  1422.5      8.60370E-05
  1427.5      8.54570E-05
  1432.5      8.48840E-05
  1437.5      8.43160E-05
  1442.5      8.37540E-05
  1447.5      8.31970E-05
  1452.5      8.26460E-05
  1457.0      8.21550E-05
  1462.0      8.16210E-05
  1467.5      8.10350E-05
  1472.5      8.04990E-05
  1477.5      7.97860E-05
  1482.5      7.94670E-05
  1487.5      7.89570E-05
  1492.5      7.84510E-05
  1497.5      7.79480E-05
  1502.5      7.74510E-05
  1507.5      7.68760E-05
  1512.5      7.64690E-05
  1517.5      7.59850E-05
  1522.5      7.55070E-05
  1527.5      7.50300E-05
  1532.5      7.45560E-05
  1537.5      7.40910E-05
  1542.5      7.36180E-05
  1547.5      7.31680E-05
  1552.5      7.27070E-05
  1557.5      7.22340E-05
  1562.5      7.18250E-05
  1567.5      7.13260E-05
  1572.5      7.08670E-05
  1577.5      7.05220E-05
  1582.5      7.00640E-05
  1587.5      6.94410E-05
  1592.5      6.91550E-05
  1597.5      6.88600E-05
  1605.0      6.81190E-05
  1615.0      6.71390E-05
  1625.0      6.66880E-05
  1635.0      6.56120E-05
  1645.0      6.45590E-05
  1655.0      6.44660E-05
  1665.0      6.37610E-05
  1675.0      6.24600E-05
  1685.0      6.13360E-05
  1695.0      6.15370E-05
  1705.0      6.06590E-05
  1715.0      6.02110E-05
  1725.0      5.94170E-05
  1735.0      5.74490E-05
  1745.0      5.79010E-05
  1755.0      5.75720E-05
  1765.0      5.69410E-05
  1775.0      5.63190E-05
  1785.0      5.57060E-05
  1795.0      5.51040E-05
  1805.0      5.44360E-05
  1815.0      5.25260E-05
  1825.0      5.28930E-05
  1835.0      5.27900E-05
  1845.0      5.22350E-05
  1855.0      5.16820E-05
  1865.0      5.06560E-05
  1875.0      4.90470E-05
  1885.0      5.00210E-05
  1895.0      4.95850E-05
  1905.0      4.89540E-05
  1915.0      4.85720E-05
  1925.0      4.80890E-05
  1935.0      4.74350E-05
  1945.0      4.56050E-05
  1955.0      4.64620E-05
  1965.0      4.61990E-05
  1975.0      4.57450E-05
  1985.0      4.52960E-05
  1995.0      4.48550E-05
  2005.0      4.44190E-05
  2015.0      4.39900E-05
  2025.0      4.35670E-05
  2035.0      4.31500E-05
  2045.0      4.27330E-05
  2055.0      4.22990E-05
  2065.0      4.19350E-05
  2075.0      4.15410E-05
  2085.0      4.11530E-05
  2095.0      4.07700E-05
  2105.0      4.03930E-05
  2115.0      3.99430E-05
  2125.0      3.96530E-05
  2135.0      3.92910E-05
  2145.0      3.89280E-05
  2155.0      3.84710E-05
  2165.0      3.69620E-05
  2175.0      3.76850E-05
  2185.0      3.75400E-05
  2195.0      3.72200E-05
  2205.0      3.68900E-05
  2215.0      3.65660E-05
  2225.0      3.62430E-05
  2235.0      3.59280E-05
  2245.0      3.56160E-05
  2255.0      3.53080E-05
  2265.0      3.50030E-05
  2275.0      3.47030E-05
  2285.0      3.44660E-05
  2295.0      3.41720E-05
  2305.0      3.38740E-05
  2315.0      3.35960E-05
  2325.0      3.33140E-05
  2335.0      3.30350E-05
  2345.0      3.27590E-05
  2355.0      3.24870E-05
  2365.0      3.22180E-05
  2375.0      3.19530E-05
  2385.0      3.16910E-05
  2395.0      3.14320E-05
  2405.0      3.11760E-05
  2415.0      3.09240E-05
  2425.0      3.06740E-05
  2435.0      3.04270E-05
  2445.0      3.01840E-05
  2455.0      2.99430E-05
  2465.0      2.97050E-05
  2475.0      2.94360E-05
  2485.0      2.92380E-05
  2495.0      2.90080E-05
  2505.0      2.87820E-05
  2515.0      2.85570E-05
  2525.0      2.83250E-05
  2535.0      2.81170E-05
  2545.0      2.79010E-05
  2555.0      2.76820E-05
  2565.0      2.74110E-05
  2575.0      2.72660E-05
  2585.0      2.70590E-05
  2595.0      2.68550E-05
  2605.0      2.65760E-05
  2615.0      2.62450E-05
  2625.0      2.53830E-05
  2635.0      2.59000E-05
  2645.0      2.58520E-05
  2655.0      2.56630E-05
  2665.0      2.54350E-05
  2675.0      2.51550E-05
  2685.0      2.50610E-05
  2695.0      2.49320E-05
  2705.0      2.47520E-05
  2715.0      2.45730E-05
  2725.0      2.43960E-05
  2735.0      2.42210E-05
  2745.0      2.40120E-05
  2755.0      2.36740E-05
  2765.0      2.35800E-05
  2775.0      2.35300E-05
  2785.0      2.33740E-05
  2795.0      2.32100E-05
  2805.0      2.30470E-05
  2815.0      2.28870E-05
  2825.0      2.27280E-05
  2835.0      2.25700E-05
  2845.0      2.24140E-05
  2855.0      2.22440E-05
  2865.0      2.19770E-05
  2875.0      2.16570E-05
  2885.0      2.17420E-05
  2895.0      2.16590E-05
  2905.0      2.15130E-05
  2915.0      2.13680E-05
  2925.0      2.12240E-05
  2935.0      2.10820E-05
  2945.0      2.09410E-05
  2955.0      2.08020E-05
  2965.0      2.06640E-05
  2975.0      2.05280E-05
  2985.0      2.03930E-05
  2995.0      2.02590E-05
  3005.0      2.01260E-05
  3015.0      1.99950E-05
  3025.0      1.98230E-05
  3035.0      1.94400E-05
  3045.0      1.93980E-05
  3055.0      1.94570E-05
  3065.0      1.93570E-05
  3075.0      1.92340E-05
  3085.0      1.91110E-05
  3095.0      1.89900E-05
  3105.0      1.88690E-05
  3115.0      1.87500E-05
  3125.0      1.86320E-05
  3135.0      1.85150E-05
  3145.0      1.83990E-05
  3155.0      1.82850E-05
  3165.0      1.81710E-05
  3175.0      1.80580E-05
  3185.0      1.79470E-05
  3195.0      1.78360E-05
  3210.0      1.76720E-05
  3230.0      1.74570E-05
  3250.0      1.72460E-05
  3270.0      1.70350E-05
  3290.0      1.65850E-05
  3310.0      1.65520E-05
  3330.0      1.64480E-05
  3350.0      1.62570E-05
  3370.0      1.60670E-05
  3390.0      1.58800E-05
  3410.0      1.56970E-05
  3430.0      1.55170E-05
  3450.0      1.53400E-05
  3470.0      1.51660E-05
  3490.0      1.49950E-05
  3510.0      1.48260E-05
  3530.0      1.46610E-05
  3550.0      1.44980E-05
  3570.0      1.43380E-05
  3590.0      1.41810E-05
  3610.0      1.40260E-05
  3630.0      1.38740E-05
  3650.0      1.37240E-05
  3670.0      1.35770E-05
  3690.0      1.34320E-05
  3710.0      1.32790E-05
  3730.0      1.30210E-05
  3750.0      1.28480E-05
  3770.0      1.28730E-05
  3790.0      1.27400E-05
  3810.0      1.26080E-05
  3830.0      1.24780E-05
  3850.0      1.23500E-05
  3870.0      1.22240E-05
  3890.0      1.21000E-05
  3910.0      1.19780E-05
  3930.0      1.18580E-05
  3950.0      1.17390E-05
  3970.0      1.16230E-05
  3990.0      1.15080E-05
  4010.0      1.13840E-05
  4030.0      1.12540E-05
  4050.0      1.09830E-05
  4070.0      1.10560E-05
  4090.0      1.09570E-05
  4110.0      1.08520E-05
  4130.0      1.07450E-05
  4150.0      1.06460E-05
  4170.0      1.05070E-05
  4190.0      1.04440E-05
  4210.0      1.03480E-05
  4230.0      1.02510E-05
  4250.0      1.01540E-05
  4270.0      1.00620E-05
  4290.0      9.96280E-06
  4310.0      9.87740E-06
  4330.0      9.78720E-06
  4350.0      9.69800E-06
  4370.0      9.55910E-06
  4390.0      9.50120E-06
  4410.0      9.43840E-06
  4430.0      9.35420E-06
  4450.0      9.27110E-06
  4470.0      9.19230E-06
  4490.0      9.11130E-06
  4510.0      9.03140E-06
  4530.0      8.95250E-06
  4550.0      8.87460E-06
  4570.0      8.79770E-06
  4590.0      8.72180E-06
  4610.0      8.64580E-06
  4630.0      8.56230E-06
  4650.0      8.32420E-06
  4670.0      8.33220E-06
  4690.0      8.32950E-06
  4710.0      8.28640E-06
  4730.0      8.21710E-06
  4750.0      8.14860E-06
  4770.0      8.08090E-06
  4790.0      8.01410E-06
  4810.0      7.94810E-06
  4830.0      7.88290E-06
  4850.0      7.81850E-06
  4870.0      7.75490E-06
  4890.0      7.69200E-06
  4910.0      7.62990E-06
  4930.0      7.56860E-06
  4950.0      7.50800E-06
  4970.0      7.44810E-06
  4990.0      7.38890E-06
  5010.0      7.33050E-06
  5030.0      7.27270E-06
  5050.0      7.21560E-06
  5070.0      7.15910E-06
  5090.0      7.10320E-06
  5110.0      7.03090E-06
  5130.0      6.90410E-06
  5150.0      6.92790E-06
  5170.0      6.88650E-06
  5190.0      6.83390E-06
  5210.0      6.78190E-06
  5230.0      6.73040E-06
  5250.0      6.67950E-06
  5270.0      6.62920E-06
  5290.0      6.57950E-06
  5310.0      6.53030E-06
  5330.0      6.48170E-06
  5350.0      6.43360E-06
  5370.0      6.38600E-06
  5390.0      6.33890E-06
  5410.0      6.29240E-06
  5430.0      6.24640E-06
  5450.0      6.20090E-06
  5470.0      6.15590E-06
  5490.0      6.11130E-06
  5510.0      6.06720E-06
  5530.0      6.02360E-06
  5550.0      5.98060E-06
  5570.0      5.93790E-06
  5590.0      5.89570E-06
  5610.0      5.85400E-06
  5630.0      5.81260E-06
  5650.0      5.77180E-06
  5670.0      5.73130E-06
  5690.0      5.69120E-06
  5710.0      5.65150E-06
  5730.0      5.61240E-06
  5750.0      5.57360E-06
  5770.0      5.53530E-06
  5790.0      5.49730E-06
  5810.0      5.45960E-06
  5830.0      5.42240E-06
  5850.0      5.38660E-06
  5870.0      5.35000E-06
  5890.0      5.29650E-06
  5910.0      5.18810E-06
  5930.0      5.22850E-06
  5950.0      5.19810E-06
  5970.0      5.16980E-06
  5990.0      5.13870E-06
  6010.0      5.10470E-06
  6030.0      5.07100E-06
  6050.0      5.03770E-06
  6070.0      5.00470E-06
  6090.0      4.97200E-06
  6110.0      4.93960E-06
  6130.0      4.90750E-06
  6150.0      4.87580E-06
  6170.0      4.84430E-06
  6190.0      4.81320E-06
  6210.0      4.78230E-06
  6230.0      4.75180E-06
  6250.0      4.72150E-06
  6270.0      4.69060E-06
  6290.0      4.64440E-06
  6310.0      4.62840E-06
  6330.0      4.60320E-06
  6350.0      4.57440E-06
  6370.0      4.54580E-06
  6390.0      4.51750E-06
  6420.0      4.47550E-06
  6460.0      4.42040E-06
  6500.0      4.36630E-06
  6540.0      4.31320E-06
  6580.0      4.26110E-06
  6620.0      4.20990E-06
  6660.0      4.15960E-06
  6700.0      4.11010E-06
  6740.0      4.05880E-06
  6780.0      3.99670E-06
  6820.0      3.96700E-06
  6860.0      3.92110E-06
  6900.0      3.87580E-06
  6940.0      3.83140E-06
  6980.0      3.78770E-06
  7020.0      3.74470E-06
  7060.0      3.70240E-06
  7100.0      3.66090E-06
  7140.0      3.62010E-06
  7180.0      3.57990E-06
  7220.0      3.54040E-06
  7260.0      3.50150E-06
  7300.0      3.46330E-06
  7340.0      3.42570E-06
  7380.0      3.38870E-06
  7420.0      3.34870E-06
  7460.0      3.26560E-06
  7500.0      3.22480E-06
  7540.0      3.23960E-06
  7580.0      3.21240E-06
  7620.0      3.17880E-06
  7660.0      3.14570E-06
  7700.0      3.11320E-06
  7740.0      3.08110E-06
  7780.0      3.04950E-06
  7820.0      3.01840E-06
  7860.0      2.98780E-06
  7900.0      2.95760E-06
  7940.0      2.92790E-06
  7980.0      2.89860E-06
  8020.0      2.86980E-06
  8060.0      2.84140E-06
  8100.0      2.81340E-06
  8140.0      2.78570E-06
  8180.0      2.75860E-06
  8220.0      2.73180E-06
  8260.0      2.70540E-06
  8300.0      2.67940E-06
  8340.0      2.65380E-06
  8380.0      2.62850E-06
  8420.0      2.60350E-06
  8460.0      2.57900E-06
  8500.0      2.55470E-06
  8540.0      2.53080E-06
  8580.0      2.50730E-06
  8620.0      2.48400E-06
  8660.0      2.45880E-06
  8700.0      2.43850E-06
  8740.0      2.40200E-06
  8780.0      2.38020E-06
  8820.0      2.37250E-06
  8860.0      2.35120E-06
  8900.0      2.33010E-06
  8940.0      2.30920E-06
  8980.0      2.28870E-06
  9020.0      2.26840E-06
  9060.0      2.24840E-06
  9100.0      2.22860E-06
  9140.0      2.20910E-06
  9180.0      2.18990E-06
  9220.0      2.17090E-06
  9260.0      2.15220E-06
  9300.0      2.13360E-06
  9340.0      2.11540E-06
  9380.0      2.09200E-06
  9420.0      2.07760E-06
  9460.0      2.06190E-06
  9500.0      2.04460E-06
  9540.0      2.02740E-06
  9580.0      2.01050E-06
  9620.0      1.99380E-06
  9660.0      1.97730E-06
  9700.0      1.96100E-06
  9740.0      1.94490E-06
  9780.0      1.92890E-06
  9820.0      1.91320E-06
  9860.0      1.89770E-06
  9900.0      1.88230E-06
  9940.0      1.86720E-06
  9980.0      1.85220E-06
  10020.      1.83740E-06
  20000.      4.57260E-07
  40000.      1.12730E-07
  60000.      4.96740E-08
  80000.      2.77710E-08
 1.00000E+05  1.76910E-08
 1.20000E+05  1.22410E-08
 1.40000E+05  8.96610E-09
 1.60000E+05  6.84720E-09
