 Castelli and Kurucz 2004-2012 Atmosphere
 T     31000.     G    4.50000 [-2.5] N(He)/Ntot=0.0784 VTURB=2  L/H=1.25 NOVER
 Wavelength  Eddington Hnu
   (nm)    (ergs/s/cm2/Hz/sr)
  9.0900      4.74140E-35
  9.3500      3.90910E-34
  9.6100      2.89150E-33
  9.7700      9.42180E-33
  9.9600      3.65470E-32
  10.200      1.88960E-31
  10.380      6.17920E-31
  10.560      1.94410E-30
  10.770      7.06680E-30
  11.040      3.46340E-29
  11.400      2.57410E-28
  11.780      1.88120E-27
  12.130      1.05540E-26
  12.480      5.38760E-26
  12.710      1.49920E-25
  12.840      2.63120E-25
  13.050      6.38140E-25
  13.240      1.38900E-24
  13.390      2.52720E-24
  13.660      7.18800E-24
  13.980      2.35770E-23
  14.330      8.13900E-23
  14.720      3.02340E-22
  15.100      1.01870E-21
  15.520      3.64040E-21
  15.880      1.02890E-20
  16.200      2.49290E-20
  16.600      7.18210E-20
  17.030      2.12140E-19
  17.340      4.47960E-19
  17.680      9.86410E-19
  18.020      2.10830E-18
  18.170      2.92130E-18
  18.610      7.37720E-18
  19.100      1.96710E-17
  19.390      3.43410E-17
  19.840      7.89170E-17
  20.180      1.44320E-16
  20.500      2.50050E-16
  21.050      6.18170E-16
  21.620      1.50370E-15
  21.980      2.57290E-15
  22.300      4.08640E-15
  22.680      6.95670E-15
  23.000      2.88730E-13
  23.400      1.20720E-12
  24.000      2.42110E-12
  24.650      4.68140E-12
  25.240      8.10820E-12
  25.680      9.28970E-12
  26.000      1.52790E-11
  26.400      2.05760E-11
  26.850      2.95950E-11
  27.350      4.32220E-11
  27.850      6.19430E-11
  28.400      9.22130E-11
  29.000      1.37880E-10
  29.600      2.01470E-10
  30.100      2.54380E-10
  30.800      3.56320E-10
  31.800      7.55850E-10
  32.800      1.29380E-09
  33.800      2.16970E-09
  34.800      3.50990E-09
  35.700      5.25470E-09
  36.600      7.81460E-09
  37.500      1.11800E-08
  38.500      1.66710E-08
  39.500      2.40890E-08
  40.500      3.41570E-08
  41.400      4.62440E-08
  42.200      5.95170E-08
  43.000      7.58360E-08
  44.100      1.04810E-07
  45.100      1.38640E-07
  46.000      1.75180E-07
  47.000      2.27060E-07
  48.000      2.89240E-07
  49.000      3.64360E-07
  50.000      4.55920E-07
  50.600      2.73090E-06
  51.200      9.30020E-06
  52.000      9.72690E-06
  53.000      1.09580E-05
  54.000      1.06540E-05
  55.000      1.24480E-05
  56.000      1.34030E-05
  57.000      1.44460E-05
  58.000      1.42850E-05
  59.000      1.62590E-05
  60.000      1.72280E-05
  61.000      1.85020E-05
  62.000      1.97530E-05
  63.000      2.11690E-05
  64.000      2.22030E-05
  65.000      2.39050E-05
  65.800      2.49710E-05
  66.500      2.60670E-05
  67.500      2.74920E-05
  68.500      2.85470E-05
  69.500      3.13040E-05
  70.500      3.24300E-05
  71.600      3.50150E-05
  72.600      3.69140E-05
  73.500      3.91110E-05
  74.500      4.11600E-05
  75.500      4.32730E-05
  76.500      4.54410E-05
  77.500      4.79810E-05
  78.500      5.06350E-05
  79.500      5.29430E-05
  80.500      5.55200E-05
  81.500      5.80290E-05
  82.500      6.08950E-05
  83.500      6.16150E-05
  84.500      6.63000E-05
  85.500      6.90780E-05
  86.500      7.20890E-05
  87.500      7.51220E-05
  88.500      7.81690E-05
  89.500      8.12340E-05
  90.500      8.39550E-05
  91.500      1.00370E-04
  92.500      4.48320E-04
  93.500      8.45170E-04
  94.500      1.55710E-03
  95.500      1.82270E-03
  96.500      2.30680E-03
  97.500      1.36820E-03
  98.500      2.39470E-03
  99.500      2.26550E-03
  100.50      2.42040E-03
  101.50      2.34570E-03
  102.50      1.34660E-03
  103.50      2.28430E-03
  104.50      2.41320E-03
  105.50      2.40680E-03
  106.50      2.33740E-03
  107.50      2.34240E-03
  108.50      2.21280E-03
  109.50      2.34940E-03
  110.50      2.30230E-03
  111.50      2.29330E-03
  112.50      2.23380E-03
  113.50      2.28770E-03
  114.50      2.26230E-03
  115.50      2.25010E-03
  116.50      2.24080E-03
  117.50      2.03570E-03
  118.50      2.19560E-03
  119.50      2.16760E-03
  120.50      2.07650E-03
  121.50      1.22890E-03
  122.50      2.06160E-03
  123.50      2.12710E-03
  124.50      2.10000E-03
  125.50      2.11300E-03
  126.50      2.10080E-03
  127.50      2.08730E-03
  128.50      2.07360E-03
  129.50      2.01930E-03
  130.50      2.01900E-03
  131.50      2.03060E-03
  132.50      2.01040E-03
  133.50      1.97200E-03
  134.50      1.98720E-03
  135.50      1.97460E-03
  136.50      1.95900E-03
  137.50      1.94560E-03
  138.50      1.93220E-03
  139.50      1.88000E-03
  140.50      1.87210E-03
  141.50      1.88960E-03
  142.50      1.87250E-03
  143.50      1.86470E-03
  144.20      1.85730E-03
  144.70      1.85020E-03
  145.50      1.83900E-03
  146.50      1.82650E-03
  147.50      1.81310E-03
  148.50      1.80190E-03
  149.50      1.78810E-03
  150.50      1.77410E-03
  151.20      1.76670E-03
  151.70      1.76010E-03
  152.50      1.74850E-03
  153.50      1.72360E-03
  154.50      1.68970E-03
  155.50      1.68090E-03
  156.50      1.69080E-03
  157.50      1.68560E-03
  158.50      1.67710E-03
  159.50      1.66570E-03
  160.50      1.64280E-03
  161.50      1.63080E-03
  162.50      1.62160E-03
  163.50      1.59670E-03
  164.50      1.53600E-03
  165.50      1.59650E-03
  166.50      1.58680E-03
  167.20      1.57620E-03
  167.70      1.57950E-03
  168.50      1.56950E-03
  169.50      1.55850E-03
  170.50      1.54640E-03
  171.50      1.52920E-03
  172.50      1.52070E-03
  173.50      1.51890E-03
  174.50      1.50770E-03
  175.50      1.49690E-03
  176.50      1.48670E-03
  177.50      1.47850E-03
  178.50      1.47000E-03
  179.50      1.46030E-03
  180.50      1.45180E-03
  181.50      1.44140E-03
  182.50      1.43200E-03
  183.50      1.42360E-03
  184.50      1.41080E-03
  185.50      1.39460E-03
  186.50      1.38910E-03
  187.50      1.38570E-03
  188.50      1.37280E-03
  189.50      1.35820E-03
  190.50      1.35840E-03
  191.50      1.34230E-03
  192.50      1.33270E-03
  193.50      1.32970E-03
  194.50      1.32550E-03
  195.50      1.31020E-03
  196.70      1.30720E-03
  197.60      1.30210E-03
  198.40      1.29260E-03
  199.50      1.27920E-03
  200.50      1.27820E-03
  201.50      1.27150E-03
  202.50      1.26440E-03
  203.50      1.25550E-03
  204.50      1.24780E-03
  205.50      1.14570E-03
  206.50      1.12840E-03
  207.40      1.13220E-03
  207.80      1.13130E-03
  208.50      1.15270E-03
  209.50      1.18680E-03
  210.50      1.20290E-03
  211.50      1.19880E-03
  212.50      1.19180E-03
  213.50      1.18410E-03
  214.50      1.17790E-03
  215.50      1.17390E-03
  216.50      1.16150E-03
  217.50      1.16170E-03
  218.50      1.14750E-03
  219.50      1.14820E-03
  220.50      1.14160E-03
  221.50      1.12680E-03
  222.50      1.12830E-03
  223.50      1.12160E-03
  224.50      1.11520E-03
  225.50      1.10060E-03
  226.50      1.10240E-03
  227.50      1.09610E-03
  228.50      1.08970E-03
  229.50      1.07240E-03
  230.50      1.06950E-03
  231.50      1.07120E-03
  232.50      1.06520E-03
  233.50      1.05910E-03
  234.50      1.05320E-03
  235.50      1.04730E-03
  236.50      1.04140E-03
  237.50      1.03560E-03
  238.50      1.02280E-03
  239.50      1.02400E-03
  240.50      1.01850E-03
  241.50      1.01280E-03
  242.50      1.00730E-03
  243.50      1.00170E-03
  244.50      9.96230E-04
  245.50      9.90830E-04
  246.50      9.85450E-04
  247.50      9.80090E-04
  248.50      9.74810E-04
  249.50      9.52820E-04
  250.50      9.63840E-04
  251.30      9.45490E-04
  251.80      9.57100E-04
  252.50      9.54060E-04
  253.50      9.49000E-04
  254.50      9.43680E-04
  255.50      9.38860E-04
  256.50      9.34050E-04
  257.50      9.29150E-04
  258.50      9.24300E-04
  259.50      9.19480E-04
  260.50      9.18640E-04
  261.50      9.13840E-04
  262.50      9.09070E-04
  263.50      9.03820E-04
  264.50      8.98820E-04
  265.50      8.93330E-04
  266.50      8.87540E-04
  267.50      8.82010E-04
  268.50      8.81300E-04
  269.50      8.71990E-04
  270.50      8.72310E-04
  271.50      8.67870E-04
  272.50      8.57980E-04
  273.50      8.54500E-04
  274.50      8.54760E-04
  275.50      8.50470E-04
  276.50      8.40230E-04
  277.50      8.41980E-04
  278.50      8.37770E-04
  279.50      8.33030E-04
  280.50      8.29340E-04
  281.50      8.25370E-04
  282.50      8.14110E-04
  283.50      8.13710E-04
  284.50      8.13240E-04
  285.50      8.09230E-04
  286.50      8.05280E-04
  287.50      8.01370E-04
  288.50      7.97480E-04
  289.50      7.93620E-04
  291.00      7.87870E-04
  293.00      7.80310E-04
  295.00      7.67910E-04
  297.00      7.65530E-04
  299.00      7.58280E-04
  301.00      7.51150E-04
  303.00      7.44160E-04
  305.00      7.37240E-04
  307.00      7.30430E-04
  309.00      7.23550E-04
  311.00      7.17050E-04
  313.00      7.11020E-04
  315.00      7.04530E-04
  317.00      6.98090E-04
  319.00      6.86450E-04
  321.00      6.83900E-04
  323.00      6.79160E-04
  325.00      6.73010E-04
  327.00      6.67670E-04
  329.00      6.61020E-04
  331.00      6.56030E-04
  333.00      6.50310E-04
  335.00      6.43670E-04
  337.00      6.39120E-04
  339.00      6.33650E-04
  341.00      6.28240E-04
  343.00      6.20700E-04
  345.00      6.13530E-04
  347.00      6.09920E-04
  349.00      6.04770E-04
  351.00      6.00550E-04
  353.00      5.96500E-04
  355.00      5.91460E-04
  357.00      5.89740E-04
  359.00      5.81120E-04
  361.00      5.78160E-04
  363.00      5.71680E-04
  364.00      5.73020E-04
  365.00      5.67680E-04
  367.00      5.65100E-04
  369.00      5.60360E-04
  371.00      5.48230E-04
  373.00      5.34380E-04
  375.00      5.40140E-04
  377.00      5.35290E-04
  379.00      5.57880E-04
  381.00      5.81380E-04
  383.00      5.21390E-04
  385.00      5.99960E-04
  387.00      6.09420E-04
  389.00      5.06700E-04
  391.00      6.07180E-04
  393.00      6.05220E-04
  395.00      5.98670E-04
  397.00      4.88880E-04
  399.00      5.85690E-04
  401.00      5.86660E-04
  403.00      5.61400E-04
  405.00      5.82730E-04
  407.00      5.75970E-04
  409.00      5.40190E-04
  411.00      4.83720E-04
  413.00      5.56420E-04
  415.00      5.55380E-04
  417.00      5.55060E-04
  419.00      5.51370E-04
  421.00      5.46590E-04
  423.00      5.42970E-04
  425.00      5.38640E-04
  427.00      5.34240E-04
  429.00      5.29930E-04
  431.00      5.23180E-04
  433.00      4.83930E-04
  435.00      4.49620E-04
  437.00      5.10110E-04
  439.00      4.97480E-04
  441.00      5.06080E-04
  443.00      5.00780E-04
  445.00      4.98570E-04
  447.00      4.75760E-04
  449.00      4.90790E-04
  451.00      4.87460E-04
  453.00      4.83810E-04
  455.00      4.79380E-04
  457.00      4.76640E-04
  459.00      4.73100E-04
  461.00      4.69650E-04
  463.00      4.66220E-04
  465.00      4.62420E-04
  467.00      4.59420E-04
  469.00      4.53260E-04
  471.00      4.48060E-04
  473.00      4.49600E-04
  475.00      4.46350E-04
  477.00      4.43200E-04
  479.00      4.40050E-04
  481.00      4.36540E-04
  483.00      4.31320E-04
  485.00      4.04980E-04
  487.00      3.69230E-04
  489.00      4.20970E-04
  491.00      4.20500E-04
  493.00      4.09650E-04
  495.00      4.15980E-04
  497.00      4.13160E-04
  499.00      4.10330E-04
  501.00      4.03230E-04
  503.00      4.04740E-04
  505.00      4.00090E-04
  507.00      3.99280E-04
  509.00      3.96580E-04
  511.00      3.93910E-04
  513.00      3.91270E-04
  515.00      3.88660E-04
  517.00      3.86070E-04
  519.00      3.83510E-04
  521.00      3.80970E-04
  523.00      3.78460E-04
  525.00      3.75970E-04
  527.00      3.73510E-04
  529.00      3.71070E-04
  531.00      3.68660E-04
  533.00      3.66270E-04
  535.00      3.63900E-04
  537.00      3.61550E-04
  539.00      3.59230E-04
  541.00      3.56430E-04
  543.00      3.54650E-04
  545.00      3.52400E-04
  547.00      3.50160E-04
  549.00      3.47950E-04
  551.00      3.45760E-04
  553.00      3.43590E-04
  555.00      3.41440E-04
  557.00      3.39310E-04
  559.00      3.37200E-04
  561.00      3.35110E-04
  563.00      3.33030E-04
  565.00      3.30980E-04
  567.00      3.28950E-04
  569.00      3.26860E-04
  571.00      3.24940E-04
  573.00      3.22960E-04
  575.00      3.20980E-04
  577.00      3.19060E-04
  579.00      3.17140E-04
  581.00      3.15230E-04
  583.00      3.13340E-04
  585.00      3.11470E-04
  587.00      3.00950E-04
  589.00      3.07190E-04
  591.00      3.05950E-04
  593.00      3.04150E-04
  595.00      3.02360E-04
  597.00      3.00580E-04
  599.00      2.98820E-04
  601.00      2.97080E-04
  603.00      2.95350E-04
  605.00      2.93640E-04
  607.00      2.91940E-04
  609.00      2.90260E-04
  611.00      2.88590E-04
  613.00      2.86930E-04
  615.00      2.85290E-04
  617.00      2.83660E-04
  619.00      2.82050E-04
  621.00      2.80450E-04
  623.00      2.78860E-04
  625.00      2.77290E-04
  627.00      2.75730E-04
  629.00      2.74180E-04
  631.00      2.72650E-04
  633.00      2.71130E-04
  635.00      2.69620E-04
  637.00      2.68130E-04
  639.00      2.66640E-04
  641.00      2.65170E-04
  643.00      2.63720E-04
  645.00      2.62270E-04
  647.00      2.60830E-04
  649.00      2.59410E-04
  651.00      2.57980E-04
  653.00      2.55550E-04
  655.00      2.46860E-04
  657.00      2.23440E-04
  659.00      2.50330E-04
  661.00      2.50760E-04
  663.00      2.49770E-04
  665.00      2.48550E-04
  667.00      2.44920E-04
  669.00      2.43640E-04
  671.00      2.44620E-04
  673.00      2.43320E-04
  675.00      2.42040E-04
  677.00      2.40770E-04
  679.00      2.39510E-04
  681.00      2.38260E-04
  683.00      2.37020E-04
  685.00      2.35790E-04
  687.00      2.34560E-04
  689.00      2.33350E-04
  691.00      2.32150E-04
  693.00      2.30950E-04
  695.00      2.29770E-04
  697.00      2.28590E-04
  699.00      2.27420E-04
  701.00      2.26270E-04
  703.00      2.25120E-04
  705.00      2.23980E-04
  707.00      2.19640E-04
  709.00      2.21720E-04
  711.00      2.20610E-04
  713.00      2.19500E-04
  715.00      2.18400E-04
  717.00      2.17280E-04
  719.00      2.16230E-04
  721.00      2.15160E-04
  723.00      2.14060E-04
  725.00      2.13030E-04
  727.00      2.11980E-04
  729.00      2.09370E-04
  731.00      2.09880E-04
  733.00      2.08880E-04
  735.00      2.07860E-04
  737.00      2.06850E-04
  739.00      2.05840E-04
  741.00      2.04840E-04
  743.00      2.03850E-04
  745.00      2.02890E-04
  747.00      2.01910E-04
  749.00      2.00940E-04
  751.00      1.99930E-04
  753.00      1.99030E-04
  755.00      1.98080E-04
  757.00      1.97140E-04
  759.00      1.96200E-04
  761.00      1.95270E-04
  763.00      1.94350E-04
  765.00      1.93440E-04
  767.00      1.92530E-04
  769.00      1.91620E-04
  771.00      1.90730E-04
  773.00      1.89840E-04
  775.00      1.88950E-04
  777.00      1.88070E-04
  779.00      1.87210E-04
  781.00      1.86260E-04
  783.00      1.85480E-04
  785.00      1.84780E-04
  787.00      1.83930E-04
  789.00      1.83010E-04
  791.00      1.82250E-04
  793.00      1.81420E-04
  795.00      1.80590E-04
  797.00      1.79630E-04
  799.00      1.78960E-04
  801.00      1.78000E-04
  803.00      1.77150E-04
  805.00      1.76350E-04
  807.00      1.75600E-04
  809.00      1.74550E-04
  811.00      1.73960E-04
  813.00      1.73280E-04
  815.00      1.72310E-04
  817.00      1.71760E-04
  819.00      1.70780E-04
  821.00      1.69820E-04
  823.00      1.69400E-04
  825.00      1.68740E-04
  827.00      1.67360E-04
  829.00      1.67190E-04
  831.00      1.66520E-04
  833.00      1.65710E-04
  835.00      1.64330E-04
  837.00      1.64090E-04
  839.00      1.63570E-04
  841.00      1.62870E-04
  843.00      1.62070E-04
  845.00      1.60430E-04
  847.00      1.60630E-04
  849.00      1.59620E-04
  851.00      1.59060E-04
  853.00      1.58180E-04
  855.00      1.56870E-04
  857.00      1.57860E-04
  859.00      1.53910E-04
  861.00      1.54400E-04
  863.00      1.56660E-04
  865.00      1.53540E-04
  867.00      1.48520E-04
  869.00      1.54630E-04
  871.00      1.55490E-04
  873.00      1.51860E-04
  875.00      1.42280E-04
  877.00      1.48950E-04
  879.00      1.53430E-04
  881.00      1.53400E-04
  883.00      1.52010E-04
  885.00      1.44040E-04
  887.00      1.36420E-04
  889.00      1.48500E-04
  891.00      1.50380E-04
  893.00      1.50140E-04
  895.00      1.49860E-04
  897.00      1.48840E-04
  899.00      1.45120E-04
  901.00      1.31840E-04
  903.00      1.37390E-04
  905.00      1.45200E-04
  907.00      1.44730E-04
  909.00      1.45400E-04
  911.00      1.45500E-04
  913.00      1.45040E-04
  915.00      1.44270E-04
  917.00      1.43070E-04
  919.00      1.42000E-04
  921.00      1.36230E-04
  923.00      1.22660E-04
  925.00      1.35190E-04
  927.00      1.39540E-04
  929.00      1.39900E-04
  931.00      1.39140E-04
  933.00      1.39300E-04
  935.00      1.38590E-04
  937.00      1.38210E-04
  939.00      1.37660E-04
  941.00      1.37120E-04
  943.00      1.36570E-04
  945.00      1.36030E-04
  947.00      1.34490E-04
  949.00      1.34450E-04
  951.00      1.32020E-04
  953.00      1.26540E-04
  955.00      1.14610E-04
  957.00      1.28180E-04
  959.00      1.31190E-04
  961.00      1.31120E-04
  963.00      1.30570E-04
  965.00      1.30830E-04
  967.00      1.30320E-04
  969.00      1.29720E-04
  971.00      1.28990E-04
  973.00      1.28830E-04
  975.00      1.28330E-04
  977.00      1.27840E-04
  979.00      1.27360E-04
  981.00      1.26870E-04
  983.00      1.26390E-04
  985.00      1.25910E-04
  987.00      1.25440E-04
  989.00      1.24960E-04
  991.00      1.24480E-04
  993.00      1.24020E-04
  995.00      1.23550E-04
  997.00      1.23020E-04
  999.00      1.22210E-04
  1002.5      1.16460E-04
  1007.5      1.13910E-04
  1012.5      1.18960E-04
  1017.5      1.18490E-04
  1022.5      1.17370E-04
  1027.5      1.16340E-04
  1032.5      1.14840E-04
  1037.5      1.14250E-04
  1042.5      1.13220E-04
  1047.5      1.12210E-04
  1052.5      1.11210E-04
  1057.5      1.10230E-04
  1062.5      1.09250E-04
  1067.5      1.08100E-04
  1072.5      1.07350E-04
  1077.5      1.06410E-04
  1082.5      1.04490E-04
  1087.5      1.04130E-04
  1092.5      9.54860E-05
  1097.5      1.00280E-04
  1102.5      1.01200E-04
  1107.5      1.00950E-04
  1112.5      1.00200E-04
  1117.5      9.93530E-05
  1122.5      9.84740E-05
  1127.5      9.76980E-05
  1132.5      9.68860E-05
  1137.5      9.60840E-05
  1142.5      9.52920E-05
  1147.5      9.45100E-05
  1152.5      9.37370E-05
  1157.5      9.29730E-05
  1162.5      9.22100E-05
  1167.5      9.14740E-05
  1172.5      9.07390E-05
  1177.5      9.00110E-05
  1182.5      8.92930E-05
  1187.5      8.85830E-05
  1192.5      8.78810E-05
  1197.5      8.62840E-05
  1202.5      8.65030E-05
  1207.5      8.58260E-05
  1212.5      8.51570E-05
  1217.5      8.44960E-05
  1222.5      8.38420E-05
  1227.5      8.31960E-05
  1232.5      8.25570E-05
  1237.5      8.19250E-05
  1242.5      8.13010E-05
  1247.5      8.06840E-05
  1252.5      7.99130E-05
  1257.5      7.94700E-05
  1262.5      7.88730E-05
  1267.5      7.82820E-05
  1272.5      7.76250E-05
  1277.5      7.56700E-05
  1282.5      7.04860E-05
  1287.5      7.53760E-05
  1292.5      7.53830E-05
  1297.5      7.43450E-05
  1302.5      7.43310E-05
  1307.5      7.37920E-05
  1312.5      7.32580E-05
  1317.5      7.27290E-05
  1322.5      7.22070E-05
  1327.5      7.16900E-05
  1332.5      7.11780E-05
  1337.5      7.06720E-05
  1342.5      7.01170E-05
  1347.5      6.96760E-05
  1352.5      6.91850E-05
  1357.5      6.87000E-05
  1362.5      6.82200E-05
  1367.5      6.77450E-05
  1372.5      6.72750E-05
  1377.5      6.68100E-05
  1382.5      6.63490E-05
  1387.5      6.58930E-05
  1392.5      6.54420E-05
  1397.5      6.49960E-05
  1402.5      6.45540E-05
  1407.5      6.41170E-05
  1412.5      6.36840E-05
  1417.5      6.32550E-05
  1422.5      6.28310E-05
  1427.5      6.24110E-05
  1432.5      6.19950E-05
  1437.5      6.15830E-05
  1442.5      6.11750E-05
  1447.5      6.07720E-05
  1452.5      6.03720E-05
  1457.0      6.00160E-05
  1462.0      5.96270E-05
  1467.5      5.92040E-05
  1472.5      5.88240E-05
  1477.5      5.84450E-05
  1482.5      5.80740E-05
  1487.5      5.77040E-05
  1492.5      5.73380E-05
  1497.5      5.69750E-05
  1502.5      5.66150E-05
  1507.5      5.61490E-05
  1512.5      5.59040E-05
  1517.5      5.55500E-05
  1522.5      5.52010E-05
  1527.5      5.48500E-05
  1532.5      5.45020E-05
  1537.5      5.41670E-05
  1542.5      5.37900E-05
  1547.5      5.34890E-05
  1552.5      5.31380E-05
  1557.5      5.27250E-05
  1562.5      5.25650E-05
  1567.5      5.20720E-05
  1572.5      5.16640E-05
  1577.5      5.16510E-05
  1582.5      5.12920E-05
  1587.5      5.03820E-05
  1592.5      5.05210E-05
  1597.5      5.04990E-05
  1605.0      4.98290E-05
  1615.0      4.88130E-05
  1625.0      4.89800E-05
  1635.0      4.79700E-05
  1645.0      4.68180E-05
  1655.0      4.73790E-05
  1665.0      4.68660E-05
  1675.0      4.56790E-05
  1685.0      4.44480E-05
  1695.0      4.52360E-05
  1705.0      4.45150E-05
  1715.0      4.42690E-05
  1725.0      4.36830E-05
  1735.0      4.14670E-05
  1745.0      4.25280E-05
  1755.0      4.23360E-05
  1765.0      4.18730E-05
  1775.0      4.14170E-05
  1785.0      4.09690E-05
  1795.0      4.05270E-05
  1805.0      4.00360E-05
  1815.0      3.79990E-05
  1825.0      3.88140E-05
  1835.0      3.88310E-05
  1845.0      3.84240E-05
  1855.0      3.80120E-05
  1865.0      3.72920E-05
  1875.0      3.56210E-05
  1885.0      3.67890E-05
  1895.0      3.64800E-05
  1905.0      3.59620E-05
  1915.0      3.57350E-05
  1925.0      3.53820E-05
  1935.0      3.48900E-05
  1945.0      3.29420E-05
  1955.0      3.41540E-05
  1965.0      3.39950E-05
  1975.0      3.36610E-05
  1985.0      3.33320E-05
  1995.0      3.30070E-05
  2005.0      3.26870E-05
  2015.0      3.23720E-05
  2025.0      3.20610E-05
  2035.0      3.17550E-05
  2045.0      3.14430E-05
  2055.0      3.11040E-05
  2065.0      3.08620E-05
  2075.0      3.05720E-05
  2085.0      3.02870E-05
  2095.0      3.00050E-05
  2105.0      2.97280E-05
  2115.0      2.93510E-05
  2125.0      2.91840E-05
  2135.0      2.89180E-05
  2145.0      2.86470E-05
  2155.0      2.82970E-05
  2165.0      2.67160E-05
  2175.0      2.77020E-05
  2185.0      2.76200E-05
  2195.0      2.73930E-05
  2205.0      2.71510E-05
  2215.0      2.69120E-05
  2225.0      2.66720E-05
  2235.0      2.64430E-05
  2245.0      2.62130E-05
  2255.0      2.59860E-05
  2265.0      2.57610E-05
  2275.0      2.55400E-05
  2285.0      2.53230E-05
  2295.0      2.51080E-05
  2305.0      2.48900E-05
  2315.0      2.46860E-05
  2325.0      2.44790E-05
  2335.0      2.42750E-05
  2345.0      2.40730E-05
  2355.0      2.38740E-05
  2365.0      2.36770E-05
  2375.0      2.34830E-05
  2385.0      2.32910E-05
  2395.0      2.31010E-05
  2405.0      2.29130E-05
  2415.0      2.27280E-05
  2425.0      2.25440E-05
  2435.0      2.23630E-05
  2445.0      2.21820E-05
  2455.0      2.20070E-05
  2465.0      2.18280E-05
  2475.0      2.16210E-05
  2485.0      2.14900E-05
  2495.0      2.13010E-05
  2505.0      2.11550E-05
  2515.0      2.09900E-05
  2525.0      2.07860E-05
  2535.0      2.06610E-05
  2545.0      2.05190E-05
  2555.0      2.03380E-05
  2565.0      2.01120E-05
  2575.0      2.00360E-05
  2585.0      1.99060E-05
  2595.0      1.97490E-05
  2605.0      1.95300E-05
  2615.0      1.91850E-05
  2625.0      1.83810E-05
  2635.0      1.90510E-05
  2645.0      1.90310E-05
  2655.0      1.88910E-05
  2665.0      1.86910E-05
  2675.0      1.83260E-05
  2685.0      1.84100E-05
  2695.0      1.83740E-05
  2705.0      1.82430E-05
  2715.0      1.81110E-05
  2725.0      1.79810E-05
  2735.0      1.78510E-05
  2745.0      1.76670E-05
  2755.0      1.72070E-05
  2765.0      1.72650E-05
  2775.0      1.73250E-05
  2785.0      1.72250E-05
  2795.0      1.71040E-05
  2805.0      1.69840E-05
  2815.0      1.68650E-05
  2825.0      1.67480E-05
  2835.0      1.66310E-05
  2845.0      1.65160E-05
  2855.0      1.63770E-05
  2865.0      1.61160E-05
  2875.0      1.56760E-05
  2885.0      1.59920E-05
  2895.0      1.59580E-05
  2905.0      1.58500E-05
  2915.0      1.57430E-05
  2925.0      1.56370E-05
  2935.0      1.55320E-05
  2945.0      1.54280E-05
  2955.0      1.53250E-05
  2965.0      1.52230E-05
  2975.0      1.51220E-05
  2985.0      1.50220E-05
  2995.0      1.49230E-05
  3005.0      1.48250E-05
  3015.0      1.47280E-05
  3025.0      1.45850E-05
  3035.0      1.41100E-05
  3045.0      1.41550E-05
  3055.0      1.43190E-05
  3065.0      1.42580E-05
  3075.0      1.41660E-05
  3085.0      1.40760E-05
  3095.0      1.39860E-05
  3105.0      1.38970E-05
  3115.0      1.38090E-05
  3125.0      1.37220E-05
  3135.0      1.36360E-05
  3145.0      1.35500E-05
  3155.0      1.34650E-05
  3165.0      1.33810E-05
  3175.0      1.32980E-05
  3185.0      1.32160E-05
  3195.0      1.31340E-05
  3210.0      1.30130E-05
  3230.0      1.28540E-05
  3250.0      1.26980E-05
  3270.0      1.25400E-05
  3290.0      1.20740E-05
  3310.0      1.21510E-05
  3330.0      1.20880E-05
  3350.0      1.19520E-05
  3370.0      1.18130E-05
  3390.0      1.16760E-05
  3410.0      1.15410E-05
  3430.0      1.14090E-05
  3450.0      1.12790E-05
  3470.0      1.11720E-05
  3490.0      1.10460E-05
  3510.0      1.09210E-05
  3530.0      1.07990E-05
  3550.0      1.06790E-05
  3570.0      1.05600E-05
  3590.0      1.04440E-05
  3610.0      1.03290E-05
  3630.0      1.02170E-05
  3650.0      1.01000E-05
  3670.0      9.99720E-06
  3690.0      9.87070E-06
  3710.0      9.75180E-06
  3730.0      9.52860E-06
  3750.0      9.38690E-06
  3770.0      9.46190E-06
  3790.0      9.37900E-06
  3810.0      9.26380E-06
  3830.0      9.16930E-06
  3850.0      9.09120E-06
  3870.0      8.99820E-06
  3890.0      8.89820E-06
  3910.0      8.78110E-06
  3930.0      8.72590E-06
  3950.0      8.64000E-06
  3970.0      8.55380E-06
  3990.0      8.46880E-06
  4010.0      8.35150E-06
  4030.0      8.24470E-06
  4050.0      8.02340E-06
  4070.0      8.13090E-06
  4090.0      8.06250E-06
  4110.0      7.98480E-06
  4130.0      7.90250E-06
  4150.0      7.82160E-06
  4170.0      7.67790E-06
  4190.0      7.67040E-06
  4210.0      7.61230E-06
  4230.0      7.54100E-06
  4250.0      7.46770E-06
  4270.0      7.40120E-06
  4290.0      7.32370E-06
  4310.0      7.26530E-06
  4330.0      7.19860E-06
  4350.0      7.12790E-06
  4370.0      6.97480E-06
  4390.0      6.96260E-06
  4410.0      6.94120E-06
  4430.0      6.87910E-06
  4450.0      6.81780E-06
  4470.0      6.76290E-06
  4490.0      6.70310E-06
  4510.0      6.64410E-06
  4530.0      6.58580E-06
  4550.0      6.52830E-06
  4570.0      6.47160E-06
  4590.0      6.41560E-06
  4610.0      6.35790E-06
  4630.0      6.28840E-06
  4650.0      6.06560E-06
  4670.0      6.06090E-06
  4690.0      6.10850E-06
  4710.0      6.09190E-06
  4730.0      6.04310E-06
  4750.0      5.99250E-06
  4770.0      5.94260E-06
  4790.0      5.89330E-06
  4810.0      5.84460E-06
  4830.0      5.79650E-06
  4850.0      5.74900E-06
  4870.0      5.70210E-06
  4890.0      5.65570E-06
  4910.0      5.60990E-06
  4930.0      5.56470E-06
  4950.0      5.52000E-06
  4970.0      5.47580E-06
  4990.0      5.43220E-06
  5010.0      5.38910E-06
  5030.0      5.34650E-06
  5050.0      5.30440E-06
  5070.0      5.26270E-06
  5090.0      5.22120E-06
  5110.0      5.15590E-06
  5130.0      5.01990E-06
  5150.0      5.08230E-06
  5170.0      5.06180E-06
  5190.0      5.02310E-06
  5210.0      4.98470E-06
  5230.0      4.94680E-06
  5250.0      4.90930E-06
  5270.0      4.87220E-06
  5290.0      4.83560E-06
  5310.0      4.79940E-06
  5330.0      4.76360E-06
  5350.0      4.72810E-06
  5370.0      4.69300E-06
  5390.0      4.65840E-06
  5410.0      4.62410E-06
  5430.0      4.59030E-06
  5450.0      4.55670E-06
  5470.0      4.52360E-06
  5490.0      4.49070E-06
  5510.0      4.45820E-06
  5530.0      4.42250E-06
  5550.0      4.39440E-06
  5570.0      4.36300E-06
  5590.0      4.33200E-06
  5610.0      4.30120E-06
  5630.0      4.27080E-06
  5650.0      4.24070E-06
  5670.0      4.21090E-06
  5690.0      4.18130E-06
  5710.0      4.13990E-06
  5730.0      4.12180E-06
  5750.0      4.09480E-06
  5770.0      4.06660E-06
  5790.0      4.03860E-06
  5810.0      4.01090E-06
  5830.0      3.98350E-06
  5850.0      3.95820E-06
  5870.0      3.92980E-06
  5890.0      3.88260E-06
  5910.0      3.77710E-06
  5930.0      3.83410E-06
  5950.0      3.80490E-06
  5970.0      3.78720E-06
  5990.0      3.77560E-06
  6010.0      3.75070E-06
  6030.0      3.72590E-06
  6050.0      3.70140E-06
  6070.0      3.67710E-06
  6090.0      3.65300E-06
  6110.0      3.62920E-06
  6130.0      3.60560E-06
  6150.0      3.58220E-06
  6170.0      3.55910E-06
  6190.0      3.53610E-06
  6210.0      3.51340E-06
  6230.0      3.49090E-06
  6250.0      3.46860E-06
  6270.0      3.43830E-06
  6290.0      3.39240E-06
  6310.0      3.39090E-06
  6330.0      3.38160E-06
  6350.0      3.36050E-06
  6370.0      3.33940E-06
  6390.0      3.31860E-06
  6420.0      3.28770E-06
  6460.0      3.24720E-06
  6500.0      3.20740E-06
  6540.0      3.16840E-06
  6580.0      3.13000E-06
  6620.0      3.09230E-06
  6660.0      3.05540E-06
  6700.0      3.01900E-06
  6740.0      2.97800E-06
  6780.0      2.92100E-06
  6820.0      2.91330E-06
  6860.0      2.88000E-06
  6900.0      2.84670E-06
  6940.0      2.81400E-06
  6980.0      2.78190E-06
  7020.0      2.75030E-06
  7060.0      2.71920E-06
  7100.0      2.68870E-06
  7140.0      2.65870E-06
  7180.0      2.62910E-06
  7220.0      2.60010E-06
  7260.0      2.57150E-06
  7300.0      2.54340E-06
  7340.0      2.51580E-06
  7380.0      2.48860E-06
  7420.0      2.45740E-06
  7460.0      2.39240E-06
  7500.0      2.35570E-06
  7540.0      2.37570E-06
  7580.0      2.35900E-06
  7620.0      2.33430E-06
  7660.0      2.31000E-06
  7700.0      2.28610E-06
  7740.0      2.26250E-06
  7780.0      2.23910E-06
  7820.0      2.21650E-06
  7860.0      2.19400E-06
  7900.0      2.17190E-06
  7940.0      2.15000E-06
  7980.0      2.12850E-06
  8020.0      2.10740E-06
  8060.0      2.08650E-06
  8100.0      2.06590E-06
  8140.0      2.04300E-06
  8180.0      2.02490E-06
  8220.0      2.00600E-06
  8260.0      1.98670E-06
  8300.0      1.96760E-06
  8340.0      1.94870E-06
  8380.0      1.93020E-06
  8420.0      1.91190E-06
  8460.0      1.89380E-06
  8500.0      1.87600E-06
  8540.0      1.85850E-06
  8580.0      1.84120E-06
  8620.0      1.82410E-06
  8660.0      1.80040E-06
  8700.0      1.78950E-06
  8740.0      1.75910E-06
  8780.0      1.74340E-06
  8820.0      1.74230E-06
  8860.0      1.72660E-06
  8900.0      1.71110E-06
  8940.0      1.69580E-06
  8980.0      1.68070E-06
  9020.0      1.66590E-06
  9060.0      1.65120E-06
  9100.0      1.63670E-06
  9140.0      1.62240E-06
  9180.0      1.60820E-06
  9220.0      1.59430E-06
  9260.0      1.58060E-06
  9300.0      1.56700E-06
  9340.0      1.55350E-06
  9380.0      1.53120E-06
  9420.0      1.52380E-06
  9460.0      1.51440E-06
  9500.0      1.50160E-06
  9540.0      1.48900E-06
  9580.0      1.47660E-06
  9620.0      1.46440E-06
  9660.0      1.45220E-06
  9700.0      1.44030E-06
  9740.0      1.42850E-06
  9780.0      1.41680E-06
  9820.0      1.40520E-06
  9860.0      1.39390E-06
  9900.0      1.38260E-06
  9940.0      1.37150E-06
  9980.0      1.36050E-06
  10020.      1.34960E-06
  20000.      3.37150E-07
  40000.      8.34240E-08
  60000.      3.68090E-08
  80000.      2.06000E-08
 1.00000E+05  1.31330E-08
 1.20000E+05  9.09190E-09
 1.40000E+05  6.66300E-09
 1.60000E+05  5.09050E-09
