 Castelli and Kurucz 2004-2012 Atmosphere
 T     34000.     G    4.00000 [-2.5] N(He)/Ntot=0.0784 VTURB=2  L/H=1.25 NOVER
 Wavelength  Eddington Hnu
   (nm)    (ergs/s/cm2/Hz/sr)
  9.0900      7.59440E-29
  9.3500      4.24950E-28
  9.6100      2.17720E-27
  9.7700      5.73600E-27
  9.9600      1.74350E-26
  10.200      6.70400E-26
  10.380      1.77500E-25
  10.560      4.56490E-25
  10.770      1.32050E-24
  11.040      4.88730E-24
  11.400      2.56690E-23
  11.780      1.32660E-22
  12.130      5.53790E-22
  12.480      2.13490E-21
  12.710      4.98570E-21
  12.840      7.94900E-21
  13.050      1.65800E-20
  13.240      3.16040E-20
  13.390      5.18850E-20
  13.660      1.23350E-19
  13.980      3.30430E-19
  14.330      9.23540E-19
  14.720      2.73830E-18
  15.100      7.49340E-18
  15.520      2.15100E-17
  15.880      5.08080E-17
  16.200      1.05630E-16
  16.600      2.53510E-16
  17.030      6.19700E-16
  17.340      1.14810E-15
  17.680      2.20250E-15
  18.020      4.12010E-15
  18.170      5.38910E-15
  18.610      1.15500E-14
  19.100      2.58840E-14
  19.390      4.09240E-14
  19.840      8.10450E-14
  20.180      1.32940E-13
  20.500      2.08590E-13
  21.050      4.38050E-13
  21.620      9.06640E-13
  21.980      1.40610E-12
  22.300      2.05170E-12
  22.680      3.16770E-12
  23.000      1.11750E-10
  23.400      5.73960E-10
  24.000      1.88420E-09
  24.650      7.05070E-09
  25.240      1.51820E-08
  25.680      8.99010E-09
  26.000      4.52970E-08
  26.400      1.00920E-07
  26.850      1.87210E-07
  27.350      2.85170E-07
  27.850      3.46220E-07
  28.400      4.96150E-07
  29.000      5.38240E-07
  29.600      3.17420E-07
  30.100      7.15410E-08
  30.800      2.11920E-07
  31.800      8.95630E-07
  32.800      1.19770E-06
  33.800      1.41730E-06
  34.800      1.71180E-06
  35.700      1.90800E-06
  36.600      2.25030E-06
  37.500      2.54100E-06
  38.500      2.99640E-06
  39.500      3.59050E-06
  40.500      4.25230E-06
  41.400      4.97560E-06
  42.200      5.62110E-06
  43.000      6.36200E-06
  44.100      7.67730E-06
  45.100      8.93760E-06
  46.000      1.01650E-05
  47.000      1.19240E-05
  48.000      1.37600E-05
  49.000      1.55660E-05
  50.000      1.80580E-05
  50.600      7.40170E-05
  51.200      1.64660E-04
  52.000      1.67050E-04
  53.000      1.73210E-04
  54.000      1.66990E-04
  55.000      1.80280E-04
  56.000      1.98320E-04
  57.000      2.06160E-04
  58.000      2.04060E-04
  59.000      2.18810E-04
  60.000      2.21400E-04
  61.000      2.27260E-04
  62.000      2.44520E-04
  63.000      2.51030E-04
  64.000      2.58710E-04
  65.000      2.65110E-04
  65.800      2.66850E-04
  66.500      2.75520E-04
  67.500      2.87870E-04
  68.500      2.86400E-04
  69.500      3.03450E-04
  70.500      3.03260E-04
  71.600      3.22070E-04
  72.600      3.30520E-04
  73.500      3.39870E-04
  74.500      3.44830E-04
  75.500      3.52850E-04
  76.500      3.59350E-04
  77.500      3.69840E-04
  78.500      3.80150E-04
  79.500      3.88940E-04
  80.500      3.96760E-04
  81.500      4.06430E-04
  82.500      4.17950E-04
  83.500      4.11120E-04
  84.500      4.34370E-04
  85.500      4.42920E-04
  86.500      4.53540E-04
  87.500      4.62300E-04
  88.500      4.71000E-04
  89.500      4.79750E-04
  90.500      4.86180E-04
  91.500      5.22330E-04
  92.500      1.31290E-03
  93.500      1.80260E-03
  94.500      2.30100E-03
  95.500      2.47300E-03
  96.500      2.76390E-03
  97.500      2.19270E-03
  98.500      2.73730E-03
  99.500      2.63330E-03
  100.50      2.75630E-03
  101.50      2.76130E-03
  102.50      2.26130E-03
  103.50      2.73500E-03
  104.50      2.76510E-03
  105.50      2.75880E-03
  106.50      2.71360E-03
  107.50      2.70880E-03
  108.50      2.62940E-03
  109.50      2.72780E-03
  110.50      2.71030E-03
  111.50      2.68900E-03
  112.50      2.64470E-03
  113.50      2.69100E-03
  114.50      2.68060E-03
  115.50      2.65930E-03
  116.50      2.65470E-03
  117.50      2.45940E-03
  118.50      2.62260E-03
  119.50      2.61860E-03
  120.50      2.58750E-03
  121.50      2.12910E-03
  122.50      2.57890E-03
  123.50      2.57780E-03
  124.50      2.54880E-03
  125.50      2.56630E-03
  126.50      2.55700E-03
  127.50      2.54610E-03
  128.50      2.53560E-03
  129.50      2.51290E-03
  130.50      2.50710E-03
  131.50      2.50060E-03
  132.50      2.48680E-03
  133.50      2.47090E-03
  134.50      2.46590E-03
  135.50      2.45220E-03
  136.50      2.43870E-03
  137.50      2.42350E-03
  138.50      2.41490E-03
  139.50      2.36960E-03
  140.50      2.35600E-03
  141.50      2.37870E-03
  142.50      2.35970E-03
  143.50      2.35430E-03
  144.20      2.34500E-03
  144.70      2.33910E-03
  145.50      2.32790E-03
  146.50      2.31740E-03
  147.50      2.30560E-03
  148.50      2.29640E-03
  149.50      2.28200E-03
  150.50      2.27210E-03
  151.20      2.26520E-03
  151.70      2.25720E-03
  152.50      2.24520E-03
  153.50      2.22060E-03
  154.50      2.16570E-03
  155.50      2.16360E-03
  156.50      2.18280E-03
  157.50      2.18080E-03
  158.50      2.17240E-03
  159.50      2.16050E-03
  160.50      2.13460E-03
  161.50      2.12360E-03
  162.50      2.10850E-03
  163.50      2.07010E-03
  164.50      1.98410E-03
  165.50      2.08680E-03
  166.50      2.07650E-03
  167.20      2.06190E-03
  167.70      2.07070E-03
  168.50      2.05960E-03
  169.50      2.04910E-03
  170.50      2.03610E-03
  171.50      2.00940E-03
  172.50      2.00640E-03
  173.50      2.00760E-03
  174.50      1.99510E-03
  175.50      1.98140E-03
  176.50      1.97440E-03
  177.50      1.96440E-03
  178.50      1.95370E-03
  179.50      1.94180E-03
  180.50      1.93210E-03
  181.50      1.92130E-03
  182.50      1.91020E-03
  183.50      1.90130E-03
  184.50      1.88980E-03
  185.50      1.87820E-03
  186.50      1.86770E-03
  187.50      1.85810E-03
  188.50      1.84800E-03
  189.50      1.83850E-03
  190.50      1.82950E-03
  191.50      1.81880E-03
  192.50      1.80590E-03
  193.50      1.79930E-03
  194.50      1.78990E-03
  195.50      1.77890E-03
  196.70      1.76830E-03
  197.60      1.75990E-03
  198.40      1.75200E-03
  199.50      1.74110E-03
  200.50      1.73240E-03
  201.50      1.72300E-03
  202.50      1.71360E-03
  203.50      1.70430E-03
  204.50      1.69500E-03
  205.50      1.40360E-03
  206.50      1.37520E-03
  207.40      1.40970E-03
  207.80      1.44140E-03
  208.50      1.53410E-03
  209.50      1.63920E-03
  210.50      1.64300E-03
  211.50      1.63820E-03
  212.50      1.63000E-03
  213.50      1.61970E-03
  214.50      1.61310E-03
  215.50      1.62190E-03
  216.50      1.58950E-03
  217.50      1.60930E-03
  218.50      1.57280E-03
  219.50      1.59120E-03
  220.50      1.58320E-03
  221.50      1.54710E-03
  222.50      1.56600E-03
  223.50      1.55750E-03
  224.50      1.54900E-03
  225.50      1.51450E-03
  226.50      1.53240E-03
  227.50      1.52410E-03
  228.50      1.51570E-03
  229.50      1.49400E-03
  230.50      1.47480E-03
  231.50      1.49140E-03
  232.50      1.48360E-03
  233.50      1.47560E-03
  234.50      1.46780E-03
  235.50      1.45990E-03
  236.50      1.45220E-03
  237.50      1.44440E-03
  238.50      1.41310E-03
  239.50      1.42870E-03
  240.50      1.42160E-03
  241.50      1.41410E-03
  242.50      1.40670E-03
  243.50      1.39930E-03
  244.50      1.39190E-03
  245.50      1.38450E-03
  246.50      1.37740E-03
  247.50      1.37020E-03
  248.50      1.36300E-03
  249.50      1.32900E-03
  250.50      1.34730E-03
  251.30      1.29190E-03
  251.80      1.33840E-03
  252.50      1.33490E-03
  253.50      1.32810E-03
  254.50      1.32120E-03
  255.50      1.31440E-03
  256.50      1.30770E-03
  257.50      1.30100E-03
  258.50      1.29430E-03
  259.50      1.28770E-03
  260.50      1.28310E-03
  261.50      1.27650E-03
  262.50      1.27000E-03
  263.50      1.26320E-03
  264.50      1.25670E-03
  265.50      1.24980E-03
  266.50      1.24300E-03
  267.50      1.23620E-03
  268.50      1.23200E-03
  269.50      1.22330E-03
  270.50      1.21970E-03
  271.50      1.21360E-03
  272.50      1.20430E-03
  273.50      1.18220E-03
  274.50      1.19550E-03
  275.50      1.18960E-03
  276.50      1.17980E-03
  277.50      1.17790E-03
  278.50      1.17200E-03
  279.50      1.16610E-03
  280.50      1.16050E-03
  281.50      1.15490E-03
  282.50      1.14470E-03
  283.50      1.14230E-03
  284.50      1.13800E-03
  285.50      1.13250E-03
  286.50      1.12700E-03
  287.50      1.12150E-03
  288.50      1.11610E-03
  289.50      1.11070E-03
  291.00      1.10270E-03
  293.00      1.09210E-03
  295.00      1.07840E-03
  297.00      1.07140E-03
  299.00      1.06120E-03
  301.00      1.05120E-03
  303.00      1.04130E-03
  305.00      1.03150E-03
  307.00      1.02200E-03
  309.00      1.01240E-03
  311.00      1.00310E-03
  313.00      9.94180E-04
  315.00      9.85030E-04
  317.00      9.75960E-04
  319.00      9.62840E-04
  321.00      9.49930E-04
  323.00      9.49510E-04
  325.00      9.40870E-04
  327.00      9.32650E-04
  329.00      9.23940E-04
  331.00      9.16230E-04
  333.00      9.08110E-04
  335.00      8.99350E-04
  337.00      8.92190E-04
  339.00      8.84380E-04
  341.00      8.76670E-04
  343.00      8.67770E-04
  345.00      8.58860E-04
  347.00      8.52680E-04
  349.00      8.45510E-04
  351.00      8.39150E-04
  353.00      8.31930E-04
  355.00      8.24720E-04
  357.00      8.19900E-04
  359.00      8.10290E-04
  361.00      8.04560E-04
  363.00      7.96600E-04
  364.00      7.89770E-04
  365.00      7.55830E-04
  367.00      7.51050E-04
  369.00      7.45770E-04
  371.00      7.39720E-04
  373.00      7.33030E-04
  375.00      7.47290E-04
  377.00      7.49290E-04
  379.00      7.63110E-04
  381.00      7.79730E-04
  383.00      7.30620E-04
  385.00      7.83790E-04
  387.00      7.84320E-04
  389.00      7.13940E-04
  391.00      7.76580E-04
  393.00      7.66660E-04
  395.00      7.65120E-04
  397.00      6.89220E-04
  399.00      7.51970E-04
  401.00      7.46920E-04
  403.00      7.27000E-04
  405.00      7.37620E-04
  407.00      7.31480E-04
  409.00      7.11430E-04
  411.00      6.64340E-04
  413.00      7.11510E-04
  415.00      7.06340E-04
  417.00      7.03140E-04
  419.00      6.97190E-04
  421.00      6.88130E-04
  423.00      6.87490E-04
  425.00      6.82220E-04
  427.00      6.77000E-04
  429.00      6.71860E-04
  431.00      6.66370E-04
  433.00      6.42890E-04
  435.00      6.12100E-04
  437.00      6.51190E-04
  439.00      6.41150E-04
  441.00      6.42120E-04
  443.00      6.36630E-04
  445.00      6.32680E-04
  447.00      6.17890E-04
  449.00      6.23390E-04
  451.00      6.18830E-04
  453.00      6.14180E-04
  455.00      6.04960E-04
  457.00      6.05420E-04
  459.00      6.01040E-04
  461.00      5.96720E-04
  463.00      5.92390E-04
  465.00      5.87620E-04
  467.00      5.83880E-04
  469.00      5.68150E-04
  471.00      5.72510E-04
  473.00      5.71670E-04
  475.00      5.67640E-04
  477.00      5.63650E-04
  479.00      5.59710E-04
  481.00      5.55800E-04
  483.00      5.51580E-04
  485.00      5.35970E-04
  487.00      5.03900E-04
  489.00      5.39750E-04
  491.00      5.36850E-04
  493.00      5.27890E-04
  495.00      5.29540E-04
  497.00      5.25950E-04
  499.00      5.22380E-04
  501.00      5.15870E-04
  503.00      5.15360E-04
  505.00      5.10750E-04
  507.00      5.08470E-04
  509.00      5.05080E-04
  511.00      5.01720E-04
  513.00      4.98390E-04
  515.00      4.95090E-04
  517.00      4.91830E-04
  519.00      4.88600E-04
  521.00      4.85400E-04
  523.00      4.82230E-04
  525.00      4.79090E-04
  527.00      4.75980E-04
  529.00      4.72910E-04
  531.00      4.69860E-04
  533.00      4.66830E-04
  535.00      4.63840E-04
  537.00      4.60880E-04
  539.00      4.57940E-04
  541.00      4.51300E-04
  543.00      4.52150E-04
  545.00      4.49300E-04
  547.00      4.46470E-04
  549.00      4.43670E-04
  551.00      4.40890E-04
  553.00      4.38140E-04
  555.00      4.35410E-04
  557.00      4.32710E-04
  559.00      4.30030E-04
  561.00      4.27390E-04
  563.00      4.24760E-04
  565.00      4.22160E-04
  567.00      4.19570E-04
  569.00      4.15090E-04
  571.00      4.04310E-04
  573.00      4.01980E-04
  575.00      3.99660E-04
  577.00      3.97380E-04
  579.00      3.95170E-04
  581.00      3.93170E-04
  583.00      3.91360E-04
  585.00      3.89870E-04
  587.00      3.82720E-04
  589.00      3.86920E-04
  591.00      3.85730E-04
  593.00      3.84510E-04
  595.00      3.83390E-04
  597.00      3.82200E-04
  599.00      3.81040E-04
  601.00      3.79280E-04
  603.00      3.77070E-04
  605.00      3.74890E-04
  607.00      3.72720E-04
  609.00      3.70570E-04
  611.00      3.68440E-04
  613.00      3.66330E-04
  615.00      3.64240E-04
  617.00      3.62090E-04
  619.00      3.60100E-04
  621.00      3.58060E-04
  623.00      3.55780E-04
  625.00      3.54020E-04
  627.00      3.52030E-04
  629.00      3.50060E-04
  631.00      3.47690E-04
  633.00      3.46160E-04
  635.00      3.44230E-04
  637.00      3.42320E-04
  639.00      3.40430E-04
  641.00      3.38020E-04
  643.00      3.36680E-04
  645.00      3.34840E-04
  647.00      3.33000E-04
  649.00      3.31180E-04
  651.00      3.29380E-04
  653.00      3.26390E-04
  655.00      3.21770E-04
  657.00      3.00640E-04
  659.00      3.21680E-04
  661.00      3.20580E-04
  663.00      3.18860E-04
  665.00      3.17230E-04
  667.00      3.13850E-04
  669.00      3.11210E-04
  671.00      3.12190E-04
  673.00      3.10540E-04
  675.00      3.08900E-04
  677.00      3.07280E-04
  679.00      3.05660E-04
  681.00      3.04060E-04
  683.00      3.02470E-04
  685.00      3.00900E-04
  687.00      2.99330E-04
  689.00      2.96800E-04
  691.00      2.96240E-04
  693.00      2.94710E-04
  695.00      2.93190E-04
  697.00      2.91690E-04
  699.00      2.90190E-04
  701.00      2.88710E-04
  703.00      2.87240E-04
  705.00      2.85780E-04
  707.00      2.81770E-04
  709.00      2.82890E-04
  711.00      2.81470E-04
  713.00      2.80050E-04
  715.00      2.78640E-04
  717.00      2.76500E-04
  719.00      2.75570E-04
  721.00      2.74490E-04
  723.00      2.73120E-04
  725.00      2.71770E-04
  727.00      2.70420E-04
  729.00      2.67830E-04
  731.00      2.67750E-04
  733.00      2.66440E-04
  735.00      2.65140E-04
  737.00      2.63840E-04
  739.00      2.62550E-04
  741.00      2.61280E-04
  743.00      2.60010E-04
  745.00      2.58760E-04
  747.00      2.57510E-04
  749.00      2.56270E-04
  751.00      2.55000E-04
  753.00      2.53810E-04
  755.00      2.52600E-04
  757.00      2.51390E-04
  759.00      2.49200E-04
  761.00      2.49000E-04
  763.00      2.47820E-04
  765.00      2.46650E-04
  767.00      2.45490E-04
  769.00      2.44330E-04
  771.00      2.43180E-04
  773.00      2.42040E-04
  775.00      2.40910E-04
  777.00      2.39780E-04
  779.00      2.38670E-04
  781.00      2.37500E-04
  783.00      2.36460E-04
  785.00      2.35470E-04
  787.00      2.34380E-04
  789.00      2.33280E-04
  791.00      2.32230E-04
  793.00      2.31170E-04
  795.00      2.30110E-04
  797.00      2.29010E-04
  799.00      2.28020E-04
  801.00      2.26980E-04
  803.00      2.25950E-04
  805.00      2.24890E-04
  807.00      2.23900E-04
  809.00      2.22740E-04
  811.00      2.21750E-04
  813.00      2.20890E-04
  815.00      2.19720E-04
  817.00      2.18930E-04
  819.00      2.17590E-04
  821.00      2.14270E-04
  823.00      2.12910E-04
  825.00      2.12590E-04
  827.00      2.11380E-04
  829.00      2.10810E-04
  831.00      2.09920E-04
  833.00      2.08980E-04
  835.00      2.07680E-04
  837.00      2.07080E-04
  839.00      2.06310E-04
  841.00      2.05480E-04
  843.00      2.04560E-04
  845.00      2.03190E-04
  847.00      2.02850E-04
  849.00      2.01970E-04
  851.00      2.01050E-04
  853.00      2.00480E-04
  855.00      1.98670E-04
  857.00      1.99870E-04
  859.00      1.96360E-04
  861.00      1.96170E-04
  863.00      1.98310E-04
  865.00      1.95830E-04
  867.00      1.90310E-04
  869.00      1.96200E-04
  871.00      1.96520E-04
  873.00      1.93860E-04
  875.00      1.84520E-04
  877.00      1.91200E-04
  879.00      1.94030E-04
  881.00      1.93490E-04
  883.00      1.92460E-04
  885.00      1.86410E-04
  887.00      1.78750E-04
  889.00      1.89190E-04
  891.00      1.89700E-04
  893.00      1.89080E-04
  895.00      1.88610E-04
  897.00      1.87630E-04
  899.00      1.84980E-04
  901.00      1.73610E-04
  903.00      1.78620E-04
  905.00      1.83930E-04
  907.00      1.82980E-04
  909.00      1.83020E-04
  911.00      1.82510E-04
  913.00      1.81850E-04
  915.00      1.81110E-04
  917.00      1.80150E-04
  919.00      1.79220E-04
  921.00      1.75200E-04
  923.00      1.63240E-04
  925.00      1.74060E-04
  927.00      1.76240E-04
  929.00      1.76070E-04
  931.00      1.75010E-04
  933.00      1.74670E-04
  935.00      1.72750E-04
  937.00      1.73290E-04
  939.00      1.72600E-04
  941.00      1.71920E-04
  943.00      1.71240E-04
  945.00      1.70570E-04
  947.00      1.69410E-04
  949.00      1.69230E-04
  951.00      1.67210E-04
  953.00      1.63560E-04
  955.00      1.52980E-04
  957.00      1.64280E-04
  959.00      1.65560E-04
  961.00      1.65090E-04
  963.00      1.64290E-04
  965.00      1.64040E-04
  967.00      1.63410E-04
  969.00      1.62720E-04
  971.00      1.61920E-04
  973.00      1.61530E-04
  975.00      1.60910E-04
  977.00      1.60190E-04
  979.00      1.59690E-04
  981.00      1.59080E-04
  983.00      1.58480E-04
  985.00      1.57880E-04
  987.00      1.57280E-04
  989.00      1.56690E-04
  991.00      1.56100E-04
  993.00      1.55510E-04
  995.00      1.54930E-04
  997.00      1.54350E-04
  999.00      1.53770E-04
  1002.5      1.49360E-04
  1007.5      1.46730E-04
  1012.5      1.48850E-04
  1017.5      1.48580E-04
  1022.5      1.47190E-04
  1027.5      1.45880E-04
  1032.5      1.44240E-04
  1037.5      1.43250E-04
  1042.5      1.41880E-04
  1047.5      1.40700E-04
  1052.5      1.39450E-04
  1057.5      1.38210E-04
  1062.5      1.36990E-04
  1067.5      1.35670E-04
  1072.5      1.34600E-04
  1077.5      1.33430E-04
  1082.5      1.31480E-04
  1087.5      1.31040E-04
  1092.5      1.24150E-04
  1097.5      1.27590E-04
  1102.5      1.27460E-04
  1107.5      1.26670E-04
  1112.5      1.25630E-04
  1117.5      1.24580E-04
  1122.5      1.23510E-04
  1127.5      1.22510E-04
  1132.5      1.21490E-04
  1137.5      1.20480E-04
  1142.5      1.19490E-04
  1147.5      1.18510E-04
  1152.5      1.17540E-04
  1157.5      1.16580E-04
  1162.5      1.15310E-04
  1167.5      1.14580E-04
  1172.5      1.13780E-04
  1177.5      1.12860E-04
  1182.5      1.11960E-04
  1187.5      1.11070E-04
  1192.5      1.10190E-04
  1197.5      1.08780E-04
  1202.5      1.08460E-04
  1207.5      1.07610E-04
  1212.5      1.06770E-04
  1217.5      1.05940E-04
  1222.5      1.05120E-04
  1227.5      1.04310E-04
  1232.5      1.03510E-04
  1237.5      1.02720E-04
  1242.5      1.01940E-04
  1247.5      1.01160E-04
  1252.5      1.00290E-04
  1257.5      9.96390E-05
  1262.5      9.88900E-05
  1267.5      9.81500E-05
  1272.5      9.74170E-05
  1277.5      9.58230E-05
  1282.5      9.17190E-05
  1287.5      9.50490E-05
  1292.5      9.45710E-05
  1297.5      9.35630E-05
  1302.5      9.31950E-05
  1307.5      9.25180E-05
  1312.5      9.18480E-05
  1317.5      9.11860E-05
  1322.5      9.05300E-05
  1327.5      8.98820E-05
  1332.5      8.92400E-05
  1337.5      8.86050E-05
  1342.5      8.79400E-05
  1347.5      8.73560E-05
  1352.5      8.67410E-05
  1357.5      8.61320E-05
  1362.5      8.55300E-05
  1367.5      8.49340E-05
  1372.5      8.43450E-05
  1377.5      8.37610E-05
  1382.5      8.31840E-05
  1387.5      8.26120E-05
  1392.5      8.20460E-05
  1397.5      8.14860E-05
  1402.5      8.09320E-05
  1407.5      8.03830E-05
  1412.5      7.98400E-05
  1417.5      7.93030E-05
  1422.5      7.87710E-05
  1427.5      7.82440E-05
  1432.5      7.77220E-05
  1437.5      7.72060E-05
  1442.5      7.66950E-05
  1447.5      7.61890E-05
  1452.5      7.56870E-05
  1457.0      7.52400E-05
  1462.0      7.47540E-05
  1467.5      7.42210E-05
  1472.5      7.37390E-05
  1477.5      7.31330E-05
  1482.5      7.27960E-05
  1487.5      7.23310E-05
  1492.5      7.18700E-05
  1497.5      7.14130E-05
  1502.5      7.09590E-05
  1507.5      7.04400E-05
  1512.5      7.00630E-05
  1517.5      6.96190E-05
  1522.5      6.91830E-05
  1527.5      6.87380E-05
  1532.5      6.82990E-05
  1537.5      6.78870E-05
  1542.5      6.74150E-05
  1547.5      6.70420E-05
  1552.5      6.66140E-05
  1557.5      6.60940E-05
  1562.5      6.58800E-05
  1567.5      6.53080E-05
  1572.5      6.47980E-05
  1577.5      6.47210E-05
  1582.5      6.43000E-05
  1587.5      6.32960E-05
  1592.5      6.33970E-05
  1597.5      6.32380E-05
  1605.0      6.25150E-05
  1615.0      6.13640E-05
  1625.0      6.13320E-05
  1635.0      6.02870E-05
  1645.0      5.90450E-05
  1655.0      5.92060E-05
  1665.0      5.85220E-05
  1675.0      5.74930E-05
  1685.0      5.62350E-05
  1695.0      5.65380E-05
  1705.0      5.57380E-05
  1715.0      5.52720E-05
  1725.0      5.46430E-05
  1735.0      5.28050E-05
  1745.0      5.33420E-05
  1755.0      5.28610E-05
  1765.0      5.22840E-05
  1775.0      5.17150E-05
  1785.0      5.11560E-05
  1795.0      5.06050E-05
  1805.0      5.00620E-05
  1815.0      4.84090E-05
  1825.0      4.88160E-05
  1835.0      4.84890E-05
  1845.0      4.79810E-05
  1855.0      4.74750E-05
  1865.0      4.66770E-05
  1875.0      4.54030E-05
  1885.0      4.60170E-05
  1895.0      4.55570E-05
  1905.0      4.50020E-05
  1915.0      4.46370E-05
  1925.0      4.41880E-05
  1935.0      4.37100E-05
  1945.0      4.21690E-05
  1955.0      4.28130E-05
  1965.0      4.24580E-05
  1975.0      4.20410E-05
  1985.0      4.16310E-05
  1995.0      4.12260E-05
  2005.0      4.08280E-05
  2015.0      4.04350E-05
  2025.0      4.00470E-05
  2035.0      3.96650E-05
  2045.0      3.92830E-05
  2055.0      3.88830E-05
  2065.0      3.85520E-05
  2075.0      3.81920E-05
  2085.0      3.78360E-05
  2095.0      3.74850E-05
  2105.0      3.71390E-05
  2115.0      3.67280E-05
  2125.0      3.64620E-05
  2135.0      3.61300E-05
  2145.0      3.57980E-05
  2155.0      3.54550E-05
  2165.0      3.42200E-05
  2175.0      3.47840E-05
  2185.0      3.45260E-05
  2195.0      3.42310E-05
  2205.0      3.39290E-05
  2215.0      3.36310E-05
  2225.0      3.33350E-05
  2235.0      3.30470E-05
  2245.0      3.27600E-05
  2255.0      3.24770E-05
  2265.0      3.21980E-05
  2275.0      3.19230E-05
  2285.0      3.17120E-05
  2295.0      3.14430E-05
  2305.0      3.11680E-05
  2315.0      3.09140E-05
  2325.0      3.06550E-05
  2335.0      3.03990E-05
  2345.0      3.01460E-05
  2355.0      2.98960E-05
  2365.0      2.96500E-05
  2375.0      2.94060E-05
  2385.0      2.91650E-05
  2395.0      2.89280E-05
  2405.0      2.86930E-05
  2415.0      2.84610E-05
  2425.0      2.82320E-05
  2435.0      2.80050E-05
  2445.0      2.77660E-05
  2455.0      2.75590E-05
  2465.0      2.73190E-05
  2475.0      2.70810E-05
  2485.0      2.69130E-05
  2495.0      2.66370E-05
  2505.0      2.64940E-05
  2515.0      2.62880E-05
  2525.0      2.60020E-05
  2535.0      2.58680E-05
  2545.0      2.56850E-05
  2555.0      2.54660E-05
  2565.0      2.51770E-05
  2575.0      2.50920E-05
  2585.0      2.49120E-05
  2595.0      2.47240E-05
  2605.0      2.44800E-05
  2615.0      2.41330E-05
  2625.0      2.35310E-05
  2635.0      2.39400E-05
  2645.0      2.38170E-05
  2655.0      2.36300E-05
  2665.0      2.34310E-05
  2675.0      2.30390E-05
  2685.0      2.30850E-05
  2695.0      2.29580E-05
  2705.0      2.27920E-05
  2715.0      2.26280E-05
  2725.0      2.24650E-05
  2735.0      2.23040E-05
  2745.0      2.21360E-05
  2755.0      2.17000E-05
  2765.0      2.17140E-05
  2775.0      2.16780E-05
  2785.0      2.15250E-05
  2795.0      2.13750E-05
  2805.0      2.12250E-05
  2815.0      2.10780E-05
  2825.0      2.09310E-05
  2835.0      2.07870E-05
  2845.0      2.06430E-05
  2855.0      2.04980E-05
  2865.0      2.02790E-05
  2875.0      1.98670E-05
  2885.0      2.00650E-05
  2895.0      1.99490E-05
  2905.0      1.98140E-05
  2915.0      1.96810E-05
  2925.0      1.95490E-05
  2935.0      1.94190E-05
  2945.0      1.92890E-05
  2955.0      1.91610E-05
  2965.0      1.90340E-05
  2975.0      1.89090E-05
  2985.0      1.87850E-05
  2995.0      1.86610E-05
  3005.0      1.85400E-05
  3015.0      1.84190E-05
  3025.0      1.82920E-05
  3035.0      1.78920E-05
  3045.0      1.78980E-05
  3055.0      1.79470E-05
  3065.0      1.78330E-05
  3075.0      1.77190E-05
  3085.0      1.76060E-05
  3095.0      1.74940E-05
  3105.0      1.73840E-05
  3115.0      1.72740E-05
  3125.0      1.71650E-05
  3135.0      1.70580E-05
  3145.0      1.69510E-05
  3155.0      1.68460E-05
  3165.0      1.67410E-05
  3175.0      1.66370E-05
  3185.0      1.65350E-05
  3195.0      1.64330E-05
  3210.0      1.62820E-05
  3230.0      1.60840E-05
  3250.0      1.58900E-05
  3270.0      1.56990E-05
  3290.0      1.53020E-05
  3310.0      1.52900E-05
  3330.0      1.51580E-05
  3350.0      1.49810E-05
  3370.0      1.48070E-05
  3390.0      1.46350E-05
  3410.0      1.44660E-05
  3430.0      1.43000E-05
  3450.0      1.41370E-05
  3470.0      1.39770E-05
  3490.0      1.38200E-05
  3510.0      1.36650E-05
  3530.0      1.35130E-05
  3550.0      1.33630E-05
  3570.0      1.32150E-05
  3590.0      1.30710E-05
  3610.0      1.29280E-05
  3630.0      1.27880E-05
  3650.0      1.26500E-05
  3670.0      1.25140E-05
  3690.0      1.23810E-05
  3710.0      1.22410E-05
  3730.0      1.20390E-05
  3750.0      1.18670E-05
  3770.0      1.18670E-05
  3790.0      1.17440E-05
  3810.0      1.16150E-05
  3830.0      1.14980E-05
  3850.0      1.13850E-05
  3870.0      1.12690E-05
  3890.0      1.11550E-05
  3910.0      1.10190E-05
  3930.0      1.09320E-05
  3950.0      1.08230E-05
  3970.0      1.07150E-05
  3990.0      1.06090E-05
  4010.0      1.04860E-05
  4030.0      1.03650E-05
  4050.0      1.01670E-05
  4070.0      1.02010E-05
  4090.0      1.01030E-05
  4110.0      1.00060E-05
  4130.0      9.90630E-06
  4150.0      9.81530E-06
  4170.0      9.66030E-06
  4190.0      9.62900E-06
  4210.0      9.54080E-06
  4230.0      9.45170E-06
  4250.0      9.36210E-06
  4270.0      9.27730E-06
  4290.0      9.18550E-06
  4310.0      9.10770E-06
  4330.0      9.02460E-06
  4350.0      8.94250E-06
  4370.0      8.79490E-06
  4390.0      8.76410E-06
  4410.0      8.70330E-06
  4430.0      8.62570E-06
  4450.0      8.54910E-06
  4470.0      8.47700E-06
  4490.0      8.40240E-06
  4510.0      8.32870E-06
  4530.0      8.25600E-06
  4550.0      8.18430E-06
  4570.0      8.11350E-06
  4590.0      8.04350E-06
  4610.0      7.97340E-06
  4630.0      7.90620E-06
  4650.0      7.70950E-06
  4670.0      7.67950E-06
  4690.0      7.69350E-06
  4710.0      7.64240E-06
  4730.0      7.57850E-06
  4750.0      7.51540E-06
  4770.0      7.45310E-06
  4790.0      7.39150E-06
  4810.0      7.33070E-06
  4830.0      7.27060E-06
  4850.0      7.21130E-06
  4870.0      7.15270E-06
  4890.0      7.09470E-06
  4910.0      7.03750E-06
  4930.0      6.98100E-06
  4950.0      6.92520E-06
  4970.0      6.87000E-06
  4990.0      6.81550E-06
  5010.0      6.76160E-06
  5030.0      6.70830E-06
  5050.0      6.65570E-06
  5070.0      6.60370E-06
  5090.0      6.55220E-06
  5110.0      6.49460E-06
  5130.0      6.36530E-06
  5150.0      6.39880E-06
  5170.0      6.35250E-06
  5190.0      6.30400E-06
  5210.0      6.25610E-06
  5230.0      6.20870E-06
  5250.0      6.16170E-06
  5270.0      6.11540E-06
  5290.0      6.06960E-06
  5310.0      6.02430E-06
  5330.0      5.97950E-06
  5350.0      5.93510E-06
  5370.0      5.89120E-06
  5390.0      5.84780E-06
  5410.0      5.80510E-06
  5430.0      5.76270E-06
  5450.0      5.72070E-06
  5470.0      5.67930E-06
  5490.0      5.63820E-06
  5510.0      5.59750E-06
  5530.0      5.55520E-06
  5550.0      5.51770E-06
  5570.0      5.47840E-06
  5590.0      5.43950E-06
  5610.0      5.40100E-06
  5630.0      5.36290E-06
  5650.0      5.32530E-06
  5670.0      5.28800E-06
  5690.0      5.25100E-06
  5710.0      5.20570E-06
  5730.0      5.17830E-06
  5750.0      5.14260E-06
  5770.0      5.10720E-06
  5790.0      5.07220E-06
  5810.0      5.03750E-06
  5830.0      5.00320E-06
  5850.0      4.97040E-06
  5870.0      4.93670E-06
  5890.0      4.89730E-06
  5910.0      4.79370E-06
  5930.0      4.83460E-06
  5950.0      4.78890E-06
  5970.0      4.76690E-06
  5990.0      4.74180E-06
  6010.0      4.71050E-06
  6030.0      4.67950E-06
  6050.0      4.64870E-06
  6070.0      4.61830E-06
  6090.0      4.58810E-06
  6110.0      4.55830E-06
  6130.0      4.52870E-06
  6150.0      4.49950E-06
  6170.0      4.47050E-06
  6190.0      4.44170E-06
  6210.0      4.41330E-06
  6230.0      4.38510E-06
  6250.0      4.35720E-06
  6270.0      4.32790E-06
  6290.0      4.27300E-06
  6310.0      4.27090E-06
  6330.0      4.24820E-06
  6350.0      4.22160E-06
  6370.0      4.19530E-06
  6390.0      4.16910E-06
  6420.0      4.13040E-06
  6460.0      4.07960E-06
  6500.0      4.02970E-06
  6540.0      3.98080E-06
  6580.0      3.93270E-06
  6620.0      3.88540E-06
  6660.0      3.83910E-06
  6700.0      3.79350E-06
  6740.0      3.74720E-06
  6780.0      3.68450E-06
  6820.0      3.66150E-06
  6860.0      3.61910E-06
  6900.0      3.57740E-06
  6940.0      3.53640E-06
  6980.0      3.49610E-06
  7020.0      3.45650E-06
  7060.0      3.41750E-06
  7100.0      3.37920E-06
  7140.0      3.34150E-06
  7180.0      3.30450E-06
  7220.0      3.26800E-06
  7260.0      3.23220E-06
  7300.0      3.19690E-06
  7340.0      3.16220E-06
  7380.0      3.12810E-06
  7420.0      3.09240E-06
  7460.0      3.02730E-06
  7500.0      2.98220E-06
  7540.0      2.99460E-06
  7580.0      2.96550E-06
  7620.0      2.93450E-06
  7660.0      2.90400E-06
  7700.0      2.87400E-06
  7740.0      2.84440E-06
  7780.0      2.81470E-06
  7820.0      2.78660E-06
  7860.0      2.75830E-06
  7900.0      2.73050E-06
  7940.0      2.70310E-06
  7980.0      2.67610E-06
  8020.0      2.64950E-06
  8060.0      2.62330E-06
  8100.0      2.59750E-06
  8140.0      2.56930E-06
  8180.0      2.54650E-06
  8220.0      2.52220E-06
  8260.0      2.49790E-06
  8300.0      2.47390E-06
  8340.0      2.45020E-06
  8380.0      2.42690E-06
  8420.0      2.40390E-06
  8460.0      2.38120E-06
  8500.0      2.35890E-06
  8540.0      2.33680E-06
  8580.0      2.31510E-06
  8620.0      2.29360E-06
  8660.0      2.26630E-06
  8700.0      2.25160E-06
  8740.0      2.21980E-06
  8780.0      2.19950E-06
  8820.0      2.19080E-06
  8860.0      2.17110E-06
  8900.0      2.15160E-06
  8940.0      2.13240E-06
  8980.0      2.11340E-06
  9020.0      2.09470E-06
  9060.0      2.07620E-06
  9100.0      2.05800E-06
  9140.0      2.04000E-06
  9180.0      2.02220E-06
  9220.0      2.00470E-06
  9260.0      1.98740E-06
  9300.0      1.97030E-06
  9340.0      1.95340E-06
  9380.0      1.92820E-06
  9420.0      1.91870E-06
  9460.0      1.90410E-06
  9500.0      1.88810E-06
  9540.0      1.87230E-06
  9580.0      1.85670E-06
  9620.0      1.84130E-06
  9660.0      1.82600E-06
  9700.0      1.81100E-06
  9740.0      1.79610E-06
  9780.0      1.78140E-06
  9820.0      1.76690E-06
  9860.0      1.75250E-06
  9900.0      1.73840E-06
  9940.0      1.72440E-06
  9980.0      1.71060E-06
  10020.      1.69690E-06
  20000.      4.22190E-07
  40000.      1.03800E-07
  60000.      4.56370E-08
  80000.      2.54660E-08
 1.00000E+05  1.61990E-08
 1.20000E+05  1.11930E-08
 1.40000E+05  8.19000E-09
 1.60000E+05  6.24880E-09
