 Castelli and Kurucz 2004-2012 Atmosphere
 T     35000.     G    4.50000 [-1.0a] N(He)/Ntot=0.0784 VTURB=2.0  L/H=1.25 OD
 Wavelength  Eddington Hnu
   (nm)    (ergs/s/cm2/Hz/sr)
  9.0900      2.31150E-29
  9.3500      1.12590E-28
  9.6100      5.05390E-28
  9.7700      1.22790E-27
  9.9600      3.40060E-27
  10.200      1.17030E-26
  10.380      2.85840E-26
  10.560      6.78750E-26
  10.770      1.79970E-25
  11.040      5.99600E-25
  11.400      2.75070E-24
  11.780      1.25540E-23
  12.130      4.71060E-23
  12.480      1.65220E-22
  12.710      3.64330E-22
  12.840      5.63210E-22
  13.050      1.11940E-21
  13.240      2.04940E-21
  13.390      3.26750E-21
  13.660      7.40130E-21
  13.980      1.88090E-20
  14.330      4.98820E-20
  14.720      1.40450E-19
  15.100      3.67980E-19
  15.520      1.01250E-18
  15.880      2.31720E-18
  16.200      4.70090E-18
  16.600      1.09870E-17
  17.030      2.62130E-17
  17.340      4.78620E-17
  17.680      9.05670E-17
  18.020      1.67360E-16
  18.170      2.18080E-16
  18.610      4.62420E-16
  19.100      1.02750E-15
  19.390      1.61840E-15
  19.840      3.19470E-15
  20.180      5.23700E-15
  20.500      8.22070E-15
  21.050      1.73120E-14
  21.620      3.60030E-14
  21.980      5.62440E-14
  22.300      8.25580E-14
  22.680      1.28070E-13
  23.000      1.11960E-10
  23.400      4.78010E-10
  24.000      8.94410E-10
  24.650      1.60100E-09
  25.240      2.72970E-09
  25.680      2.86950E-09
  26.000      5.51710E-09
  26.400      1.00320E-08
  26.850      1.56850E-08
  27.350      1.99900E-08
  27.850      2.09100E-08
  28.400      4.46370E-08
  29.000      5.76140E-08
  29.600      6.01770E-08
  30.100      6.08440E-08
  30.800      1.53260E-07
  31.800      3.66340E-07
  32.800      4.97070E-07
  33.800      7.34420E-07
  34.800      1.01140E-06
  35.700      1.51420E-06
  36.600      2.30350E-06
  37.500      2.62790E-06
  38.500      3.27660E-06
  39.500      4.26120E-06
  40.500      5.09830E-06
  41.400      6.07500E-06
  42.200      6.63080E-06
  43.000      7.38750E-06
  44.100      9.00330E-06
  45.100      1.05110E-05
  46.000      1.15630E-05
  47.000      1.34240E-05
  48.000      1.55350E-05
  49.000      1.70420E-05
  50.000      2.04020E-05
  50.600      4.63160E-05
  51.200      1.79790E-04
  52.000      1.72500E-04
  53.000      1.66660E-04
  54.000      1.58880E-04
  55.000      1.74550E-04
  56.000      2.11790E-04
  57.000      2.24050E-04
  58.000      2.16630E-04
  59.000      2.33250E-04
  60.000      2.14440E-04
  61.000      2.37650E-04
  62.000      2.71860E-04
  63.000      2.75630E-04
  64.000      2.84500E-04
  65.000      2.89360E-04
  65.800      2.71280E-04
  66.500      2.96940E-04
  67.500      3.20040E-04
  68.500      2.99070E-04
  69.500      3.36340E-04
  70.500      3.09540E-04
  71.600      3.63790E-04
  72.600      3.69000E-04
  73.500      3.82240E-04
  74.500      3.78050E-04
  75.500      3.84310E-04
  76.500      3.95110E-04
  77.500      4.07840E-04
  78.500      4.20680E-04
  79.500      4.29960E-04
  80.500      4.32460E-04
  81.500      4.44090E-04
  82.500      4.61920E-04
  83.500      4.26790E-04
  84.500      4.74540E-04
  85.500      4.81080E-04
  86.500      4.97880E-04
  87.500      5.06360E-04
  88.500      5.15950E-04
  89.500      5.26100E-04
  90.500      5.27180E-04
  91.500      5.27880E-04
  92.500      1.26400E-03
  93.500      1.88190E-03
  94.500      2.61710E-03
  95.500      2.93000E-03
  96.500      3.46130E-03
  97.500      2.24070E-03
  98.500      3.32310E-03
  99.500      3.10350E-03
  100.50      3.22530E-03
  101.50      3.29970E-03
  102.50      2.49700E-03
  103.50      3.28420E-03
  104.50      3.48640E-03
  105.50      3.46340E-03
  106.50      3.26920E-03
  107.50      3.33000E-03
  108.50      3.14580E-03
  109.50      3.36630E-03
  110.50      3.28290E-03
  111.50      3.26960E-03
  112.50      3.02650E-03
  113.50      3.25830E-03
  114.50      3.19320E-03
  115.50      3.13380E-03
  116.50      3.12960E-03
  117.50      2.66050E-03
  118.50      3.00190E-03
  119.50      2.98340E-03
  120.50      2.90800E-03
  121.50      2.22330E-03
  122.50      2.90230E-03
  123.50      2.99980E-03
  124.50      2.95700E-03
  125.50      2.98190E-03
  126.50      2.99970E-03
  127.50      3.00460E-03
  128.50      3.00360E-03
  129.50      2.89110E-03
  130.50      2.90870E-03
  131.50      2.95790E-03
  132.50      2.91280E-03
  133.50      2.87900E-03
  134.50      2.88720E-03
  135.50      2.86420E-03
  136.50      2.82070E-03
  137.50      2.80030E-03
  138.50      2.78280E-03
  139.50      2.55720E-03
  140.50      2.56100E-03
  141.50      2.72290E-03
  142.50      2.61210E-03
  143.50      2.67900E-03
  144.20      2.67870E-03
  144.70      2.66560E-03
  145.50      2.62200E-03
  146.50      2.61870E-03
  147.50      2.60000E-03
  148.50      2.61310E-03
  149.50      2.57360E-03
  150.50      2.56390E-03
  151.20      2.56900E-03
  151.70      2.54970E-03
  152.50      2.51900E-03
  153.50      2.38970E-03
  154.50      2.25410E-03
  155.50      2.25770E-03
  156.50      2.32140E-03
  157.50      2.36910E-03
  158.50      2.37790E-03
  159.50      2.37350E-03
  160.50      2.28470E-03
  161.50      2.24390E-03
  162.50      2.25220E-03
  163.50      2.24700E-03
  164.50      2.18460E-03
  165.50      2.28980E-03
  166.50      2.26140E-03
  167.20      2.19950E-03
  167.70      2.31910E-03
  168.50      2.28660E-03
  169.50      2.26800E-03
  170.50      2.24090E-03
  171.50      2.20190E-03
  172.50      2.17340E-03
  173.50      2.22740E-03
  174.50      2.21190E-03
  175.50      2.18480E-03
  176.50      2.18210E-03
  177.50      2.17200E-03
  178.50      2.16920E-03
  179.50      2.14540E-03
  180.50      2.14390E-03
  181.50      2.12640E-03
  182.50      2.10920E-03
  183.50      2.11370E-03
  184.50      2.08140E-03
  185.50      2.06570E-03
  186.50      2.05740E-03
  187.50      2.04120E-03
  188.50      2.02110E-03
  189.50      2.01470E-03
  190.50      2.02350E-03
  191.50      1.99770E-03
  192.50      1.95010E-03
  193.50      1.98190E-03
  194.50      1.98200E-03
  195.50      1.93700E-03
  196.70      1.94990E-03
  197.60      1.94910E-03
  198.40      1.93110E-03
  199.50      1.90720E-03
  200.50      1.91640E-03
  201.50      1.90760E-03
  202.50      1.89610E-03
  203.50      1.88100E-03
  204.50      1.86820E-03
  205.50      1.52770E-03
  206.50      1.48370E-03
  207.40      1.51410E-03
  207.80      1.53130E-03
  208.50      1.61080E-03
  209.50      1.74650E-03
  210.50      1.79810E-03
  211.50      1.80230E-03
  212.50      1.78130E-03
  213.50      1.77870E-03
  214.50      1.76970E-03
  215.50      1.77740E-03
  216.50      1.72700E-03
  217.50      1.76570E-03
  218.50      1.71670E-03
  219.50      1.74720E-03
  220.50      1.73810E-03
  221.50      1.68480E-03
  222.50      1.71640E-03
  223.50      1.70720E-03
  224.50      1.69570E-03
  225.50      1.64670E-03
  226.50      1.67680E-03
  227.50      1.66780E-03
  228.50      1.64980E-03
  229.50      1.60320E-03
  230.50      1.59890E-03
  231.50      1.62370E-03
  232.50      1.61770E-03
  233.50      1.60870E-03
  234.50      1.59940E-03
  235.50      1.58950E-03
  236.50      1.58010E-03
  237.50      1.56910E-03
  238.50      1.51860E-03
  239.50      1.54190E-03
  240.50      1.54310E-03
  241.50      1.53240E-03
  242.50      1.52600E-03
  243.50      1.51530E-03
  244.50      1.50780E-03
  245.50      1.49680E-03
  246.50      1.49140E-03
  247.50      1.48290E-03
  248.50      1.47190E-03
  249.50      1.32420E-03
  250.50      1.44760E-03
  251.30      1.37950E-03
  251.80      1.42100E-03
  252.50      1.44080E-03
  253.50      1.43430E-03
  254.50      1.42350E-03
  255.50      1.41600E-03
  256.50      1.40940E-03
  257.50      1.40240E-03
  258.50      1.39500E-03
  259.50      1.38410E-03
  260.50      1.38220E-03
  261.50      1.37310E-03
  262.50      1.36700E-03
  263.50      1.35940E-03
  264.50      1.35130E-03
  265.50      1.34390E-03
  266.50      1.33430E-03
  267.50      1.32320E-03
  268.50      1.32220E-03
  269.50      1.31100E-03
  270.50      1.30870E-03
  271.50      1.30100E-03
  272.50      1.28910E-03
  273.50      1.26230E-03
  274.50      1.28140E-03
  275.50      1.27420E-03
  276.50      1.26200E-03
  277.50      1.26160E-03
  278.50      1.25380E-03
  279.50      1.23750E-03
  280.50      1.23890E-03
  281.50      1.23490E-03
  282.50      1.22270E-03
  283.50      1.21850E-03
  284.50      1.21650E-03
  285.50      1.20940E-03
  286.50      1.20260E-03
  287.50      1.19660E-03
  288.50      1.19090E-03
  289.50      1.18430E-03
  291.00      1.17400E-03
  293.00      1.16380E-03
  295.00      1.14710E-03
  297.00      1.13920E-03
  299.00      1.12600E-03
  301.00      1.11460E-03
  303.00      1.10140E-03
  305.00      1.09260E-03
  307.00      1.08430E-03
  309.00      1.07030E-03
  311.00      1.06250E-03
  313.00      1.05170E-03
  315.00      1.04150E-03
  317.00      1.03170E-03
  319.00      1.01850E-03
  321.00      1.00380E-03
  323.00      1.00360E-03
  325.00      9.94780E-04
  327.00      9.82270E-04
  329.00      9.75220E-04
  331.00      9.66590E-04
  333.00      9.57010E-04
  335.00      9.46460E-04
  337.00      9.39640E-04
  339.00      9.32260E-04
  341.00      9.23640E-04
  343.00      9.14050E-04
  345.00      9.03040E-04
  347.00      8.97160E-04
  349.00      8.89220E-04
  351.00      8.82280E-04
  353.00      8.75060E-04
  355.00      8.66870E-04
  357.00      8.62070E-04
  359.00      8.50820E-04
  361.00      8.45150E-04
  363.00      8.35860E-04
  364.00      8.30200E-04
  365.00      7.93940E-04
  367.00      7.89200E-04
  369.00      7.83130E-04
  371.00      7.72310E-04
  373.00      7.65650E-04
  375.00      7.70090E-04
  377.00      7.64760E-04
  379.00      7.87520E-04
  381.00      8.09450E-04
  383.00      7.48160E-04
  385.00      8.20400E-04
  387.00      8.23030E-04
  389.00      7.26330E-04
  391.00      8.20050E-04
  393.00      8.11350E-04
  395.00      8.04230E-04
  397.00      6.99110E-04
  399.00      7.92390E-04
  401.00      7.88400E-04
  403.00      7.63550E-04
  405.00      7.81890E-04
  407.00      7.68400E-04
  409.00      7.33940E-04
  411.00      6.78880E-04
  413.00      7.48170E-04
  415.00      7.45270E-04
  417.00      7.43900E-04
  419.00      7.35840E-04
  421.00      7.26900E-04
  423.00      7.27050E-04
  425.00      7.19780E-04
  427.00      7.13090E-04
  429.00      7.07860E-04
  431.00      6.99420E-04
  433.00      6.63180E-04
  435.00      6.26010E-04
  437.00      6.83650E-04
  439.00      6.71610E-04
  441.00      6.74550E-04
  443.00      6.70630E-04
  445.00      6.66080E-04
  447.00      6.45500E-04
  449.00      6.55730E-04
  451.00      6.50930E-04
  453.00      6.46190E-04
  455.00      6.35330E-04
  457.00      6.36890E-04
  459.00      6.31160E-04
  461.00      6.26560E-04
  463.00      6.20570E-04
  465.00      6.07740E-04
  467.00      6.11920E-04
  469.00      5.96200E-04
  471.00      5.98430E-04
  473.00      6.00740E-04
  475.00      5.96210E-04
  477.00      5.92140E-04
  479.00      5.87880E-04
  481.00      5.83400E-04
  483.00      5.77170E-04
  485.00      5.52650E-04
  487.00      5.14040E-04
  489.00      5.64020E-04
  491.00      5.62370E-04
  493.00      5.50800E-04
  495.00      5.54250E-04
  497.00      5.51350E-04
  499.00      5.47490E-04
  501.00      5.39210E-04
  503.00      5.39530E-04
  505.00      5.34480E-04
  507.00      5.32480E-04
  509.00      5.28770E-04
  511.00      5.25170E-04
  513.00      5.21580E-04
  515.00      5.18020E-04
  517.00      5.14390E-04
  519.00      5.11020E-04
  521.00      5.07610E-04
  523.00      5.04230E-04
  525.00      5.00730E-04
  527.00      4.97310E-04
  529.00      4.94200E-04
  531.00      4.90920E-04
  533.00      4.87680E-04
  535.00      4.84470E-04
  537.00      4.81300E-04
  539.00      4.78090E-04
  541.00      4.70470E-04
  543.00      4.71940E-04
  545.00      4.68880E-04
  547.00      4.65830E-04
  549.00      4.62850E-04
  551.00      4.59820E-04
  553.00      4.56940E-04
  555.00      4.54030E-04
  557.00      4.51130E-04
  559.00      4.47890E-04
  561.00      4.45450E-04
  563.00      4.42650E-04
  565.00      4.39870E-04
  567.00      4.37060E-04
  569.00      4.31740E-04
  571.00      4.22240E-04
  573.00      4.19780E-04
  575.00      4.17170E-04
  577.00      4.14870E-04
  579.00      4.12430E-04
  581.00      4.09970E-04
  583.00      4.07710E-04
  585.00      4.05920E-04
  587.00      3.96510E-04
  589.00      4.01940E-04
  591.00      4.00700E-04
  593.00      3.99160E-04
  595.00      3.97670E-04
  597.00      3.96290E-04
  599.00      3.94910E-04
  601.00      3.93360E-04
  603.00      3.91590E-04
  605.00      3.89500E-04
  607.00      3.87220E-04
  609.00      3.84950E-04
  611.00      3.82680E-04
  613.00      3.80450E-04
  615.00      3.78190E-04
  617.00      3.75950E-04
  619.00      3.73840E-04
  621.00      3.71690E-04
  623.00      3.69530E-04
  625.00      3.67410E-04
  627.00      3.65310E-04
  629.00      3.63220E-04
  631.00      3.60990E-04
  633.00      3.59090E-04
  635.00      3.57030E-04
  637.00      3.55040E-04
  639.00      3.53030E-04
  641.00      3.50710E-04
  643.00      3.49080E-04
  645.00      3.47120E-04
  647.00      3.45140E-04
  649.00      3.43220E-04
  651.00      3.41290E-04
  653.00      3.37790E-04
  655.00      3.30230E-04
  657.00      3.04550E-04
  659.00      3.32100E-04
  661.00      3.32000E-04
  663.00      3.30260E-04
  665.00      3.28500E-04
  667.00      3.24210E-04
  669.00      3.21900E-04
  671.00      3.22970E-04
  673.00      3.21360E-04
  675.00      3.19720E-04
  677.00      3.18060E-04
  679.00      3.16330E-04
  681.00      3.14680E-04
  683.00      3.12990E-04
  685.00      3.11350E-04
  687.00      3.09690E-04
  689.00      3.07150E-04
  691.00      3.06320E-04
  693.00      3.04850E-04
  695.00      3.03250E-04
  697.00      3.01670E-04
  699.00      3.00100E-04
  701.00      2.98500E-04
  703.00      2.96900E-04
  705.00      2.95390E-04
  707.00      2.90800E-04
  709.00      2.92430E-04
  711.00      2.90910E-04
  713.00      2.89430E-04
  715.00      2.87970E-04
  717.00      2.85880E-04
  719.00      2.84720E-04
  721.00      2.83610E-04
  723.00      2.82000E-04
  725.00      2.80710E-04
  727.00      2.79350E-04
  729.00      2.76460E-04
  731.00      2.76530E-04
  733.00      2.75180E-04
  735.00      2.73810E-04
  737.00      2.72450E-04
  739.00      2.71100E-04
  741.00      2.69760E-04
  743.00      2.68430E-04
  745.00      2.67110E-04
  747.00      2.65760E-04
  749.00      2.64430E-04
  751.00      2.63180E-04
  753.00      2.61940E-04
  755.00      2.60680E-04
  757.00      2.59410E-04
  759.00      2.57170E-04
  761.00      2.56840E-04
  763.00      2.55680E-04
  765.00      2.54440E-04
  767.00      2.53240E-04
  769.00      2.51930E-04
  771.00      2.50810E-04
  773.00      2.49490E-04
  775.00      2.48450E-04
  777.00      2.47280E-04
  779.00      2.46110E-04
  781.00      2.44890E-04
  783.00      2.43800E-04
  785.00      2.42770E-04
  787.00      2.41570E-04
  789.00      2.40430E-04
  791.00      2.39400E-04
  793.00      2.38280E-04
  795.00      2.37180E-04
  797.00      2.35990E-04
  799.00      2.34980E-04
  801.00      2.33910E-04
  803.00      2.32820E-04
  805.00      2.31770E-04
  807.00      2.30710E-04
  809.00      2.29500E-04
  811.00      2.28350E-04
  813.00      2.27540E-04
  815.00      2.26350E-04
  817.00      2.25480E-04
  819.00      2.24040E-04
  821.00      2.20920E-04
  823.00      2.19510E-04
  825.00      2.19140E-04
  827.00      2.17810E-04
  829.00      2.17330E-04
  831.00      2.16440E-04
  833.00      2.15390E-04
  835.00      2.13980E-04
  837.00      2.13410E-04
  839.00      2.12650E-04
  841.00      2.11750E-04
  843.00      2.10790E-04
  845.00      2.09230E-04
  847.00      2.09020E-04
  849.00      2.07960E-04
  851.00      2.07070E-04
  853.00      2.06200E-04
  855.00      2.04990E-04
  857.00      2.05280E-04
  859.00      2.02060E-04
  861.00      2.02180E-04
  863.00      2.03460E-04
  865.00      2.00820E-04
  867.00      1.96750E-04
  869.00      2.01060E-04
  871.00      2.01440E-04
  873.00      1.98330E-04
  875.00      1.90220E-04
  877.00      1.95420E-04
  879.00      1.98810E-04
  881.00      1.98580E-04
  883.00      1.97170E-04
  885.00      1.90000E-04
  887.00      1.82960E-04
  889.00      1.93400E-04
  891.00      1.94750E-04
  893.00      1.94240E-04
  895.00      1.93650E-04
  897.00      1.92600E-04
  899.00      1.89110E-04
  901.00      1.76660E-04
  903.00      1.81550E-04
  905.00      1.88390E-04
  907.00      1.87700E-04
  909.00      1.88070E-04
  911.00      1.87820E-04
  913.00      1.87160E-04
  915.00      1.86410E-04
  917.00      1.85050E-04
  919.00      1.83800E-04
  921.00      1.78390E-04
  923.00      1.65320E-04
  925.00      1.76930E-04
  927.00      1.80660E-04
  929.00      1.80770E-04
  931.00      1.79900E-04
  933.00      1.79630E-04
  935.00      1.77620E-04
  937.00      1.78220E-04
  939.00      1.77540E-04
  941.00      1.76810E-04
  943.00      1.76120E-04
  945.00      1.75420E-04
  947.00      1.74070E-04
  949.00      1.73660E-04
  951.00      1.71230E-04
  953.00      1.66050E-04
  955.00      1.54360E-04
  957.00      1.67130E-04
  959.00      1.69670E-04
  961.00      1.69430E-04
  963.00      1.68720E-04
  965.00      1.68650E-04
  967.00      1.67990E-04
  969.00      1.67270E-04
  971.00      1.65980E-04
  973.00      1.66000E-04
  975.00      1.65400E-04
  977.00      1.64750E-04
  979.00      1.64130E-04
  981.00      1.63490E-04
  983.00      1.62870E-04
  985.00      1.62240E-04
  987.00      1.61630E-04
  989.00      1.60990E-04
  991.00      1.60320E-04
  993.00      1.59790E-04
  995.00      1.59180E-04
  997.00      1.58570E-04
  999.00      1.57710E-04
  1002.5      1.52040E-04
  1007.5      1.49110E-04
  1012.5      1.52630E-04
  1017.5      1.52600E-04
  1022.5      1.51150E-04
  1027.5      1.49800E-04
  1032.5      1.48020E-04
  1037.5      1.47080E-04
  1042.5      1.45690E-04
  1047.5      1.44430E-04
  1052.5      1.43130E-04
  1057.5      1.41850E-04
  1062.5      1.40590E-04
  1067.5      1.39190E-04
  1072.5      1.38110E-04
  1077.5      1.36900E-04
  1082.5      1.34770E-04
  1087.5      1.34200E-04
  1092.5      1.25650E-04
  1097.5      1.29980E-04
  1102.5      1.30550E-04
  1107.5      1.29870E-04
  1112.5      1.28830E-04
  1117.5      1.27740E-04
  1122.5      1.26630E-04
  1127.5      1.25600E-04
  1132.5      1.24530E-04
  1137.5      1.23500E-04
  1142.5      1.22470E-04
  1147.5      1.21460E-04
  1152.5      1.20460E-04
  1157.5      1.19470E-04
  1162.5      1.18160E-04
  1167.5      1.17400E-04
  1172.5      1.16580E-04
  1177.5      1.15630E-04
  1182.5      1.14700E-04
  1187.5      1.13780E-04
  1192.5      1.12870E-04
  1197.5      1.11190E-04
  1202.5      1.11090E-04
  1207.5      1.10210E-04
  1212.5      1.09340E-04
  1217.5      1.08490E-04
  1222.5      1.07640E-04
  1227.5      1.06810E-04
  1232.5      1.05980E-04
  1237.5      1.05160E-04
  1242.5      1.04360E-04
  1247.5      1.03560E-04
  1252.5      1.02640E-04
  1257.5      1.01990E-04
  1262.5      1.01210E-04
  1267.5      1.00450E-04
  1272.5      9.96900E-05
  1277.5      9.76600E-05
  1282.5      9.25130E-05
  1287.5      9.69810E-05
  1292.5      9.67630E-05
  1297.5      9.56400E-05
  1302.5      9.53380E-05
  1307.5      9.46490E-05
  1312.5      9.39590E-05
  1317.5      9.32770E-05
  1322.5      9.26010E-05
  1327.5      9.19340E-05
  1332.5      9.12720E-05
  1337.5      9.06160E-05
  1342.5      8.99250E-05
  1347.5      8.93310E-05
  1352.5      8.86940E-05
  1357.5      8.80730E-05
  1362.5      8.74440E-05
  1367.5      8.68400E-05
  1372.5      8.62230E-05
  1377.5      8.56330E-05
  1382.5      8.50390E-05
  1387.5      8.44510E-05
  1392.5      8.38640E-05
  1397.5      8.32930E-05
  1402.5      8.27170E-05
  1407.5      8.21590E-05
  1412.5      8.15990E-05
  1417.5      8.10470E-05
  1422.5      8.05000E-05
  1427.5      7.99580E-05
  1432.5      7.94220E-05
  1437.5      7.88910E-05
  1442.5      7.83660E-05
  1447.5      7.78460E-05
  1452.5      7.73300E-05
  1457.0      7.68710E-05
  1462.0      7.63570E-05
  1467.5      7.58100E-05
  1472.5      7.53140E-05
  1477.5      7.47030E-05
  1482.5      7.43470E-05
  1487.5      7.38690E-05
  1492.5      7.33960E-05
  1497.5      7.29270E-05
  1502.5      7.24600E-05
  1507.5      7.19160E-05
  1512.5      7.15430E-05
  1517.5      7.10900E-05
  1522.5      7.06430E-05
  1527.5      7.01920E-05
  1532.5      6.97450E-05
  1537.5      6.93140E-05
  1542.5      6.88510E-05
  1547.5      6.84470E-05
  1552.5      6.80080E-05
  1557.5      6.75230E-05
  1562.5      6.72210E-05
  1567.5      6.66840E-05
  1572.5      6.62090E-05
  1577.5      6.60210E-05
  1582.5      6.55840E-05
  1587.5      6.47440E-05
  1592.5      6.46770E-05
  1597.5      6.44950E-05
  1605.0      6.37470E-05
  1615.0      6.26620E-05
  1625.0      6.25510E-05
  1635.0      6.14040E-05
  1645.0      6.02100E-05
  1655.0      6.04110E-05
  1665.0      5.97200E-05
  1675.0      5.85050E-05
  1685.0      5.72330E-05
  1695.0      5.76620E-05
  1705.0      5.68050E-05
  1715.0      5.63850E-05
  1725.0      5.56920E-05
  1735.0      5.35960E-05
  1745.0      5.43030E-05
  1755.0      5.39130E-05
  1765.0      5.33210E-05
  1775.0      5.27370E-05
  1785.0      5.21630E-05
  1795.0      5.16000E-05
  1805.0      5.10110E-05
  1815.0      4.90590E-05
  1825.0      4.96160E-05
  1835.0      4.94320E-05
  1845.0      4.89110E-05
  1855.0      4.83870E-05
  1865.0      4.74910E-05
  1875.0      4.58880E-05
  1885.0      4.68710E-05
  1895.0      4.64270E-05
  1905.0      4.58310E-05
  1915.0      4.54830E-05
  1925.0      4.50270E-05
  1935.0      4.44760E-05
  1945.0      4.26080E-05
  1955.0      4.35580E-05
  1965.0      4.32560E-05
  1975.0      4.28300E-05
  1985.0      4.24090E-05
  1995.0      4.19950E-05
  2005.0      4.15870E-05
  2015.0      4.11850E-05
  2025.0      4.07890E-05
  2035.0      4.03980E-05
  2045.0      4.00060E-05
  2055.0      3.95910E-05
  2065.0      3.92590E-05
  2075.0      3.88900E-05
  2085.0      3.85260E-05
  2095.0      3.81670E-05
  2105.0      3.78130E-05
  2115.0      3.73790E-05
  2125.0      3.71200E-05
  2135.0      3.67810E-05
  2145.0      3.64400E-05
  2155.0      3.60540E-05
  2165.0      3.45110E-05
  2175.0      3.53380E-05
  2185.0      3.51380E-05
  2195.0      3.48390E-05
  2205.0      3.45300E-05
  2215.0      3.42250E-05
  2225.0      3.39220E-05
  2235.0      3.36280E-05
  2245.0      3.33350E-05
  2255.0      3.30460E-05
  2265.0      3.27600E-05
  2275.0      3.24790E-05
  2285.0      3.21990E-05
  2295.0      3.19260E-05
  2305.0      3.16510E-05
  2315.0      3.13880E-05
  2325.0      3.11250E-05
  2335.0      3.08640E-05
  2345.0      3.06670E-05
  2355.0      3.04100E-05
  2365.0      3.01580E-05
  2375.0      2.99090E-05
  2385.0      2.96650E-05
  2395.0      2.94210E-05
  2405.0      2.91810E-05
  2415.0      2.89440E-05
  2425.0      2.87060E-05
  2435.0      2.84810E-05
  2445.0      2.82360E-05
  2455.0      2.80250E-05
  2465.0      2.77810E-05
  2475.0      2.75270E-05
  2485.0      2.73640E-05
  2495.0      2.70880E-05
  2505.0      2.69330E-05
  2515.0      2.67170E-05
  2525.0      2.64440E-05
  2535.0      2.62920E-05
  2545.0      2.61110E-05
  2555.0      2.58800E-05
  2565.0      2.56080E-05
  2575.0      2.54940E-05
  2585.0      2.53230E-05
  2595.0      2.51310E-05
  2605.0      2.48570E-05
  2615.0      2.45120E-05
  2625.0      2.36700E-05
  2635.0      2.42680E-05
  2645.0      2.42040E-05
  2655.0      2.40110E-05
  2665.0      2.37910E-05
  2675.0      2.34310E-05
  2685.0      2.34330E-05
  2695.0      2.33280E-05
  2705.0      2.31590E-05
  2715.0      2.29910E-05
  2725.0      2.28250E-05
  2735.0      2.26610E-05
  2745.0      2.24690E-05
  2755.0      2.20340E-05
  2765.0      2.20260E-05
  2775.0      2.20180E-05
  2785.0      2.18660E-05
  2795.0      2.17120E-05
  2805.0      2.15600E-05
  2815.0      2.14090E-05
  2825.0      2.12600E-05
  2835.0      2.11120E-05
  2845.0      2.09660E-05
  2855.0      2.08150E-05
  2865.0      2.05490E-05
  2875.0      2.01300E-05
  2885.0      2.03500E-05
  2895.0      2.02580E-05
  2905.0      2.01210E-05
  2915.0      1.99850E-05
  2925.0      1.98500E-05
  2935.0      1.97170E-05
  2945.0      1.95850E-05
  2955.0      1.94550E-05
  2965.0      1.93250E-05
  2975.0      1.91970E-05
  2985.0      1.90710E-05
  2995.0      1.89450E-05
  3005.0      1.88210E-05
  3015.0      1.86970E-05
  3025.0      1.85500E-05
  3035.0      1.80900E-05
  3045.0      1.81080E-05
  3055.0      1.82040E-05
  3065.0      1.81000E-05
  3075.0      1.79840E-05
  3085.0      1.78690E-05
  3095.0      1.77550E-05
  3105.0      1.76420E-05
  3115.0      1.75310E-05
  3125.0      1.74200E-05
  3135.0      1.73100E-05
  3145.0      1.72020E-05
  3155.0      1.70940E-05
  3165.0      1.69880E-05
  3175.0      1.68820E-05
  3185.0      1.67780E-05
  3195.0      1.66740E-05
  3210.0      1.65200E-05
  3230.0      1.63190E-05
  3250.0      1.61210E-05
  3270.0      1.59260E-05
  3290.0      1.54490E-05
  3310.0      1.54750E-05
  3330.0      1.53760E-05
  3350.0      1.51970E-05
  3370.0      1.50190E-05
  3390.0      1.48440E-05
  3410.0      1.46720E-05
  3430.0      1.45030E-05
  3450.0      1.43370E-05
  3470.0      1.41740E-05
  3490.0      1.40130E-05
  3510.0      1.38550E-05
  3530.0      1.37000E-05
  3550.0      1.35480E-05
  3570.0      1.33980E-05
  3590.0      1.32500E-05
  3610.0      1.31050E-05
  3630.0      1.29620E-05
  3650.0      1.28220E-05
  3670.0      1.26840E-05
  3690.0      1.25480E-05
  3710.0      1.24030E-05
  3730.0      1.21540E-05
  3750.0      1.19720E-05
  3770.0      1.20250E-05
  3790.0      1.19000E-05
  3810.0      1.17690E-05
  3830.0      1.16500E-05
  3850.0      1.15350E-05
  3870.0      1.14170E-05
  3890.0      1.13000E-05
  3910.0      1.11640E-05
  3930.0      1.10730E-05
  3950.0      1.09620E-05
  3970.0      1.08530E-05
  3990.0      1.07450E-05
  4010.0      1.06180E-05
  4030.0      1.04890E-05
  4050.0      1.02270E-05
  4070.0      1.03250E-05
  4090.0      1.02300E-05
  4110.0      1.01310E-05
  4130.0      1.00290E-05
  4150.0      9.93380E-06
  4170.0      9.77790E-06
  4190.0      9.74360E-06
  4210.0      9.65840E-06
  4230.0      9.56790E-06
  4250.0      9.47630E-06
  4270.0      9.39060E-06
  4290.0      9.29560E-06
  4310.0      9.21810E-06
  4330.0      9.13350E-06
  4350.0      9.05000E-06
  4370.0      8.88850E-06
  4390.0      8.85890E-06
  4410.0      8.80680E-06
  4430.0      8.72800E-06
  4450.0      8.65010E-06
  4470.0      8.57740E-06
  4490.0      8.50160E-06
  4510.0      8.42670E-06
  4530.0      8.35280E-06
  4550.0      8.27990E-06
  4570.0      8.20790E-06
  4590.0      8.13680E-06
  4610.0      8.06520E-06
  4630.0      7.99010E-06
  4650.0      7.73140E-06
  4670.0      7.73840E-06
  4690.0      7.76870E-06
  4710.0      7.72910E-06
  4730.0      7.66420E-06
  4750.0      7.60000E-06
  4770.0      7.53670E-06
  4790.0      7.47410E-06
  4810.0      7.41230E-06
  4830.0      7.35130E-06
  4850.0      7.29100E-06
  4870.0      7.23140E-06
  4890.0      7.17260E-06
  4910.0      7.11450E-06
  4930.0      7.05710E-06
  4950.0      7.00040E-06
  4970.0      6.94430E-06
  4990.0      6.88890E-06
  5010.0      6.83420E-06
  5030.0      6.78010E-06
  5050.0      6.72670E-06
  5070.0      6.67390E-06
  5090.0      6.62160E-06
  5110.0      6.55390E-06
  5130.0      6.39990E-06
  5150.0      6.45900E-06
  5170.0      6.41880E-06
  5190.0      6.36960E-06
  5210.0      6.32090E-06
  5230.0      6.27280E-06
  5250.0      6.22520E-06
  5270.0      6.17810E-06
  5290.0      6.13160E-06
  5310.0      6.08560E-06
  5330.0      6.04010E-06
  5350.0      5.99510E-06
  5370.0      5.95060E-06
  5390.0      5.90660E-06
  5410.0      5.86310E-06
  5430.0      5.82010E-06
  5450.0      5.77750E-06
  5470.0      5.73540E-06
  5490.0      5.69370E-06
  5510.0      5.65240E-06
  5530.0      5.61120E-06
  5550.0      5.57140E-06
  5570.0      5.53150E-06
  5590.0      5.49210E-06
  5610.0      5.45300E-06
  5630.0      5.41440E-06
  5650.0      5.37610E-06
  5670.0      5.33830E-06
  5690.0      5.30070E-06
  5710.0      5.25440E-06
  5730.0      5.22700E-06
  5750.0      5.19080E-06
  5770.0      5.15490E-06
  5790.0      5.11930E-06
  5810.0      5.08420E-06
  5830.0      5.04930E-06
  5850.0      5.01630E-06
  5870.0      4.98210E-06
  5890.0      4.93230E-06
  5910.0      4.80040E-06
  5930.0      4.86770E-06
  5950.0      4.82880E-06
  5970.0      4.80690E-06
  5990.0      4.78440E-06
  6010.0      4.75270E-06
  6030.0      4.72120E-06
  6050.0      4.69000E-06
  6070.0      4.65910E-06
  6090.0      4.62850E-06
  6110.0      4.59830E-06
  6130.0      4.56830E-06
  6150.0      4.53860E-06
  6170.0      4.50920E-06
  6190.0      4.48010E-06
  6210.0      4.45120E-06
  6230.0      4.42260E-06
  6250.0      4.39430E-06
  6270.0      4.36200E-06
  6290.0      4.30580E-06
  6310.0      4.30340E-06
  6330.0      4.28380E-06
  6350.0      4.25690E-06
  6370.0      4.23010E-06
  6390.0      4.20370E-06
  6420.0      4.16440E-06
  6460.0      4.11290E-06
  6500.0      4.06240E-06
  6540.0      4.01270E-06
  6580.0      3.96400E-06
  6620.0      3.91610E-06
  6660.0      3.86910E-06
  6700.0      3.82300E-06
  6740.0      3.77370E-06
  6780.0      3.70540E-06
  6820.0      3.68920E-06
  6860.0      3.64630E-06
  6900.0      3.60400E-06
  6940.0      3.56250E-06
  6980.0      3.52160E-06
  7020.0      3.48150E-06
  7060.0      3.44200E-06
  7100.0      3.40320E-06
  7140.0      3.36510E-06
  7180.0      3.32760E-06
  7220.0      3.29070E-06
  7260.0      3.25440E-06
  7300.0      3.21870E-06
  7340.0      3.18360E-06
  7380.0      3.14900E-06
  7420.0      3.11130E-06
  7460.0      3.02410E-06
  7500.0      2.97710E-06
  7540.0      3.00970E-06
  7580.0      2.98440E-06
  7620.0      2.95310E-06
  7660.0      2.92220E-06
  7700.0      2.89180E-06
  7740.0      2.86180E-06
  7780.0      2.83210E-06
  7820.0      2.80330E-06
  7860.0      2.77480E-06
  7900.0      2.74660E-06
  7940.0      2.71890E-06
  7980.0      2.69160E-06
  8020.0      2.66470E-06
  8060.0      2.63810E-06
  8100.0      2.61200E-06
  8140.0      2.58350E-06
  8180.0      2.56040E-06
  8220.0      2.53590E-06
  8260.0      2.51130E-06
  8300.0      2.48710E-06
  8340.0      2.46310E-06
  8380.0      2.43950E-06
  8420.0      2.41630E-06
  8460.0      2.39340E-06
  8500.0      2.37080E-06
  8540.0      2.34850E-06
  8580.0      2.32650E-06
  8620.0      2.30480E-06
  8660.0      2.27570E-06
  8700.0      2.26200E-06
  8740.0      2.22320E-06
  8780.0      2.20280E-06
  8820.0      2.20090E-06
  8860.0      2.18090E-06
  8900.0      2.16130E-06
  8940.0      2.14180E-06
  8980.0      2.12270E-06
  9020.0      2.10380E-06
  9060.0      2.08510E-06
  9100.0      2.06670E-06
  9140.0      2.04850E-06
  9180.0      2.03060E-06
  9220.0      2.01290E-06
  9260.0      1.99540E-06
  9300.0      1.97820E-06
  9340.0      1.96110E-06
  9380.0      1.93320E-06
  9420.0      1.92450E-06
  9460.0      1.91130E-06
  9500.0      1.89520E-06
  9540.0      1.87920E-06
  9580.0      1.86340E-06
  9620.0      1.84780E-06
  9660.0      1.83240E-06
  9700.0      1.81720E-06
  9740.0      1.80220E-06
  9780.0      1.78740E-06
  9820.0      1.77280E-06
  9860.0      1.75830E-06
  9900.0      1.74400E-06
  9940.0      1.72990E-06
  9980.0      1.71590E-06
  10020.      1.70210E-06
  20000.      4.19750E-07
  40000.      1.02160E-07
  60000.      4.46140E-08
  80000.      2.47700E-08
 1.00000E+05  1.56900E-08
 1.20000E+05  1.08030E-08
 1.40000E+05  7.88020E-09
 1.60000E+05  5.99590E-09
