 Castelli and Kurucz 2004-2012 Atmosphere
 T     34000.     G    4.50000 [-1.0a] N(He)/Ntot=0.0784 VTURB=2.0  L/H=1.25 OD
 Wavelength  Eddington Hnu
   (nm)    (ergs/s/cm2/Hz/sr)
  9.0900      1.37020E-30
  9.3500      7.34360E-30
  9.6100      3.61860E-29
  9.7700      9.29870E-29
  9.9600      2.74500E-28
  10.200      1.02150E-27
  10.380      2.64170E-27
  10.560      6.62570E-27
  10.770      1.86410E-26
  11.040      6.69610E-26
  11.400      3.35890E-25
  11.780      1.66900E-24
  12.130      6.70520E-24
  12.480      2.50060E-23
  12.710      5.71450E-23
  12.840      9.00830E-23
  13.050      1.84370E-22
  13.240      3.45820E-22
  13.390      5.61450E-22
  13.660      1.31120E-21
  13.980      3.44290E-21
  14.330      9.44090E-21
  14.720      2.75540E-20
  15.100      7.43800E-20
  15.520      2.11310E-19
  15.880      4.96320E-19
  16.200      1.02930E-18
  16.600      2.47120E-18
  17.030      6.06230E-18
  17.340      1.12880E-17
  17.680      2.18140E-17
  18.020      4.11480E-17
  18.170      5.41070E-17
  18.610      1.17730E-16
  19.100      2.69040E-16
  19.390      4.30610E-16
  19.840      8.71160E-16
  20.180      1.45410E-15
  20.500      2.32060E-15
  21.050      5.02510E-15
  21.620      1.07450E-14
  21.980      1.70700E-14
  22.300      2.54260E-14
  22.680      4.01480E-14
  23.000      3.21740E-11
  23.400      1.24170E-10
  24.000      2.25100E-10
  24.650      4.00450E-10
  25.240      6.70840E-10
  25.680      7.47260E-10
  26.000      1.34160E-09
  26.400      1.95200E-09
  26.850      2.89320E-09
  27.350      3.88830E-09
  27.850      4.73620E-09
  28.400      9.12360E-09
  29.000      1.26310E-08
  29.600      1.57530E-08
  30.100      1.77320E-08
  30.800      3.50550E-08
  31.800      8.36250E-08
  32.800      1.16920E-07
  33.800      1.87500E-07
  34.800      2.71880E-07
  35.700      4.11130E-07
  36.600      6.30800E-07
  37.500      7.62560E-07
  38.500      1.03050E-06
  39.500      1.38440E-06
  40.500      1.72470E-06
  41.400      2.15640E-06
  42.200      2.44780E-06
  43.000      2.84100E-06
  44.100      3.56890E-06
  45.100      4.30100E-06
  46.000      4.88890E-06
  47.000      5.84670E-06
  48.000      6.90090E-06
  49.000      7.83820E-06
  50.000      9.48390E-06
  50.600      2.50730E-05
  51.200      1.09050E-04
  52.000      1.05100E-04
  53.000      1.02470E-04
  54.000      9.75420E-05
  55.000      1.10250E-04
  56.000      1.31370E-04
  57.000      1.39190E-04
  58.000      1.33990E-04
  59.000      1.45800E-04
  60.000      1.35930E-04
  61.000      1.51490E-04
  62.000      1.71900E-04
  63.000      1.75340E-04
  64.000      1.79420E-04
  65.000      1.85160E-04
  65.800      1.75770E-04
  66.500      1.90970E-04
  67.500      2.04700E-04
  68.500      1.93060E-04
  69.500      2.18670E-04
  70.500      2.03610E-04
  71.600      2.38190E-04
  72.600      2.41680E-04
  73.500      2.51030E-04
  74.500      2.51480E-04
  75.500      2.56530E-04
  76.500      2.65350E-04
  77.500      2.74600E-04
  78.500      2.85980E-04
  79.500      2.92110E-04
  80.500      2.94870E-04
  81.500      3.03430E-04
  82.500      3.16970E-04
  83.500      2.94830E-04
  84.500      3.27860E-04
  85.500      3.34220E-04
  86.500      3.46630E-04
  87.500      3.53840E-04
  88.500      3.62390E-04
  89.500      3.71220E-04
  90.500      3.73030E-04
  91.500      3.89410E-04
  92.500      1.04840E-03
  93.500      1.62590E-03
  94.500      2.36980E-03
  95.500      2.66820E-03
  96.500      3.18990E-03
  97.500      1.94340E-03
  98.500      3.07070E-03
  99.500      2.86340E-03
  100.50      2.98640E-03
  101.50      3.04260E-03
  102.50      2.21520E-03
  103.50      3.01900E-03
  104.50      3.24820E-03
  105.50      3.22400E-03
  106.50      3.01740E-03
  107.50      3.08820E-03
  108.50      2.91110E-03
  109.50      3.13080E-03
  110.50      3.05070E-03
  111.50      3.03740E-03
  112.50      2.78030E-03
  113.50      3.02680E-03
  114.50      2.94370E-03
  115.50      2.90820E-03
  116.50      2.90810E-03
  117.50      2.43340E-03
  118.50      2.78700E-03
  119.50      2.76430E-03
  120.50      2.67640E-03
  121.50      1.98020E-03
  122.50      2.68440E-03
  123.50      2.79120E-03
  124.50      2.74850E-03
  125.50      2.77250E-03
  126.50      2.79170E-03
  127.50      2.79710E-03
  128.50      2.79610E-03
  129.50      2.67310E-03
  130.50      2.69970E-03
  131.50      2.75410E-03
  132.50      2.70580E-03
  133.50      2.67310E-03
  134.50      2.68070E-03
  135.50      2.66820E-03
  136.50      2.62150E-03
  137.50      2.60840E-03
  138.50      2.58890E-03
  139.50      2.33820E-03
  140.50      2.35850E-03
  141.50      2.52810E-03
  142.50      2.42370E-03
  143.50      2.48820E-03
  144.20      2.49510E-03
  144.70      2.48130E-03
  145.50      2.43990E-03
  146.50      2.43410E-03
  147.50      2.41690E-03
  148.50      2.42760E-03
  149.50      2.39080E-03
  150.50      2.37200E-03
  151.20      2.37830E-03
  151.70      2.36330E-03
  152.50      2.33400E-03
  153.50      2.20610E-03
  154.50      2.09300E-03
  155.50      2.09020E-03
  156.50      2.14880E-03
  157.50      2.19520E-03
  158.50      2.20520E-03
  159.50      2.20220E-03
  160.50      2.11770E-03
  161.50      2.07790E-03
  162.50      2.09020E-03
  163.50      2.08920E-03
  164.50      2.03310E-03
  165.50      2.12590E-03
  166.50      2.09930E-03
  167.20      2.04310E-03
  167.70      2.15690E-03
  168.50      2.12480E-03
  169.50      2.10500E-03
  170.50      2.07950E-03
  171.50      2.04470E-03
  172.50      2.01520E-03
  173.50      2.06640E-03
  174.50      2.05190E-03
  175.50      2.02830E-03
  176.50      2.02270E-03
  177.50      2.01270E-03
  178.50      2.01070E-03
  179.50      1.99180E-03
  180.50      1.99160E-03
  181.50      1.97310E-03
  182.50      1.95810E-03
  183.50      1.96200E-03
  184.50      1.92380E-03
  185.50      1.90970E-03
  186.50      1.90550E-03
  187.50      1.89340E-03
  188.50      1.86760E-03
  189.50      1.85600E-03
  190.50      1.87190E-03
  191.50      1.84330E-03
  192.50      1.79920E-03
  193.50      1.83170E-03
  194.50      1.83610E-03
  195.50      1.78490E-03
  196.70      1.80490E-03
  197.60      1.80950E-03
  198.40      1.78650E-03
  199.50      1.76020E-03
  200.50      1.77610E-03
  201.50      1.77040E-03
  202.50      1.76100E-03
  203.50      1.74400E-03
  204.50      1.73250E-03
  205.50      1.45000E-03
  206.50      1.41090E-03
  207.40      1.43870E-03
  207.80      1.44690E-03
  208.50      1.51140E-03
  209.50      1.61840E-03
  210.50      1.66780E-03
  211.50      1.67340E-03
  212.50      1.65450E-03
  213.50      1.65190E-03
  214.50      1.64260E-03
  215.50      1.64720E-03
  216.50      1.60620E-03
  217.50      1.63500E-03
  218.50      1.59560E-03
  219.50      1.61880E-03
  220.50      1.60990E-03
  221.50      1.56620E-03
  222.50      1.58980E-03
  223.50      1.58090E-03
  224.50      1.57070E-03
  225.50      1.53010E-03
  226.50      1.55310E-03
  227.50      1.54460E-03
  228.50      1.52800E-03
  229.50      1.48120E-03
  230.50      1.48540E-03
  231.50      1.50410E-03
  232.50      1.49820E-03
  233.50      1.48960E-03
  234.50      1.48150E-03
  235.50      1.47230E-03
  236.50      1.46370E-03
  237.50      1.45360E-03
  238.50      1.41200E-03
  239.50      1.42920E-03
  240.50      1.42950E-03
  241.50      1.41960E-03
  242.50      1.41340E-03
  243.50      1.40310E-03
  244.50      1.39650E-03
  245.50      1.38690E-03
  246.50      1.38150E-03
  247.50      1.37340E-03
  248.50      1.36340E-03
  249.50      1.22220E-03
  250.50      1.34100E-03
  251.30      1.28540E-03
  251.80      1.31720E-03
  252.50      1.33500E-03
  253.50      1.32880E-03
  254.50      1.31690E-03
  255.50      1.31110E-03
  256.50      1.30540E-03
  257.50      1.29920E-03
  258.50      1.29240E-03
  259.50      1.28320E-03
  260.50      1.28130E-03
  261.50      1.27300E-03
  262.50      1.26720E-03
  263.50      1.26000E-03
  264.50      1.25260E-03
  265.50      1.24540E-03
  266.50      1.23610E-03
  267.50      1.22630E-03
  268.50      1.22590E-03
  269.50      1.21420E-03
  270.50      1.21270E-03
  271.50      1.20580E-03
  272.50      1.19390E-03
  273.50      1.17360E-03
  274.50      1.18760E-03
  275.50      1.18110E-03
  276.50      1.16890E-03
  277.50      1.16960E-03
  278.50      1.16240E-03
  279.50      1.14560E-03
  280.50      1.14800E-03
  281.50      1.14500E-03
  282.50      1.13260E-03
  283.50      1.12850E-03
  284.50      1.12790E-03
  285.50      1.12100E-03
  286.50      1.11480E-03
  287.50      1.10920E-03
  288.50      1.10410E-03
  289.50      1.09810E-03
  291.00      1.08840E-03
  293.00      1.07910E-03
  295.00      1.06270E-03
  297.00      1.05650E-03
  299.00      1.04450E-03
  301.00      1.03350E-03
  303.00      1.02180E-03
  305.00      1.01370E-03
  307.00      1.00610E-03
  309.00      9.92050E-04
  311.00      9.85820E-04
  313.00      9.75630E-04
  315.00      9.65990E-04
  317.00      9.57110E-04
  319.00      9.44340E-04
  321.00      9.33010E-04
  323.00      9.30830E-04
  325.00      9.22940E-04
  327.00      9.12080E-04
  329.00      9.04900E-04
  331.00      8.97150E-04
  333.00      8.88020E-04
  335.00      8.78560E-04
  337.00      8.72060E-04
  339.00      8.65430E-04
  341.00      8.57500E-04
  343.00      8.48310E-04
  345.00      8.38060E-04
  347.00      8.32530E-04
  349.00      8.25140E-04
  351.00      8.18650E-04
  353.00      8.12620E-04
  355.00      8.05030E-04
  357.00      8.00940E-04
  359.00      7.89990E-04
  361.00      7.85200E-04
  363.00      7.76340E-04
  364.00      7.73490E-04
  365.00      7.46820E-04
  367.00      7.42750E-04
  369.00      7.36800E-04
  371.00      7.24500E-04
  373.00      7.15070E-04
  375.00      7.18810E-04
  377.00      7.11910E-04
  379.00      7.35200E-04
  381.00      7.57780E-04
  383.00      6.95460E-04
  385.00      7.71290E-04
  387.00      7.74510E-04
  389.00      6.75290E-04
  391.00      7.72910E-04
  393.00      7.65540E-04
  395.00      7.57760E-04
  397.00      6.50110E-04
  399.00      7.46500E-04
  401.00      7.43560E-04
  403.00      7.18740E-04
  405.00      7.37980E-04
  407.00      7.23820E-04
  409.00      6.88690E-04
  411.00      6.33420E-04
  413.00      7.04800E-04
  415.00      7.02840E-04
  417.00      7.02130E-04
  419.00      6.94760E-04
  421.00      6.87670E-04
  423.00      6.86340E-04
  425.00      6.79040E-04
  427.00      6.72270E-04
  429.00      6.67490E-04
  431.00      6.59070E-04
  433.00      6.21920E-04
  435.00      5.84600E-04
  437.00      6.44330E-04
  439.00      6.32250E-04
  441.00      6.36240E-04
  443.00      6.32730E-04
  445.00      6.28550E-04
  447.00      6.07050E-04
  449.00      6.18770E-04
  451.00      6.14540E-04
  453.00      6.10230E-04
  455.00      6.01060E-04
  457.00      6.01020E-04
  459.00      5.95560E-04
  461.00      5.91240E-04
  463.00      5.85810E-04
  465.00      5.73290E-04
  467.00      5.77490E-04
  469.00      5.64950E-04
  471.00      5.63930E-04
  473.00      5.67070E-04
  475.00      5.62730E-04
  477.00      5.59050E-04
  479.00      5.54990E-04
  481.00      5.50710E-04
  483.00      5.44240E-04
  485.00      5.19060E-04
  487.00      4.80610E-04
  489.00      5.31960E-04
  491.00      5.30570E-04
  493.00      5.18840E-04
  495.00      5.23020E-04
  497.00      5.20520E-04
  499.00      5.16870E-04
  501.00      5.08490E-04
  503.00      5.09330E-04
  505.00      5.04350E-04
  507.00      5.02710E-04
  509.00      4.99180E-04
  511.00      4.95780E-04
  513.00      4.92380E-04
  515.00      4.89010E-04
  517.00      4.85570E-04
  519.00      4.82440E-04
  521.00      4.79230E-04
  523.00      4.76050E-04
  525.00      4.72750E-04
  527.00      4.69550E-04
  529.00      4.66580E-04
  531.00      4.63480E-04
  533.00      4.60450E-04
  535.00      4.57400E-04
  537.00      4.54420E-04
  539.00      4.51380E-04
  541.00      4.45290E-04
  543.00      4.45600E-04
  545.00      4.42690E-04
  547.00      4.39830E-04
  549.00      4.37030E-04
  551.00      4.34180E-04
  553.00      4.31450E-04
  555.00      4.28710E-04
  557.00      4.25980E-04
  559.00      4.23010E-04
  561.00      4.20620E-04
  563.00      4.17970E-04
  565.00      4.15350E-04
  567.00      4.12660E-04
  569.00      4.08230E-04
  571.00      4.01770E-04
  573.00      3.99430E-04
  575.00      3.96860E-04
  577.00      3.94720E-04
  579.00      3.92360E-04
  581.00      3.90000E-04
  583.00      3.87700E-04
  585.00      3.85790E-04
  587.00      3.75780E-04
  589.00      3.81420E-04
  591.00      3.80080E-04
  593.00      3.78340E-04
  595.00      3.76620E-04
  597.00      3.75010E-04
  599.00      3.73320E-04
  601.00      3.72080E-04
  603.00      3.69880E-04
  605.00      3.67750E-04
  607.00      3.65610E-04
  609.00      3.63460E-04
  611.00      3.61330E-04
  613.00      3.59220E-04
  615.00      3.57060E-04
  617.00      3.54980E-04
  619.00      3.52990E-04
  621.00      3.50960E-04
  623.00      3.48930E-04
  625.00      3.46930E-04
  627.00      3.44950E-04
  629.00      3.42980E-04
  631.00      3.40990E-04
  633.00      3.39090E-04
  635.00      3.37150E-04
  637.00      3.35270E-04
  639.00      3.33380E-04
  641.00      3.31480E-04
  643.00      3.29650E-04
  645.00      3.27810E-04
  647.00      3.25910E-04
  649.00      3.24110E-04
  651.00      3.22320E-04
  653.00      3.19180E-04
  655.00      3.11110E-04
  657.00      2.85650E-04
  659.00      3.13350E-04
  661.00      3.13490E-04
  663.00      3.11920E-04
  665.00      3.10260E-04
  667.00      3.06100E-04
  669.00      3.04210E-04
  671.00      3.05100E-04
  673.00      3.03520E-04
  675.00      3.02010E-04
  677.00      3.00440E-04
  679.00      2.98760E-04
  681.00      2.97250E-04
  683.00      2.95640E-04
  685.00      2.94100E-04
  687.00      2.92540E-04
  689.00      2.90510E-04
  691.00      2.89340E-04
  693.00      2.87980E-04
  695.00      2.86480E-04
  697.00      2.84980E-04
  699.00      2.83500E-04
  701.00      2.82000E-04
  703.00      2.80500E-04
  705.00      2.79080E-04
  707.00      2.74480E-04
  709.00      2.76270E-04
  711.00      2.74830E-04
  713.00      2.73440E-04
  715.00      2.72060E-04
  717.00      2.70340E-04
  719.00      2.69160E-04
  721.00      2.67950E-04
  723.00      2.66330E-04
  725.00      2.65190E-04
  727.00      2.63930E-04
  729.00      2.61080E-04
  731.00      2.61280E-04
  733.00      2.60000E-04
  735.00      2.58710E-04
  737.00      2.57430E-04
  739.00      2.56160E-04
  741.00      2.54890E-04
  743.00      2.53640E-04
  745.00      2.52410E-04
  747.00      2.51090E-04
  749.00      2.49890E-04
  751.00      2.48690E-04
  753.00      2.47530E-04
  755.00      2.46330E-04
  757.00      2.45140E-04
  759.00      2.43440E-04
  761.00      2.42720E-04
  763.00      2.41620E-04
  765.00      2.40450E-04
  767.00      2.39320E-04
  769.00      2.38110E-04
  771.00      2.37030E-04
  773.00      2.35810E-04
  775.00      2.34800E-04
  777.00      2.33700E-04
  779.00      2.32600E-04
  781.00      2.31440E-04
  783.00      2.30420E-04
  785.00      2.29470E-04
  787.00      2.28330E-04
  789.00      2.27220E-04
  791.00      2.26280E-04
  793.00      2.25240E-04
  795.00      2.24200E-04
  797.00      2.23070E-04
  799.00      2.22120E-04
  801.00      2.21110E-04
  803.00      2.20080E-04
  805.00      2.19060E-04
  807.00      2.18080E-04
  809.00      2.16880E-04
  811.00      2.15740E-04
  813.00      2.15060E-04
  815.00      2.13920E-04
  817.00      2.13160E-04
  819.00      2.11820E-04
  821.00      2.09590E-04
  823.00      2.08510E-04
  825.00      2.08000E-04
  827.00      2.06570E-04
  829.00      2.06210E-04
  831.00      2.05370E-04
  833.00      2.04370E-04
  835.00      2.02940E-04
  837.00      2.02440E-04
  839.00      2.01750E-04
  841.00      2.00880E-04
  843.00      1.99940E-04
  845.00      1.98320E-04
  847.00      1.98230E-04
  849.00      1.97150E-04
  851.00      1.96320E-04
  853.00      1.95420E-04
  855.00      1.94180E-04
  857.00      1.94610E-04
  859.00      1.91140E-04
  861.00      1.91370E-04
  863.00      1.92880E-04
  865.00      1.90050E-04
  867.00      1.85710E-04
  869.00      1.90490E-04
  871.00      1.90980E-04
  873.00      1.87660E-04
  875.00      1.79100E-04
  877.00      1.84680E-04
  879.00      1.88390E-04
  881.00      1.88200E-04
  883.00      1.86740E-04
  885.00      1.79290E-04
  887.00      1.72080E-04
  889.00      1.83010E-04
  891.00      1.84510E-04
  893.00      1.84080E-04
  895.00      1.83560E-04
  897.00      1.82490E-04
  899.00      1.78910E-04
  901.00      1.66160E-04
  903.00      1.71240E-04
  905.00      1.78400E-04
  907.00      1.77750E-04
  909.00      1.78230E-04
  911.00      1.78060E-04
  913.00      1.77440E-04
  915.00      1.76730E-04
  917.00      1.75300E-04
  919.00      1.74140E-04
  921.00      1.68570E-04
  923.00      1.55290E-04
  925.00      1.67200E-04
  927.00      1.71150E-04
  929.00      1.71280E-04
  931.00      1.70460E-04
  933.00      1.70290E-04
  935.00      1.68840E-04
  937.00      1.68980E-04
  939.00      1.68330E-04
  941.00      1.67640E-04
  943.00      1.66980E-04
  945.00      1.66320E-04
  947.00      1.64930E-04
  949.00      1.64540E-04
  951.00      1.62140E-04
  953.00      1.56820E-04
  955.00      1.45030E-04
  957.00      1.58070E-04
  959.00      1.60760E-04
  961.00      1.60550E-04
  963.00      1.59870E-04
  965.00      1.59910E-04
  967.00      1.59290E-04
  969.00      1.58600E-04
  971.00      1.57400E-04
  973.00      1.57410E-04
  975.00      1.56840E-04
  977.00      1.56220E-04
  979.00      1.55630E-04
  981.00      1.55020E-04
  983.00      1.54440E-04
  985.00      1.53840E-04
  987.00      1.53260E-04
  989.00      1.52640E-04
  991.00      1.51980E-04
  993.00      1.51520E-04
  995.00      1.50940E-04
  997.00      1.50350E-04
  999.00      1.49460E-04
  1002.5      1.43750E-04
  1007.5      1.40900E-04
  1012.5      1.44920E-04
  1017.5      1.44700E-04
  1022.5      1.43320E-04
  1027.5      1.42050E-04
  1032.5      1.40330E-04
  1037.5      1.39480E-04
  1042.5      1.38210E-04
  1047.5      1.36970E-04
  1052.5      1.35740E-04
  1057.5      1.34530E-04
  1062.5      1.33330E-04
  1067.5      1.31990E-04
  1072.5      1.30980E-04
  1077.5      1.29830E-04
  1082.5      1.27750E-04
  1087.5      1.27220E-04
  1092.5      1.18590E-04
  1097.5      1.23060E-04
  1102.5      1.23750E-04
  1107.5      1.23170E-04
  1112.5      1.22190E-04
  1117.5      1.21160E-04
  1122.5      1.20090E-04
  1127.5      1.19120E-04
  1132.5      1.18110E-04
  1137.5      1.17130E-04
  1142.5      1.16160E-04
  1147.5      1.15200E-04
  1152.5      1.14260E-04
  1157.5      1.13320E-04
  1162.5      1.12210E-04
  1167.5      1.11410E-04
  1172.5      1.10580E-04
  1177.5      1.09680E-04
  1182.5      1.08800E-04
  1187.5      1.07930E-04
  1192.5      1.07070E-04
  1197.5      1.05390E-04
  1202.5      1.05380E-04
  1207.5      1.04550E-04
  1212.5      1.03720E-04
  1217.5      1.02910E-04
  1222.5      1.02110E-04
  1227.5      1.01320E-04
  1232.5      1.00540E-04
  1237.5      9.97600E-05
  1242.5      9.89960E-05
  1247.5      9.82360E-05
  1252.5      9.73430E-05
  1257.5      9.67460E-05
  1262.5      9.60150E-05
  1267.5      9.52960E-05
  1272.5      9.45450E-05
  1277.5      9.25310E-05
  1282.5      8.73560E-05
  1287.5      9.19480E-05
  1292.5      9.17990E-05
  1297.5      9.06700E-05
  1302.5      9.04460E-05
  1307.5      8.97950E-05
  1312.5      8.91410E-05
  1317.5      8.84940E-05
  1322.5      8.78540E-05
  1327.5      8.72210E-05
  1332.5      8.65940E-05
  1337.5      8.59690E-05
  1342.5      8.53100E-05
  1347.5      8.47540E-05
  1352.5      8.41480E-05
  1357.5      8.35610E-05
  1362.5      8.29620E-05
  1367.5      8.23930E-05
  1372.5      8.18060E-05
  1377.5      8.12490E-05
  1382.5      8.06860E-05
  1387.5      8.01290E-05
  1392.5      7.95710E-05
  1397.5      7.90300E-05
  1402.5      7.84830E-05
  1407.5      7.79560E-05
  1412.5      7.74250E-05
  1417.5      7.69020E-05
  1422.5      7.63830E-05
  1427.5      7.58690E-05
  1432.5      7.53610E-05
  1437.5      7.48580E-05
  1442.5      7.43600E-05
  1447.5      7.38660E-05
  1452.5      7.33780E-05
  1457.0      7.29420E-05
  1462.0      7.24510E-05
  1467.5      7.19330E-05
  1472.5      7.14660E-05
  1477.5      7.09420E-05
  1482.5      7.05480E-05
  1487.5      7.00950E-05
  1492.5      6.96460E-05
  1497.5      6.92020E-05
  1502.5      6.87590E-05
  1507.5      6.82340E-05
  1512.5      6.78910E-05
  1517.5      6.74610E-05
  1522.5      6.70360E-05
  1527.5      6.66090E-05
  1532.5      6.61840E-05
  1537.5      6.57760E-05
  1542.5      6.53330E-05
  1547.5      6.49530E-05
  1552.5      6.45340E-05
  1557.5      6.40670E-05
  1562.5      6.37960E-05
  1567.5      6.32700E-05
  1572.5      6.28120E-05
  1577.5      6.26630E-05
  1582.5      6.22430E-05
  1587.5      6.13910E-05
  1592.5      6.13690E-05
  1597.5      6.12240E-05
  1605.0      6.04930E-05
  1615.0      5.94260E-05
  1625.0      5.93620E-05
  1635.0      5.82620E-05
  1645.0      5.70790E-05
  1655.0      5.73620E-05
  1665.0      5.67170E-05
  1675.0      5.54960E-05
  1685.0      5.42420E-05
  1695.0      5.47610E-05
  1705.0      5.39300E-05
  1715.0      5.35530E-05
  1725.0      5.28880E-05
  1735.0      5.07550E-05
  1745.0      5.15440E-05
  1755.0      5.12060E-05
  1765.0      5.06440E-05
  1775.0      5.00910E-05
  1785.0      4.95440E-05
  1795.0      4.90110E-05
  1805.0      4.84480E-05
  1815.0      4.64690E-05
  1825.0      4.70880E-05
  1835.0      4.69520E-05
  1845.0      4.64580E-05
  1855.0      4.59580E-05
  1865.0      4.51300E-05
  1875.0      4.34870E-05
  1885.0      4.45090E-05
  1895.0      4.40990E-05
  1905.0      4.35210E-05
  1915.0      4.32020E-05
  1925.0      4.27690E-05
  1935.0      4.22350E-05
  1945.0      4.03430E-05
  1955.0      4.13530E-05
  1965.0      4.10870E-05
  1975.0      4.06830E-05
  1985.0      4.02830E-05
  1995.0      3.98900E-05
  2005.0      3.95030E-05
  2015.0      3.91210E-05
  2025.0      3.87440E-05
  2035.0      3.83730E-05
  2045.0      3.79990E-05
  2055.0      3.76010E-05
  2065.0      3.72910E-05
  2075.0      3.69400E-05
  2085.0      3.65950E-05
  2095.0      3.62540E-05
  2105.0      3.59170E-05
  2115.0      3.54960E-05
  2125.0      3.52600E-05
  2135.0      3.49370E-05
  2145.0      3.46130E-05
  2155.0      3.42330E-05
  2165.0      3.26860E-05
  2175.0      3.35450E-05
  2185.0      3.33750E-05
  2195.0      3.30930E-05
  2205.0      3.27990E-05
  2215.0      3.25100E-05
  2225.0      3.22220E-05
  2235.0      3.19430E-05
  2245.0      3.16650E-05
  2255.0      3.13900E-05
  2265.0      3.11190E-05
  2275.0      3.08520E-05
  2285.0      3.05860E-05
  2295.0      3.03260E-05
  2305.0      3.00650E-05
  2315.0      2.98160E-05
  2325.0      2.95660E-05
  2335.0      2.93180E-05
  2345.0      2.90740E-05
  2355.0      2.88330E-05
  2365.0      2.85950E-05
  2375.0      2.83600E-05
  2385.0      2.81270E-05
  2395.0      2.78980E-05
  2405.0      2.76710E-05
  2415.0      2.74460E-05
  2425.0      2.72240E-05
  2435.0      2.70050E-05
  2445.0      2.67880E-05
  2455.0      2.65860E-05
  2465.0      2.63610E-05
  2475.0      2.61270E-05
  2485.0      2.59750E-05
  2495.0      2.57300E-05
  2505.0      2.55690E-05
  2515.0      2.53700E-05
  2525.0      2.51170E-05
  2535.0      2.49690E-05
  2545.0      2.48100E-05
  2555.0      2.45770E-05
  2565.0      2.43190E-05
  2575.0      2.42110E-05
  2585.0      2.40610E-05
  2595.0      2.38740E-05
  2605.0      2.36070E-05
  2615.0      2.32640E-05
  2625.0      2.24330E-05
  2635.0      2.30440E-05
  2645.0      2.29960E-05
  2655.0      2.28120E-05
  2665.0      2.25930E-05
  2675.0      2.22360E-05
  2685.0      2.22520E-05
  2695.0      2.21650E-05
  2705.0      2.20050E-05
  2715.0      2.18450E-05
  2725.0      2.16880E-05
  2735.0      2.15310E-05
  2745.0      2.13420E-05
  2755.0      2.09040E-05
  2765.0      2.09100E-05
  2775.0      2.09160E-05
  2785.0      2.07760E-05
  2795.0      2.06300E-05
  2805.0      2.04850E-05
  2815.0      2.03420E-05
  2825.0      2.02010E-05
  2835.0      2.00600E-05
  2845.0      1.99210E-05
  2855.0      1.97730E-05
  2865.0      1.95090E-05
  2875.0      1.90890E-05
  2885.0      1.93260E-05
  2895.0      1.92480E-05
  2905.0      1.91180E-05
  2915.0      1.89890E-05
  2925.0      1.88610E-05
  2935.0      1.87350E-05
  2945.0      1.86090E-05
  2955.0      1.84850E-05
  2965.0      1.83620E-05
  2975.0      1.82410E-05
  2985.0      1.81200E-05
  2995.0      1.80010E-05
  3005.0      1.78830E-05
  3015.0      1.77660E-05
  3025.0      1.76200E-05
  3035.0      1.71590E-05
  3045.0      1.71830E-05
  3055.0      1.72930E-05
  3065.0      1.71980E-05
  3075.0      1.70880E-05
  3085.0      1.69790E-05
  3095.0      1.68710E-05
  3105.0      1.67640E-05
  3115.0      1.66570E-05
  3125.0      1.65520E-05
  3135.0      1.64480E-05
  3145.0      1.63450E-05
  3155.0      1.62430E-05
  3165.0      1.61420E-05
  3175.0      1.60410E-05
  3185.0      1.59420E-05
  3195.0      1.58430E-05
  3210.0      1.56970E-05
  3230.0      1.55060E-05
  3250.0      1.53180E-05
  3270.0      1.51330E-05
  3290.0      1.46600E-05
  3310.0      1.46960E-05
  3330.0      1.46070E-05
  3350.0      1.44410E-05
  3370.0      1.42720E-05
  3390.0      1.41060E-05
  3410.0      1.39430E-05
  3430.0      1.37820E-05
  3450.0      1.36240E-05
  3470.0      1.34690E-05
  3490.0      1.33170E-05
  3510.0      1.31670E-05
  3530.0      1.30200E-05
  3550.0      1.28750E-05
  3570.0      1.27320E-05
  3590.0      1.25920E-05
  3610.0      1.24540E-05
  3630.0      1.23180E-05
  3650.0      1.21850E-05
  3670.0      1.20540E-05
  3690.0      1.19240E-05
  3710.0      1.17860E-05
  3730.0      1.15400E-05
  3750.0      1.13680E-05
  3770.0      1.14240E-05
  3790.0      1.13090E-05
  3810.0      1.11840E-05
  3830.0      1.10690E-05
  3850.0      1.09620E-05
  3870.0      1.08500E-05
  3890.0      1.07390E-05
  3910.0      1.06040E-05
  3930.0      1.05240E-05
  3950.0      1.04180E-05
  3970.0      1.03140E-05
  3990.0      1.02120E-05
  4010.0      1.00870E-05
  4030.0      9.96320E-06
  4050.0      9.71190E-06
  4070.0      9.81060E-06
  4090.0      9.72220E-06
  4110.0      9.62850E-06
  4130.0      9.53130E-06
  4150.0      9.43900E-06
  4170.0      9.28760E-06
  4190.0      9.25800E-06
  4210.0      9.17930E-06
  4230.0      9.09330E-06
  4250.0      9.00610E-06
  4270.0      8.92490E-06
  4290.0      8.83400E-06
  4310.0      8.76100E-06
  4330.0      8.68070E-06
  4350.0      8.60070E-06
  4370.0      8.44220E-06
  4390.0      8.41560E-06
  4410.0      8.37030E-06
  4430.0      8.29540E-06
  4450.0      8.22140E-06
  4470.0      8.15280E-06
  4490.0      8.08070E-06
  4510.0      8.00960E-06
  4530.0      7.93940E-06
  4550.0      7.87010E-06
  4570.0      7.80170E-06
  4590.0      7.73420E-06
  4610.0      7.66600E-06
  4630.0      7.59390E-06
  4650.0      7.34350E-06
  4670.0      7.34820E-06
  4690.0      7.38060E-06
  4710.0      7.34680E-06
  4730.0      7.28520E-06
  4750.0      7.22420E-06
  4770.0      7.16410E-06
  4790.0      7.10460E-06
  4810.0      7.04590E-06
  4830.0      6.98790E-06
  4850.0      6.93070E-06
  4870.0      6.87410E-06
  4890.0      6.81820E-06
  4910.0      6.76300E-06
  4930.0      6.70850E-06
  4950.0      6.65460E-06
  4970.0      6.60130E-06
  4990.0      6.54870E-06
  5010.0      6.49670E-06
  5030.0      6.44530E-06
  5050.0      6.39460E-06
  5070.0      6.34440E-06
  5090.0      6.29470E-06
  5110.0      6.22880E-06
  5130.0      6.07920E-06
  5150.0      6.13810E-06
  5170.0      6.10200E-06
  5190.0      6.05530E-06
  5210.0      6.00910E-06
  5230.0      5.96330E-06
  5250.0      5.91810E-06
  5270.0      5.87340E-06
  5290.0      5.82920E-06
  5310.0      5.78550E-06
  5330.0      5.74230E-06
  5350.0      5.69950E-06
  5370.0      5.65720E-06
  5390.0      5.61540E-06
  5410.0      5.57410E-06
  5430.0      5.53320E-06
  5450.0      5.49280E-06
  5470.0      5.45280E-06
  5490.0      5.41320E-06
  5510.0      5.37400E-06
  5530.0      5.33430E-06
  5550.0      5.29700E-06
  5570.0      5.25910E-06
  5590.0      5.22160E-06
  5610.0      5.18450E-06
  5630.0      5.14780E-06
  5650.0      5.11150E-06
  5670.0      5.07560E-06
  5690.0      5.03990E-06
  5710.0      4.99550E-06
  5730.0      4.96990E-06
  5750.0      4.93550E-06
  5770.0      4.90140E-06
  5790.0      4.86760E-06
  5810.0      4.83420E-06
  5830.0      4.80110E-06
  5850.0      4.76990E-06
  5870.0      4.73740E-06
  5890.0      4.68880E-06
  5910.0      4.56270E-06
  5930.0      4.62750E-06
  5950.0      4.59070E-06
  5970.0      4.57030E-06
  5990.0      4.54960E-06
  6010.0      4.51950E-06
  6030.0      4.48950E-06
  6050.0      4.45990E-06
  6070.0      4.43060E-06
  6090.0      4.40150E-06
  6110.0      4.37280E-06
  6130.0      4.34430E-06
  6150.0      4.31610E-06
  6170.0      4.28820E-06
  6190.0      4.26050E-06
  6210.0      4.23310E-06
  6230.0      4.20590E-06
  6250.0      4.17900E-06
  6270.0      4.14730E-06
  6290.0      4.09360E-06
  6310.0      4.09140E-06
  6330.0      4.07400E-06
  6350.0      4.04840E-06
  6370.0      4.02300E-06
  6390.0      3.99790E-06
  6420.0      3.96060E-06
  6460.0      3.91160E-06
  6500.0      3.86360E-06
  6540.0      3.81650E-06
  6580.0      3.77010E-06
  6620.0      3.72470E-06
  6660.0      3.68000E-06
  6700.0      3.63610E-06
  6740.0      3.58910E-06
  6780.0      3.52340E-06
  6820.0      3.50910E-06
  6860.0      3.46820E-06
  6900.0      3.42810E-06
  6940.0      3.38860E-06
  6980.0      3.34980E-06
  7020.0      3.31170E-06
  7060.0      3.27420E-06
  7100.0      3.23730E-06
  7140.0      3.20100E-06
  7180.0      3.16540E-06
  7220.0      3.13030E-06
  7260.0      3.09580E-06
  7300.0      3.06190E-06
  7340.0      3.02860E-06
  7380.0      2.99570E-06
  7420.0      2.95940E-06
  7460.0      2.87730E-06
  7500.0      2.83250E-06
  7540.0      2.86300E-06
  7580.0      2.83930E-06
  7620.0      2.80950E-06
  7660.0      2.78020E-06
  7700.0      2.75130E-06
  7740.0      2.72280E-06
  7780.0      2.69460E-06
  7820.0      2.66730E-06
  7860.0      2.64010E-06
  7900.0      2.61340E-06
  7940.0      2.58700E-06
  7980.0      2.56110E-06
  8020.0      2.53550E-06
  8060.0      2.51030E-06
  8100.0      2.48550E-06
  8140.0      2.45840E-06
  8180.0      2.43600E-06
  8220.0      2.41320E-06
  8260.0      2.38980E-06
  8300.0      2.36670E-06
  8340.0      2.34400E-06
  8380.0      2.32160E-06
  8420.0      2.29950E-06
  8460.0      2.27770E-06
  8500.0      2.25620E-06
  8540.0      2.23500E-06
  8580.0      2.21410E-06
  8620.0      2.19350E-06
  8660.0      2.16570E-06
  8700.0      2.15240E-06
  8740.0      2.11580E-06
  8780.0      2.09650E-06
  8820.0      2.09470E-06
  8860.0      2.07580E-06
  8900.0      2.05710E-06
  8940.0      2.03860E-06
  8980.0      2.02040E-06
  9020.0      2.00240E-06
  9060.0      1.98470E-06
  9100.0      1.96720E-06
  9140.0      1.94990E-06
  9180.0      1.93290E-06
  9220.0      1.91600E-06
  9260.0      1.89940E-06
  9300.0      1.88300E-06
  9340.0      1.86680E-06
  9380.0      1.84010E-06
  9420.0      1.83160E-06
  9460.0      1.81950E-06
  9500.0      1.80410E-06
  9540.0      1.78890E-06
  9580.0      1.77400E-06
  9620.0      1.75910E-06
  9660.0      1.74450E-06
  9700.0      1.73010E-06
  9740.0      1.71580E-06
  9780.0      1.70170E-06
  9820.0      1.68780E-06
  9860.0      1.67400E-06
  9900.0      1.66040E-06
  9940.0      1.64700E-06
  9980.0      1.63380E-06
  10020.      1.62070E-06
  20000.      4.00570E-07
  40000.      9.76850E-08
  60000.      4.27120E-08
  80000.      2.37390E-08
 1.00000E+05  1.50510E-08
 1.20000E+05  1.03730E-08
 1.40000E+05  7.57260E-09
 1.60000E+05  5.76620E-09
