 Castelli and Kurucz 2004-2012 Atmosphere
 T     47000.     G    5.00000 [-1.0a] N(He)/Ntot=0.0784 VTURB=2.0  L/H=1.25 OD
 Wavelength  Eddington Hnu
   (nm)    (ergs/s/cm2/Hz/sr)
  9.0900      1.48350E-19
  9.3500      4.09480E-19
  9.6100      1.05880E-18
  9.7700      1.88230E-18
  9.9600      3.59900E-18
  10.200      7.88990E-18
  10.380      1.39000E-17
  10.560      2.40280E-17
  10.770      4.44910E-17
  11.040      9.50090E-17
  11.400      2.47500E-16
  11.780      6.40290E-16
  12.130      1.46440E-15
  12.480      3.20120E-15
  12.710      5.23780E-15
  12.840      6.88740E-15
  13.050      1.05440E-14
  13.240      1.53280E-14
  13.390      2.04800E-14
  13.660      3.38520E-14
  13.980      6.04860E-14
  14.330      1.10310E-13
  14.720      2.05340E-13
  15.100      3.79590E-13
  15.520      7.10230E-13
  15.880      1.18780E-12
  16.200      1.87160E-12
  16.600      3.18750E-12
  17.030      5.42110E-12
  17.340      7.86110E-12
  17.680      1.18080E-11
  18.020      1.73500E-11
  18.170      2.01730E-11
  18.610      3.27800E-11
  19.100      5.38310E-11
  19.390      7.21710E-11
  19.840      1.10480E-10
  20.180      1.50780E-10
  20.500      2.00920E-10
  21.050      3.21860E-10
  21.620      5.10560E-10
  21.980      6.81040E-10
  22.300      8.67130E-10
  22.680      1.13750E-09
  23.000      1.46080E-07
  23.400      9.49380E-07
  24.000      4.57090E-06
  24.650      2.70360E-05
  25.240      8.99100E-05
  25.680      1.00900E-04
  26.000      1.47110E-04
  26.400      2.86340E-04
  26.850      3.51550E-04
  27.350      4.18240E-04
  27.850      3.64720E-04
  28.400      5.46320E-04
  29.000      6.58140E-04
  29.600      5.66420E-04
  30.100      2.49050E-04
  30.800      3.73860E-04
  31.800      2.50170E-04
  32.800      3.13280E-04
  33.800      2.29640E-04
  34.800      2.40390E-04
  35.700      4.89370E-04
  36.600      7.44700E-04
  37.500      8.88400E-04
  38.500      8.76980E-04
  39.500      1.14020E-03
  40.500      1.40480E-03
  41.400      1.44310E-03
  42.200      1.41320E-03
  43.000      1.38640E-03
  44.100      1.57640E-03
  45.100      1.67020E-03
  46.000      1.57160E-03
  47.000      1.65840E-03
  48.000      1.78140E-03
  49.000      1.63510E-03
  50.000      1.91920E-03
  50.600      1.74920E-03
  51.200      2.14140E-03
  52.000      2.10010E-03
  53.000      2.08050E-03
  54.000      1.92530E-03
  55.000      1.77600E-03
  56.000      2.15980E-03
  57.000      2.31140E-03
  58.000      2.31420E-03
  59.000      2.37910E-03
  60.000      2.27090E-03
  61.000      2.13410E-03
  62.000      2.43430E-03
  63.000      2.37470E-03
  64.000      2.53660E-03
  65.000      2.47230E-03
  65.800      2.34780E-03
  66.500      2.55570E-03
  67.500      2.62200E-03
  68.500      2.50490E-03
  69.500      2.66360E-03
  70.500      2.49920E-03
  71.600      2.70860E-03
  72.600      2.76240E-03
  73.500      2.78090E-03
  74.500      2.75010E-03
  75.500      2.73070E-03
  76.500      2.67790E-03
  77.500      2.77630E-03
  78.500      2.68410E-03
  79.500      2.78390E-03
  80.500      2.81790E-03
  81.500      2.84740E-03
  82.500      2.87730E-03
  83.500      2.72660E-03
  84.500      2.88290E-03
  85.500      2.83780E-03
  86.500      2.91610E-03
  87.500      2.94060E-03
  88.500      2.92300E-03
  89.500      2.93690E-03
  90.500      2.90740E-03
  91.500      2.23920E-03
  92.500      3.53040E-03
  93.500      4.48200E-03
  94.500      5.42580E-03
  95.500      6.11220E-03
  96.500      6.90850E-03
  97.500      5.43810E-03
  98.500      6.68620E-03
  99.500      6.21000E-03
  100.50      6.56380E-03
  101.50      6.59740E-03
  102.50      5.47730E-03
  103.50      6.64400E-03
  104.50      6.75430E-03
  105.50      6.71910E-03
  106.50      6.43660E-03
  107.50      6.56540E-03
  108.50      6.13790E-03
  109.50      6.50690E-03
  110.50      6.39550E-03
  111.50      6.34590E-03
  112.50      6.18770E-03
  113.50      6.30460E-03
  114.50      6.27020E-03
  115.50      6.13190E-03
  116.50      6.00170E-03
  117.50      5.67730E-03
  118.50      5.93670E-03
  119.50      5.84410E-03
  120.50      5.80270E-03
  121.50      4.76120E-03
  122.50      5.71110E-03
  123.50      5.61880E-03
  124.50      5.56180E-03
  125.50      5.64220E-03
  126.50      5.60210E-03
  127.50      5.57120E-03
  128.50      5.53560E-03
  129.50      5.49090E-03
  130.50      5.41230E-03
  131.50      5.38630E-03
  132.50      5.32310E-03
  133.50      5.30390E-03
  134.50      5.26000E-03
  135.50      5.17040E-03
  136.50      5.06410E-03
  137.50      4.95830E-03
  138.50      5.00110E-03
  139.50      4.90150E-03
  140.50      4.78060E-03
  141.50      4.93850E-03
  142.50      4.84060E-03
  143.50      4.86870E-03
  144.20      4.77450E-03
  144.70      4.76850E-03
  145.50      4.71720E-03
  146.50      4.69620E-03
  147.50      4.68180E-03
  148.50      4.69850E-03
  149.50      4.64410E-03
  150.50      4.62550E-03
  151.20      4.61840E-03
  151.70      4.56320E-03
  152.50      4.55560E-03
  153.50      4.44330E-03
  154.50      4.19460E-03
  155.50      4.20370E-03
  156.50      4.31950E-03
  157.50      4.33070E-03
  158.50      4.27670E-03
  159.50      4.26080E-03
  160.50      4.18300E-03
  161.50      4.14510E-03
  162.50      4.10260E-03
  163.50      4.03810E-03
  164.50      3.87530E-03
  165.50      4.08050E-03
  166.50      4.05530E-03
  167.20      3.98350E-03
  167.70      4.04560E-03
  168.50      4.02250E-03
  169.50      3.99930E-03
  170.50      3.95450E-03
  171.50      3.86220E-03
  172.50      3.85210E-03
  173.50      3.88760E-03
  174.50      3.85170E-03
  175.50      3.81730E-03
  176.50      3.79230E-03
  177.50      3.77120E-03
  178.50      3.75390E-03
  179.50      3.71580E-03
  180.50      3.69140E-03
  181.50      3.66590E-03
  182.50      3.63780E-03
  183.50      3.61520E-03
  184.50      3.58950E-03
  185.50      3.55950E-03
  186.50      3.53610E-03
  187.50      3.50560E-03
  188.50      3.47930E-03
  189.50      3.46720E-03
  190.50      3.44270E-03
  191.50      3.41560E-03
  192.50      3.36190E-03
  193.50      3.37070E-03
  194.50      3.34870E-03
  195.50      3.31940E-03
  196.70      3.29530E-03
  197.60      3.27060E-03
  198.40      3.25750E-03
  199.50      3.23070E-03
  200.50      3.21120E-03
  201.50      3.18900E-03
  202.50      3.16720E-03
  203.50      3.14410E-03
  204.50      3.11560E-03
  205.50      2.38930E-03
  206.50      2.30530E-03
  207.40      2.34300E-03
  207.80      2.39000E-03
  208.50      2.51960E-03
  209.50      2.79850E-03
  210.50      2.97020E-03
  211.50      2.98360E-03
  212.50      2.95810E-03
  213.50      2.93940E-03
  214.50      2.92410E-03
  215.50      2.94830E-03
  216.50      2.83330E-03
  217.50      2.93500E-03
  218.50      2.81120E-03
  219.50      2.90010E-03
  220.50      2.88620E-03
  221.50      2.74900E-03
  222.50      2.84970E-03
  223.50      2.83520E-03
  224.50      2.81140E-03
  225.50      2.68440E-03
  226.50      2.77770E-03
  227.50      2.76340E-03
  228.50      2.73730E-03
  229.50      2.70450E-03
  230.50      2.60260E-03
  231.50      2.68090E-03
  232.50      2.67400E-03
  233.50      2.65790E-03
  234.50      2.63940E-03
  235.50      2.62180E-03
  236.50      2.60500E-03
  237.50      2.58460E-03
  238.50      2.46400E-03
  239.50      2.54010E-03
  240.50      2.53420E-03
  241.50      2.51510E-03
  242.50      2.50930E-03
  243.50      2.49090E-03
  244.50      2.47640E-03
  245.50      2.45240E-03
  246.50      2.44570E-03
  247.50      2.43300E-03
  248.50      2.41620E-03
  249.50      2.31900E-03
  250.50      2.37260E-03
  251.30      2.19770E-03
  251.80      2.33750E-03
  252.50      2.34740E-03
  253.50      2.34420E-03
  254.50      2.33040E-03
  255.50      2.31580E-03
  256.50      2.30280E-03
  257.50      2.28880E-03
  258.50      2.27500E-03
  259.50      2.24780E-03
  260.50      2.24860E-03
  261.50      2.22840E-03
  262.50      2.22260E-03
  263.50      2.20990E-03
  264.50      2.19510E-03
  265.50      2.18420E-03
  266.50      2.17040E-03
  267.50      2.14990E-03
  268.50      2.14350E-03
  269.50      2.13110E-03
  270.50      2.12190E-03
  271.50      2.10920E-03
  272.50      2.09480E-03
  273.50      2.01350E-03
  274.50      2.07350E-03
  275.50      2.06110E-03
  276.50      2.04930E-03
  277.50      2.03730E-03
  278.50      2.02340E-03
  279.50      2.01050E-03
  280.50      2.00280E-03
  281.50      1.99210E-03
  282.50      1.97880E-03
  283.50      1.96980E-03
  284.50      1.96010E-03
  285.50      1.94920E-03
  286.50      1.93820E-03
  287.50      1.92750E-03
  288.50      1.91720E-03
  289.50      1.90590E-03
  291.00      1.89040E-03
  293.00      1.87050E-03
  295.00      1.84980E-03
  297.00      1.82890E-03
  299.00      1.80610E-03
  301.00      1.78860E-03
  303.00      1.76550E-03
  305.00      1.74920E-03
  307.00      1.73020E-03
  309.00      1.71600E-03
  311.00      1.69810E-03
  313.00      1.67950E-03
  315.00      1.66460E-03
  317.00      1.64680E-03
  319.00      1.62950E-03
  321.00      1.58570E-03
  323.00      1.59900E-03
  325.00      1.58330E-03
  327.00      1.56040E-03
  329.00      1.55070E-03
  331.00      1.53520E-03
  333.00      1.52030E-03
  335.00      1.50240E-03
  337.00      1.49100E-03
  339.00      1.47570E-03
  341.00      1.46080E-03
  343.00      1.44920E-03
  345.00      1.43260E-03
  347.00      1.42190E-03
  349.00      1.40870E-03
  351.00      1.39590E-03
  353.00      1.38200E-03
  355.00      1.36910E-03
  357.00      1.35700E-03
  359.00      1.34400E-03
  361.00      1.33190E-03
  363.00      1.31880E-03
  364.00      1.28700E-03
  365.00      1.17400E-03
  367.00      1.16500E-03
  369.00      1.15730E-03
  371.00      1.15430E-03
  373.00      1.16100E-03
  375.00      1.17340E-03
  377.00      1.18540E-03
  379.00      1.20590E-03
  381.00      1.22560E-03
  383.00      1.17580E-03
  385.00      1.22130E-03
  387.00      1.22700E-03
  389.00      1.13050E-03
  391.00      1.21140E-03
  393.00      1.19730E-03
  395.00      1.19230E-03
  397.00      1.08770E-03
  399.00      1.17130E-03
  401.00      1.16770E-03
  403.00      1.13700E-03
  405.00      1.15220E-03
  407.00      1.14000E-03
  409.00      1.09920E-03
  411.00      1.04250E-03
  413.00      1.10980E-03
  415.00      1.10370E-03
  417.00      1.09580E-03
  419.00      1.07970E-03
  421.00      1.05950E-03
  423.00      1.06910E-03
  425.00      1.06020E-03
  427.00      1.05160E-03
  429.00      1.04300E-03
  431.00      1.03220E-03
  433.00      9.90250E-04
  435.00      9.54640E-04
  437.00      1.00680E-03
  439.00      9.99270E-04
  441.00      9.93210E-04
  443.00      9.85680E-04
  445.00      9.77800E-04
  447.00      9.64080E-04
  449.00      9.62640E-04
  451.00      9.54980E-04
  453.00      9.45190E-04
  455.00      9.21170E-04
  457.00      9.33300E-04
  459.00      9.26210E-04
  461.00      9.19000E-04
  463.00      9.10550E-04
  465.00      9.00620E-04
  467.00      8.96850E-04
  469.00      8.59810E-04
  471.00      8.83620E-04
  473.00      8.78520E-04
  475.00      8.71970E-04
  477.00      8.65480E-04
  479.00      8.59010E-04
  481.00      8.52680E-04
  483.00      8.44750E-04
  485.00      8.17920E-04
  487.00      7.78470E-04
  489.00      8.25150E-04
  491.00      8.21940E-04
  493.00      8.13730E-04
  495.00      8.10270E-04
  497.00      8.04520E-04
  499.00      7.98820E-04
  501.00      7.91870E-04
  503.00      7.87420E-04
  505.00      7.81670E-04
  507.00      7.76440E-04
  509.00      7.71020E-04
  511.00      7.65640E-04
  513.00      7.60290E-04
  515.00      7.55020E-04
  517.00      7.49810E-04
  519.00      7.44650E-04
  521.00      7.39530E-04
  523.00      7.34480E-04
  525.00      7.29400E-04
  527.00      7.24230E-04
  529.00      7.19610E-04
  531.00      7.14750E-04
  533.00      7.09930E-04
  535.00      7.05190E-04
  537.00      7.00470E-04
  539.00      6.95800E-04
  541.00      6.76170E-04
  543.00      6.86280E-04
  545.00      6.82090E-04
  547.00      6.77600E-04
  549.00      6.73170E-04
  551.00      6.68610E-04
  553.00      6.64420E-04
  555.00      6.60110E-04
  557.00      6.55800E-04
  559.00      6.50860E-04
  561.00      6.47430E-04
  563.00      6.43280E-04
  565.00      6.39170E-04
  567.00      6.35100E-04
  569.00      6.23070E-04
  571.00      5.85860E-04
  573.00      5.82440E-04
  575.00      5.79050E-04
  577.00      5.75760E-04
  579.00      5.72630E-04
  581.00      5.69070E-04
  583.00      5.67500E-04
  585.00      5.65780E-04
  587.00      5.61900E-04
  589.00      5.63540E-04
  591.00      5.63090E-04
  593.00      5.62970E-04
  595.00      5.63300E-04
  597.00      5.63870E-04
  599.00      5.65210E-04
  601.00      5.64810E-04
  603.00      5.64580E-04
  605.00      5.63980E-04
  607.00      5.60600E-04
  609.00      5.57830E-04
  611.00      5.54870E-04
  613.00      5.51830E-04
  615.00      5.49380E-04
  617.00      5.44340E-04
  619.00      5.42640E-04
  621.00      5.39770E-04
  623.00      5.34570E-04
  625.00      5.32810E-04
  627.00      5.30370E-04
  629.00      5.27250E-04
  631.00      5.21340E-04
  633.00      5.20740E-04
  635.00      5.18220E-04
  637.00      5.15250E-04
  639.00      5.11810E-04
  641.00      5.05590E-04
  643.00      5.06380E-04
  645.00      5.03600E-04
  647.00      5.00730E-04
  649.00      4.97930E-04
  651.00      4.94430E-04
  653.00      4.86740E-04
  655.00      4.81760E-04
  657.00      4.54180E-04
  659.00      4.82490E-04
  661.00      4.81470E-04
  663.00      4.78810E-04
  665.00      4.76180E-04
  667.00      4.71460E-04
  669.00      4.64280E-04
  671.00      4.68140E-04
  673.00      4.65820E-04
  675.00      4.63270E-04
  677.00      4.60770E-04
  679.00      4.58290E-04
  681.00      4.55810E-04
  683.00      4.53360E-04
  685.00      4.50920E-04
  687.00      4.48470E-04
  689.00      4.39370E-04
  691.00      4.43230E-04
  693.00      4.41380E-04
  695.00      4.39040E-04
  697.00      4.36720E-04
  699.00      4.34410E-04
  701.00      4.32100E-04
  703.00      4.29810E-04
  705.00      4.27560E-04
  707.00      4.24200E-04
  709.00      4.23170E-04
  711.00      4.20970E-04
  713.00      4.18790E-04
  715.00      4.16630E-04
  717.00      4.09850E-04
  719.00      4.09380E-04
  721.00      4.10240E-04
  723.00      4.08150E-04
  725.00      4.06070E-04
  727.00      4.04000E-04
  729.00      4.01620E-04
  731.00      3.99860E-04
  733.00      3.97900E-04
  735.00      3.95900E-04
  737.00      3.93880E-04
  739.00      3.91930E-04
  741.00      3.89950E-04
  743.00      3.88030E-04
  745.00      3.86020E-04
  747.00      3.84190E-04
  749.00      3.82230E-04
  751.00      3.80370E-04
  753.00      3.78530E-04
  755.00      3.76670E-04
  757.00      3.74810E-04
  759.00      3.66210E-04
  761.00      3.70510E-04
  763.00      3.69360E-04
  765.00      3.67570E-04
  767.00      3.65790E-04
  769.00      3.63940E-04
  771.00      3.62250E-04
  773.00      3.60400E-04
  775.00      3.58810E-04
  777.00      3.57090E-04
  779.00      3.55390E-04
  781.00      3.53690E-04
  783.00      3.52010E-04
  785.00      3.50290E-04
  787.00      3.48670E-04
  789.00      3.47040E-04
  791.00      3.45430E-04
  793.00      3.43810E-04
  795.00      3.42200E-04
  797.00      3.40530E-04
  799.00      3.39010E-04
  801.00      3.37430E-04
  803.00      3.35860E-04
  805.00      3.34320E-04
  807.00      3.32770E-04
  809.00      3.31240E-04
  811.00      3.29720E-04
  813.00      3.28200E-04
  815.00      3.26700E-04
  817.00      3.25140E-04
  819.00      3.22330E-04
  821.00      3.09060E-04
  823.00      3.05700E-04
  825.00      3.05880E-04
  827.00      3.05070E-04
  829.00      3.03800E-04
  831.00      3.02510E-04
  833.00      3.01160E-04
  835.00      2.99920E-04
  837.00      2.98690E-04
  839.00      2.97480E-04
  841.00      2.96330E-04
  843.00      2.95180E-04
  845.00      2.94010E-04
  847.00      2.93010E-04
  849.00      2.92080E-04
  851.00      2.91090E-04
  853.00      2.90220E-04
  855.00      2.89170E-04
  857.00      2.88530E-04
  859.00      2.87390E-04
  861.00      2.86630E-04
  863.00      2.86330E-04
  865.00      2.85250E-04
  867.00      2.83540E-04
  869.00      2.84160E-04
  871.00      2.83800E-04
  873.00      2.82640E-04
  875.00      2.79320E-04
  877.00      2.80800E-04
  879.00      2.81480E-04
  881.00      2.81160E-04
  883.00      2.80330E-04
  885.00      2.76500E-04
  887.00      2.72170E-04
  889.00      2.76640E-04
  891.00      2.77080E-04
  893.00      2.76430E-04
  895.00      2.75610E-04
  897.00      2.74210E-04
  899.00      2.71430E-04
  901.00      2.62970E-04
  903.00      2.65120E-04
  905.00      2.68890E-04
  907.00      2.68630E-04
  909.00      2.68020E-04
  911.00      2.66660E-04
  913.00      2.66140E-04
  915.00      2.65150E-04
  917.00      2.63670E-04
  919.00      2.61830E-04
  921.00      2.57840E-04
  923.00      2.47350E-04
  925.00      2.55070E-04
  927.00      2.57430E-04
  929.00      2.57290E-04
  931.00      2.56490E-04
  933.00      2.54960E-04
  935.00      2.48280E-04
  937.00      2.52350E-04
  939.00      2.52320E-04
  941.00      2.51450E-04
  943.00      2.50460E-04
  945.00      2.49460E-04
  947.00      2.48350E-04
  949.00      2.47180E-04
  951.00      2.45070E-04
  953.00      2.40520E-04
  955.00      2.30010E-04
  957.00      2.39860E-04
  959.00      2.41620E-04
  961.00      2.41450E-04
  963.00      2.40600E-04
  965.00      2.39760E-04
  967.00      2.38820E-04
  969.00      2.37890E-04
  971.00      2.36810E-04
  973.00      2.36020E-04
  975.00      2.34700E-04
  977.00      2.32850E-04
  979.00      2.33300E-04
  981.00      2.32400E-04
  983.00      2.31490E-04
  985.00      2.30620E-04
  987.00      2.29730E-04
  989.00      2.28850E-04
  991.00      2.27970E-04
  993.00      2.27100E-04
  995.00      2.26240E-04
  997.00      2.25370E-04
  999.00      2.24380E-04
  1002.5      2.18940E-04
  1007.5      2.15220E-04
  1012.5      2.15070E-04
  1017.5      2.16820E-04
  1022.5      2.14820E-04
  1027.5      2.12820E-04
  1032.5      2.10760E-04
  1037.5      2.08950E-04
  1042.5      2.05940E-04
  1047.5      2.05170E-04
  1052.5      2.03320E-04
  1057.5      2.01490E-04
  1062.5      1.99690E-04
  1067.5      1.97900E-04
  1072.5      1.96160E-04
  1077.5      1.94430E-04
  1082.5      1.92350E-04
  1087.5      1.90770E-04
  1092.5      1.82490E-04
  1097.5      1.85740E-04
  1102.5      1.86030E-04
  1107.5      1.84500E-04
  1112.5      1.82920E-04
  1117.5      1.81470E-04
  1122.5      1.79920E-04
  1127.5      1.78400E-04
  1132.5      1.76900E-04
  1137.5      1.75420E-04
  1142.5      1.73950E-04
  1147.5      1.72510E-04
  1152.5      1.71080E-04
  1157.5      1.69660E-04
  1162.5      1.66270E-04
  1167.5      1.65450E-04
  1172.5      1.65530E-04
  1177.5      1.64190E-04
  1182.5      1.62860E-04
  1187.5      1.61550E-04
  1192.5      1.60250E-04
  1197.5      1.58830E-04
  1202.5      1.57700E-04
  1207.5      1.56450E-04
  1212.5      1.55210E-04
  1217.5      1.54000E-04
  1222.5      1.52790E-04
  1227.5      1.51600E-04
  1232.5      1.50420E-04
  1237.5      1.49250E-04
  1242.5      1.48100E-04
  1247.5      1.46960E-04
  1252.5      1.45820E-04
  1257.5      1.44720E-04
  1262.5      1.43620E-04
  1267.5      1.42530E-04
  1272.5      1.41450E-04
  1277.5      1.39560E-04
  1282.5      1.33660E-04
  1287.5      1.37910E-04
  1292.5      1.37270E-04
  1297.5      1.36220E-04
  1302.5      1.35250E-04
  1307.5      1.34260E-04
  1312.5      1.33270E-04
  1317.5      1.32300E-04
  1322.5      1.31340E-04
  1327.5      1.30390E-04
  1332.5      1.29440E-04
  1337.5      1.28510E-04
  1342.5      1.27590E-04
  1347.5      1.26680E-04
  1352.5      1.25780E-04
  1357.5      1.24890E-04
  1362.5      1.24000E-04
  1367.5      1.23130E-04
  1372.5      1.22260E-04
  1377.5      1.21410E-04
  1382.5      1.20560E-04
  1387.5      1.19730E-04
  1392.5      1.18900E-04
  1397.5      1.18080E-04
  1402.5      1.17260E-04
  1407.5      1.16460E-04
  1412.5      1.15660E-04
  1417.5      1.14880E-04
  1422.5      1.14100E-04
  1427.5      1.13330E-04
  1432.5      1.12560E-04
  1437.5      1.11810E-04
  1442.5      1.11060E-04
  1447.5      1.10320E-04
  1452.5      1.09580E-04
  1457.0      1.08930E-04
  1462.0      1.08240E-04
  1467.5      1.07450E-04
  1472.5      1.06670E-04
  1477.5      1.04930E-04
  1482.5      1.05340E-04
  1487.5      1.04680E-04
  1492.5      1.04000E-04
  1497.5      1.03330E-04
  1502.5      1.02670E-04
  1507.5      1.02000E-04
  1512.5      1.01360E-04
  1517.5      1.00790E-04
  1522.5      1.00230E-04
  1527.5      9.95170E-05
  1532.5      9.88860E-05
  1537.5      9.83040E-05
  1542.5      9.76210E-05
  1547.5      9.70720E-05
  1552.5      9.64430E-05
  1557.5      9.57490E-05
  1562.5      9.53460E-05
  1567.5      9.45600E-05
  1572.5      9.39380E-05
  1577.5      9.35920E-05
  1582.5      9.29410E-05
  1587.5      9.21220E-05
  1592.5      9.17040E-05
  1597.5      9.13280E-05
  1605.0      9.03460E-05
  1615.0      8.91090E-05
  1625.0      8.83460E-05
  1635.0      8.70780E-05
  1645.0      8.57990E-05
  1655.0      8.52560E-05
  1665.0      8.42620E-05
  1675.0      8.29670E-05
  1685.0      8.16650E-05
  1695.0      8.13810E-05
  1705.0      8.03890E-05
  1715.0      7.95430E-05
  1725.0      7.86150E-05
  1735.0      7.67140E-05
  1745.0      7.67510E-05
  1755.0      7.60460E-05
  1765.0      7.52080E-05
  1775.0      7.43830E-05
  1785.0      7.35720E-05
  1795.0      7.27740E-05
  1805.0      7.19860E-05
  1815.0      7.00760E-05
  1825.0      7.01920E-05
  1835.0      6.97060E-05
  1845.0      6.89700E-05
  1855.0      6.82570E-05
  1865.0      6.66880E-05
  1875.0      6.51690E-05
  1885.0      6.61220E-05
  1895.0      6.54690E-05
  1905.0      6.47730E-05
  1915.0      6.41370E-05
  1925.0      6.34860E-05
  1935.0      6.27730E-05
  1945.0      6.08810E-05
  1955.0      6.15150E-05
  1965.0      6.09800E-05
  1975.0      6.03770E-05
  1985.0      5.97830E-05
  1995.0      5.91970E-05
  2005.0      5.86200E-05
  2015.0      5.80510E-05
  2025.0      5.74900E-05
  2035.0      5.69370E-05
  2045.0      5.63920E-05
  2055.0      5.58470E-05
  2065.0      5.53260E-05
  2075.0      5.48020E-05
  2085.0      5.42890E-05
  2095.0      5.37820E-05
  2105.0      5.32820E-05
  2115.0      5.27720E-05
  2125.0      5.23020E-05
  2135.0      5.18220E-05
  2145.0      5.13470E-05
  2155.0      5.08410E-05
  2165.0      4.91730E-05
  2175.0      4.98530E-05
  2185.0      4.95170E-05
  2195.0      4.90750E-05
  2205.0      4.86390E-05
  2215.0      4.82080E-05
  2225.0      4.77830E-05
  2235.0      4.73630E-05
  2245.0      4.69490E-05
  2255.0      4.65400E-05
  2265.0      4.61370E-05
  2275.0      4.57380E-05
  2285.0      4.53840E-05
  2295.0      4.49950E-05
  2305.0      4.46110E-05
  2315.0      4.42330E-05
  2325.0      4.38590E-05
  2335.0      4.34900E-05
  2345.0      4.31260E-05
  2355.0      4.27660E-05
  2365.0      4.24100E-05
  2375.0      4.20590E-05
  2385.0      4.17120E-05
  2395.0      4.13700E-05
  2405.0      4.10310E-05
  2415.0      4.06970E-05
  2425.0      4.03660E-05
  2435.0      4.00400E-05
  2445.0      3.97180E-05
  2455.0      3.94000E-05
  2465.0      3.90850E-05
  2475.0      3.87650E-05
  2485.0      3.84670E-05
  2495.0      3.81630E-05
  2505.0      3.78630E-05
  2515.0      3.75660E-05
  2525.0      3.72730E-05
  2535.0      3.69840E-05
  2545.0      3.66970E-05
  2555.0      3.64140E-05
  2565.0      3.61310E-05
  2575.0      3.58580E-05
  2585.0      3.55840E-05
  2595.0      3.53140E-05
  2605.0      3.50250E-05
  2615.0      3.46390E-05
  2625.0      3.35180E-05
  2635.0      3.41710E-05
  2645.0      3.40070E-05
  2655.0      3.37520E-05
  2665.0      3.34910E-05
  2675.0      3.31300E-05
  2685.0      3.30000E-05
  2695.0      3.27710E-05
  2705.0      3.25320E-05
  2715.0      3.22960E-05
  2725.0      3.20620E-05
  2735.0      3.18300E-05
  2745.0      3.16010E-05
  2755.0      3.11930E-05
  2765.0      3.10620E-05
  2775.0      3.09290E-05
  2785.0      3.07090E-05
  2795.0      3.04930E-05
  2805.0      3.02780E-05
  2815.0      3.00650E-05
  2825.0      2.98550E-05
  2835.0      2.96470E-05
  2845.0      2.94400E-05
  2855.0      2.92360E-05
  2865.0      2.89450E-05
  2875.0      2.85530E-05
  2885.0      2.86100E-05
  2895.0      2.84410E-05
  2905.0      2.82480E-05
  2915.0      2.80560E-05
  2925.0      2.78670E-05
  2935.0      2.76790E-05
  2945.0      2.74930E-05
  2955.0      2.73080E-05
  2965.0      2.71260E-05
  2975.0      2.69460E-05
  2985.0      2.67670E-05
  2995.0      2.65900E-05
  3005.0      2.64150E-05
  3015.0      2.62410E-05
  3025.0      2.60530E-05
  3035.0      2.56020E-05
  3045.0      2.55440E-05
  3055.0      2.55630E-05
  3065.0      2.53980E-05
  3075.0      2.52350E-05
  3085.0      2.50730E-05
  3095.0      2.49120E-05
  3105.0      2.47530E-05
  3115.0      2.45960E-05
  3125.0      2.44400E-05
  3135.0      2.42850E-05
  3145.0      2.41320E-05
  3155.0      2.39800E-05
  3165.0      2.38300E-05
  3175.0      2.36810E-05
  3185.0      2.35340E-05
  3195.0      2.33880E-05
  3210.0      2.31710E-05
  3230.0      2.28870E-05
  3250.0      2.26080E-05
  3270.0      2.23340E-05
  3290.0      2.17900E-05
  3310.0      2.17440E-05
  3330.0      2.15500E-05
  3350.0      2.12950E-05
  3370.0      2.10440E-05
  3390.0      2.07980E-05
  3410.0      2.05560E-05
  3430.0      2.03180E-05
  3450.0      2.00850E-05
  3470.0      1.98550E-05
  3490.0      1.96290E-05
  3510.0      1.94070E-05
  3530.0      1.91890E-05
  3550.0      1.89740E-05
  3570.0      1.87630E-05
  3590.0      1.85550E-05
  3610.0      1.83510E-05
  3630.0      1.81500E-05
  3650.0      1.79520E-05
  3670.0      1.77580E-05
  3690.0      1.75660E-05
  3710.0      1.73750E-05
  3730.0      1.70640E-05
  3750.0      1.68160E-05
  3770.0      1.68310E-05
  3790.0      1.66540E-05
  3810.0      1.64800E-05
  3830.0      1.63090E-05
  3850.0      1.61400E-05
  3870.0      1.59740E-05
  3890.0      1.58110E-05
  3910.0      1.56490E-05
  3930.0      1.54910E-05
  3950.0      1.53350E-05
  3970.0      1.51810E-05
  3990.0      1.50290E-05
  4010.0      1.48740E-05
  4030.0      1.47140E-05
  4050.0      1.43250E-05
  4070.0      1.44420E-05
  4090.0      1.43040E-05
  4110.0      1.41650E-05
  4130.0      1.40270E-05
  4150.0      1.38930E-05
  4170.0      1.37200E-05
  4190.0      1.36290E-05
  4210.0      1.35000E-05
  4230.0      1.33730E-05
  4250.0      1.32470E-05
  4270.0      1.31240E-05
  4290.0      1.30000E-05
  4310.0      1.28810E-05
  4330.0      1.27620E-05
  4350.0      1.26450E-05
  4370.0      1.24720E-05
  4390.0      1.23960E-05
  4410.0      1.23030E-05
  4430.0      1.21920E-05
  4450.0      1.20820E-05
  4470.0      1.19770E-05
  4490.0      1.18710E-05
  4510.0      1.17660E-05
  4530.0      1.16620E-05
  4550.0      1.15590E-05
  4570.0      1.14580E-05
  4590.0      1.13580E-05
  4610.0      1.12590E-05
  4630.0      1.11580E-05
  4650.0      1.08170E-05
  4670.0      1.08590E-05
  4690.0      1.08580E-05
  4710.0      1.07850E-05
  4730.0      1.06940E-05
  4750.0      1.06040E-05
  4770.0      1.05150E-05
  4790.0      1.04270E-05
  4810.0      1.03400E-05
  4830.0      1.02550E-05
  4850.0      1.01700E-05
  4870.0      1.00860E-05
  4890.0      1.00040E-05
  4910.0      9.92210E-06
  4930.0      9.84150E-06
  4950.0      9.76190E-06
  4970.0      9.68310E-06
  4990.0      9.60540E-06
  5010.0      9.52860E-06
  5030.0      9.45260E-06
  5050.0      9.37760E-06
  5070.0      9.30350E-06
  5090.0      9.23010E-06
  5110.0      9.14360E-06
  5130.0      8.97080E-06
  5150.0      9.00660E-06
  5170.0      8.94550E-06
  5190.0      8.87640E-06
  5210.0      8.80810E-06
  5230.0      8.74060E-06
  5250.0      8.67380E-06
  5270.0      8.60780E-06
  5290.0      8.54250E-06
  5310.0      8.47800E-06
  5330.0      8.41420E-06
  5350.0      8.35100E-06
  5370.0      8.28860E-06
  5390.0      8.22690E-06
  5410.0      8.16590E-06
  5430.0      8.10550E-06
  5450.0      8.04580E-06
  5470.0      7.98680E-06
  5490.0      7.92840E-06
  5510.0      7.87060E-06
  5530.0      7.81340E-06
  5550.0      7.75690E-06
  5570.0      7.70100E-06
  5590.0      7.64570E-06
  5610.0      7.59090E-06
  5630.0      7.53680E-06
  5650.0      7.48320E-06
  5670.0      7.43010E-06
  5690.0      7.37760E-06
  5710.0      7.32560E-06
  5730.0      7.27430E-06
  5750.0      7.22350E-06
  5770.0      7.17320E-06
  5790.0      7.12340E-06
  5810.0      7.07410E-06
  5830.0      7.02530E-06
  5850.0      6.97820E-06
  5870.0      6.93030E-06
  5890.0      6.86530E-06
  5910.0      6.70550E-06
  5930.0      6.77830E-06
  5950.0      6.73300E-06
  5970.0      6.69460E-06
  5990.0      6.65360E-06
  6010.0      6.60910E-06
  6030.0      6.56500E-06
  6050.0      6.52130E-06
  6070.0      6.47810E-06
  6090.0      6.43530E-06
  6110.0      6.39290E-06
  6130.0      6.35100E-06
  6150.0      6.30940E-06
  6170.0      6.26820E-06
  6190.0      6.22750E-06
  6210.0      6.18710E-06
  6230.0      6.14710E-06
  6250.0      6.10750E-06
  6270.0      6.06810E-06
  6290.0      6.00590E-06
  6310.0      5.98710E-06
  6330.0      5.95290E-06
  6350.0      5.91510E-06
  6370.0      5.87780E-06
  6390.0      5.84070E-06
  6420.0      5.78580E-06
  6460.0      5.71380E-06
  6500.0      5.64310E-06
  6540.0      5.57370E-06
  6580.0      5.50550E-06
  6620.0      5.43860E-06
  6660.0      5.37290E-06
  6700.0      5.30830E-06
  6740.0      5.24170E-06
  6780.0      5.15960E-06
  6820.0      5.12140E-06
  6860.0      5.06140E-06
  6900.0      5.00230E-06
  6940.0      4.94420E-06
  6980.0      4.88720E-06
  7020.0      4.83110E-06
  7060.0      4.77600E-06
  7100.0      4.72180E-06
  7140.0      4.66850E-06
  7180.0      4.61610E-06
  7220.0      4.56450E-06
  7260.0      4.51380E-06
  7300.0      4.46400E-06
  7340.0      4.41490E-06
  7380.0      4.36670E-06
  7420.0      4.31720E-06
  7460.0      4.18720E-06
  7500.0      4.13650E-06
  7540.0      4.17380E-06
  7580.0      4.13690E-06
  7620.0      4.09310E-06
  7660.0      4.05000E-06
  7700.0      4.00750E-06
  7740.0      3.96570E-06
  7780.0      3.92460E-06
  7820.0      3.88410E-06
  7860.0      3.84420E-06
  7900.0      3.80490E-06
  7940.0      3.76630E-06
  7980.0      3.72820E-06
  8020.0      3.69060E-06
  8060.0      3.65370E-06
  8100.0      3.61720E-06
  8140.0      3.58120E-06
  8180.0      3.54590E-06
  8220.0      3.51110E-06
  8260.0      3.47680E-06
  8300.0      3.44290E-06
  8340.0      3.40960E-06
  8380.0      3.37670E-06
  8420.0      3.34430E-06
  8460.0      3.31240E-06
  8500.0      3.28090E-06
  8540.0      3.24980E-06
  8580.0      3.21920E-06
  8620.0      3.18900E-06
  8660.0      3.15520E-06
  8700.0      3.12980E-06
  8740.0      3.08010E-06
  8780.0      3.05170E-06
  8820.0      3.04410E-06
  8860.0      3.01640E-06
  8900.0      2.98900E-06
  8940.0      2.96190E-06
  8980.0      2.93520E-06
  9020.0      2.90890E-06
  9060.0      2.88290E-06
  9100.0      2.85730E-06
  9140.0      2.83200E-06
  9180.0      2.80700E-06
  9220.0      2.78240E-06
  9260.0      2.75810E-06
  9300.0      2.73400E-06
  9340.0      2.71030E-06
  9380.0      2.67850E-06
  9420.0      2.66130E-06
  9460.0      2.64100E-06
  9500.0      2.61850E-06
  9540.0      2.59630E-06
  9580.0      2.57430E-06
  9620.0      2.55270E-06
  9660.0      2.53130E-06
  9700.0      2.51010E-06
  9740.0      2.48920E-06
  9780.0      2.46860E-06
  9820.0      2.44820E-06
  9860.0      2.42810E-06
  9900.0      2.40830E-06
  9940.0      2.38860E-06
  9980.0      2.36920E-06
  10020.      2.35010E-06
  20000.      5.74230E-07
  40000.      1.38710E-07
  60000.      6.03090E-08
  80000.      3.33880E-08
 1.00000E+05  2.11050E-08
 1.20000E+05  1.45100E-08
 1.40000E+05  1.05700E-08
 1.60000E+05  8.03350E-09
