 Castelli and Kurucz 2004-2012 Atmosphere
 T     35000.     G    5.00000 [-1.0a] N(He)/Ntot=0.0784 VTURB=2.0  L/H=1.25 OD
 Wavelength  Eddington Hnu
   (nm)    (ergs/s/cm2/Hz/sr)
  9.0900      3.66120E-29
  9.3500      1.78100E-28
  9.6100      7.98740E-28
  9.7700      1.93840E-27
  9.9600      5.36180E-27
  10.200      1.84250E-26
  10.380      4.49400E-26
  10.560      1.06530E-25
  10.770      2.81820E-25
  11.040      9.35420E-25
  11.400      4.26500E-24
  11.780      1.93070E-23
  12.130      7.17840E-23
  12.480      2.49280E-22
  12.710      5.45720E-22
  12.840      8.40140E-22
  13.050      1.65840E-21
  13.240      3.01670E-21
  13.390      4.78440E-21
  13.660      1.07340E-20
  13.980      2.69650E-20
  14.330      7.06820E-20
  14.720      1.96580E-19
  15.100      5.08420E-19
  15.520      1.38050E-18
  15.880      3.12580E-18
  16.200      6.28410E-18
  16.600      1.45260E-17
  17.030      3.42760E-17
  17.340      6.21130E-17
  17.680      1.16580E-16
  18.020      2.13770E-16
  18.170      2.77660E-16
  18.610      5.83320E-16
  19.100      1.28360E-15
  19.390      2.01040E-15
  19.840      3.93640E-15
  20.180      6.41460E-15
  20.500      1.00140E-14
  21.050      2.09010E-14
  21.620      4.30860E-14
  21.980      6.69470E-14
  22.300      9.78260E-14
  22.680      1.51040E-13
  23.000      7.26200E-11
  23.400      3.23850E-10
  24.000      6.30830E-10
  24.650      1.12270E-09
  25.240      1.86140E-09
  25.680      2.01990E-09
  26.000      3.61080E-09
  26.400      5.31280E-09
  26.850      7.79250E-09
  27.350      1.01140E-08
  27.850      1.17620E-08
  28.400      2.29540E-08
  29.000      3.04700E-08
  29.600      3.60930E-08
  30.100      3.93450E-08
  30.800      7.95060E-08
  31.800      1.73890E-07
  32.800      2.33480E-07
  33.800      3.55750E-07
  34.800      4.98630E-07
  35.700      7.35370E-07
  36.600      1.09280E-06
  37.500      1.29540E-06
  38.500      1.70500E-06
  39.500      2.24190E-06
  40.500      2.73980E-06
  41.400      3.37640E-06
  42.200      3.78950E-06
  43.000      4.35640E-06
  44.100      5.38730E-06
  45.100      6.43330E-06
  46.000      7.25510E-06
  47.000      8.59660E-06
  48.000      1.00440E-05
  49.000      1.13400E-05
  50.000      1.35430E-05
  50.600      3.21530E-05
  51.200      1.40660E-04
  52.000      1.36350E-04
  53.000      1.35940E-04
  54.000      1.27830E-04
  55.000      1.44700E-04
  56.000      1.68790E-04
  57.000      1.77580E-04
  58.000      1.71240E-04
  59.000      1.85530E-04
  60.000      1.76050E-04
  61.000      1.91970E-04
  62.000      2.14790E-04
  63.000      2.19160E-04
  64.000      2.22810E-04
  65.000      2.30010E-04
  65.800      2.21190E-04
  66.500      2.36770E-04
  67.500      2.50810E-04
  68.500      2.38580E-04
  69.500      2.67020E-04
  70.500      2.52770E-04
  71.600      2.88150E-04
  72.600      2.92140E-04
  73.500      3.02900E-04
  74.500      3.04420E-04
  75.500      3.09930E-04
  76.500      3.18840E-04
  77.500      3.28790E-04
  78.500      3.41720E-04
  79.500      3.48030E-04
  80.500      3.51640E-04
  81.500      3.61350E-04
  82.500      3.75670E-04
  83.500      3.52940E-04
  84.500      3.88080E-04
  85.500      3.94920E-04
  86.500      4.08370E-04
  87.500      4.16130E-04
  88.500      4.25250E-04
  89.500      4.34740E-04
  90.500      4.36740E-04
  91.500      4.33680E-04
  92.500      9.96370E-04
  93.500      1.57550E-03
  94.500      2.49210E-03
  95.500      2.88840E-03
  96.500      3.64970E-03
  97.500      2.09990E-03
  98.500      3.63670E-03
  99.500      3.34830E-03
  100.50      3.55260E-03
  101.50      3.56500E-03
  102.50      2.29500E-03
  103.50      3.50210E-03
  104.50      3.81140E-03
  105.50      3.78440E-03
  106.50      3.52630E-03
  107.50      3.61120E-03
  108.50      3.34710E-03
  109.50      3.65190E-03
  110.50      3.55080E-03
  111.50      3.53320E-03
  112.50      3.23620E-03
  113.50      3.50910E-03
  114.50      3.40130E-03
  115.50      3.36390E-03
  116.50      3.35370E-03
  117.50      2.82980E-03
  118.50      3.21520E-03
  119.50      3.18170E-03
  120.50      3.04600E-03
  121.50      2.05320E-03
  122.50      3.03710E-03
  123.50      3.18770E-03
  124.50      3.14180E-03
  125.50      3.16790E-03
  126.50      3.18160E-03
  127.50      3.18050E-03
  128.50      3.17440E-03
  129.50      3.02770E-03
  130.50      3.06050E-03
  131.50      3.11460E-03
  132.50      3.05570E-03
  133.50      3.01710E-03
  134.50      3.01690E-03
  135.50      3.00810E-03
  136.50      2.95040E-03
  137.50      2.93610E-03
  138.50      2.90860E-03
  139.50      2.64200E-03
  140.50      2.66280E-03
  141.50      2.83420E-03
  142.50      2.72470E-03
  143.50      2.78710E-03
  144.20      2.79310E-03
  144.70      2.77620E-03
  145.50      2.73300E-03
  146.50      2.72210E-03
  147.50      2.69630E-03
  148.50      2.70550E-03
  149.50      2.66600E-03
  150.50      2.63630E-03
  151.20      2.64370E-03
  151.70      2.62600E-03
  152.50      2.59360E-03
  153.50      2.45860E-03
  154.50      2.33970E-03
  155.50      2.33680E-03
  156.50      2.39180E-03
  157.50      2.43090E-03
  158.50      2.44170E-03
  159.50      2.43660E-03
  160.50      2.34850E-03
  161.50      2.30170E-03
  162.50      2.31270E-03
  163.50      2.30180E-03
  164.50      2.23430E-03
  165.50      2.34190E-03
  166.50      2.31460E-03
  167.20      2.25800E-03
  167.70      2.36540E-03
  168.50      2.33290E-03
  169.50      2.31000E-03
  170.50      2.28090E-03
  171.50      2.24320E-03
  172.50      2.20890E-03
  173.50      2.26080E-03
  174.50      2.24410E-03
  175.50      2.21770E-03
  176.50      2.20850E-03
  177.50      2.19630E-03
  178.50      2.19170E-03
  179.50      2.17250E-03
  180.50      2.16940E-03
  181.50      2.14890E-03
  182.50      2.13160E-03
  183.50      2.13200E-03
  184.50      2.09120E-03
  185.50      2.07360E-03
  186.50      2.06800E-03
  187.50      2.05520E-03
  188.50      2.02700E-03
  189.50      2.01180E-03
  190.50      2.02670E-03
  191.50      1.99490E-03
  192.50      1.94780E-03
  193.50      1.97970E-03
  194.50      1.98310E-03
  195.50      1.93140E-03
  196.70      1.94840E-03
  197.60      1.95170E-03
  198.40      1.92660E-03
  199.50      1.89890E-03
  200.50      1.91290E-03
  201.50      1.90550E-03
  202.50      1.89460E-03
  203.50      1.87600E-03
  204.50      1.86340E-03
  205.50      1.57000E-03
  206.50      1.52740E-03
  207.40      1.54340E-03
  207.80      1.54450E-03
  208.50      1.59100E-03
  209.50      1.68050E-03
  210.50      1.77580E-03
  211.50      1.79250E-03
  212.50      1.77350E-03
  213.50      1.76950E-03
  214.50      1.75840E-03
  215.50      1.75820E-03
  216.50      1.71860E-03
  217.50      1.74360E-03
  218.50      1.70360E-03
  219.50      1.72580E-03
  220.50      1.71710E-03
  221.50      1.66800E-03
  222.50      1.69470E-03
  223.50      1.68540E-03
  224.50      1.67330E-03
  225.50      1.62570E-03
  226.50      1.65420E-03
  227.50      1.64470E-03
  228.50      1.62670E-03
  229.50      1.58040E-03
  230.50      1.57530E-03
  231.50      1.59970E-03
  232.50      1.59340E-03
  233.50      1.58380E-03
  234.50      1.57490E-03
  235.50      1.56480E-03
  236.50      1.55530E-03
  237.50      1.54430E-03
  238.50      1.49580E-03
  239.50      1.51780E-03
  240.50      1.51770E-03
  241.50      1.50710E-03
  242.50      1.49980E-03
  243.50      1.48860E-03
  244.50      1.48140E-03
  245.50      1.47100E-03
  246.50      1.46480E-03
  247.50      1.45590E-03
  248.50      1.44600E-03
  249.50      1.31940E-03
  250.50      1.42120E-03
  251.30      1.35570E-03
  251.80      1.39390E-03
  252.50      1.41380E-03
  253.50      1.40680E-03
  254.50      1.39410E-03
  255.50      1.38750E-03
  256.50      1.38120E-03
  257.50      1.37430E-03
  258.50      1.36690E-03
  259.50      1.35740E-03
  260.50      1.35490E-03
  261.50      1.34620E-03
  262.50      1.33960E-03
  263.50      1.33190E-03
  264.50      1.32390E-03
  265.50      1.31610E-03
  266.50      1.30600E-03
  267.50      1.29570E-03
  268.50      1.29460E-03
  269.50      1.28160E-03
  270.50      1.28010E-03
  271.50      1.27270E-03
  272.50      1.25920E-03
  273.50      1.23570E-03
  274.50      1.25260E-03
  275.50      1.24580E-03
  276.50      1.23180E-03
  277.50      1.23330E-03
  278.50      1.22560E-03
  279.50      1.20780E-03
  280.50      1.20990E-03
  281.50      1.20670E-03
  282.50      1.19260E-03
  283.50      1.18760E-03
  284.50      1.18800E-03
  285.50      1.18070E-03
  286.50      1.17400E-03
  287.50      1.16800E-03
  288.50      1.16240E-03
  289.50      1.15590E-03
  291.00      1.14550E-03
  293.00      1.13530E-03
  295.00      1.11690E-03
  297.00      1.11120E-03
  299.00      1.09850E-03
  301.00      1.08660E-03
  303.00      1.07430E-03
  305.00      1.06530E-03
  307.00      1.05690E-03
  309.00      1.04200E-03
  311.00      1.03520E-03
  313.00      1.02420E-03
  315.00      1.01390E-03
  317.00      1.00420E-03
  319.00      9.89520E-04
  321.00      9.78190E-04
  323.00      9.76120E-04
  325.00      9.67590E-04
  327.00      9.56380E-04
  329.00      9.48420E-04
  331.00      9.40200E-04
  333.00      9.30490E-04
  335.00      9.20470E-04
  337.00      9.13420E-04
  339.00      9.06210E-04
  341.00      8.97760E-04
  343.00      8.87860E-04
  345.00      8.76940E-04
  347.00      8.70980E-04
  349.00      8.63190E-04
  351.00      8.56010E-04
  353.00      8.49600E-04
  355.00      8.41390E-04
  357.00      8.37530E-04
  359.00      8.24990E-04
  361.00      8.20740E-04
  363.00      8.10610E-04
  364.00      8.08960E-04
  365.00      7.83620E-04
  367.00      7.79300E-04
  369.00      7.73310E-04
  371.00      7.59670E-04
  373.00      7.52710E-04
  375.00      7.48140E-04
  377.00      7.34290E-04
  379.00      7.51950E-04
  381.00      7.75610E-04
  383.00      7.08930E-04
  385.00      7.92700E-04
  387.00      8.02500E-04
  389.00      6.83530E-04
  391.00      8.01390E-04
  393.00      7.99610E-04
  395.00      7.86580E-04
  397.00      6.57690E-04
  399.00      7.72770E-04
  401.00      7.75210E-04
  403.00      7.44170E-04
  405.00      7.70290E-04
  407.00      7.54940E-04
  409.00      7.06290E-04
  411.00      6.44900E-04
  413.00      7.33470E-04
  415.00      7.33250E-04
  417.00      7.33770E-04
  419.00      7.25710E-04
  421.00      7.19030E-04
  423.00      7.17040E-04
  425.00      7.09270E-04
  427.00      7.01990E-04
  429.00      6.96330E-04
  431.00      6.86060E-04
  433.00      6.35570E-04
  435.00      5.96170E-04
  437.00      6.69670E-04
  439.00      6.56360E-04
  441.00      6.63610E-04
  443.00      6.60050E-04
  445.00      6.55580E-04
  447.00      6.27510E-04
  449.00      6.45020E-04
  451.00      6.40990E-04
  453.00      6.36170E-04
  455.00      6.26500E-04
  457.00      6.26570E-04
  459.00      6.20820E-04
  461.00      6.16170E-04
  463.00      6.10450E-04
  465.00      5.97830E-04
  467.00      6.01770E-04
  469.00      5.88330E-04
  471.00      5.86680E-04
  473.00      5.90580E-04
  475.00      5.85990E-04
  477.00      5.82100E-04
  479.00      5.77810E-04
  481.00      5.72380E-04
  483.00      5.64610E-04
  485.00      5.30040E-04
  487.00      4.89050E-04
  489.00      5.50850E-04
  491.00      5.50600E-04
  493.00      5.37270E-04
  495.00      5.44080E-04
  497.00      5.41460E-04
  499.00      5.37600E-04
  501.00      5.28190E-04
  503.00      5.29650E-04
  505.00      5.24200E-04
  507.00      5.22690E-04
  509.00      5.18970E-04
  511.00      5.15370E-04
  513.00      5.11800E-04
  515.00      5.08260E-04
  517.00      5.04640E-04
  519.00      5.01350E-04
  521.00      4.97970E-04
  523.00      4.94620E-04
  525.00      4.91170E-04
  527.00      4.87810E-04
  529.00      4.84660E-04
  531.00      4.81410E-04
  533.00      4.78210E-04
  535.00      4.75010E-04
  537.00      4.71870E-04
  539.00      4.68680E-04
  541.00      4.62040E-04
  543.00      4.62600E-04
  545.00      4.59550E-04
  547.00      4.56540E-04
  549.00      4.53600E-04
  551.00      4.50630E-04
  553.00      4.47750E-04
  555.00      4.44870E-04
  557.00      4.42010E-04
  559.00      4.38960E-04
  561.00      4.36380E-04
  563.00      4.33610E-04
  565.00      4.30860E-04
  567.00      4.28050E-04
  569.00      4.23700E-04
  571.00      4.17710E-04
  573.00      4.15230E-04
  575.00      4.12530E-04
  577.00      4.10250E-04
  579.00      4.07760E-04
  581.00      4.05280E-04
  583.00      4.02770E-04
  585.00      4.00510E-04
  587.00      3.88550E-04
  589.00      3.95240E-04
  591.00      3.94020E-04
  593.00      3.92060E-04
  595.00      3.90090E-04
  597.00      3.88260E-04
  599.00      3.86340E-04
  601.00      3.84490E-04
  603.00      3.82770E-04
  605.00      3.80980E-04
  607.00      3.78750E-04
  609.00      3.76500E-04
  611.00      3.74280E-04
  613.00      3.72070E-04
  615.00      3.69820E-04
  617.00      3.67680E-04
  619.00      3.65570E-04
  621.00      3.63440E-04
  623.00      3.61330E-04
  625.00      3.59230E-04
  627.00      3.57160E-04
  629.00      3.55100E-04
  631.00      3.53040E-04
  633.00      3.51040E-04
  635.00      3.49020E-04
  637.00      3.47050E-04
  639.00      3.45080E-04
  641.00      3.43110E-04
  643.00      3.41190E-04
  645.00      3.39270E-04
  647.00      3.37290E-04
  649.00      3.35400E-04
  651.00      3.33210E-04
  653.00      3.29730E-04
  655.00      3.18340E-04
  657.00      2.91050E-04
  659.00      3.22890E-04
  661.00      3.23830E-04
  663.00      3.22690E-04
  665.00      3.20960E-04
  667.00      3.16180E-04
  669.00      3.14320E-04
  671.00      3.15610E-04
  673.00      3.13960E-04
  675.00      3.12370E-04
  677.00      3.10730E-04
  679.00      3.08980E-04
  681.00      3.07400E-04
  683.00      3.05730E-04
  685.00      3.04120E-04
  687.00      3.02500E-04
  689.00      3.00570E-04
  691.00      2.99170E-04
  693.00      2.97740E-04
  695.00      2.96180E-04
  697.00      2.94620E-04
  699.00      2.93080E-04
  701.00      2.91530E-04
  703.00      2.89970E-04
  705.00      2.88480E-04
  707.00      2.83520E-04
  709.00      2.85550E-04
  711.00      2.84050E-04
  713.00      2.82610E-04
  715.00      2.81170E-04
  717.00      2.79480E-04
  719.00      2.78180E-04
  721.00      2.76890E-04
  723.00      2.75200E-04
  725.00      2.74030E-04
  727.00      2.72710E-04
  729.00      2.69680E-04
  731.00      2.69960E-04
  733.00      2.68620E-04
  735.00      2.67280E-04
  737.00      2.65950E-04
  739.00      2.64630E-04
  741.00      2.63310E-04
  743.00      2.62010E-04
  745.00      2.60730E-04
  747.00      2.59350E-04
  749.00      2.58120E-04
  751.00      2.56870E-04
  753.00      2.55650E-04
  755.00      2.54410E-04
  757.00      2.53180E-04
  759.00      2.51530E-04
  761.00      2.50670E-04
  763.00      2.49520E-04
  765.00      2.48300E-04
  767.00      2.47120E-04
  769.00      2.45880E-04
  771.00      2.44760E-04
  773.00      2.43500E-04
  775.00      2.42440E-04
  777.00      2.41290E-04
  779.00      2.40150E-04
  781.00      2.38940E-04
  783.00      2.37890E-04
  785.00      2.36900E-04
  787.00      2.35710E-04
  789.00      2.34590E-04
  791.00      2.33590E-04
  793.00      2.32500E-04
  795.00      2.31420E-04
  797.00      2.30300E-04
  799.00      2.29270E-04
  801.00      2.28220E-04
  803.00      2.27160E-04
  805.00      2.26130E-04
  807.00      2.25090E-04
  809.00      2.23900E-04
  811.00      2.22710E-04
  813.00      2.21980E-04
  815.00      2.20800E-04
  817.00      2.19970E-04
  819.00      2.18560E-04
  821.00      2.16490E-04
  823.00      2.15370E-04
  825.00      2.14750E-04
  827.00      2.13350E-04
  829.00      2.12960E-04
  831.00      2.12090E-04
  833.00      2.11050E-04
  835.00      2.09620E-04
  837.00      2.09070E-04
  839.00      2.08350E-04
  841.00      2.07440E-04
  843.00      2.06480E-04
  845.00      2.04830E-04
  847.00      2.04730E-04
  849.00      2.03640E-04
  851.00      2.02860E-04
  853.00      2.01750E-04
  855.00      2.00940E-04
  857.00      2.00520E-04
  859.00      1.97690E-04
  861.00      1.98070E-04
  863.00      1.98460E-04
  865.00      1.95970E-04
  867.00      1.93440E-04
  869.00      1.95920E-04
  871.00      1.96110E-04
  873.00      1.92880E-04
  875.00      1.87010E-04
  877.00      1.90060E-04
  879.00      1.93240E-04
  881.00      1.93220E-04
  883.00      1.91470E-04
  885.00      1.84180E-04
  887.00      1.78790E-04
  889.00      1.87500E-04
  891.00      1.89490E-04
  893.00      1.89320E-04
  895.00      1.88800E-04
  897.00      1.87430E-04
  899.00      1.83070E-04
  901.00      1.71340E-04
  903.00      1.75380E-04
  905.00      1.82730E-04
  907.00      1.82590E-04
  909.00      1.83410E-04
  911.00      1.83210E-04
  913.00      1.82540E-04
  915.00      1.81700E-04
  917.00      1.80320E-04
  919.00      1.78640E-04
  921.00      1.72060E-04
  923.00      1.59640E-04
  925.00      1.70440E-04
  927.00      1.75470E-04
  929.00      1.76130E-04
  931.00      1.75380E-04
  933.00      1.75440E-04
  935.00      1.73930E-04
  937.00      1.74160E-04
  939.00      1.73490E-04
  941.00      1.72760E-04
  943.00      1.72080E-04
  945.00      1.71310E-04
  947.00      1.69590E-04
  949.00      1.69170E-04
  951.00      1.66180E-04
  953.00      1.59690E-04
  955.00      1.48380E-04
  957.00      1.61000E-04
  959.00      1.64860E-04
  961.00      1.65080E-04
  963.00      1.64460E-04
  965.00      1.64770E-04
  967.00      1.64120E-04
  969.00      1.63390E-04
  971.00      1.62220E-04
  973.00      1.62190E-04
  975.00      1.61580E-04
  977.00      1.60960E-04
  979.00      1.60340E-04
  981.00      1.59700E-04
  983.00      1.59100E-04
  985.00      1.58480E-04
  987.00      1.57880E-04
  989.00      1.57240E-04
  991.00      1.56550E-04
  993.00      1.56070E-04
  995.00      1.55470E-04
  997.00      1.54590E-04
  999.00      1.53610E-04
  1002.5      1.46790E-04
  1007.5      1.43860E-04
  1012.5      1.49000E-04
  1017.5      1.49030E-04
  1022.5      1.47600E-04
  1027.5      1.46290E-04
  1032.5      1.44460E-04
  1037.5      1.43620E-04
  1042.5      1.42320E-04
  1047.5      1.41030E-04
  1052.5      1.39760E-04
  1057.5      1.38500E-04
  1062.5      1.37270E-04
  1067.5      1.35870E-04
  1072.5      1.34840E-04
  1077.5      1.33650E-04
  1082.5      1.31470E-04
  1087.5      1.30610E-04
  1092.5      1.20910E-04
  1097.5      1.25660E-04
  1102.5      1.27160E-04
  1107.5      1.26710E-04
  1112.5      1.25760E-04
  1117.5      1.24690E-04
  1122.5      1.23590E-04
  1127.5      1.22590E-04
  1132.5      1.21540E-04
  1137.5      1.20530E-04
  1142.5      1.19530E-04
  1147.5      1.18540E-04
  1152.5      1.17560E-04
  1157.5      1.16590E-04
  1162.5      1.15450E-04
  1167.5      1.14640E-04
  1172.5      1.13760E-04
  1177.5      1.12840E-04
  1182.5      1.11930E-04
  1187.5      1.11030E-04
  1192.5      1.10140E-04
  1197.5      1.08230E-04
  1202.5      1.08390E-04
  1207.5      1.07540E-04
  1212.5      1.06690E-04
  1217.5      1.05850E-04
  1222.5      1.05020E-04
  1227.5      1.04210E-04
  1232.5      1.03400E-04
  1237.5      1.02600E-04
  1242.5      1.01810E-04
  1247.5      1.01020E-04
  1252.5      1.00090E-04
  1257.5      9.94880E-05
  1262.5      9.87340E-05
  1267.5      9.79920E-05
  1272.5      9.71010E-05
  1277.5      9.47290E-05
  1282.5      8.89080E-05
  1287.5      9.42020E-05
  1292.5      9.42800E-05
  1297.5      9.31450E-05
  1302.5      9.29910E-05
  1307.5      9.23200E-05
  1312.5      9.16460E-05
  1317.5      9.09790E-05
  1322.5      9.03190E-05
  1327.5      8.96670E-05
  1332.5      8.90200E-05
  1337.5      8.83760E-05
  1342.5      8.76980E-05
  1347.5      8.71240E-05
  1352.5      8.65000E-05
  1357.5      8.58940E-05
  1362.5      8.52770E-05
  1367.5      8.46900E-05
  1372.5      8.40860E-05
  1377.5      8.35110E-05
  1382.5      8.29310E-05
  1387.5      8.23560E-05
  1392.5      8.17820E-05
  1397.5      8.12240E-05
  1402.5      8.06610E-05
  1407.5      8.01170E-05
  1412.5      7.95700E-05
  1417.5      7.90310E-05
  1422.5      7.84960E-05
  1427.5      7.79660E-05
  1432.5      7.74430E-05
  1437.5      7.69240E-05
  1442.5      7.64110E-05
  1447.5      7.59030E-05
  1452.5      7.54000E-05
  1457.0      7.49510E-05
  1462.0      7.44470E-05
  1467.5      7.39130E-05
  1472.5      7.34310E-05
  1477.5      7.28970E-05
  1482.5      7.24860E-05
  1487.5      7.20200E-05
  1492.5      7.15580E-05
  1497.5      7.11000E-05
  1502.5      7.06440E-05
  1507.5      7.00970E-05
  1512.5      6.97510E-05
  1517.5      6.93100E-05
  1522.5      6.88730E-05
  1527.5      6.84370E-05
  1532.5      6.80040E-05
  1537.5      6.75800E-05
  1542.5      6.71440E-05
  1547.5      6.67370E-05
  1552.5      6.63130E-05
  1557.5      6.58720E-05
  1562.5      6.55170E-05
  1567.5      6.50400E-05
  1572.5      6.46110E-05
  1577.5      6.43320E-05
  1582.5      6.39050E-05
  1587.5      6.32600E-05
  1592.5      6.30550E-05
  1597.5      6.28280E-05
  1605.0      6.21140E-05
  1615.0      6.11590E-05
  1625.0      6.08650E-05
  1635.0      5.97980E-05
  1645.0      5.87430E-05
  1655.0      5.88380E-05
  1665.0      5.82020E-05
  1675.0      5.68900E-05
  1685.0      5.57370E-05
  1695.0      5.61570E-05
  1705.0      5.53220E-05
  1715.0      5.49840E-05
  1725.0      5.42190E-05
  1735.0      5.20750E-05
  1745.0      5.27830E-05
  1755.0      5.25700E-05
  1765.0      5.19920E-05
  1775.0      5.14230E-05
  1785.0      5.08610E-05
  1795.0      5.03120E-05
  1805.0      4.96730E-05
  1815.0      4.75840E-05
  1825.0      4.81750E-05
  1835.0      4.81860E-05
  1845.0      4.76870E-05
  1855.0      4.71720E-05
  1865.0      4.62260E-05
  1875.0      4.43690E-05
  1885.0      4.56320E-05
  1895.0      4.52610E-05
  1905.0      4.46480E-05
  1915.0      4.43330E-05
  1925.0      4.38940E-05
  1935.0      4.32450E-05
  1945.0      4.12200E-05
  1955.0      4.23450E-05
  1965.0      4.21650E-05
  1975.0      4.17490E-05
  1985.0      4.13390E-05
  1995.0      4.09350E-05
  2005.0      4.05370E-05
  2015.0      4.01440E-05
  2025.0      3.97570E-05
  2035.0      3.93760E-05
  2045.0      3.89920E-05
  2055.0      3.85840E-05
  2065.0      3.82650E-05
  2075.0      3.79040E-05
  2085.0      3.75490E-05
  2095.0      3.71990E-05
  2105.0      3.68530E-05
  2115.0      3.64170E-05
  2125.0      3.61780E-05
  2135.0      3.58460E-05
  2145.0      3.55130E-05
  2155.0      3.50530E-05
  2165.0      3.33680E-05
  2175.0      3.43160E-05
  2185.0      3.42400E-05
  2195.0      3.39520E-05
  2205.0      3.36510E-05
  2215.0      3.33540E-05
  2225.0      3.30580E-05
  2235.0      3.27710E-05
  2245.0      3.24850E-05
  2255.0      3.22030E-05
  2265.0      3.19250E-05
  2275.0      3.16500E-05
  2285.0      3.13780E-05
  2295.0      3.11110E-05
  2305.0      3.08430E-05
  2315.0      3.05860E-05
  2325.0      3.03290E-05
  2335.0      3.00750E-05
  2345.0      2.98250E-05
  2355.0      2.95770E-05
  2365.0      2.93320E-05
  2375.0      2.90910E-05
  2385.0      2.88520E-05
  2395.0      2.86160E-05
  2405.0      2.83840E-05
  2415.0      2.81530E-05
  2425.0      2.79250E-05
  2435.0      2.77180E-05
  2445.0      2.75000E-05
  2455.0      2.72920E-05
  2465.0      2.70630E-05
  2475.0      2.68100E-05
  2485.0      2.66470E-05
  2495.0      2.64000E-05
  2505.0      2.62360E-05
  2515.0      2.60250E-05
  2525.0      2.57780E-05
  2535.0      2.56100E-05
  2545.0      2.54450E-05
  2555.0      2.52030E-05
  2565.0      2.49710E-05
  2575.0      2.48250E-05
  2585.0      2.46750E-05
  2595.0      2.44620E-05
  2605.0      2.42070E-05
  2615.0      2.38600E-05
  2625.0      2.28840E-05
  2635.0      2.35680E-05
  2645.0      2.35460E-05
  2655.0      2.33840E-05
  2665.0      2.31560E-05
  2675.0      2.28750E-05
  2685.0      2.28120E-05
  2695.0      2.27300E-05
  2705.0      2.25650E-05
  2715.0      2.24020E-05
  2725.0      2.22400E-05
  2735.0      2.20800E-05
  2745.0      2.18670E-05
  2755.0      2.15020E-05
  2765.0      2.14480E-05
  2775.0      2.14320E-05
  2785.0      2.13050E-05
  2795.0      2.11550E-05
  2805.0      2.10070E-05
  2815.0      2.08600E-05
  2825.0      2.07140E-05
  2835.0      2.05700E-05
  2845.0      2.04280E-05
  2855.0      2.02580E-05
  2865.0      1.99840E-05
  2875.0      1.96260E-05
  2885.0      1.97880E-05
  2895.0      1.97370E-05
  2905.0      1.96030E-05
  2915.0      1.94710E-05
  2925.0      1.93400E-05
  2935.0      1.92100E-05
  2945.0      1.90810E-05
  2955.0      1.89540E-05
  2965.0      1.88280E-05
  2975.0      1.87030E-05
  2985.0      1.85800E-05
  2995.0      1.84570E-05
  3005.0      1.83360E-05
  3015.0      1.82160E-05
  3025.0      1.80380E-05
  3035.0      1.76040E-05
  3045.0      1.75980E-05
  3055.0      1.77050E-05
  3065.0      1.76330E-05
  3075.0      1.75200E-05
  3085.0      1.74080E-05
  3095.0      1.72980E-05
  3105.0      1.71870E-05
  3115.0      1.70790E-05
  3125.0      1.69710E-05
  3135.0      1.68640E-05
  3145.0      1.67580E-05
  3155.0      1.66530E-05
  3165.0      1.65490E-05
  3175.0      1.64470E-05
  3185.0      1.63450E-05
  3195.0      1.62440E-05
  3210.0      1.60940E-05
  3230.0      1.58970E-05
  3250.0      1.57040E-05
  3270.0      1.55050E-05
  3290.0      1.50140E-05
  3310.0      1.50420E-05
  3330.0      1.49680E-05
  3350.0      1.48050E-05
  3370.0      1.46310E-05
  3390.0      1.44610E-05
  3410.0      1.42930E-05
  3430.0      1.41290E-05
  3450.0      1.39670E-05
  3470.0      1.38080E-05
  3490.0      1.36520E-05
  3510.0      1.34980E-05
  3530.0      1.33470E-05
  3550.0      1.31980E-05
  3570.0      1.30520E-05
  3590.0      1.29080E-05
  3610.0      1.27670E-05
  3630.0      1.26280E-05
  3650.0      1.24910E-05
  3670.0      1.23570E-05
  3690.0      1.22240E-05
  3710.0      1.20740E-05
  3730.0      1.18060E-05
  3750.0      1.16340E-05
  3770.0      1.17040E-05
  3790.0      1.15920E-05
  3810.0      1.14720E-05
  3830.0      1.13530E-05
  3850.0      1.12370E-05
  3870.0      1.11220E-05
  3890.0      1.10080E-05
  3910.0      1.08830E-05
  3930.0      1.07870E-05
  3950.0      1.06790E-05
  3970.0      1.05730E-05
  3990.0      1.04670E-05
  4010.0      1.03460E-05
  4030.0      1.02150E-05
  4050.0      9.92140E-06
  4070.0      1.00500E-05
  4090.0      9.96540E-06
  4110.0      9.86930E-06
  4130.0      9.76930E-06
  4150.0      9.67480E-06
  4170.0      9.53770E-06
  4190.0      9.48940E-06
  4210.0      9.40890E-06
  4230.0      9.32080E-06
  4250.0      9.23140E-06
  4270.0      9.14810E-06
  4290.0      9.05520E-06
  4310.0      8.98000E-06
  4330.0      8.89770E-06
  4350.0      8.81290E-06
  4370.0      8.66750E-06
  4390.0      8.62400E-06
  4410.0      8.57950E-06
  4430.0      8.50280E-06
  4450.0      8.42700E-06
  4470.0      8.35640E-06
  4490.0      8.28250E-06
  4510.0      8.20960E-06
  4530.0      8.13760E-06
  4550.0      8.06660E-06
  4570.0      7.99650E-06
  4590.0      7.92720E-06
  4610.0      7.85740E-06
  4630.0      7.77430E-06
  4650.0      7.50180E-06
  4670.0      7.53410E-06
  4690.0      7.55680E-06
  4710.0      7.53000E-06
  4730.0      7.46690E-06
  4750.0      7.40440E-06
  4770.0      7.34270E-06
  4790.0      7.28180E-06
  4810.0      7.22160E-06
  4830.0      7.16220E-06
  4850.0      7.10340E-06
  4870.0      7.04540E-06
  4890.0      6.98810E-06
  4910.0      6.93150E-06
  4930.0      6.87560E-06
  4950.0      6.82040E-06
  4970.0      6.76580E-06
  4990.0      6.71190E-06
  5010.0      6.65850E-06
  5030.0      6.60590E-06
  5050.0      6.55380E-06
  5070.0      6.50240E-06
  5090.0      6.45140E-06
  5110.0      6.37450E-06
  5130.0      6.23380E-06
  5150.0      6.28300E-06
  5170.0      6.25390E-06
  5190.0      6.20610E-06
  5210.0      6.15870E-06
  5230.0      6.11180E-06
  5250.0      6.06540E-06
  5270.0      6.01960E-06
  5290.0      5.97430E-06
  5310.0      5.92950E-06
  5330.0      5.88520E-06
  5350.0      5.84140E-06
  5370.0      5.79810E-06
  5390.0      5.75520E-06
  5410.0      5.71290E-06
  5430.0      5.67100E-06
  5450.0      5.62950E-06
  5470.0      5.58850E-06
  5490.0      5.54800E-06
  5510.0      5.50780E-06
  5530.0      5.46810E-06
  5550.0      5.42890E-06
  5570.0      5.39010E-06
  5590.0      5.35160E-06
  5610.0      5.31360E-06
  5630.0      5.27600E-06
  5650.0      5.23870E-06
  5670.0      5.20190E-06
  5690.0      5.16540E-06
  5710.0      5.12730E-06
  5730.0      5.09360E-06
  5750.0      5.05830E-06
  5770.0      5.02330E-06
  5790.0      4.98870E-06
  5810.0      4.95450E-06
  5830.0      4.92050E-06
  5850.0      4.88840E-06
  5870.0      4.85430E-06
  5890.0      4.79700E-06
  5910.0      4.67200E-06
  5930.0      4.73720E-06
  5950.0      4.70860E-06
  5970.0      4.68530E-06
  5990.0      4.66260E-06
  6010.0      4.63170E-06
  6030.0      4.60110E-06
  6050.0      4.57070E-06
  6070.0      4.54060E-06
  6090.0      4.51090E-06
  6110.0      4.48140E-06
  6130.0      4.45220E-06
  6150.0      4.42330E-06
  6170.0      4.39460E-06
  6190.0      4.36630E-06
  6210.0      4.33820E-06
  6230.0      4.31030E-06
  6250.0      4.28270E-06
  6270.0      4.25030E-06
  6290.0      4.20410E-06
  6310.0      4.19350E-06
  6330.0      4.17510E-06
  6350.0      4.14890E-06
  6370.0      4.12290E-06
  6390.0      4.09710E-06
  6420.0      4.05890E-06
  6460.0      4.00870E-06
  6500.0      3.95950E-06
  6540.0      3.91120E-06
  6580.0      3.86370E-06
  6620.0      3.81710E-06
  6660.0      3.77130E-06
  6700.0      3.72640E-06
  6740.0      3.67700E-06
  6780.0      3.61440E-06
  6820.0      3.59610E-06
  6860.0      3.55430E-06
  6900.0      3.51320E-06
  6940.0      3.47270E-06
  6980.0      3.43300E-06
  7020.0      3.39390E-06
  7060.0      3.35540E-06
  7100.0      3.31770E-06
  7140.0      3.28050E-06
  7180.0      3.24400E-06
  7220.0      3.20800E-06
  7260.0      3.17270E-06
  7300.0      3.13790E-06
  7340.0      3.10370E-06
  7380.0      3.07010E-06
  7420.0      3.03160E-06
  7460.0      2.93810E-06
  7500.0      2.89810E-06
  7540.0      2.93050E-06
  7580.0      2.90980E-06
  7620.0      2.87930E-06
  7660.0      2.84920E-06
  7700.0      2.81960E-06
  7740.0      2.79040E-06
  7780.0      2.76170E-06
  7820.0      2.73340E-06
  7860.0      2.70560E-06
  7900.0      2.67820E-06
  7940.0      2.65120E-06
  7980.0      2.62460E-06
  8020.0      2.59840E-06
  8060.0      2.57260E-06
  8100.0      2.54710E-06
  8140.0      2.52110E-06
  8180.0      2.49730E-06
  8220.0      2.47300E-06
  8260.0      2.44910E-06
  8300.0      2.42540E-06
  8340.0      2.40210E-06
  8380.0      2.37920E-06
  8420.0      2.35650E-06
  8460.0      2.33420E-06
  8500.0      2.31220E-06
  8540.0      2.29050E-06
  8580.0      2.26910E-06
  8620.0      2.24790E-06
  8660.0      2.22130E-06
  8700.0      2.20530E-06
  8740.0      2.16640E-06
  8780.0      2.14670E-06
  8820.0      2.14670E-06
  8860.0      2.12730E-06
  8900.0      2.10810E-06
  8940.0      2.08920E-06
  8980.0      2.07050E-06
  9020.0      2.05210E-06
  9060.0      2.03390E-06
  9100.0      2.01600E-06
  9140.0      1.99830E-06
  9180.0      1.98080E-06
  9220.0      1.96360E-06
  9260.0      1.94660E-06
  9300.0      1.92980E-06
  9340.0      1.91310E-06
  9380.0      1.88790E-06
  9420.0      1.87730E-06
  9460.0      1.86470E-06
  9500.0      1.84890E-06
  9540.0      1.83330E-06
  9580.0      1.81800E-06
  9620.0      1.80280E-06
  9660.0      1.78780E-06
  9700.0      1.77300E-06
  9740.0      1.75840E-06
  9780.0      1.74390E-06
  9820.0      1.72970E-06
  9860.0      1.71560E-06
  9900.0      1.70160E-06
  9940.0      1.68790E-06
  9980.0      1.67430E-06
  10020.      1.66090E-06
  20000.      4.10510E-07
  40000.      1.00070E-07
  60000.      4.37330E-08
  80000.      2.42920E-08
 1.00000E+05  1.53940E-08
 1.20000E+05  1.06040E-08
 1.40000E+05  7.73800E-09
 1.60000E+05  5.89000E-09
