 Castelli and Kurucz 2004-2012 Atmosphere
 T     44000.     G    5.00000 [-1.0a] N(He)/Ntot=0.0784 VTURB=2.0  L/H=1.25 OD
 Wavelength  Eddington Hnu
   (nm)    (ergs/s/cm2/Hz/sr)
  9.0900      1.84620E-21
  9.3500      5.56950E-21
  9.6100      1.58040E-20
  9.7700      2.95460E-20
  9.9600      6.02540E-20
  10.200      1.43200E-19
  10.380      2.67900E-19
  10.560      4.91570E-19
  10.770      9.75030E-19
  11.040      2.27140E-18
  11.400      6.63120E-18
  11.780      1.92820E-17
  12.130      4.88400E-17
  12.480      1.17770E-16
  12.710      2.05010E-16
  12.840      2.78110E-16
  13.050      4.49610E-16
  13.240      6.85970E-16
  13.390      9.50700E-16
  13.660      1.67970E-15
  13.980      3.22650E-15
  14.330      6.36790E-15
  14.720      1.29850E-14
  15.100      2.57140E-14
  15.520      5.21550E-14
  15.880      9.31270E-14
  16.200      1.53390E-13
  16.600      2.79210E-13
  17.030      5.13140E-13
  17.340      7.83250E-13
  17.680      1.23400E-12
  18.020      1.90640E-12
  18.170      2.27960E-12
  18.610      3.92300E-12
  19.100      6.92020E-12
  19.390      9.58960E-12
  19.840      1.55850E-11
  20.180      2.21990E-11
  20.500      3.07100E-11
  21.050      5.24760E-11
  21.620      8.88160E-11
  21.980      1.22780E-10
  22.300      1.61860E-10
  22.680      2.21480E-10
  23.000      4.49120E-08
  23.400      2.26600E-07
  24.000      7.07700E-07
  24.650      4.39770E-06
  25.240      1.99690E-05
  25.680      2.16430E-05
  26.000      3.90710E-05
  26.400      9.26670E-05
  26.850      1.30970E-04
  27.350      1.60110E-04
  27.850      1.33660E-04
  28.400      2.28800E-04
  29.000      2.80840E-04
  29.600      2.22650E-04
  30.100      7.23580E-05
  30.800      1.53550E-04
  31.800      1.18430E-04
  32.800      1.57790E-04
  33.800      1.21570E-04
  34.800      1.31660E-04
  35.700      2.67980E-04
  36.600      4.11510E-04
  37.500      4.92440E-04
  38.500      4.98620E-04
  39.500      6.44370E-04
  40.500      7.87410E-04
  41.400      8.11880E-04
  42.200      7.97470E-04
  43.000      7.78240E-04
  44.100      8.77910E-04
  45.100      9.40070E-04
  46.000      8.86460E-04
  47.000      9.26800E-04
  48.000      1.00030E-03
  49.000      9.09550E-04
  50.000      1.07410E-03
  50.600      1.00820E-03
  51.200      1.44120E-03
  52.000      1.40450E-03
  53.000      1.38110E-03
  54.000      1.28840E-03
  55.000      1.21990E-03
  56.000      1.49900E-03
  57.000      1.60020E-03
  58.000      1.59100E-03
  59.000      1.64770E-03
  60.000      1.55770E-03
  61.000      1.51380E-03
  62.000      1.73640E-03
  63.000      1.71310E-03
  64.000      1.81450E-03
  65.000      1.77800E-03
  65.800      1.68340E-03
  66.500      1.83660E-03
  67.500      1.90720E-03
  68.500      1.82100E-03
  69.500      1.94210E-03
  70.500      1.81450E-03
  71.600      2.00100E-03
  72.600      2.04120E-03
  73.500      2.06670E-03
  74.500      2.04160E-03
  75.500      2.03880E-03
  76.500      2.01730E-03
  77.500      2.08500E-03
  78.500      2.03480E-03
  79.500      2.10870E-03
  80.500      2.12910E-03
  81.500      2.16170E-03
  82.500      2.19380E-03
  83.500      2.06480E-03
  84.500      2.20790E-03
  85.500      2.18540E-03
  86.500      2.24730E-03
  87.500      2.26980E-03
  88.500      2.26640E-03
  89.500      2.27990E-03
  90.500      2.26300E-03
  91.500      1.78170E-03
  92.500      2.88540E-03
  93.500      3.76460E-03
  94.500      4.69930E-03
  95.500      5.29500E-03
  96.500      6.12060E-03
  97.500      4.65380E-03
  98.500      5.94860E-03
  99.500      5.51000E-03
  100.50      5.82050E-03
  101.50      5.88630E-03
  102.50      4.72960E-03
  103.50      5.89990E-03
  104.50      6.02810E-03
  105.50      5.99640E-03
  106.50      5.74510E-03
  107.50      5.83720E-03
  108.50      5.45500E-03
  109.50      5.80480E-03
  110.50      5.69500E-03
  111.50      5.65230E-03
  112.50      5.47600E-03
  113.50      5.61260E-03
  114.50      5.57860E-03
  115.50      5.44150E-03
  116.50      5.35050E-03
  117.50      4.97950E-03
  118.50      5.24720E-03
  119.50      5.18760E-03
  120.50      5.13090E-03
  121.50      4.12920E-03
  122.50      5.05130E-03
  123.50      5.02750E-03
  124.50      4.97750E-03
  125.50      5.03620E-03
  126.50      5.00940E-03
  127.50      4.99020E-03
  128.50      4.96470E-03
  129.50      4.90570E-03
  130.50      4.85210E-03
  131.50      4.84100E-03
  132.50      4.78500E-03
  133.50      4.76590E-03
  134.50      4.72950E-03
  135.50      4.65610E-03
  136.50      4.57240E-03
  137.50      4.49140E-03
  138.50      4.50810E-03
  139.50      4.39680E-03
  140.50      4.29780E-03
  141.50      4.44210E-03
  142.50      4.33560E-03
  143.50      4.37470E-03
  144.20      4.30490E-03
  144.70      4.29630E-03
  145.50      4.24620E-03
  146.50      4.23260E-03
  147.50      4.21150E-03
  148.50      4.22770E-03
  149.50      4.17650E-03
  150.50      4.16730E-03
  151.20      4.16210E-03
  151.70      4.11440E-03
  152.50      4.09550E-03
  153.50      3.97590E-03
  154.50      3.74000E-03
  155.50      3.75670E-03
  156.50      3.85720E-03
  157.50      3.87920E-03
  158.50      3.84500E-03
  159.50      3.83040E-03
  160.50      3.74620E-03
  161.50      3.70420E-03
  162.50      3.67340E-03
  163.50      3.61740E-03
  164.50      3.47880E-03
  165.50      3.67090E-03
  166.50      3.64350E-03
  167.20      3.57190E-03
  167.70      3.65250E-03
  168.50      3.62720E-03
  169.50      3.60600E-03
  170.50      3.56470E-03
  171.50      3.48420E-03
  172.50      3.47200E-03
  173.50      3.51280E-03
  174.50      3.48170E-03
  175.50      3.44720E-03
  176.50      3.42860E-03
  177.50      3.41120E-03
  178.50      3.39880E-03
  179.50      3.36120E-03
  180.50      3.34240E-03
  181.50      3.32030E-03
  182.50      3.29360E-03
  183.50      3.27790E-03
  184.50      3.25360E-03
  185.50      3.22680E-03
  186.50      3.20520E-03
  187.50      3.17700E-03
  188.50      3.15460E-03
  189.50      3.14750E-03
  190.50      3.12700E-03
  191.50      3.10290E-03
  192.50      3.04820E-03
  193.50      3.06380E-03
  194.50      3.04450E-03
  195.50      3.01540E-03
  196.70      2.99660E-03
  197.60      2.97670E-03
  198.40      2.96350E-03
  199.50      2.94020E-03
  200.50      2.92270E-03
  201.50      2.90290E-03
  202.50      2.88330E-03
  203.50      2.86300E-03
  204.50      2.83900E-03
  205.50      2.16580E-03
  206.50      2.08820E-03
  207.40      2.12390E-03
  207.80      2.16810E-03
  208.50      2.28820E-03
  209.50      2.54600E-03
  210.50      2.70860E-03
  211.50      2.72270E-03
  212.50      2.69790E-03
  213.50      2.68290E-03
  214.50      2.66970E-03
  215.50      2.69230E-03
  216.50      2.58700E-03
  217.50      2.68160E-03
  218.50      2.56740E-03
  219.50      2.64980E-03
  220.50      2.63840E-03
  221.50      2.51150E-03
  222.50      2.60460E-03
  223.50      2.59240E-03
  224.50      2.57040E-03
  225.50      2.45300E-03
  226.50      2.54090E-03
  227.50      2.52780E-03
  228.50      2.50320E-03
  229.50      2.46900E-03
  230.50      2.37960E-03
  231.50      2.45300E-03
  232.50      2.44710E-03
  233.50      2.43290E-03
  234.50      2.41620E-03
  235.50      2.40040E-03
  236.50      2.38520E-03
  237.50      2.36590E-03
  238.50      2.25360E-03
  239.50      2.32470E-03
  240.50      2.32250E-03
  241.50      2.30530E-03
  242.50      2.29910E-03
  243.50      2.28230E-03
  244.50      2.26940E-03
  245.50      2.24850E-03
  246.50      2.24210E-03
  247.50      2.23030E-03
  248.50      2.21510E-03
  249.50      2.10410E-03
  250.50      2.17410E-03
  251.30      2.01340E-03
  251.80      2.14040E-03
  252.50      2.15510E-03
  253.50      2.15020E-03
  254.50      2.13750E-03
  255.50      2.12380E-03
  256.50      2.11230E-03
  257.50      2.10000E-03
  258.50      2.08790E-03
  259.50      2.06420E-03
  260.50      2.06370E-03
  261.50      2.04670E-03
  262.50      2.04040E-03
  263.50      2.02910E-03
  264.50      2.01570E-03
  265.50      2.00580E-03
  266.50      1.99290E-03
  267.50      1.97450E-03
  268.50      1.96860E-03
  269.50      1.95730E-03
  270.50      1.94950E-03
  271.50      1.93770E-03
  272.50      1.92400E-03
  273.50      1.84990E-03
  274.50      1.90560E-03
  275.50      1.89440E-03
  276.50      1.88270E-03
  277.50      1.87300E-03
  278.50      1.86060E-03
  279.50      1.84690E-03
  280.50      1.84130E-03
  281.50      1.83170E-03
  282.50      1.81930E-03
  283.50      1.81110E-03
  284.50      1.80300E-03
  285.50      1.79300E-03
  286.50      1.78300E-03
  287.50      1.77340E-03
  288.50      1.76400E-03
  289.50      1.75370E-03
  291.00      1.73930E-03
  293.00      1.72160E-03
  295.00      1.70190E-03
  297.00      1.68350E-03
  299.00      1.66260E-03
  301.00      1.64670E-03
  303.00      1.62530E-03
  305.00      1.61090E-03
  307.00      1.59510E-03
  309.00      1.58070E-03
  311.00      1.56460E-03
  313.00      1.54780E-03
  315.00      1.53430E-03
  317.00      1.51810E-03
  319.00      1.50150E-03
  321.00      1.46260E-03
  323.00      1.47480E-03
  325.00      1.46050E-03
  327.00      1.43920E-03
  329.00      1.43070E-03
  331.00      1.41660E-03
  333.00      1.40300E-03
  335.00      1.38650E-03
  337.00      1.37630E-03
  339.00      1.36300E-03
  341.00      1.34970E-03
  343.00      1.33870E-03
  345.00      1.32300E-03
  347.00      1.31370E-03
  349.00      1.30190E-03
  351.00      1.28990E-03
  353.00      1.27710E-03
  355.00      1.26510E-03
  357.00      1.25460E-03
  359.00      1.24200E-03
  361.00      1.23120E-03
  363.00      1.21890E-03
  364.00      1.19120E-03
  365.00      1.08990E-03
  367.00      1.08180E-03
  369.00      1.07460E-03
  371.00      1.07100E-03
  373.00      1.07710E-03
  375.00      1.08770E-03
  377.00      1.09650E-03
  379.00      1.11640E-03
  381.00      1.13640E-03
  383.00      1.08530E-03
  385.00      1.13500E-03
  387.00      1.14090E-03
  389.00      1.04430E-03
  391.00      1.12810E-03
  393.00      1.11570E-03
  395.00      1.10990E-03
  397.00      1.00480E-03
  399.00      1.09080E-03
  401.00      1.08780E-03
  403.00      1.05740E-03
  405.00      1.07450E-03
  407.00      1.06210E-03
  409.00      1.02140E-03
  411.00      9.65620E-04
  413.00      1.03400E-03
  415.00      1.02890E-03
  417.00      1.02240E-03
  419.00      1.00730E-03
  421.00      9.88730E-04
  423.00      9.97690E-04
  425.00      9.89420E-04
  427.00      9.81370E-04
  429.00      9.73320E-04
  431.00      9.62820E-04
  433.00      9.20910E-04
  435.00      8.85740E-04
  437.00      9.39130E-04
  439.00      9.30990E-04
  441.00      9.27090E-04
  443.00      9.20240E-04
  445.00      9.13090E-04
  447.00      8.97180E-04
  449.00      8.98940E-04
  451.00      8.91750E-04
  453.00      8.82760E-04
  455.00      8.60260E-04
  457.00      8.71800E-04
  459.00      8.65110E-04
  461.00      8.58410E-04
  463.00      8.50300E-04
  465.00      8.39960E-04
  467.00      8.37650E-04
  469.00      8.03240E-04
  471.00      8.24680E-04
  473.00      8.21000E-04
  475.00      8.14910E-04
  477.00      8.08870E-04
  479.00      8.02910E-04
  481.00      7.96980E-04
  483.00      7.89220E-04
  485.00      7.62150E-04
  487.00      7.23470E-04
  489.00      7.70800E-04
  491.00      7.68250E-04
  493.00      7.59040E-04
  495.00      7.57490E-04
  497.00      7.52250E-04
  499.00      7.46950E-04
  501.00      7.39670E-04
  503.00      7.36270E-04
  505.00      7.30780E-04
  507.00      7.26150E-04
  509.00      7.21100E-04
  511.00      7.16100E-04
  513.00      7.11130E-04
  515.00      7.06230E-04
  517.00      7.01370E-04
  519.00      6.96570E-04
  521.00      6.91820E-04
  523.00      6.87120E-04
  525.00      6.82380E-04
  527.00      6.77540E-04
  529.00      6.73280E-04
  531.00      6.68760E-04
  533.00      6.64280E-04
  535.00      6.59860E-04
  537.00      6.55480E-04
  539.00      6.51130E-04
  541.00      6.33020E-04
  543.00      6.42280E-04
  545.00      6.38370E-04
  547.00      6.34190E-04
  549.00      6.30070E-04
  551.00      6.25800E-04
  553.00      6.21920E-04
  555.00      6.17910E-04
  557.00      6.13910E-04
  559.00      6.09210E-04
  561.00      6.06100E-04
  563.00      6.02240E-04
  565.00      5.98410E-04
  567.00      5.94620E-04
  569.00      5.83610E-04
  571.00      5.50030E-04
  573.00      5.46840E-04
  575.00      5.43680E-04
  577.00      5.40600E-04
  579.00      5.37660E-04
  581.00      5.34430E-04
  583.00      5.32730E-04
  585.00      5.31140E-04
  587.00      5.26360E-04
  589.00      5.28910E-04
  591.00      5.28470E-04
  593.00      5.28280E-04
  595.00      5.28460E-04
  597.00      5.28840E-04
  599.00      5.29780E-04
  601.00      5.29400E-04
  603.00      5.28850E-04
  605.00      5.28400E-04
  607.00      5.25320E-04
  609.00      5.22660E-04
  611.00      5.19860E-04
  613.00      5.17130E-04
  615.00      5.14670E-04
  617.00      5.10150E-04
  619.00      5.08500E-04
  621.00      5.05710E-04
  623.00      5.01060E-04
  625.00      4.99360E-04
  627.00      4.96950E-04
  629.00      4.94070E-04
  631.00      4.88810E-04
  633.00      4.88080E-04
  635.00      4.85610E-04
  637.00      4.82840E-04
  639.00      4.79750E-04
  641.00      4.74180E-04
  643.00      4.74620E-04
  645.00      4.71970E-04
  647.00      4.69290E-04
  649.00      4.66680E-04
  651.00      4.63420E-04
  653.00      4.56490E-04
  655.00      4.50830E-04
  657.00      4.23960E-04
  659.00      4.51970E-04
  661.00      4.51330E-04
  663.00      4.48850E-04
  665.00      4.46400E-04
  667.00      4.41590E-04
  669.00      4.35270E-04
  671.00      4.38860E-04
  673.00      4.36710E-04
  675.00      4.34340E-04
  677.00      4.32020E-04
  679.00      4.29700E-04
  681.00      4.27390E-04
  683.00      4.25100E-04
  685.00      4.22830E-04
  687.00      4.20540E-04
  689.00      4.12500E-04
  691.00      4.15670E-04
  693.00      4.13920E-04
  695.00      4.11730E-04
  697.00      4.09570E-04
  699.00      4.07410E-04
  701.00      4.05240E-04
  703.00      4.03100E-04
  705.00      4.01000E-04
  707.00      3.97260E-04
  709.00      3.96920E-04
  711.00      3.94860E-04
  713.00      3.92820E-04
  715.00      3.90800E-04
  717.00      3.84780E-04
  719.00      3.84220E-04
  721.00      3.84840E-04
  723.00      3.82880E-04
  725.00      3.80940E-04
  727.00      3.79010E-04
  729.00      3.76500E-04
  731.00      3.75140E-04
  733.00      3.73310E-04
  735.00      3.71440E-04
  737.00      3.69560E-04
  739.00      3.67730E-04
  741.00      3.65880E-04
  743.00      3.64090E-04
  745.00      3.62210E-04
  747.00      3.60500E-04
  749.00      3.58650E-04
  751.00      3.56920E-04
  753.00      3.55210E-04
  755.00      3.53470E-04
  757.00      3.51740E-04
  759.00      3.44050E-04
  761.00      3.47820E-04
  763.00      3.46640E-04
  765.00      3.44960E-04
  767.00      3.43310E-04
  769.00      3.41560E-04
  771.00      3.39990E-04
  773.00      3.38240E-04
  775.00      3.36770E-04
  777.00      3.35170E-04
  779.00      3.33580E-04
  781.00      3.31990E-04
  783.00      3.30430E-04
  785.00      3.28830E-04
  787.00      3.27310E-04
  789.00      3.25790E-04
  791.00      3.24280E-04
  793.00      3.22770E-04
  795.00      3.21260E-04
  797.00      3.19700E-04
  799.00      3.18280E-04
  801.00      3.16810E-04
  803.00      3.15330E-04
  805.00      3.13890E-04
  807.00      3.12450E-04
  809.00      3.11010E-04
  811.00      3.09590E-04
  813.00      3.08170E-04
  815.00      3.06770E-04
  817.00      3.05300E-04
  819.00      3.02720E-04
  821.00      2.90990E-04
  823.00      2.87810E-04
  825.00      2.87990E-04
  827.00      2.87240E-04
  829.00      2.86080E-04
  831.00      2.84870E-04
  833.00      2.83590E-04
  835.00      2.82390E-04
  837.00      2.81270E-04
  839.00      2.80130E-04
  841.00      2.79040E-04
  843.00      2.77940E-04
  845.00      2.76780E-04
  847.00      2.75860E-04
  849.00      2.74970E-04
  851.00      2.74030E-04
  853.00      2.73190E-04
  855.00      2.72200E-04
  857.00      2.71600E-04
  859.00      2.70370E-04
  861.00      2.69740E-04
  863.00      2.69510E-04
  865.00      2.68350E-04
  867.00      2.66630E-04
  869.00      2.67390E-04
  871.00      2.67090E-04
  873.00      2.65770E-04
  875.00      2.62320E-04
  877.00      2.63880E-04
  879.00      2.64770E-04
  881.00      2.64460E-04
  883.00      2.63560E-04
  885.00      2.59480E-04
  887.00      2.55160E-04
  889.00      2.59960E-04
  891.00      2.60520E-04
  893.00      2.59910E-04
  895.00      2.59190E-04
  897.00      2.57850E-04
  899.00      2.54930E-04
  901.00      2.46280E-04
  903.00      2.48620E-04
  905.00      2.52720E-04
  907.00      2.52450E-04
  909.00      2.51980E-04
  911.00      2.50870E-04
  913.00      2.50380E-04
  915.00      2.49450E-04
  917.00      2.47900E-04
  919.00      2.46190E-04
  921.00      2.41940E-04
  923.00      2.31510E-04
  925.00      2.39420E-04
  927.00      2.42050E-04
  929.00      2.41940E-04
  931.00      2.41230E-04
  933.00      2.39920E-04
  935.00      2.33800E-04
  937.00      2.37540E-04
  939.00      2.37430E-04
  941.00      2.36600E-04
  943.00      2.35670E-04
  945.00      2.34730E-04
  947.00      2.33620E-04
  949.00      2.32470E-04
  951.00      2.30300E-04
  953.00      2.25630E-04
  955.00      2.15320E-04
  957.00      2.25260E-04
  959.00      2.27240E-04
  961.00      2.27080E-04
  963.00      2.26360E-04
  965.00      2.25630E-04
  967.00      2.24750E-04
  969.00      2.23870E-04
  971.00      2.22740E-04
  973.00      2.22120E-04
  975.00      2.20960E-04
  977.00      2.19300E-04
  979.00      2.19570E-04
  981.00      2.18730E-04
  983.00      2.17870E-04
  985.00      2.17050E-04
  987.00      2.16220E-04
  989.00      2.15390E-04
  991.00      2.14560E-04
  993.00      2.13750E-04
  995.00      2.12940E-04
  997.00      2.12130E-04
  999.00      2.11090E-04
  1002.5      2.05630E-04
  1007.5      2.02100E-04
  1012.5      2.02490E-04
  1017.5      2.04100E-04
  1022.5      2.02220E-04
  1027.5      2.00340E-04
  1032.5      1.98330E-04
  1037.5      1.96710E-04
  1042.5      1.94000E-04
  1047.5      1.93160E-04
  1052.5      1.91420E-04
  1057.5      1.89710E-04
  1062.5      1.88020E-04
  1067.5      1.86320E-04
  1072.5      1.84700E-04
  1077.5      1.83070E-04
  1082.5      1.80930E-04
  1087.5      1.79570E-04
  1092.5      1.71290E-04
  1097.5      1.74680E-04
  1102.5      1.75120E-04
  1107.5      1.73750E-04
  1112.5      1.72270E-04
  1117.5      1.70890E-04
  1122.5      1.69430E-04
  1127.5      1.68010E-04
  1132.5      1.66600E-04
  1137.5      1.65210E-04
  1142.5      1.63830E-04
  1147.5      1.62470E-04
  1152.5      1.61130E-04
  1157.5      1.59800E-04
  1162.5      1.56700E-04
  1167.5      1.55980E-04
  1172.5      1.55920E-04
  1177.5      1.54660E-04
  1182.5      1.53410E-04
  1187.5      1.52180E-04
  1192.5      1.50960E-04
  1197.5      1.49470E-04
  1202.5      1.48570E-04
  1207.5      1.47390E-04
  1212.5      1.46230E-04
  1217.5      1.45080E-04
  1222.5      1.43950E-04
  1227.5      1.42830E-04
  1232.5      1.41720E-04
  1237.5      1.40630E-04
  1242.5      1.39540E-04
  1247.5      1.38470E-04
  1252.5      1.37380E-04
  1257.5      1.36370E-04
  1262.5      1.35330E-04
  1267.5      1.34310E-04
  1272.5      1.33300E-04
  1277.5      1.31290E-04
  1282.5      1.25620E-04
  1287.5      1.29890E-04
  1292.5      1.29370E-04
  1297.5      1.28320E-04
  1302.5      1.27470E-04
  1307.5      1.26530E-04
  1312.5      1.25610E-04
  1317.5      1.24690E-04
  1322.5      1.23790E-04
  1327.5      1.22890E-04
  1332.5      1.22010E-04
  1337.5      1.21130E-04
  1342.5      1.20250E-04
  1347.5      1.19410E-04
  1352.5      1.18560E-04
  1357.5      1.17720E-04
  1362.5      1.16890E-04
  1367.5      1.16070E-04
  1372.5      1.15250E-04
  1377.5      1.14450E-04
  1382.5      1.13650E-04
  1387.5      1.12870E-04
  1392.5      1.12090E-04
  1397.5      1.11310E-04
  1402.5      1.10550E-04
  1407.5      1.09790E-04
  1412.5      1.09050E-04
  1417.5      1.08300E-04
  1422.5      1.07570E-04
  1427.5      1.06850E-04
  1432.5      1.06130E-04
  1437.5      1.05420E-04
  1442.5      1.04710E-04
  1447.5      1.04010E-04
  1452.5      1.03320E-04
  1457.0      1.02710E-04
  1462.0      1.02050E-04
  1467.5      1.01310E-04
  1472.5      1.00590E-04
  1477.5      9.90100E-05
  1482.5      9.93330E-05
  1487.5      9.87060E-05
  1492.5      9.80730E-05
  1497.5      9.74420E-05
  1502.5      9.68180E-05
  1507.5      9.61750E-05
  1512.5      9.55860E-05
  1517.5      9.49780E-05
  1522.5      9.43770E-05
  1527.5      9.37780E-05
  1532.5      9.31850E-05
  1537.5      9.26030E-05
  1542.5      9.20130E-05
  1547.5      9.14480E-05
  1552.5      9.08730E-05
  1557.5      9.02870E-05
  1562.5      8.97620E-05
  1567.5      8.91650E-05
  1572.5      8.85950E-05
  1577.5      8.81940E-05
  1582.5      8.75860E-05
  1587.5      8.68750E-05
  1592.5      8.64620E-05
  1597.5      8.61690E-05
  1605.0      8.52070E-05
  1615.0      8.40250E-05
  1625.0      8.33610E-05
  1635.0      8.21210E-05
  1645.0      8.08910E-05
  1655.0      8.04510E-05
  1665.0      7.95150E-05
  1675.0      7.82380E-05
  1685.0      7.69780E-05
  1695.0      7.68010E-05
  1705.0      7.58150E-05
  1715.0      7.50700E-05
  1725.0      7.41780E-05
  1735.0      7.22940E-05
  1745.0      7.24050E-05
  1755.0      7.17750E-05
  1765.0      7.09850E-05
  1775.0      7.02080E-05
  1785.0      6.94440E-05
  1795.0      6.86920E-05
  1805.0      6.79380E-05
  1815.0      6.60470E-05
  1825.0      6.62250E-05
  1835.0      6.58010E-05
  1845.0      6.51080E-05
  1855.0      6.44310E-05
  1865.0      6.29330E-05
  1875.0      6.14350E-05
  1885.0      6.24190E-05
  1895.0      6.18060E-05
  1905.0      6.11280E-05
  1915.0      6.05510E-05
  1925.0      5.99380E-05
  1935.0      5.92460E-05
  1945.0      5.73740E-05
  1955.0      5.80560E-05
  1965.0      5.75770E-05
  1975.0      5.70080E-05
  1985.0      5.64480E-05
  1995.0      5.58950E-05
  2005.0      5.53510E-05
  2015.0      5.48150E-05
  2025.0      5.42870E-05
  2035.0      5.37660E-05
  2045.0      5.32510E-05
  2055.0      5.27310E-05
  2065.0      5.22470E-05
  2075.0      5.17540E-05
  2085.0      5.12690E-05
  2095.0      5.07910E-05
  2105.0      5.03190E-05
  2115.0      4.98240E-05
  2125.0      4.93950E-05
  2135.0      4.89430E-05
  2145.0      4.84950E-05
  2155.0      4.80040E-05
  2165.0      4.63580E-05
  2175.0      4.70720E-05
  2185.0      4.67670E-05
  2195.0      4.63530E-05
  2205.0      4.59410E-05
  2215.0      4.55350E-05
  2225.0      4.51340E-05
  2235.0      4.47390E-05
  2245.0      4.43480E-05
  2255.0      4.39620E-05
  2265.0      4.35820E-05
  2275.0      4.32060E-05
  2285.0      4.28770E-05
  2295.0      4.25100E-05
  2305.0      4.21480E-05
  2315.0      4.17910E-05
  2325.0      4.14390E-05
  2335.0      4.10910E-05
  2345.0      4.07470E-05
  2355.0      4.04070E-05
  2365.0      4.00720E-05
  2375.0      3.97400E-05
  2385.0      3.94130E-05
  2395.0      3.90900E-05
  2405.0      3.87710E-05
  2415.0      3.84550E-05
  2425.0      3.81430E-05
  2435.0      3.78360E-05
  2445.0      3.75320E-05
  2455.0      3.72310E-05
  2465.0      3.69340E-05
  2475.0      3.66270E-05
  2485.0      3.63510E-05
  2495.0      3.60640E-05
  2505.0      3.57810E-05
  2515.0      3.55020E-05
  2525.0      3.52250E-05
  2535.0      3.49520E-05
  2545.0      3.46820E-05
  2555.0      3.44140E-05
  2565.0      3.41370E-05
  2575.0      3.38890E-05
  2585.0      3.36310E-05
  2595.0      3.33760E-05
  2605.0      3.30940E-05
  2615.0      3.27170E-05
  2625.0      3.16290E-05
  2635.0      3.22850E-05
  2645.0      3.21430E-05
  2655.0      3.19000E-05
  2665.0      3.16480E-05
  2675.0      3.13030E-05
  2685.0      3.11830E-05
  2695.0      3.09760E-05
  2705.0      3.07510E-05
  2715.0      3.05280E-05
  2725.0      3.03070E-05
  2735.0      3.00880E-05
  2745.0      2.98660E-05
  2755.0      2.94700E-05
  2765.0      2.93530E-05
  2775.0      2.92370E-05
  2785.0      2.90300E-05
  2795.0      2.88250E-05
  2805.0      2.86220E-05
  2815.0      2.84220E-05
  2825.0      2.82230E-05
  2835.0      2.80270E-05
  2845.0      2.78320E-05
  2855.0      2.76370E-05
  2865.0      2.73500E-05
  2875.0      2.69710E-05
  2885.0      2.70400E-05
  2895.0      2.68890E-05
  2905.0      2.67060E-05
  2915.0      2.65250E-05
  2925.0      2.63460E-05
  2935.0      2.61690E-05
  2945.0      2.59930E-05
  2955.0      2.58190E-05
  2965.0      2.56470E-05
  2975.0      2.54770E-05
  2985.0      2.53080E-05
  2995.0      2.51410E-05
  3005.0      2.49750E-05
  3015.0      2.48110E-05
  3025.0      2.46320E-05
  3035.0      2.41860E-05
  3045.0      2.41360E-05
  3055.0      2.41670E-05
  3065.0      2.40160E-05
  3075.0      2.38610E-05
  3085.0      2.37080E-05
  3095.0      2.35570E-05
  3105.0      2.34070E-05
  3115.0      2.32580E-05
  3125.0      2.31110E-05
  3135.0      2.29650E-05
  3145.0      2.28200E-05
  3155.0      2.26770E-05
  3165.0      2.25350E-05
  3175.0      2.23950E-05
  3185.0      2.22550E-05
  3195.0      2.21170E-05
  3210.0      2.19130E-05
  3230.0      2.16440E-05
  3250.0      2.13810E-05
  3270.0      2.11220E-05
  3290.0      2.05900E-05
  3310.0      2.05560E-05
  3330.0      2.03830E-05
  3350.0      2.01420E-05
  3370.0      1.99050E-05
  3390.0      1.96730E-05
  3410.0      1.94440E-05
  3430.0      1.92190E-05
  3450.0      1.89990E-05
  3470.0      1.87820E-05
  3490.0      1.85680E-05
  3510.0      1.83580E-05
  3530.0      1.81520E-05
  3550.0      1.79490E-05
  3570.0      1.77500E-05
  3590.0      1.75540E-05
  3610.0      1.73610E-05
  3630.0      1.71710E-05
  3650.0      1.69840E-05
  3670.0      1.68000E-05
  3690.0      1.66190E-05
  3710.0      1.64350E-05
  3730.0      1.61350E-05
  3750.0      1.59000E-05
  3770.0      1.59240E-05
  3790.0      1.57570E-05
  3810.0      1.55930E-05
  3830.0      1.54310E-05
  3850.0      1.52720E-05
  3870.0      1.51150E-05
  3890.0      1.49600E-05
  3910.0      1.48080E-05
  3930.0      1.46580E-05
  3950.0      1.45110E-05
  3970.0      1.43650E-05
  3990.0      1.42220E-05
  4010.0      1.40720E-05
  4030.0      1.39190E-05
  4050.0      1.35450E-05
  4070.0      1.36650E-05
  4090.0      1.35370E-05
  4110.0      1.34060E-05
  4130.0      1.32750E-05
  4150.0      1.31490E-05
  4170.0      1.29820E-05
  4190.0      1.28990E-05
  4210.0      1.27770E-05
  4230.0      1.26570E-05
  4250.0      1.25380E-05
  4270.0      1.24210E-05
  4290.0      1.23030E-05
  4310.0      1.21920E-05
  4330.0      1.20800E-05
  4350.0      1.19690E-05
  4370.0      1.18020E-05
  4390.0      1.17300E-05
  4410.0      1.16450E-05
  4430.0      1.15410E-05
  4450.0      1.14370E-05
  4470.0      1.13380E-05
  4490.0      1.12370E-05
  4510.0      1.11380E-05
  4530.0      1.10400E-05
  4550.0      1.09430E-05
  4570.0      1.08470E-05
  4590.0      1.07530E-05
  4610.0      1.06590E-05
  4630.0      1.05610E-05
  4650.0      1.02290E-05
  4670.0      1.02720E-05
  4690.0      1.02780E-05
  4710.0      1.02110E-05
  4730.0      1.01250E-05
  4750.0      1.00400E-05
  4770.0      9.95550E-06
  4790.0      9.87240E-06
  4810.0      9.79040E-06
  4830.0      9.70930E-06
  4850.0      9.62920E-06
  4870.0      9.55010E-06
  4890.0      9.47200E-06
  4910.0      9.39480E-06
  4930.0      9.31860E-06
  4950.0      9.24320E-06
  4970.0      9.16880E-06
  4990.0      9.09530E-06
  5010.0      9.02260E-06
  5030.0      8.95080E-06
  5050.0      8.87990E-06
  5070.0      8.80970E-06
  5090.0      8.74030E-06
  5110.0      8.65570E-06
  5130.0      8.48780E-06
  5150.0      8.52810E-06
  5170.0      8.47120E-06
  5190.0      8.40590E-06
  5210.0      8.34130E-06
  5230.0      8.27740E-06
  5250.0      8.21420E-06
  5270.0      8.15170E-06
  5290.0      8.09000E-06
  5310.0      8.02900E-06
  5330.0      7.96860E-06
  5350.0      7.90890E-06
  5370.0      7.84980E-06
  5390.0      7.79150E-06
  5410.0      7.73380E-06
  5430.0      7.67670E-06
  5450.0      7.62020E-06
  5470.0      7.56440E-06
  5490.0      7.50910E-06
  5510.0      7.45440E-06
  5530.0      7.40030E-06
  5550.0      7.34690E-06
  5570.0      7.29400E-06
  5590.0      7.24160E-06
  5610.0      7.18980E-06
  5630.0      7.13860E-06
  5650.0      7.08790E-06
  5670.0      7.03770E-06
  5690.0      6.98800E-06
  5710.0      6.93880E-06
  5730.0      6.89020E-06
  5750.0      6.84220E-06
  5770.0      6.79460E-06
  5790.0      6.74750E-06
  5810.0      6.70090E-06
  5830.0      6.65470E-06
  5850.0      6.61020E-06
  5870.0      6.56490E-06
  5890.0      6.50190E-06
  5910.0      6.34550E-06
  5930.0      6.41880E-06
  5950.0      6.37620E-06
  5970.0      6.34150E-06
  5990.0      6.30310E-06
  6010.0      6.26100E-06
  6030.0      6.21920E-06
  6050.0      6.17790E-06
  6070.0      6.13700E-06
  6090.0      6.09650E-06
  6110.0      6.05640E-06
  6130.0      6.01670E-06
  6150.0      5.97740E-06
  6170.0      5.93840E-06
  6190.0      5.89990E-06
  6210.0      5.86170E-06
  6230.0      5.82380E-06
  6250.0      5.78630E-06
  6270.0      5.74810E-06
  6290.0      5.68860E-06
  6310.0      5.67110E-06
  6330.0      5.64000E-06
  6350.0      5.60430E-06
  6370.0      5.56890E-06
  6390.0      5.53390E-06
  6420.0      5.48190E-06
  6460.0      5.41380E-06
  6500.0      5.34680E-06
  6540.0      5.28110E-06
  6580.0      5.21660E-06
  6620.0      5.15330E-06
  6660.0      5.09110E-06
  6700.0      5.03000E-06
  6740.0      4.96660E-06
  6780.0      4.88760E-06
  6820.0      4.85310E-06
  6860.0      4.79620E-06
  6900.0      4.74030E-06
  6940.0      4.68540E-06
  6980.0      4.63140E-06
  7020.0      4.57830E-06
  7060.0      4.52610E-06
  7100.0      4.47470E-06
  7140.0      4.42430E-06
  7180.0      4.37470E-06
  7220.0      4.32590E-06
  7260.0      4.27790E-06
  7300.0      4.23070E-06
  7340.0      4.18430E-06
  7380.0      4.13860E-06
  7420.0      4.09100E-06
  7460.0      3.96560E-06
  7500.0      3.91640E-06
  7540.0      3.95470E-06
  7580.0      3.92100E-06
  7620.0      3.87950E-06
  7660.0      3.83870E-06
  7700.0      3.79850E-06
  7740.0      3.75900E-06
  7780.0      3.72000E-06
  7820.0      3.68170E-06
  7860.0      3.64390E-06
  7900.0      3.60670E-06
  7940.0      3.57010E-06
  7980.0      3.53400E-06
  8020.0      3.49850E-06
  8060.0      3.46350E-06
  8100.0      3.42900E-06
  8140.0      3.39490E-06
  8180.0      3.36140E-06
  8220.0      3.32850E-06
  8260.0      3.29600E-06
  8300.0      3.26390E-06
  8340.0      3.23230E-06
  8380.0      3.20120E-06
  8420.0      3.17050E-06
  8460.0      3.14030E-06
  8500.0      3.11040E-06
  8540.0      3.08100E-06
  8580.0      3.05200E-06
  8620.0      3.02340E-06
  8660.0      2.99060E-06
  8700.0      2.96730E-06
  8740.0      2.91900E-06
  8780.0      2.89210E-06
  8820.0      2.88620E-06
  8860.0      2.85990E-06
  8900.0      2.83390E-06
  8940.0      2.80830E-06
  8980.0      2.78310E-06
  9020.0      2.75810E-06
  9060.0      2.73350E-06
  9100.0      2.70920E-06
  9140.0      2.68520E-06
  9180.0      2.66160E-06
  9220.0      2.63820E-06
  9260.0      2.61520E-06
  9300.0      2.59240E-06
  9340.0      2.57000E-06
  9380.0      2.53920E-06
  9420.0      2.52330E-06
  9460.0      2.50430E-06
  9500.0      2.48300E-06
  9540.0      2.46200E-06
  9580.0      2.44120E-06
  9620.0      2.42060E-06
  9660.0      2.40040E-06
  9700.0      2.38030E-06
  9740.0      2.36050E-06
  9780.0      2.34100E-06
  9820.0      2.32170E-06
  9860.0      2.30260E-06
  9900.0      2.28380E-06
  9940.0      2.26520E-06
  9980.0      2.24680E-06
  10020.      2.22870E-06
  20000.      5.45050E-07
  40000.      1.31740E-07
  60000.      5.73340E-08
  80000.      3.17710E-08
 1.00000E+05  2.00990E-08
 1.20000E+05  1.38270E-08
 1.40000E+05  1.00770E-08
 1.60000E+05  7.66200E-09
