 Castelli and Kurucz 2004-2012 Atmosphere
 T     45000.     G    5.00000 [0.5a] VTURB=2  L/H=1.25 NOVER NEW ODF          
 Wavelength  Eddington Hnu
   (nm)    (ergs/s/cm2/Hz/sr)
  9.0900      3.27410E-22
  9.3500      1.08150E-21
  9.6100      3.27510E-21
  9.7700      6.50960E-21
  9.9600      1.39900E-20
  10.200      3.53760E-20
  10.380      6.90830E-20
  10.560      1.31960E-19
  10.770      2.73460E-19
  11.040      6.70890E-19
  11.400      2.08120E-18
  11.780      6.35680E-18
  12.130      1.69320E-17
  12.480      4.24760E-17
  12.710      7.57160E-17
  12.840      1.04170E-16
  13.050      1.70990E-16
  13.240      2.63660E-16
  13.390      3.71620E-16
  13.660      6.63230E-16
  13.980      1.31630E-15
  14.330      2.62030E-15
  14.720      5.25240E-15
  15.100      1.10530E-14
  15.520      2.27970E-14
  15.880      4.16500E-14
  16.200      7.94330E-14
  16.600      1.48550E-13
  17.030      2.69120E-13
  17.340      4.10270E-13
  17.680      6.79370E-13
  18.020      1.06030E-12
  18.170      1.29550E-12
  18.610      2.29570E-12
  19.100      4.03680E-12
  19.390      5.78980E-12
  19.840      9.60890E-12
  20.180      1.31890E-11
  20.500      1.86690E-11
  21.050      3.15620E-11
  21.620      5.19920E-11
  21.980      7.26690E-11
  22.300      9.37780E-11
  22.680      1.45090E-10
  23.000      1.96380E-08
  23.400      5.31480E-08
  24.000      6.96570E-08
  24.650      1.15130E-07
  25.240      2.94260E-07
  25.680      5.41560E-07
  26.000      5.58520E-07
  26.400      2.84440E-06
  26.850      4.04560E-06
  27.350      5.72990E-06
  27.850      3.05710E-06
  28.400      9.52210E-06
  29.000      1.97000E-05
  29.600      1.48540E-05
  30.100      2.01520E-05
  30.800      5.76850E-05
  31.800      8.96810E-06
  32.800      1.57590E-05
  33.800      1.49540E-05
  34.800      1.86330E-05
  35.700      4.54270E-05
  36.600      1.20040E-04
  37.500      2.12880E-04
  38.500      2.41110E-04
  39.500      4.79130E-04
  40.500      1.09370E-03
  41.400      9.50970E-04
  42.200      8.78280E-04
  43.000      8.43500E-04
  44.100      1.05620E-03
  45.100      1.15490E-03
  46.000      8.10430E-04
  47.000      1.05410E-03
  48.000      1.40790E-03
  49.000      8.32920E-04
  50.000      1.79450E-03
  50.600      1.28120E-03
  51.200      2.02880E-03
  52.000      1.88840E-03
  53.000      1.78330E-03
  54.000      1.42990E-03
  55.000      1.03830E-03
  56.000      1.54380E-03
  57.000      2.35760E-03
  58.000      2.42100E-03
  59.000      2.46650E-03
  60.000      1.71030E-03
  61.000      1.44280E-03
  62.000      2.22170E-03
  63.000      2.00820E-03
  64.000      2.63360E-03
  65.000      2.34870E-03
  65.800      1.77310E-03
  66.500      2.55330E-03
  67.500      2.78550E-03
  68.500      2.31080E-03
  69.500      2.80750E-03
  70.500      2.09920E-03
  71.600      2.87550E-03
  72.600      3.02070E-03
  73.500      3.03660E-03
  74.500      2.79100E-03
  75.500      2.73780E-03
  76.500      2.46360E-03
  77.500      2.83670E-03
  78.500      2.17400E-03
  79.500      2.73770E-03
  80.500      2.88830E-03
  81.500      2.90690E-03
  82.500      3.00660E-03
  83.500      2.44960E-03
  84.500      2.92240E-03
  85.500      2.64910E-03
  86.500      2.98970E-03
  87.500      3.05370E-03
  88.500      2.98780E-03
  89.500      2.97450E-03
  90.500      2.89710E-03
  91.500      2.12550E-03
  92.500      3.34000E-03
  93.500      4.35320E-03
  94.500      5.01390E-03
  95.500      6.05850E-03
  96.500      6.55990E-03
  97.500      4.84810E-03
  98.500      5.81560E-03
  99.500      5.10820E-03
  100.50      5.14570E-03
  101.50      5.46760E-03
  102.50      5.14770E-03
  103.50      5.87530E-03
  104.50      6.39220E-03
  105.50      6.26380E-03
  106.50      5.72140E-03
  107.50      6.19400E-03
  108.50      5.47750E-03
  109.50      6.10090E-03
  110.50      5.97410E-03
  111.50      6.00260E-03
  112.50      5.66800E-03
  113.50      6.04330E-03
  114.50      6.13210E-03
  115.50      5.63910E-03
  116.50      5.28630E-03
  117.50      4.78150E-03
  118.50      5.40600E-03
  119.50      4.98470E-03
  120.50      4.98930E-03
  121.50      4.23800E-03
  122.50      4.86460E-03
  123.50      4.84420E-03
  124.50      4.72010E-03
  125.50      4.97190E-03
  126.50      5.07220E-03
  127.50      5.21530E-03
  128.50      5.23280E-03
  129.50      5.24530E-03
  130.50      5.12430E-03
  131.50      5.16900E-03
  132.50      5.13020E-03
  133.50      5.06870E-03
  134.50      4.97630E-03
  135.50      4.87590E-03
  136.50      4.68260E-03
  137.50      4.46830E-03
  138.50      4.59830E-03
  139.50      4.35530E-03
  140.50      4.15670E-03
  141.50      4.81680E-03
  142.50      4.44010E-03
  143.50      4.72940E-03
  144.20      4.46770E-03
  144.70      4.51040E-03
  145.50      4.40300E-03
  146.50      4.40630E-03
  147.50      4.46290E-03
  148.50      4.54180E-03
  149.50      4.43300E-03
  150.50      4.40720E-03
  151.20      4.41300E-03
  151.70      4.33810E-03
  152.50      4.36550E-03
  153.50      4.01490E-03
  154.50      3.27620E-03
  155.50      3.42030E-03
  156.50      3.88660E-03
  157.50      4.03740E-03
  158.50      3.93000E-03
  159.50      4.09540E-03
  160.50      3.92420E-03
  161.50      3.84180E-03
  162.50      3.95210E-03
  163.50      3.96160E-03
  164.50      3.85870E-03
  165.50      3.99250E-03
  166.50      3.87480E-03
  167.20      3.74930E-03
  167.70      4.13260E-03
  168.50      4.08030E-03
  169.50      4.07370E-03
  170.50      3.95710E-03
  171.50      3.80030E-03
  172.50      3.75440E-03
  173.50      3.92790E-03
  174.50      3.93440E-03
  175.50      3.89710E-03
  176.50      3.81700E-03
  177.50      3.76240E-03
  178.50      3.83540E-03
  179.50      3.73720E-03
  180.50      3.71850E-03
  181.50      3.66880E-03
  182.50      3.63710E-03
  183.50      3.63950E-03
  184.50      3.65860E-03
  185.50      3.64990E-03
  186.50      3.67280E-03
  187.50      3.56980E-03
  188.50      3.53740E-03
  189.50      3.60000E-03
  190.50      3.57990E-03
  191.50      3.56250E-03
  192.50      3.39290E-03
  193.50      3.54100E-03
  194.50      3.53860E-03
  195.50      3.41180E-03
  196.70      3.45100E-03
  197.60      3.40260E-03
  198.40      3.44180E-03
  199.50      3.40810E-03
  200.50      3.41810E-03
  201.50      3.39640E-03
  202.50      3.38590E-03
  203.50      3.32860E-03
  204.50      3.28950E-03
  205.50      2.38930E-03
  206.50      2.29490E-03
  207.40      2.36000E-03
  207.80      2.41770E-03
  208.50      2.58910E-03
  209.50      2.91560E-03
  210.50      3.09340E-03
  211.50      3.15980E-03
  212.50      3.09710E-03
  213.50      3.12870E-03
  214.50      3.09930E-03
  215.50      3.08530E-03
  216.50      2.89880E-03
  217.50      3.08120E-03
  218.50      2.94270E-03
  219.50      3.07340E-03
  220.50      3.04280E-03
  221.50      2.87250E-03
  222.50      3.01460E-03
  223.50      2.99370E-03
  224.50      2.97020E-03
  225.50      2.82930E-03
  226.50      2.91870E-03
  227.50      2.93980E-03
  228.50      2.83250E-03
  229.50      2.79540E-03
  230.50      2.73280E-03
  231.50      2.77420E-03
  232.50      2.81160E-03
  233.50      2.80740E-03
  234.50      2.75850E-03
  235.50      2.71040E-03
  236.50      2.67860E-03
  237.50      2.62290E-03
  238.50      2.47560E-03
  239.50      2.58120E-03
  240.50      2.57640E-03
  241.50      2.56710E-03
  242.50      2.59700E-03
  243.50      2.56400E-03
  244.50      2.55060E-03
  245.50      2.50820E-03
  246.50      2.52020E-03
  247.50      2.54230E-03
  248.50      2.47850E-03
  249.50      2.06220E-03
  250.50      2.43360E-03
  251.30      2.25460E-03
  251.80      2.35500E-03
  252.50      2.39980E-03
  253.50      2.42950E-03
  254.50      2.42120E-03
  255.50      2.40760E-03
  256.50      2.39070E-03
  257.50      2.37550E-03
  258.50      2.36400E-03
  259.50      2.27820E-03
  260.50      2.33620E-03
  261.50      2.27190E-03
  262.50      2.31290E-03
  263.50      2.30700E-03
  264.50      2.26210E-03
  265.50      2.27730E-03
  266.50      2.25620E-03
  267.50      2.19370E-03
  268.50      2.21380E-03
  269.50      2.19900E-03
  270.50      2.22200E-03
  271.50      2.20020E-03
  272.50      2.17790E-03
  273.50      2.09210E-03
  274.50      2.16830E-03
  275.50      2.13830E-03
  276.50      2.13740E-03
  277.50      2.11530E-03
  278.50      2.06500E-03
  279.50      2.04880E-03
  280.50      2.06720E-03
  281.50      2.06040E-03
  282.50      2.03600E-03
  283.50      2.04170E-03
  284.50      2.03890E-03
  285.50      2.02290E-03
  286.50      1.98680E-03
  287.50      1.97100E-03
  288.50      1.98220E-03
  289.50      1.95950E-03
  291.00      1.94670E-03
  293.00      1.94040E-03
  295.00      1.92060E-03
  297.00      1.88920E-03
  299.00      1.85040E-03
  301.00      1.82840E-03
  303.00      1.78850E-03
  305.00      1.79040E-03
  307.00      1.74930E-03
  309.00      1.75780E-03
  311.00      1.74650E-03
  313.00      1.72300E-03
  315.00      1.71810E-03
  317.00      1.69580E-03
  319.00      1.68370E-03
  321.00      1.61930E-03
  323.00      1.64800E-03
  325.00      1.63540E-03
  327.00      1.59330E-03
  329.00      1.59310E-03
  331.00      1.57400E-03
  333.00      1.55140E-03
  335.00      1.51590E-03
  337.00      1.51560E-03
  339.00      1.49790E-03
  341.00      1.48380E-03
  343.00      1.48880E-03
  345.00      1.45000E-03
  347.00      1.45420E-03
  349.00      1.44430E-03
  351.00      1.43630E-03
  353.00      1.41330E-03
  355.00      1.40230E-03
  357.00      1.38860E-03
  359.00      1.37950E-03
  361.00      1.36240E-03
  363.00      1.34730E-03
  364.00      1.31410E-03
  365.00      1.16950E-03
  367.00      1.16160E-03
  369.00      1.15120E-03
  371.00      1.13760E-03
  373.00      1.15510E-03
  375.00      1.17410E-03
  377.00      1.18950E-03
  379.00      1.22850E-03
  381.00      1.25360E-03
  383.00      1.19590E-03
  385.00      1.25890E-03
  387.00      1.24100E-03
  389.00      1.14290E-03
  391.00      1.25020E-03
  393.00      1.22790E-03
  395.00      1.20800E-03
  397.00      1.08780E-03
  399.00      1.20600E-03
  401.00      1.19680E-03
  403.00      1.16450E-03
  405.00      1.18240E-03
  407.00      1.15920E-03
  409.00      1.10790E-03
  411.00      1.04680E-03
  413.00      1.13120E-03
  415.00      1.12790E-03
  417.00      1.12450E-03
  419.00      1.10710E-03
  421.00      1.08040E-03
  423.00      1.09860E-03
  425.00      1.08590E-03
  427.00      1.07830E-03
  429.00      1.06720E-03
  431.00      1.05150E-03
  433.00      1.00180E-03
  435.00      9.58110E-04
  437.00      1.02570E-03
  439.00      1.01070E-03
  441.00      9.99910E-04
  443.00      1.00150E-03
  445.00      9.90370E-04
  447.00      9.80960E-04
  449.00      9.80080E-04
  451.00      9.64570E-04
  453.00      9.56270E-04
  455.00      9.28290E-04
  457.00      9.46420E-04
  459.00      9.37020E-04
  461.00      9.32180E-04
  463.00      9.15020E-04
  465.00      8.85380E-04
  467.00      9.06500E-04
  469.00      8.72030E-04
  471.00      9.00010E-04
  473.00      9.00010E-04
  475.00      8.93680E-04
  477.00      8.86290E-04
  479.00      8.76580E-04
  481.00      8.71370E-04
  483.00      8.63450E-04
  485.00      8.32370E-04
  487.00      7.78090E-04
  489.00      8.41510E-04
  491.00      8.37260E-04
  493.00      8.31040E-04
  495.00      8.26420E-04
  497.00      8.22450E-04
  499.00      8.17100E-04
  501.00      8.04940E-04
  503.00      8.00910E-04
  505.00      7.96530E-04
  507.00      7.93000E-04
  509.00      7.87770E-04
  511.00      7.81730E-04
  513.00      7.75390E-04
  515.00      7.70340E-04
  517.00      7.65350E-04
  519.00      7.59940E-04
  521.00      7.53990E-04
  523.00      7.49640E-04
  525.00      7.42050E-04
  527.00      7.35630E-04
  529.00      7.34120E-04
  531.00      7.28550E-04
  533.00      7.23590E-04
  535.00      7.19170E-04
  537.00      7.13780E-04
  539.00      7.08830E-04
  541.00      6.84590E-04
  543.00      6.99220E-04
  545.00      6.94930E-04
  547.00      6.89750E-04
  549.00      6.85460E-04
  551.00      6.78940E-04
  553.00      6.76300E-04
  555.00      6.72000E-04
  557.00      6.66340E-04
  559.00      6.58560E-04
  561.00      6.58750E-04
  563.00      6.54320E-04
  565.00      6.49970E-04
  567.00      6.45690E-04
  569.00      6.28750E-04
  571.00      5.83720E-04
  573.00      5.80250E-04
  575.00      5.76540E-04
  577.00      5.73620E-04
  579.00      5.70440E-04
  581.00      5.62440E-04
  583.00      5.65070E-04
  585.00      5.64720E-04
  587.00      5.59780E-04
  589.00      5.63840E-04
  591.00      5.64210E-04
  593.00      5.65000E-04
  595.00      5.66570E-04
  597.00      5.68380E-04
  599.00      5.70710E-04
  601.00      5.71110E-04
  603.00      5.71260E-04
  605.00      5.70680E-04
  607.00      5.67580E-04
  609.00      5.64910E-04
  611.00      5.61180E-04
  613.00      5.58100E-04
  615.00      5.55100E-04
  617.00      5.50620E-04
  619.00      5.49330E-04
  621.00      5.46510E-04
  623.00      5.40690E-04
  625.00      5.38880E-04
  627.00      5.36760E-04
  629.00      5.33420E-04
  631.00      5.26750E-04
  633.00      5.26880E-04
  635.00      5.24000E-04
  637.00      5.21440E-04
  639.00      5.17340E-04
  641.00      5.10570E-04
  643.00      5.12150E-04
  645.00      5.08740E-04
  647.00      5.05650E-04
  649.00      5.02950E-04
  651.00      4.97720E-04
  653.00      4.90470E-04
  655.00      4.84440E-04
  657.00      4.48370E-04
  659.00      4.86850E-04
  661.00      4.86280E-04
  663.00      4.83830E-04
  665.00      4.81050E-04
  667.00      4.73760E-04
  669.00      4.66260E-04
  671.00      4.70860E-04
  673.00      4.69350E-04
  675.00      4.66880E-04
  677.00      4.64760E-04
  679.00      4.62620E-04
  681.00      4.60050E-04
  683.00      4.57520E-04
  685.00      4.54750E-04
  687.00      4.51910E-04
  689.00      4.40990E-04
  691.00      4.46430E-04
  693.00      4.45190E-04
  695.00      4.42670E-04
  697.00      4.40380E-04
  699.00      4.37730E-04
  701.00      4.34620E-04
  703.00      4.31870E-04
  705.00      4.29480E-04
  707.00      4.26080E-04
  709.00      4.26360E-04
  711.00      4.23520E-04
  713.00      4.21320E-04
  715.00      4.19660E-04
  717.00      4.11200E-04
  719.00      4.11020E-04
  721.00      4.12940E-04
  723.00      4.10860E-04
  725.00      4.08750E-04
  727.00      4.06670E-04
  729.00      4.03980E-04
  731.00      4.01320E-04
  733.00      4.00360E-04
  735.00      3.98340E-04
  737.00      3.95560E-04
  739.00      3.93750E-04
  741.00      3.91530E-04
  743.00      3.90260E-04
  745.00      3.87120E-04
  747.00      3.85960E-04
  749.00      3.82680E-04
  751.00      3.81680E-04
  753.00      3.80210E-04
  755.00      3.78200E-04
  757.00      3.76030E-04
  759.00      3.65400E-04
  761.00      3.71030E-04
  763.00      3.70550E-04
  765.00      3.68660E-04
  767.00      3.66780E-04
  769.00      3.63510E-04
  771.00      3.62300E-04
  773.00      3.59540E-04
  775.00      3.59340E-04
  777.00      3.58390E-04
  779.00      3.56250E-04
  781.00      3.54920E-04
  783.00      3.53030E-04
  785.00      3.49280E-04
  787.00      3.48730E-04
  789.00      3.47650E-04
  791.00      3.46390E-04
  793.00      3.44900E-04
  795.00      3.43140E-04
  797.00      3.40340E-04
  799.00      3.39870E-04
  801.00      3.38300E-04
  803.00      3.36290E-04
  805.00      3.35180E-04
  807.00      3.33600E-04
  809.00      3.32030E-04
  811.00      3.30410E-04
  813.00      3.28940E-04
  815.00      3.27360E-04
  817.00      3.24990E-04
  819.00      3.22390E-04
  821.00      3.05340E-04
  823.00      3.01220E-04
  825.00      3.01870E-04
  827.00      3.01250E-04
  829.00      3.00090E-04
  831.00      2.98890E-04
  833.00      2.96530E-04
  835.00      2.95800E-04
  837.00      2.94830E-04
  839.00      2.93900E-04
  841.00      2.92780E-04
  843.00      2.91720E-04
  845.00      2.90570E-04
  847.00      2.89680E-04
  849.00      2.88840E-04
  851.00      2.87390E-04
  853.00      2.87230E-04
  855.00      2.86230E-04
  857.00      2.85420E-04
  859.00      2.84620E-04
  861.00      2.84060E-04
  863.00      2.84180E-04
  865.00      2.83060E-04
  867.00      2.80320E-04
  869.00      2.82480E-04
  871.00      2.82420E-04
  873.00      2.81220E-04
  875.00      2.76620E-04
  877.00      2.79480E-04
  879.00      2.80850E-04
  881.00      2.80760E-04
  883.00      2.79840E-04
  885.00      2.75050E-04
  887.00      2.69080E-04
  889.00      2.76170E-04
  891.00      2.76900E-04
  893.00      2.75990E-04
  895.00      2.75250E-04
  897.00      2.74160E-04
  899.00      2.71060E-04
  901.00      2.59070E-04
  903.00      2.62800E-04
  905.00      2.68690E-04
  907.00      2.68490E-04
  909.00      2.67760E-04
  911.00      2.66660E-04
  913.00      2.65880E-04
  915.00      2.65250E-04
  917.00      2.63120E-04
  919.00      2.61600E-04
  921.00      2.56630E-04
  923.00      2.41590E-04
  925.00      2.53460E-04
  927.00      2.57020E-04
  929.00      2.56780E-04
  931.00      2.56120E-04
  933.00      2.54520E-04
  935.00      2.46260E-04
  937.00      2.51640E-04
  939.00      2.51710E-04
  941.00      2.50660E-04
  943.00      2.50010E-04
  945.00      2.49070E-04
  947.00      2.47920E-04
  949.00      2.46450E-04
  951.00      2.44370E-04
  953.00      2.38640E-04
  955.00      2.23680E-04
  957.00      2.38390E-04
  959.00      2.41110E-04
  961.00      2.40910E-04
  963.00      2.39700E-04
  965.00      2.39420E-04
  967.00      2.38580E-04
  969.00      2.37630E-04
  971.00      2.33740E-04
  973.00      2.35090E-04
  975.00      2.34170E-04
  977.00      2.32050E-04
  979.00      2.32820E-04
  981.00      2.31960E-04
  983.00      2.30680E-04
  985.00      2.30200E-04
  987.00      2.29350E-04
  989.00      2.28350E-04
  991.00      2.27300E-04
  993.00      2.26660E-04
  995.00      2.25800E-04
  997.00      2.24890E-04
  999.00      2.23670E-04
  1002.5      2.16660E-04
  1007.5      2.12160E-04
  1012.5      2.12820E-04
  1017.5      2.16160E-04
  1022.5      2.14100E-04
  1027.5      2.11770E-04
  1032.5      2.09710E-04
  1037.5      2.08130E-04
  1042.5      2.04790E-04
  1047.5      2.04400E-04
  1052.5      2.02490E-04
  1057.5      2.00660E-04
  1062.5      1.98840E-04
  1067.5      1.97030E-04
  1072.5      1.95270E-04
  1077.5      1.93500E-04
  1082.5      1.90980E-04
  1087.5      1.89600E-04
  1092.5      1.78630E-04
  1097.5      1.83900E-04
  1102.5      1.84900E-04
  1107.5      1.83460E-04
  1112.5      1.81860E-04
  1117.5      1.80440E-04
  1122.5      1.78790E-04
  1127.5      1.77180E-04
  1132.5      1.75630E-04
  1137.5      1.74220E-04
  1142.5      1.72800E-04
  1147.5      1.71350E-04
  1152.5      1.69930E-04
  1157.5      1.68330E-04
  1162.5      1.64310E-04
  1167.5      1.63640E-04
  1172.5      1.64260E-04
  1177.5      1.62980E-04
  1182.5      1.61340E-04
  1187.5      1.60220E-04
  1192.5      1.58920E-04
  1197.5      1.57140E-04
  1202.5      1.56440E-04
  1207.5      1.55070E-04
  1212.5      1.53730E-04
  1217.5      1.52690E-04
  1222.5      1.51450E-04
  1227.5      1.50280E-04
  1232.5      1.49040E-04
  1237.5      1.47910E-04
  1242.5      1.46760E-04
  1247.5      1.45610E-04
  1252.5      1.44420E-04
  1257.5      1.43310E-04
  1262.5      1.42240E-04
  1267.5      1.41150E-04
  1272.5      1.40030E-04
  1277.5      1.37730E-04
  1282.5      1.29960E-04
  1287.5      1.36310E-04
  1292.5      1.35860E-04
  1297.5      1.34740E-04
  1302.5      1.33800E-04
  1307.5      1.32830E-04
  1312.5      1.31840E-04
  1317.5      1.30840E-04
  1322.5      1.29890E-04
  1327.5      1.28940E-04
  1332.5      1.27990E-04
  1337.5      1.27040E-04
  1342.5      1.26110E-04
  1347.5      1.25200E-04
  1352.5      1.24290E-04
  1357.5      1.23410E-04
  1362.5      1.22520E-04
  1367.5      1.21650E-04
  1372.5      1.20730E-04
  1377.5      1.19910E-04
  1382.5      1.19070E-04
  1387.5      1.18230E-04
  1392.5      1.17390E-04
  1397.5      1.16580E-04
  1402.5      1.15740E-04
  1407.5      1.14960E-04
  1412.5      1.14160E-04
  1417.5      1.13310E-04
  1422.5      1.12590E-04
  1427.5      1.11810E-04
  1432.5      1.11000E-04
  1437.5      1.10270E-04
  1442.5      1.09540E-04
  1447.5      1.08800E-04
  1452.5      1.08070E-04
  1457.0      1.07410E-04
  1462.0      1.06740E-04
  1467.5      1.05940E-04
  1472.5      1.05140E-04
  1477.5      1.03050E-04
  1482.5      1.03830E-04
  1487.5      1.03180E-04
  1492.5      1.02500E-04
  1497.5      1.01830E-04
  1502.5      1.01170E-04
  1507.5      1.00490E-04
  1512.5      9.98620E-05
  1517.5      9.92170E-05
  1522.5      9.85750E-05
  1527.5      9.79410E-05
  1532.5      9.73110E-05
  1537.5      9.66910E-05
  1542.5      9.60480E-05
  1547.5      9.54650E-05
  1552.5      9.48520E-05
  1557.5      9.42190E-05
  1562.5      9.36800E-05
  1567.5      9.30270E-05
  1572.5      9.24140E-05
  1577.5      9.19470E-05
  1582.5      9.13500E-05
  1587.5      9.05470E-05
  1592.5      9.01580E-05
  1597.5      8.97440E-05
  1605.0      8.87870E-05
  1615.0      8.75120E-05
  1625.0      8.69370E-05
  1635.0      8.55290E-05
  1645.0      8.41200E-05
  1655.0      8.38300E-05
  1665.0      8.28090E-05
  1675.0      8.13670E-05
  1685.0      7.99260E-05
  1695.0      7.99490E-05
  1705.0      7.89250E-05
  1715.0      7.81520E-05
  1725.0      7.72000E-05
  1735.0      7.48340E-05
  1745.0      7.52730E-05
  1755.0      7.46680E-05
  1765.0      7.38340E-05
  1775.0      7.30020E-05
  1785.0      7.22050E-05
  1795.0      7.14110E-05
  1805.0      7.05980E-05
  1815.0      6.81910E-05
  1825.0      6.87130E-05
  1835.0      6.83590E-05
  1845.0      6.76220E-05
  1855.0      6.68710E-05
  1865.0      6.50210E-05
  1875.0      6.32180E-05
  1885.0      6.47740E-05
  1895.0      6.41420E-05
  1905.0      6.34340E-05
  1915.0      6.28290E-05
  1925.0      6.21830E-05
  1935.0      6.14330E-05
  1945.0      5.89740E-05
  1955.0      6.01660E-05
  1965.0      5.96950E-05
  1975.0      5.90970E-05
  1985.0      5.84980E-05
  1995.0      5.79120E-05
  2005.0      5.73540E-05
  2015.0      5.67900E-05
  2025.0      5.62330E-05
  2035.0      5.56860E-05
  2045.0      5.51420E-05
  2055.0      5.45950E-05
  2065.0      5.40890E-05
  2075.0      5.34990E-05
  2085.0      5.30550E-05
  2095.0      5.25590E-05
  2105.0      5.20630E-05
  2115.0      5.15400E-05
  2125.0      5.10940E-05
  2135.0      5.06160E-05
  2145.0      5.01460E-05
  2155.0      4.96100E-05
  2165.0      4.74340E-05
  2175.0      4.86110E-05
  2185.0      4.83340E-05
  2195.0      4.79010E-05
  2205.0      4.74700E-05
  2215.0      4.70440E-05
  2225.0      4.66230E-05
  2235.0      4.62090E-05
  2245.0      4.57980E-05
  2255.0      4.53950E-05
  2265.0      4.49970E-05
  2275.0      4.46040E-05
  2285.0      4.42740E-05
  2295.0      4.38900E-05
  2305.0      4.35080E-05
  2315.0      4.31350E-05
  2325.0      4.27680E-05
  2335.0      4.24040E-05
  2345.0      4.20440E-05
  2355.0      4.16860E-05
  2365.0      4.13380E-05
  2375.0      4.09910E-05
  2385.0      4.06490E-05
  2395.0      4.03090E-05
  2405.0      3.99740E-05
  2415.0      3.96450E-05
  2425.0      3.92950E-05
  2435.0      3.90000E-05
  2445.0      3.86820E-05
  2455.0      3.83680E-05
  2465.0      3.80580E-05
  2475.0      3.77350E-05
  2485.0      3.74480E-05
  2495.0      3.71470E-05
  2505.0      3.68540E-05
  2515.0      3.65610E-05
  2525.0      3.62690E-05
  2535.0      3.59870E-05
  2545.0      3.57050E-05
  2555.0      3.54260E-05
  2565.0      3.50860E-05
  2575.0      3.48780E-05
  2585.0      3.46090E-05
  2595.0      3.43430E-05
  2605.0      3.40170E-05
  2615.0      3.36020E-05
  2625.0      3.21650E-05
  2635.0      3.31570E-05
  2645.0      3.30530E-05
  2655.0      3.28010E-05
  2665.0      3.25210E-05
  2675.0      3.21300E-05
  2685.0      3.20360E-05
  2695.0      3.18410E-05
  2705.0      3.16060E-05
  2715.0      3.13740E-05
  2725.0      3.11440E-05
  2735.0      3.09160E-05
  2745.0      3.06610E-05
  2755.0      3.01980E-05
  2765.0      3.00990E-05
  2775.0      3.00300E-05
  2785.0      2.98120E-05
  2795.0      2.96020E-05
  2805.0      2.93890E-05
  2815.0      2.91820E-05
  2825.0      2.89750E-05
  2835.0      2.87710E-05
  2845.0      2.85690E-05
  2855.0      2.83660E-05
  2865.0      2.80230E-05
  2875.0      2.75620E-05
  2885.0      2.77230E-05
  2895.0      2.75880E-05
  2905.0      2.73990E-05
  2915.0      2.72110E-05
  2925.0      2.70240E-05
  2935.0      2.68400E-05
  2945.0      2.66570E-05
  2955.0      2.64770E-05
  2965.0      2.62980E-05
  2975.0      2.61210E-05
  2985.0      2.59460E-05
  2995.0      2.57730E-05
  3005.0      2.56010E-05
  3015.0      2.54300E-05
  3025.0      2.52270E-05
  3035.0      2.46650E-05
  3045.0      2.46540E-05
  3055.0      2.47430E-05
  3065.0      2.46030E-05
  3075.0      2.44440E-05
  3085.0      2.42780E-05
  3095.0      2.41290E-05
  3105.0      2.39720E-05
  3115.0      2.38190E-05
  3125.0      2.36660E-05
  3135.0      2.35150E-05
  3145.0      2.33650E-05
  3155.0      2.32160E-05
  3165.0      2.30690E-05
  3175.0      2.29230E-05
  3185.0      2.27790E-05
  3195.0      2.26360E-05
  3210.0      2.24240E-05
  3230.0      2.21460E-05
  3250.0      2.18730E-05
  3270.0      2.16040E-05
  3290.0      2.09530E-05
  3310.0      2.09870E-05
  3330.0      2.08420E-05
  3350.0      2.05940E-05
  3370.0      2.03490E-05
  3390.0      2.01080E-05
  3410.0      1.98720E-05
  3430.0      1.96400E-05
  3450.0      1.94110E-05
  3470.0      1.91870E-05
  3490.0      1.89660E-05
  3510.0      1.87490E-05
  3530.0      1.85360E-05
  3550.0      1.83270E-05
  3570.0      1.81210E-05
  3590.0      1.79180E-05
  3610.0      1.77190E-05
  3630.0      1.75230E-05
  3650.0      1.73300E-05
  3670.0      1.71400E-05
  3690.0      1.69530E-05
  3710.0      1.67620E-05
  3730.0      1.63990E-05
  3750.0      1.61440E-05
  3770.0      1.62360E-05
  3790.0      1.60640E-05
  3810.0      1.58940E-05
  3830.0      1.57280E-05
  3850.0      1.55640E-05
  3870.0      1.54020E-05
  3890.0      1.52420E-05
  3910.0      1.50770E-05
  3930.0      1.49310E-05
  3950.0      1.47790E-05
  3970.0      1.46290E-05
  3990.0      1.44820E-05
  4010.0      1.43220E-05
  4030.0      1.41570E-05
  4050.0      1.37150E-05
  4070.0      1.39040E-05
  4090.0      1.37760E-05
  4110.0      1.36410E-05
  4130.0      1.35060E-05
  4150.0      1.33760E-05
  4170.0      1.31890E-05
  4190.0      1.31150E-05
  4210.0      1.29950E-05
  4230.0      1.28710E-05
  4250.0      1.27480E-05
  4270.0      1.26290E-05
  4290.0      1.25060E-05
  4310.0      1.23930E-05
  4330.0      1.22780E-05
  4350.0      1.21640E-05
  4370.0      1.19700E-05
  4390.0      1.19080E-05
  4410.0      1.18320E-05
  4430.0      1.17240E-05
  4450.0      1.16180E-05
  4470.0      1.15170E-05
  4490.0      1.14140E-05
  4510.0      1.13110E-05
  4530.0      1.12110E-05
  4550.0      1.11110E-05
  4570.0      1.10130E-05
  4590.0      1.09160E-05
  4610.0      1.08200E-05
  4630.0      1.07150E-05
  4650.0      1.03120E-05
  4670.0      1.03860E-05
  4690.0      1.04150E-05
  4710.0      1.03610E-05
  4730.0      1.02720E-05
  4750.0      1.01840E-05
  4770.0      1.00990E-05
  4790.0      1.00140E-05
  4810.0      9.92960E-06
  4830.0      9.84650E-06
  4850.0      9.76440E-06
  4870.0      9.68340E-06
  4890.0      9.60330E-06
  4910.0      9.52430E-06
  4930.0      9.44610E-06
  4950.0      9.36900E-06
  4970.0      9.29270E-06
  4990.0      9.21750E-06
  5010.0      9.14310E-06
  5030.0      9.06950E-06
  5050.0      8.99700E-06
  5070.0      8.92520E-06
  5090.0      8.85420E-06
  5110.0      8.75850E-06
  5130.0      8.56160E-06
  5150.0      8.63020E-06
  5170.0      8.57880E-06
  5190.0      8.51200E-06
  5210.0      8.44590E-06
  5230.0      8.38070E-06
  5250.0      8.31610E-06
  5270.0      8.25220E-06
  5290.0      8.18910E-06
  5310.0      8.12670E-06
  5330.0      8.06500E-06
  5350.0      8.00400E-06
  5370.0      7.94360E-06
  5390.0      7.88400E-06
  5410.0      7.82500E-06
  5430.0      7.76670E-06
  5450.0      7.70900E-06
  5470.0      7.65200E-06
  5490.0      7.59550E-06
  5510.0      7.53970E-06
  5530.0      7.48440E-06
  5550.0      7.42990E-06
  5570.0      7.37590E-06
  5590.0      7.32250E-06
  5610.0      7.26960E-06
  5630.0      7.21740E-06
  5650.0      7.16560E-06
  5670.0      7.11440E-06
  5690.0      7.06370E-06
  5710.0      7.01300E-06
  5730.0      6.96400E-06
  5750.0      6.91500E-06
  5770.0      6.86640E-06
  5790.0      6.81840E-06
  5810.0      6.77080E-06
  5830.0      6.72370E-06
  5850.0      6.67880E-06
  5870.0      6.63260E-06
  5890.0      6.55960E-06
  5910.0      6.37730E-06
  5930.0      6.47490E-06
  5950.0      6.43440E-06
  5970.0      6.40120E-06
  5990.0      6.36560E-06
  6010.0      6.32280E-06
  6030.0      6.28020E-06
  6050.0      6.23810E-06
  6070.0      6.19650E-06
  6090.0      6.15520E-06
  6110.0      6.11440E-06
  6130.0      6.07400E-06
  6150.0      6.03390E-06
  6170.0      5.99420E-06
  6190.0      5.95500E-06
  6210.0      5.91610E-06
  6230.0      5.87750E-06
  6250.0      5.83940E-06
  6270.0      5.79670E-06
  6290.0      5.73440E-06
  6310.0      5.71860E-06
  6330.0      5.69040E-06
  6350.0      5.65410E-06
  6370.0      5.61810E-06
  6390.0      5.58240E-06
  6420.0      5.52960E-06
  6460.0      5.46020E-06
  6500.0      5.39220E-06
  6540.0      5.32530E-06
  6580.0      5.25970E-06
  6620.0      5.19530E-06
  6660.0      5.13210E-06
  6700.0      5.07000E-06
  6740.0      5.00380E-06
  6780.0      4.91920E-06
  6820.0      4.89020E-06
  6860.0      4.83250E-06
  6900.0      4.77580E-06
  6940.0      4.71990E-06
  6980.0      4.66510E-06
  7020.0      4.61120E-06
  7060.0      4.55820E-06
  7100.0      4.50620E-06
  7140.0      4.45500E-06
  7180.0      4.40460E-06
  7220.0      4.35510E-06
  7260.0      4.30640E-06
  7300.0      4.25850E-06
  7340.0      4.21140E-06
  7380.0      4.16510E-06
  7420.0      4.11570E-06
  7460.0      3.97750E-06
  7500.0      3.92540E-06
  7540.0      3.97570E-06
  7580.0      3.94450E-06
  7620.0      3.90250E-06
  7660.0      3.86120E-06
  7700.0      3.82050E-06
  7740.0      3.78040E-06
  7780.0      3.74090E-06
  7820.0      3.70210E-06
  7860.0      3.66390E-06
  7900.0      3.62620E-06
  7940.0      3.58920E-06
  7980.0      3.55260E-06
  8020.0      3.51660E-06
  8060.0      3.48120E-06
  8100.0      3.44630E-06
  8140.0      3.41160E-06
  8180.0      3.37800E-06
  8220.0      3.34460E-06
  8260.0      3.31180E-06
  8300.0      3.27930E-06
  8340.0      3.24740E-06
  8380.0      3.21590E-06
  8420.0      3.18490E-06
  8460.0      3.15430E-06
  8500.0      3.12410E-06
  8540.0      3.09440E-06
  8580.0      3.06510E-06
  8620.0      3.03610E-06
  8660.0      3.00170E-06
  8700.0      2.97900E-06
  8740.0      2.92680E-06
  8780.0      2.89970E-06
  8820.0      2.89750E-06
  8860.0      2.87100E-06
  8900.0      2.84480E-06
  8940.0      2.81890E-06
  8980.0      2.79340E-06
  9020.0      2.76820E-06
  9060.0      2.74330E-06
  9100.0      2.71880E-06
  9140.0      2.69460E-06
  9180.0      2.67070E-06
  9220.0      2.64720E-06
  9260.0      2.62390E-06
  9300.0      2.60100E-06
  9340.0      2.57830E-06
  9380.0      2.54570E-06
  9420.0      2.53040E-06
  9460.0      2.51210E-06
  9500.0      2.49060E-06
  9540.0      2.46930E-06
  9580.0      2.44840E-06
  9620.0      2.42760E-06
  9660.0      2.40720E-06
  9700.0      2.38700E-06
  9740.0      2.36700E-06
  9780.0      2.34730E-06
  9820.0      2.32790E-06
  9860.0      2.30870E-06
  9900.0      2.28970E-06
  9940.0      2.27090E-06
  9980.0      2.25240E-06
  10020.      2.23410E-06
  20000.      5.44090E-07
  40000.      1.31580E-07
  60000.      5.73350E-08
  80000.      3.17990E-08
 1.00000E+05  2.01300E-08
 1.20000E+05  1.38540E-08
 1.40000E+05  1.01000E-08
 1.60000E+05  7.68100E-09
