 Castelli and Kurucz 2004-2012 Atmosphere
 T     43000.     G    4.50000 [0.5a] VTURB=2  L/H=1.25 NOVER NEW ODF          
 Wavelength  Eddington Hnu
   (nm)    (ergs/s/cm2/Hz/sr)
  9.0900      9.04130E-24
  9.3500      3.25210E-23
  9.6100      1.06670E-22
  9.7700      2.22320E-22
  9.9600      5.04190E-22
  10.200      1.36020E-21
  10.380      2.78300E-21
  10.560      5.56280E-21
  10.770      1.21290E-20
  11.040      3.16810E-20
  11.400      1.06420E-19
  11.780      3.51950E-19
  12.130      1.00550E-18
  12.480      2.69360E-18
  12.710      5.01040E-18
  12.840      7.04090E-18
  13.050      1.19840E-17
  13.240      1.90870E-17
  13.390      2.76000E-17
  13.660      5.15080E-17
  13.980      1.07740E-16
  14.330      2.26240E-16
  14.720      4.79830E-16
  15.100      1.06820E-15
  15.520      2.33280E-15
  15.880      4.46200E-15
  16.200      9.21610E-15
  16.600      1.81290E-14
  17.030      3.45060E-14
  17.340      5.44380E-14
  17.680      9.42780E-14
  18.020      1.52770E-13
  18.170      1.90200E-13
  18.610      3.54480E-13
  19.100      6.54950E-13
  19.390      9.68150E-13
  19.840      1.68490E-12
  20.180      2.36080E-12
  20.500      3.46100E-12
  21.050      6.11500E-12
  21.620      1.05190E-11
  21.980      1.51080E-11
  22.300      1.98820E-11
  22.680      3.16670E-11
  23.000      6.51600E-09
  23.400      1.61260E-08
  24.000      2.10900E-08
  24.650      3.63500E-08
  25.240      9.71010E-08
  25.680      1.67410E-07
  26.000      1.85380E-07
  26.400      8.13700E-07
  26.850      1.18060E-06
  27.350      1.69180E-06
  27.850      9.24580E-07
  28.400      3.03270E-06
  29.000      6.76500E-06
  29.600      5.18540E-06
  30.100      8.49690E-06
  30.800      2.52720E-05
  31.800      4.34190E-06
  32.800      7.86600E-06
  33.800      8.05850E-06
  34.800      1.02750E-05
  35.700      2.47060E-05
  36.600      6.74640E-05
  37.500      1.17980E-04
  38.500      1.33820E-04
  39.500      2.86910E-04
  40.500      7.17710E-04
  41.400      6.31680E-04
  42.200      5.78500E-04
  43.000      5.73350E-04
  44.100      7.51150E-04
  45.100      8.06030E-04
  46.000      5.58580E-04
  47.000      7.36240E-04
  48.000      1.02390E-03
  49.000      5.63900E-04
  50.000      1.40170E-03
  50.600      9.36360E-04
  51.200      1.50600E-03
  52.000      1.41230E-03
  53.000      1.34770E-03
  54.000      1.04720E-03
  55.000      6.73940E-04
  56.000      1.04720E-03
  57.000      1.88450E-03
  58.000      1.95680E-03
  59.000      1.99160E-03
  60.000      1.26820E-03
  61.000      1.01240E-03
  62.000      1.71420E-03
  63.000      1.53580E-03
  64.000      2.15740E-03
  65.000      1.90910E-03
  65.800      1.36570E-03
  66.500      2.10430E-03
  67.500      2.33440E-03
  68.500      1.87800E-03
  69.500      2.35050E-03
  70.500      1.66060E-03
  71.600      2.42510E-03
  72.600      2.57040E-03
  73.500      2.58920E-03
  74.500      2.34760E-03
  75.500      2.29410E-03
  76.500      1.98640E-03
  77.500      2.39920E-03
  78.500      1.70050E-03
  79.500      2.29190E-03
  80.500      2.46790E-03
  81.500      2.49160E-03
  82.500      2.58830E-03
  83.500      2.03400E-03
  84.500      2.50610E-03
  85.500      2.21470E-03
  86.500      2.58030E-03
  87.500      2.65600E-03
  88.500      2.59330E-03
  89.500      2.57710E-03
  90.500      2.51190E-03
  91.500      1.91800E-03
  92.500      3.01750E-03
  93.500      3.91660E-03
  94.500      4.30150E-03
  95.500      5.14970E-03
  96.500      5.40760E-03
  97.500      4.16510E-03
  98.500      4.85750E-03
  99.500      4.28020E-03
  100.50      4.27650E-03
  101.50      4.56310E-03
  102.50      4.46520E-03
  103.50      4.94370E-03
  104.50      5.31870E-03
  105.50      5.23090E-03
  106.50      4.90440E-03
  107.50      5.19650E-03
  108.50      4.74130E-03
  109.50      5.10650E-03
  110.50      5.04090E-03
  111.50      5.04540E-03
  112.50      4.78900E-03
  113.50      5.10010E-03
  114.50      5.19120E-03
  115.50      4.80660E-03
  116.50      4.58540E-03
  117.50      4.07230E-03
  118.50      4.60570E-03
  119.50      4.24420E-03
  120.50      4.27950E-03
  121.50      3.78530E-03
  122.50      4.17300E-03
  123.50      4.14910E-03
  124.50      4.03560E-03
  125.50      4.24800E-03
  126.50      4.34920E-03
  127.50      4.48480E-03
  128.50      4.48890E-03
  129.50      4.52120E-03
  130.50      4.41120E-03
  131.50      4.45530E-03
  132.50      4.42050E-03
  133.50      4.36110E-03
  134.50      4.32550E-03
  135.50      4.20620E-03
  136.50      4.04260E-03
  137.50      3.85200E-03
  138.50      3.98920E-03
  139.50      3.78090E-03
  140.50      3.59670E-03
  141.50      4.19450E-03
  142.50      3.86920E-03
  143.50      4.12000E-03
  144.20      3.89000E-03
  144.70      3.93040E-03
  145.50      3.83410E-03
  146.50      3.84350E-03
  147.50      3.90750E-03
  148.50      3.97670E-03
  149.50      3.88180E-03
  150.50      3.87000E-03
  151.20      3.87550E-03
  151.70      3.80870E-03
  152.50      3.83720E-03
  153.50      3.53000E-03
  154.50      2.82630E-03
  155.50      2.97260E-03
  156.50      3.43220E-03
  157.50      3.58430E-03
  158.50      3.51020E-03
  159.50      3.63870E-03
  160.50      3.48420E-03
  161.50      3.41550E-03
  162.50      3.51550E-03
  163.50      3.55380E-03
  164.50      3.45870E-03
  165.50      3.56540E-03
  166.50      3.47590E-03
  167.20      3.34440E-03
  167.70      3.70040E-03
  168.50      3.65180E-03
  169.50      3.65270E-03
  170.50      3.54740E-03
  171.50      3.38890E-03
  172.50      3.37390E-03
  173.50      3.54030E-03
  174.50      3.54410E-03
  175.50      3.51240E-03
  176.50      3.44650E-03
  177.50      3.39800E-03
  178.50      3.46040E-03
  179.50      3.37380E-03
  180.50      3.36480E-03
  181.50      3.31110E-03
  182.50      3.29060E-03
  183.50      3.29680E-03
  184.50      3.32380E-03
  185.50      3.31570E-03
  186.50      3.33740E-03
  187.50      3.24820E-03
  188.50      3.22070E-03
  189.50      3.28180E-03
  190.50      3.26820E-03
  191.50      3.25600E-03
  192.50      3.10320E-03
  193.50      3.23450E-03
  194.50      3.23050E-03
  195.50      3.11660E-03
  196.70      3.15530E-03
  197.60      3.11270E-03
  198.40      3.15130E-03
  199.50      3.12160E-03
  200.50      3.13130E-03
  201.50      3.11270E-03
  202.50      3.10530E-03
  203.50      3.05180E-03
  204.50      3.01700E-03
  205.50      2.21630E-03
  206.50      2.14510E-03
  207.40      2.24070E-03
  207.80      2.31390E-03
  208.50      2.53800E-03
  209.50      2.83100E-03
  210.50      2.86170E-03
  211.50      2.90450E-03
  212.50      2.85300E-03
  213.50      2.88260E-03
  214.50      2.85430E-03
  215.50      2.84620E-03
  216.50      2.68770E-03
  217.50      2.83370E-03
  218.50      2.73490E-03
  219.50      2.82830E-03
  220.50      2.79940E-03
  221.50      2.67620E-03
  222.50      2.77380E-03
  223.50      2.75470E-03
  224.50      2.73680E-03
  225.50      2.64010E-03
  226.50      2.68990E-03
  227.50      2.70980E-03
  228.50      2.61920E-03
  229.50      2.57850E-03
  230.50      2.55140E-03
  231.50      2.56260E-03
  232.50      2.59860E-03
  233.50      2.59190E-03
  234.50      2.54550E-03
  235.50      2.50390E-03
  236.50      2.47480E-03
  237.50      2.42700E-03
  238.50      2.31370E-03
  239.50      2.39170E-03
  240.50      2.38550E-03
  241.50      2.37600E-03
  242.50      2.40140E-03
  243.50      2.37330E-03
  244.50      2.36150E-03
  245.50      2.32410E-03
  246.50      2.32980E-03
  247.50      2.35300E-03
  248.50      2.28770E-03
  249.50      1.84920E-03
  250.50      2.25160E-03
  251.30      2.12630E-03
  251.80      2.19500E-03
  252.50      2.23340E-03
  253.50      2.25390E-03
  254.50      2.24900E-03
  255.50      2.23680E-03
  256.50      2.22220E-03
  257.50      2.20620E-03
  258.50      2.19710E-03
  259.50      2.11740E-03
  260.50      2.17260E-03
  261.50      2.11230E-03
  262.50      2.15130E-03
  263.50      2.14720E-03
  264.50      2.10490E-03
  265.50      2.11880E-03
  266.50      2.10270E-03
  267.50      2.04640E-03
  268.50      2.06470E-03
  269.50      2.05190E-03
  270.50      2.07160E-03
  271.50      2.05190E-03
  272.50      2.03560E-03
  273.50      1.96950E-03
  274.50      2.02420E-03
  275.50      1.99490E-03
  276.50      1.99510E-03
  277.50      1.97430E-03
  278.50      1.92540E-03
  279.50      1.91480E-03
  280.50      1.93080E-03
  281.50      1.92380E-03
  282.50      1.90200E-03
  283.50      1.90670E-03
  284.50      1.90430E-03
  285.50      1.88940E-03
  286.50      1.85370E-03
  287.50      1.83640E-03
  288.50      1.85030E-03
  289.50      1.83460E-03
  291.00      1.82300E-03
  293.00      1.81640E-03
  295.00      1.79860E-03
  297.00      1.77010E-03
  299.00      1.73420E-03
  301.00      1.71460E-03
  303.00      1.67740E-03
  305.00      1.67910E-03
  307.00      1.63930E-03
  309.00      1.65050E-03
  311.00      1.63890E-03
  313.00      1.61810E-03
  315.00      1.61410E-03
  317.00      1.59420E-03
  319.00      1.58290E-03
  321.00      1.52720E-03
  323.00      1.54980E-03
  325.00      1.53830E-03
  327.00      1.49990E-03
  329.00      1.49910E-03
  331.00      1.48150E-03
  333.00      1.46090E-03
  335.00      1.42750E-03
  337.00      1.42760E-03
  339.00      1.41140E-03
  341.00      1.39740E-03
  343.00      1.40280E-03
  345.00      1.36800E-03
  347.00      1.37090E-03
  349.00      1.36120E-03
  351.00      1.35460E-03
  353.00      1.33260E-03
  355.00      1.32300E-03
  357.00      1.30960E-03
  359.00      1.30160E-03
  361.00      1.28590E-03
  363.00      1.27150E-03
  364.00      1.24210E-03
  365.00      1.10660E-03
  367.00      1.09930E-03
  369.00      1.09170E-03
  371.00      1.08360E-03
  373.00      1.10410E-03
  375.00      1.12940E-03
  377.00      1.14640E-03
  379.00      1.17850E-03
  381.00      1.19480E-03
  383.00      1.14450E-03
  385.00      1.19860E-03
  387.00      1.17960E-03
  389.00      1.10280E-03
  391.00      1.18470E-03
  393.00      1.15840E-03
  395.00      1.14600E-03
  397.00      1.05090E-03
  399.00      1.14360E-03
  401.00      1.13240E-03
  403.00      1.10450E-03
  405.00      1.11670E-03
  407.00      1.09720E-03
  409.00      1.05910E-03
  411.00      1.00670E-03
  413.00      1.07060E-03
  415.00      1.06680E-03
  417.00      1.06240E-03
  419.00      1.04930E-03
  421.00      1.02540E-03
  423.00      1.03840E-03
  425.00      1.02680E-03
  427.00      1.02000E-03
  429.00      1.01020E-03
  431.00      9.96480E-04
  433.00      9.59980E-04
  435.00      9.20940E-04
  437.00      9.71640E-04
  439.00      9.57060E-04
  441.00      9.45630E-04
  443.00      9.47890E-04
  445.00      9.38110E-04
  447.00      9.31000E-04
  449.00      9.28190E-04
  451.00      9.13450E-04
  453.00      9.06890E-04
  455.00      8.84010E-04
  457.00      8.96780E-04
  459.00      8.87960E-04
  461.00      8.84020E-04
  463.00      8.68960E-04
  465.00      8.41460E-04
  467.00      8.60520E-04
  469.00      8.29850E-04
  471.00      8.54030E-04
  473.00      8.53150E-04
  475.00      8.47340E-04
  477.00      8.40280E-04
  479.00      8.30860E-04
  481.00      8.26590E-04
  483.00      8.20550E-04
  485.00      7.99360E-04
  487.00      7.49980E-04
  489.00      8.00490E-04
  491.00      7.95060E-04
  493.00      7.89640E-04
  495.00      7.84850E-04
  497.00      7.80640E-04
  499.00      7.75800E-04
  501.00      7.65040E-04
  503.00      7.61020E-04
  505.00      7.56470E-04
  507.00      7.53080E-04
  509.00      7.48290E-04
  511.00      7.42390E-04
  513.00      7.36340E-04
  515.00      7.31760E-04
  517.00      7.27460E-04
  519.00      7.22260E-04
  521.00      7.16550E-04
  523.00      7.12640E-04
  525.00      7.05390E-04
  527.00      6.99450E-04
  529.00      6.98060E-04
  531.00      6.92850E-04
  533.00      6.88110E-04
  535.00      6.84100E-04
  537.00      6.78930E-04
  539.00      6.74320E-04
  541.00      6.55260E-04
  543.00      6.65660E-04
  545.00      6.61330E-04
  547.00      6.56280E-04
  549.00      6.52380E-04
  551.00      6.46190E-04
  553.00      6.43790E-04
  555.00      6.39790E-04
  557.00      6.34120E-04
  559.00      6.26810E-04
  561.00      6.27310E-04
  563.00      6.23100E-04
  565.00      6.19030E-04
  567.00      6.14910E-04
  569.00      5.98840E-04
  571.00      5.56570E-04
  573.00      5.53290E-04
  575.00      5.49690E-04
  577.00      5.47160E-04
  579.00      5.44510E-04
  581.00      5.37100E-04
  583.00      5.40990E-04
  585.00      5.41640E-04
  587.00      5.37870E-04
  589.00      5.42300E-04
  591.00      5.43260E-04
  593.00      5.44800E-04
  595.00      5.47300E-04
  597.00      5.49420E-04
  599.00      5.51500E-04
  601.00      5.50160E-04
  603.00      5.47880E-04
  605.00      5.45300E-04
  607.00      5.41950E-04
  609.00      5.39690E-04
  611.00      5.35390E-04
  613.00      5.32360E-04
  615.00      5.30100E-04
  617.00      5.24880E-04
  619.00      5.24500E-04
  621.00      5.21760E-04
  623.00      5.15380E-04
  625.00      5.14540E-04
  627.00      5.12370E-04
  629.00      5.09440E-04
  631.00      5.02110E-04
  633.00      5.03320E-04
  635.00      5.00350E-04
  637.00      4.97840E-04
  639.00      4.94240E-04
  641.00      4.86900E-04
  643.00      4.89300E-04
  645.00      4.85840E-04
  647.00      4.82910E-04
  649.00      4.80490E-04
  651.00      4.75820E-04
  653.00      4.68650E-04
  655.00      4.66240E-04
  657.00      4.33260E-04
  659.00      4.66230E-04
  661.00      4.64720E-04
  663.00      4.62300E-04
  665.00      4.59640E-04
  667.00      4.53470E-04
  669.00      4.45940E-04
  671.00      4.50340E-04
  673.00      4.48620E-04
  675.00      4.46240E-04
  677.00      4.44180E-04
  679.00      4.42170E-04
  681.00      4.39730E-04
  683.00      4.37350E-04
  685.00      4.34720E-04
  687.00      4.32200E-04
  689.00      4.22340E-04
  691.00      4.27270E-04
  693.00      4.25660E-04
  695.00      4.23270E-04
  697.00      4.21090E-04
  699.00      4.18700E-04
  701.00      4.15740E-04
  703.00      4.12980E-04
  705.00      4.10790E-04
  707.00      4.07710E-04
  709.00      4.07780E-04
  711.00      4.04990E-04
  713.00      4.02920E-04
  715.00      4.01460E-04
  717.00      3.94070E-04
  719.00      3.94170E-04
  721.00      3.95070E-04
  723.00      3.93100E-04
  725.00      3.91100E-04
  727.00      3.89120E-04
  729.00      3.86630E-04
  731.00      3.84000E-04
  733.00      3.83120E-04
  735.00      3.81210E-04
  737.00      3.78530E-04
  739.00      3.76790E-04
  741.00      3.74700E-04
  743.00      3.73530E-04
  745.00      3.70520E-04
  747.00      3.69430E-04
  749.00      3.66420E-04
  751.00      3.65350E-04
  753.00      3.63980E-04
  755.00      3.62060E-04
  757.00      3.60060E-04
  759.00      3.51220E-04
  761.00      3.55620E-04
  763.00      3.54810E-04
  765.00      3.53080E-04
  767.00      3.51270E-04
  769.00      3.48370E-04
  771.00      3.47100E-04
  773.00      3.44650E-04
  775.00      3.44090E-04
  777.00      3.43240E-04
  779.00      3.41150E-04
  781.00      3.39900E-04
  783.00      3.38140E-04
  785.00      3.34480E-04
  787.00      3.34050E-04
  789.00      3.33040E-04
  791.00      3.31830E-04
  793.00      3.30420E-04
  795.00      3.28710E-04
  797.00      3.26040E-04
  799.00      3.25640E-04
  801.00      3.24130E-04
  803.00      3.22250E-04
  805.00      3.21160E-04
  807.00      3.19660E-04
  809.00      3.18170E-04
  811.00      3.16630E-04
  813.00      3.15220E-04
  815.00      3.13740E-04
  817.00      3.11460E-04
  819.00      3.08990E-04
  821.00      2.92470E-04
  823.00      2.88820E-04
  825.00      2.89410E-04
  827.00      2.88570E-04
  829.00      2.87460E-04
  831.00      2.86310E-04
  833.00      2.84050E-04
  835.00      2.83400E-04
  837.00      2.82530E-04
  839.00      2.81720E-04
  841.00      2.80800E-04
  843.00      2.79950E-04
  845.00      2.79010E-04
  847.00      2.78240E-04
  849.00      2.77620E-04
  851.00      2.76170E-04
  853.00      2.76370E-04
  855.00      2.75210E-04
  857.00      2.74920E-04
  859.00      2.73940E-04
  861.00      2.73370E-04
  863.00      2.74160E-04
  865.00      2.73070E-04
  867.00      2.69140E-04
  869.00      2.72910E-04
  871.00      2.73050E-04
  873.00      2.71990E-04
  875.00      2.65040E-04
  877.00      2.70130E-04
  879.00      2.71670E-04
  881.00      2.71370E-04
  883.00      2.70450E-04
  885.00      2.65330E-04
  887.00      2.57090E-04
  889.00      2.66470E-04
  891.00      2.66600E-04
  893.00      2.65120E-04
  895.00      2.64430E-04
  897.00      2.63580E-04
  899.00      2.61210E-04
  901.00      2.48040E-04
  903.00      2.53190E-04
  905.00      2.58690E-04
  907.00      2.58200E-04
  909.00      2.57310E-04
  911.00      2.55700E-04
  913.00      2.55330E-04
  915.00      2.54620E-04
  917.00      2.52920E-04
  919.00      2.51630E-04
  921.00      2.47850E-04
  923.00      2.32020E-04
  925.00      2.44910E-04
  927.00      2.47320E-04
  929.00      2.46900E-04
  931.00      2.46000E-04
  933.00      2.44690E-04
  935.00      2.37630E-04
  937.00      2.41260E-04
  939.00      2.41670E-04
  941.00      2.40620E-04
  943.00      2.39960E-04
  945.00      2.39060E-04
  947.00      2.38090E-04
  949.00      2.36960E-04
  951.00      2.35260E-04
  953.00      2.31010E-04
  955.00      2.16010E-04
  957.00      2.30530E-04
  959.00      2.32060E-04
  961.00      2.31560E-04
  963.00      2.30190E-04
  965.00      2.29840E-04
  967.00      2.29030E-04
  969.00      2.28130E-04
  971.00      2.24270E-04
  973.00      2.25680E-04
  975.00      2.24960E-04
  977.00      2.22370E-04
  979.00      2.23620E-04
  981.00      2.22710E-04
  983.00      2.21470E-04
  985.00      2.21030E-04
  987.00      2.20210E-04
  989.00      2.19280E-04
  991.00      2.18260E-04
  993.00      2.17650E-04
  995.00      2.16820E-04
  997.00      2.15980E-04
  999.00      2.15120E-04
  1002.5      2.09350E-04
  1007.5      2.05100E-04
  1012.5      2.04860E-04
  1017.5      2.07670E-04
  1022.5      2.05640E-04
  1027.5      2.03380E-04
  1032.5      2.01460E-04
  1037.5      1.99940E-04
  1042.5      1.96790E-04
  1047.5      1.96380E-04
  1052.5      1.94540E-04
  1057.5      1.92790E-04
  1062.5      1.91060E-04
  1067.5      1.89320E-04
  1072.5      1.87640E-04
  1077.5      1.85950E-04
  1082.5      1.83580E-04
  1087.5      1.82460E-04
  1092.5      1.73120E-04
  1097.5      1.77670E-04
  1102.5      1.77810E-04
  1107.5      1.76350E-04
  1112.5      1.74810E-04
  1117.5      1.73450E-04
  1122.5      1.71870E-04
  1127.5      1.70330E-04
  1132.5      1.68840E-04
  1137.5      1.67500E-04
  1142.5      1.66130E-04
  1147.5      1.64750E-04
  1152.5      1.63390E-04
  1157.5      1.61850E-04
  1162.5      1.58430E-04
  1167.5      1.57660E-04
  1172.5      1.57990E-04
  1177.5      1.56730E-04
  1182.5      1.55170E-04
  1187.5      1.54090E-04
  1192.5      1.52830E-04
  1197.5      1.51150E-04
  1202.5      1.50470E-04
  1207.5      1.49150E-04
  1212.5      1.47890E-04
  1217.5      1.46870E-04
  1222.5      1.45660E-04
  1227.5      1.44570E-04
  1232.5      1.43380E-04
  1237.5      1.42300E-04
  1242.5      1.41190E-04
  1247.5      1.40090E-04
  1252.5      1.38960E-04
  1257.5      1.37890E-04
  1262.5      1.36860E-04
  1267.5      1.35820E-04
  1272.5      1.34750E-04
  1277.5      1.32960E-04
  1282.5      1.26310E-04
  1287.5      1.31470E-04
  1292.5      1.30750E-04
  1297.5      1.29680E-04
  1302.5      1.28770E-04
  1307.5      1.27840E-04
  1312.5      1.26890E-04
  1317.5      1.25930E-04
  1322.5      1.25020E-04
  1327.5      1.24110E-04
  1332.5      1.23200E-04
  1337.5      1.22290E-04
  1342.5      1.21390E-04
  1347.5      1.20520E-04
  1352.5      1.19650E-04
  1357.5      1.18800E-04
  1362.5      1.17950E-04
  1367.5      1.17110E-04
  1372.5      1.16230E-04
  1377.5      1.15440E-04
  1382.5      1.14640E-04
  1387.5      1.13830E-04
  1392.5      1.13020E-04
  1397.5      1.12240E-04
  1402.5      1.11440E-04
  1407.5      1.10690E-04
  1412.5      1.09920E-04
  1417.5      1.09100E-04
  1422.5      1.08410E-04
  1427.5      1.07670E-04
  1432.5      1.06880E-04
  1437.5      1.06180E-04
  1442.5      1.05490E-04
  1447.5      1.04780E-04
  1452.5      1.04070E-04
  1457.0      1.03440E-04
  1462.0      1.02800E-04
  1467.5      1.02040E-04
  1472.5      1.01300E-04
  1477.5      9.94770E-05
  1482.5      1.00020E-04
  1487.5      9.93780E-05
  1492.5      9.87310E-05
  1497.5      9.80870E-05
  1502.5      9.74460E-05
  1507.5      9.67980E-05
  1512.5      9.61900E-05
  1517.5      9.55690E-05
  1522.5      9.49530E-05
  1527.5      9.43390E-05
  1532.5      9.37290E-05
  1537.5      9.31390E-05
  1542.5      9.25010E-05
  1547.5      9.19580E-05
  1552.5      9.13660E-05
  1557.5      9.07190E-05
  1562.5      9.02690E-05
  1567.5      8.95920E-05
  1572.5      8.89590E-05
  1577.5      8.86150E-05
  1582.5      8.80390E-05
  1587.5      8.70660E-05
  1592.5      8.68610E-05
  1597.5      8.66250E-05
  1605.0      8.56100E-05
  1615.0      8.42240E-05
  1625.0      8.37760E-05
  1635.0      8.24520E-05
  1645.0      8.09390E-05
  1655.0      8.07900E-05
  1665.0      7.98080E-05
  1675.0      7.85080E-05
  1685.0      7.69630E-05
  1695.0      7.70610E-05
  1705.0      7.60940E-05
  1715.0      7.53270E-05
  1725.0      7.44570E-05
  1735.0      7.21380E-05
  1745.0      7.26580E-05
  1755.0      7.19780E-05
  1765.0      7.11750E-05
  1775.0      7.03740E-05
  1785.0      6.96080E-05
  1795.0      6.88440E-05
  1805.0      6.80900E-05
  1815.0      6.58450E-05
  1825.0      6.63880E-05
  1835.0      6.59060E-05
  1845.0      6.51970E-05
  1855.0      6.44760E-05
  1865.0      6.28200E-05
  1875.0      6.12710E-05
  1885.0      6.24840E-05
  1895.0      6.18490E-05
  1905.0      6.11700E-05
  1915.0      6.05850E-05
  1925.0      5.99640E-05
  1935.0      5.93050E-05
  1945.0      5.71130E-05
  1955.0      5.80900E-05
  1965.0      5.75690E-05
  1975.0      5.69930E-05
  1985.0      5.64160E-05
  1995.0      5.58530E-05
  2005.0      5.53150E-05
  2015.0      5.47720E-05
  2025.0      5.42360E-05
  2035.0      5.37090E-05
  2045.0      5.31850E-05
  2055.0      5.26580E-05
  2065.0      5.21720E-05
  2075.0      5.15890E-05
  2085.0      5.11750E-05
  2095.0      5.06990E-05
  2105.0      5.02210E-05
  2115.0      4.97180E-05
  2125.0      4.92870E-05
  2135.0      4.88270E-05
  2145.0      4.83750E-05
  2155.0      4.79030E-05
  2165.0      4.60220E-05
  2175.0      4.69770E-05
  2185.0      4.66290E-05
  2195.0      4.62120E-05
  2205.0      4.57960E-05
  2215.0      4.53860E-05
  2225.0      4.49810E-05
  2235.0      4.45810E-05
  2245.0      4.41850E-05
  2255.0      4.37970E-05
  2265.0      4.34140E-05
  2275.0      4.30350E-05
  2285.0      4.27180E-05
  2295.0      4.23490E-05
  2305.0      4.19810E-05
  2315.0      4.16210E-05
  2325.0      4.12680E-05
  2335.0      4.09160E-05
  2345.0      4.05670E-05
  2355.0      4.02250E-05
  2365.0      3.98890E-05
  2375.0      3.95550E-05
  2385.0      3.92250E-05
  2395.0      3.88970E-05
  2405.0      3.85740E-05
  2415.0      3.82580E-05
  2425.0      3.79180E-05
  2435.0      3.76340E-05
  2445.0      3.73300E-05
  2455.0      3.70270E-05
  2465.0      3.67260E-05
  2475.0      3.64170E-05
  2485.0      3.61410E-05
  2495.0      3.58390E-05
  2505.0      3.55680E-05
  2515.0      3.52860E-05
  2525.0      3.49500E-05
  2535.0      3.47330E-05
  2545.0      3.44610E-05
  2555.0      3.41860E-05
  2565.0      3.38220E-05
  2575.0      3.36640E-05
  2585.0      3.34050E-05
  2595.0      3.31480E-05
  2605.0      3.28400E-05
  2615.0      3.24250E-05
  2625.0      3.12720E-05
  2635.0      3.20770E-05
  2645.0      3.19060E-05
  2655.0      3.16650E-05
  2665.0      3.14000E-05
  2675.0      3.09400E-05
  2685.0      3.09310E-05
  2695.0      3.07370E-05
  2705.0      3.05100E-05
  2715.0      3.02860E-05
  2725.0      3.00640E-05
  2735.0      2.98450E-05
  2745.0      2.96130E-05
  2755.0      2.90800E-05
  2765.0      2.90610E-05
  2775.0      2.89900E-05
  2785.0      2.87800E-05
  2795.0      2.85770E-05
  2805.0      2.83720E-05
  2815.0      2.81720E-05
  2825.0      2.79730E-05
  2835.0      2.77760E-05
  2845.0      2.75810E-05
  2855.0      2.73860E-05
  2865.0      2.70880E-05
  2875.0      2.65460E-05
  2885.0      2.67930E-05
  2895.0      2.66350E-05
  2905.0      2.64520E-05
  2915.0      2.62710E-05
  2925.0      2.60910E-05
  2935.0      2.59130E-05
  2945.0      2.57370E-05
  2955.0      2.55630E-05
  2965.0      2.53910E-05
  2975.0      2.52200E-05
  2985.0      2.50510E-05
  2995.0      2.48840E-05
  3005.0      2.47180E-05
  3015.0      2.45540E-05
  3025.0      2.43800E-05
  3035.0      2.37960E-05
  3045.0      2.38330E-05
  3055.0      2.39080E-05
  3065.0      2.37560E-05
  3075.0      2.36030E-05
  3085.0      2.34420E-05
  3095.0      2.32980E-05
  3105.0      2.31480E-05
  3115.0      2.29990E-05
  3125.0      2.28520E-05
  3135.0      2.27060E-05
  3145.0      2.25610E-05
  3155.0      2.24180E-05
  3165.0      2.22760E-05
  3175.0      2.21360E-05
  3185.0      2.19970E-05
  3195.0      2.18590E-05
  3210.0      2.16540E-05
  3230.0      2.13860E-05
  3250.0      2.11230E-05
  3270.0      2.08640E-05
  3290.0      2.02550E-05
  3310.0      2.03020E-05
  3330.0      2.01290E-05
  3350.0      1.98890E-05
  3370.0      1.96530E-05
  3390.0      1.94210E-05
  3410.0      1.91930E-05
  3430.0      1.89680E-05
  3450.0      1.87480E-05
  3470.0      1.85320E-05
  3490.0      1.83190E-05
  3510.0      1.81090E-05
  3530.0      1.79040E-05
  3550.0      1.77010E-05
  3570.0      1.75020E-05
  3590.0      1.73070E-05
  3610.0      1.71140E-05
  3630.0      1.69250E-05
  3650.0      1.67390E-05
  3670.0      1.65560E-05
  3690.0      1.63760E-05
  3710.0      1.61920E-05
  3730.0      1.58840E-05
  3750.0      1.56250E-05
  3770.0      1.56840E-05
  3790.0      1.55180E-05
  3810.0      1.53480E-05
  3830.0      1.51900E-05
  3850.0      1.50340E-05
  3870.0      1.48780E-05
  3890.0      1.47240E-05
  3910.0      1.45500E-05
  3930.0      1.44240E-05
  3950.0      1.42780E-05
  3970.0      1.41330E-05
  3990.0      1.39900E-05
  4010.0      1.38290E-05
  4030.0      1.36700E-05
  4050.0      1.33100E-05
  4070.0      1.34400E-05
  4090.0      1.33100E-05
  4110.0      1.31790E-05
  4130.0      1.30490E-05
  4150.0      1.29240E-05
  4170.0      1.27220E-05
  4190.0      1.26720E-05
  4210.0      1.25550E-05
  4230.0      1.24360E-05
  4250.0      1.23170E-05
  4270.0      1.22020E-05
  4290.0      1.20840E-05
  4310.0      1.19740E-05
  4330.0      1.18630E-05
  4350.0      1.17530E-05
  4370.0      1.15510E-05
  4390.0      1.15090E-05
  4410.0      1.14320E-05
  4430.0      1.13280E-05
  4450.0      1.12260E-05
  4470.0      1.11290E-05
  4490.0      1.10290E-05
  4510.0      1.09300E-05
  4530.0      1.08330E-05
  4550.0      1.07370E-05
  4570.0      1.06420E-05
  4590.0      1.05490E-05
  4610.0      1.04560E-05
  4630.0      1.03630E-05
  4650.0      1.00120E-05
  4670.0      1.00350E-05
  4690.0      1.00780E-05
  4710.0      1.00120E-05
  4730.0      9.92690E-06
  4750.0      9.84170E-06
  4770.0      9.75920E-06
  4790.0      9.67700E-06
  4810.0      9.59580E-06
  4830.0      9.51550E-06
  4850.0      9.43630E-06
  4870.0      9.35800E-06
  4890.0      9.28070E-06
  4910.0      9.20440E-06
  4930.0      9.12890E-06
  4950.0      9.05440E-06
  4970.0      8.98080E-06
  4990.0      8.90810E-06
  5010.0      8.83620E-06
  5030.0      8.76520E-06
  5050.0      8.69520E-06
  5070.0      8.62580E-06
  5090.0      8.55730E-06
  5110.0      8.47600E-06
  5130.0      8.27000E-06
  5150.0      8.34850E-06
  5170.0      8.29130E-06
  5190.0      8.22670E-06
  5210.0      8.16290E-06
  5230.0      8.09980E-06
  5250.0      8.03740E-06
  5270.0      7.97570E-06
  5290.0      7.91480E-06
  5310.0      7.85450E-06
  5330.0      7.79490E-06
  5350.0      7.73600E-06
  5370.0      7.67760E-06
  5390.0      7.62000E-06
  5410.0      7.56310E-06
  5430.0      7.50680E-06
  5450.0      7.45110E-06
  5470.0      7.39600E-06
  5490.0      7.34140E-06
  5510.0      7.28740E-06
  5530.0      7.23350E-06
  5550.0      7.18140E-06
  5570.0      7.12920E-06
  5590.0      7.07760E-06
  5610.0      7.02660E-06
  5630.0      6.97600E-06
  5650.0      6.92600E-06
  5670.0      6.87660E-06
  5690.0      6.82760E-06
  5710.0      6.76870E-06
  5730.0      6.73120E-06
  5750.0      6.68390E-06
  5770.0      6.63700E-06
  5790.0      6.59060E-06
  5810.0      6.54470E-06
  5830.0      6.49920E-06
  5850.0      6.45580E-06
  5870.0      6.41120E-06
  5890.0      6.35240E-06
  5910.0      6.17190E-06
  5930.0      6.27020E-06
  5950.0      6.21430E-06
  5970.0      6.18490E-06
  5990.0      6.15330E-06
  6010.0      6.11180E-06
  6030.0      6.07070E-06
  6050.0      6.03010E-06
  6070.0      5.98980E-06
  6090.0      5.95000E-06
  6110.0      5.91050E-06
  6130.0      5.87140E-06
  6150.0      5.83270E-06
  6170.0      5.79440E-06
  6190.0      5.75650E-06
  6210.0      5.71890E-06
  6230.0      5.68170E-06
  6250.0      5.64480E-06
  6270.0      5.60450E-06
  6290.0      5.53150E-06
  6310.0      5.52860E-06
  6330.0      5.50080E-06
  6350.0      5.46570E-06
  6370.0      5.43100E-06
  6390.0      5.39650E-06
  6420.0      5.34540E-06
  6460.0      5.27840E-06
  6500.0      5.21260E-06
  6540.0      5.14810E-06
  6580.0      5.08470E-06
  6620.0      5.02250E-06
  6660.0      4.96140E-06
  6700.0      4.90130E-06
  6740.0      4.83890E-06
  6780.0      4.75170E-06
  6820.0      4.72760E-06
  6860.0      4.67180E-06
  6900.0      4.61700E-06
  6940.0      4.56300E-06
  6980.0      4.51000E-06
  7020.0      4.45790E-06
  7060.0      4.40670E-06
  7100.0      4.35640E-06
  7140.0      4.30690E-06
  7180.0      4.25830E-06
  7220.0      4.21040E-06
  7260.0      4.16340E-06
  7300.0      4.11710E-06
  7340.0      4.07160E-06
  7380.0      4.02680E-06
  7420.0      3.98090E-06
  7460.0      3.86410E-06
  7500.0      3.80360E-06
  7540.0      3.84840E-06
  7580.0      3.81360E-06
  7620.0      3.77300E-06
  7660.0      3.73310E-06
  7700.0      3.69370E-06
  7740.0      3.65500E-06
  7780.0      3.61650E-06
  7820.0      3.57930E-06
  7860.0      3.54240E-06
  7900.0      3.50600E-06
  7940.0      3.47010E-06
  7980.0      3.43480E-06
  8020.0      3.40010E-06
  8060.0      3.36580E-06
  8100.0      3.33200E-06
  8140.0      3.29540E-06
  8180.0      3.26540E-06
  8220.0      3.23380E-06
  8260.0      3.20200E-06
  8300.0      3.17070E-06
  8340.0      3.13980E-06
  8380.0      3.10930E-06
  8420.0      3.07930E-06
  8460.0      3.04980E-06
  8500.0      3.02060E-06
  8540.0      2.99190E-06
  8580.0      2.96350E-06
  8620.0      2.93560E-06
  8660.0      2.89930E-06
  8700.0      2.88080E-06
  8740.0      2.83220E-06
  8780.0      2.80580E-06
  8820.0      2.80160E-06
  8860.0      2.77590E-06
  8900.0      2.75060E-06
  8940.0      2.72560E-06
  8980.0      2.70090E-06
  9020.0      2.67660E-06
  9060.0      2.65250E-06
  9100.0      2.62880E-06
  9140.0      2.60540E-06
  9180.0      2.58240E-06
  9220.0      2.55960E-06
  9260.0      2.53710E-06
  9300.0      2.51490E-06
  9340.0      2.49300E-06
  9380.0      2.45820E-06
  9420.0      2.44640E-06
  9460.0      2.42900E-06
  9500.0      2.40820E-06
  9540.0      2.38760E-06
  9580.0      2.36740E-06
  9620.0      2.34730E-06
  9660.0      2.32760E-06
  9700.0      2.30800E-06
  9740.0      2.28880E-06
  9780.0      2.26970E-06
  9820.0      2.25090E-06
  9860.0      2.23230E-06
  9900.0      2.21400E-06
  9940.0      2.19590E-06
  9980.0      2.17800E-06
  10020.      2.16030E-06
  20000.      5.26270E-07
  40000.      1.27350E-07
  60000.      5.55170E-08
  80000.      3.08020E-08
 1.00000E+05  1.95060E-08
 1.20000E+05  1.34290E-08
 1.40000E+05  9.79470E-09
 1.60000E+05  7.45170E-09
