 Castelli and Kurucz 2004-2012 Atmosphere
 T     44000.     G    5.00000 [0.5a] VTURB=2  L/H=1.25 NOVER NEW ODF          
 Wavelength  Eddington Hnu
   (nm)    (ergs/s/cm2/Hz/sr)
  9.0900      7.89850E-23
  9.3500      2.68830E-22
  9.6100      8.39270E-22
  9.7700      1.69490E-21
  9.9600      3.71200E-21
  10.200      9.60050E-21
  10.380      1.90540E-20
  10.560      3.69710E-20
  10.770      7.79650E-20
  11.040      1.95380E-19
  11.400      6.22580E-19
  11.780      1.95500E-18
  12.130      5.32640E-18
  12.480      1.36550E-17
  12.710      2.46920E-17
  12.840      3.41790E-17
  13.050      5.68370E-17
  13.240      8.87290E-17
  13.390      1.26110E-16
  13.660      2.28630E-16
  13.980      4.62030E-16
  14.330      9.38880E-16
  14.720      1.93100E-15
  15.100      4.12870E-15
  15.520      8.69920E-15
  15.880      1.60980E-14
  16.200      2.92770E-14
  16.600      5.57450E-14
  17.030      1.03530E-13
  17.340      1.60470E-13
  17.680      2.68110E-13
  18.020      4.23400E-13
  18.170      5.20210E-13
  18.610      9.31180E-13
  19.100      1.67730E-12
  19.390      2.40800E-12
  19.840      4.04570E-12
  20.180      5.68620E-12
  20.500      8.08030E-12
  21.050      1.39680E-11
  21.620      2.35190E-11
  21.980      3.32300E-11
  22.300      4.35530E-11
  22.680      6.81800E-11
  23.000      1.16980E-08
  23.400      3.09310E-08
  24.000      4.10960E-08
  24.650      6.57880E-08
  25.240      1.59000E-07
  25.680      2.58950E-07
  26.000      2.86540E-07
  26.400      9.75310E-07
  26.850      1.45650E-06
  27.350      2.01200E-06
  27.850      1.27010E-06
  28.400      3.72130E-06
  29.000      7.13980E-06
  29.600      5.61010E-06
  30.100      9.40930E-06
  30.800      3.50840E-05
  31.800      6.56300E-06
  32.800      1.16410E-05
  33.800      1.18870E-05
  34.800      1.50660E-05
  35.700      3.62100E-05
  36.600      9.41460E-05
  37.500      1.64610E-04
  38.500      1.94850E-04
  39.500      3.89950E-04
  40.500      8.88680E-04
  41.400      7.71770E-04
  42.200      7.23840E-04
  43.000      6.91990E-04
  44.100      8.60860E-04
  45.100      9.48770E-04
  46.000      6.68560E-04
  47.000      8.65400E-04
  48.000      1.15660E-03
  49.000      6.69710E-04
  50.000      1.42530E-03
  50.600      9.99880E-04
  51.200      1.69780E-03
  52.000      1.57620E-03
  53.000      1.48310E-03
  54.000      1.21780E-03
  55.000      9.03730E-04
  56.000      1.34720E-03
  57.000      2.02780E-03
  58.000      2.06710E-03
  59.000      2.11130E-03
  60.000      1.43330E-03
  61.000      1.27450E-03
  62.000      1.95640E-03
  63.000      1.79520E-03
  64.000      2.29850E-03
  65.000      2.05070E-03
  65.800      1.52300E-03
  66.500      2.21090E-03
  67.500      2.45410E-03
  68.500      2.00760E-03
  69.500      2.47080E-03
  70.500      1.80980E-03
  71.600      2.56500E-03
  72.600      2.67900E-03
  73.500      2.70370E-03
  74.500      2.46920E-03
  75.500      2.43730E-03
  76.500      2.21700E-03
  77.500      2.53600E-03
  78.500      1.96760E-03
  79.500      2.46550E-03
  80.500      2.57270E-03
  81.500      2.60040E-03
  82.500      2.69830E-03
  83.500      2.16460E-03
  84.500      2.62650E-03
  85.500      2.39940E-03
  86.500      2.69560E-03
  87.500      2.75090E-03
  88.500      2.70240E-03
  89.500      2.69450E-03
  90.500      2.62610E-03
  91.500      1.94310E-03
  92.500      3.10390E-03
  93.500      4.12090E-03
  94.500      4.78690E-03
  95.500      5.75180E-03
  96.500      6.29650E-03
  97.500      4.52810E-03
  98.500      5.55310E-03
  99.500      4.87330E-03
  100.50      4.90530E-03
  101.50      5.24270E-03
  102.50      4.87440E-03
  103.50      5.61830E-03
  104.50      6.13280E-03
  105.50      5.99770E-03
  106.50      5.45460E-03
  107.50      5.88530E-03
  108.50      5.22050E-03
  109.50      5.81120E-03
  110.50      5.67470E-03
  111.50      5.70220E-03
  112.50      5.32320E-03
  113.50      5.72640E-03
  114.50      5.80930E-03
  115.50      5.30950E-03
  116.50      5.01650E-03
  117.50      4.44680E-03
  118.50      5.08890E-03
  119.50      4.71000E-03
  120.50      4.71260E-03
  121.50      3.98580E-03
  122.50      4.59210E-03
  123.50      4.62320E-03
  124.50      4.51650E-03
  125.50      4.72560E-03
  126.50      4.83030E-03
  127.50      4.98760E-03
  128.50      5.00890E-03
  129.50      5.00420E-03
  130.50      4.89470E-03
  131.50      4.96470E-03
  132.50      4.92900E-03
  133.50      4.86920E-03
  134.50      4.78700E-03
  135.50      4.69390E-03
  136.50      4.52030E-03
  137.50      4.32440E-03
  138.50      4.42320E-03
  139.50      4.15130E-03
  140.50      3.97350E-03
  141.50      4.61660E-03
  142.50      4.23270E-03
  143.50      4.52460E-03
  144.20      4.28810E-03
  144.70      4.32970E-03
  145.50      4.21620E-03
  146.50      4.22220E-03
  147.50      4.27540E-03
  148.50      4.35300E-03
  149.50      4.25000E-03
  150.50      4.23360E-03
  151.20      4.24150E-03
  151.70      4.17980E-03
  152.50      4.18710E-03
  153.50      3.83120E-03
  154.50      3.10650E-03
  155.50      3.24640E-03
  156.50      3.70080E-03
  157.50      3.85440E-03
  158.50      3.75690E-03
  159.50      3.91560E-03
  160.50      3.74390E-03
  161.50      3.65840E-03
  162.50      3.76740E-03
  163.50      3.77560E-03
  164.50      3.69440E-03
  165.50      3.81650E-03
  166.50      3.69850E-03
  167.20      3.56940E-03
  167.70      3.97010E-03
  168.50      3.90950E-03
  169.50      3.89380E-03
  170.50      3.79280E-03
  171.50      3.64240E-03
  172.50      3.59160E-03
  173.50      3.75720E-03
  174.50      3.76770E-03
  175.50      3.72900E-03
  176.50      3.65610E-03
  177.50      3.59940E-03
  178.50      3.67620E-03
  179.50      3.58080E-03
  180.50      3.56390E-03
  181.50      3.52310E-03
  182.50      3.48440E-03
  183.50      3.49220E-03
  184.50      3.50860E-03
  185.50      3.50500E-03
  186.50      3.52600E-03
  187.50      3.42370E-03
  188.50      3.39280E-03
  189.50      3.45630E-03
  190.50      3.43930E-03
  191.50      3.42090E-03
  192.50      3.25660E-03
  193.50      3.40610E-03
  194.50      3.40480E-03
  195.50      3.26910E-03
  196.70      3.31890E-03
  197.60      3.28020E-03
  198.40      3.31260E-03
  199.50      3.28100E-03
  200.50      3.29480E-03
  201.50      3.27280E-03
  202.50      3.26240E-03
  203.50      3.20890E-03
  204.50      3.17000E-03
  205.50      2.30050E-03
  206.50      2.20870E-03
  207.40      2.27180E-03
  207.80      2.32530E-03
  208.50      2.49100E-03
  209.50      2.80620E-03
  210.50      2.98430E-03
  211.50      3.05100E-03
  212.50      2.98770E-03
  213.50      3.01910E-03
  214.50      2.99190E-03
  215.50      2.98030E-03
  216.50      2.79880E-03
  217.50      2.97690E-03
  218.50      2.84100E-03
  219.50      2.97150E-03
  220.50      2.94230E-03
  221.50      2.77540E-03
  222.50      2.91330E-03
  223.50      2.89380E-03
  224.50      2.86910E-03
  225.50      2.73320E-03
  226.50      2.82220E-03
  227.50      2.84140E-03
  228.50      2.73510E-03
  229.50      2.69120E-03
  230.50      2.63970E-03
  231.50      2.68010E-03
  232.50      2.71640E-03
  233.50      2.71300E-03
  234.50      2.66600E-03
  235.50      2.61880E-03
  236.50      2.58720E-03
  237.50      2.53170E-03
  238.50      2.38880E-03
  239.50      2.49070E-03
  240.50      2.49130E-03
  241.50      2.48230E-03
  242.50      2.50970E-03
  243.50      2.47880E-03
  244.50      2.46610E-03
  245.50      2.42780E-03
  246.50      2.43820E-03
  247.50      2.45700E-03
  248.50      2.39220E-03
  249.50      1.94890E-03
  250.50      2.34210E-03
  251.30      2.17810E-03
  251.80      2.27300E-03
  252.50      2.32230E-03
  253.50      2.34980E-03
  254.50      2.33980E-03
  255.50      2.32620E-03
  256.50      2.30900E-03
  257.50      2.29680E-03
  258.50      2.28600E-03
  259.50      2.20560E-03
  260.50      2.25830E-03
  261.50      2.19880E-03
  262.50      2.23550E-03
  263.50      2.23080E-03
  264.50      2.18790E-03
  265.50      2.20250E-03
  266.50      2.18090E-03
  267.50      2.11900E-03
  268.50      2.14000E-03
  269.50      2.12680E-03
  270.50      2.14870E-03
  271.50      2.12650E-03
  272.50      2.10550E-03
  273.50      2.02330E-03
  274.50      2.09750E-03
  275.50      2.06910E-03
  276.50      2.06710E-03
  277.50      2.04730E-03
  278.50      2.00000E-03
  279.50      1.97980E-03
  280.50      2.00050E-03
  281.50      1.99460E-03
  282.50      1.97240E-03
  283.50      1.97570E-03
  284.50      1.97400E-03
  285.50      1.95820E-03
  286.50      1.92510E-03
  287.50      1.91130E-03
  288.50      1.91980E-03
  289.50      1.89820E-03
  291.00      1.88310E-03
  293.00      1.87810E-03
  295.00      1.85900E-03
  297.00      1.82830E-03
  299.00      1.79030E-03
  301.00      1.76780E-03
  303.00      1.72930E-03
  305.00      1.73250E-03
  307.00      1.69570E-03
  309.00      1.70140E-03
  311.00      1.69170E-03
  313.00      1.66830E-03
  315.00      1.66410E-03
  317.00      1.64230E-03
  319.00      1.63140E-03
  321.00      1.56910E-03
  323.00      1.59530E-03
  325.00      1.58410E-03
  327.00      1.54300E-03
  329.00      1.54320E-03
  331.00      1.52440E-03
  333.00      1.50260E-03
  335.00      1.46850E-03
  337.00      1.46810E-03
  339.00      1.45310E-03
  341.00      1.43920E-03
  343.00      1.44350E-03
  345.00      1.40560E-03
  347.00      1.40970E-03
  349.00      1.40090E-03
  351.00      1.39250E-03
  353.00      1.37070E-03
  355.00      1.35960E-03
  357.00      1.34690E-03
  359.00      1.33770E-03
  361.00      1.32080E-03
  363.00      1.30670E-03
  364.00      1.27480E-03
  365.00      1.13690E-03
  367.00      1.12940E-03
  369.00      1.11910E-03
  371.00      1.10460E-03
  373.00      1.12170E-03
  375.00      1.13930E-03
  377.00      1.15290E-03
  379.00      1.19180E-03
  381.00      1.21700E-03
  383.00      1.15870E-03
  385.00      1.22300E-03
  387.00      1.20350E-03
  389.00      1.10710E-03
  391.00      1.21580E-03
  393.00      1.19410E-03
  395.00      1.17280E-03
  397.00      1.05360E-03
  399.00      1.17260E-03
  401.00      1.16350E-03
  403.00      1.13180E-03
  405.00      1.15020E-03
  407.00      1.12510E-03
  409.00      1.07440E-03
  411.00      1.01490E-03
  413.00      1.09890E-03
  415.00      1.09600E-03
  417.00      1.09400E-03
  419.00      1.07660E-03
  421.00      1.05110E-03
  423.00      1.06870E-03
  425.00      1.05530E-03
  427.00      1.04820E-03
  429.00      1.03680E-03
  431.00      1.02110E-03
  433.00      9.72470E-04
  435.00      9.29200E-04
  437.00      9.97400E-04
  439.00      9.82490E-04
  441.00      9.72120E-04
  443.00      9.74000E-04
  445.00      9.63410E-04
  447.00      9.53260E-04
  449.00      9.53480E-04
  451.00      9.37470E-04
  453.00      9.30010E-04
  455.00      9.03020E-04
  457.00      9.20920E-04
  459.00      9.11170E-04
  461.00      9.06480E-04
  463.00      8.89940E-04
  465.00      8.59430E-04
  467.00      8.81530E-04
  469.00      8.49180E-04
  471.00      8.74990E-04
  473.00      8.76570E-04
  475.00      8.70350E-04
  477.00      8.63390E-04
  479.00      8.54420E-04
  481.00      8.48740E-04
  483.00      8.40860E-04
  485.00      8.09510E-04
  487.00      7.55730E-04
  489.00      8.19210E-04
  491.00      8.15080E-04
  493.00      8.08540E-04
  495.00      8.04470E-04
  497.00      8.01290E-04
  499.00      7.96060E-04
  501.00      7.83360E-04
  503.00      7.79770E-04
  505.00      7.75780E-04
  507.00      7.72630E-04
  509.00      7.67480E-04
  511.00      7.61690E-04
  513.00      7.55590E-04
  515.00      7.50580E-04
  517.00      7.45510E-04
  519.00      7.40330E-04
  521.00      7.34710E-04
  523.00      7.30420E-04
  525.00      7.22880E-04
  527.00      7.16600E-04
  529.00      7.15320E-04
  531.00      7.09890E-04
  533.00      7.05070E-04
  535.00      7.00740E-04
  537.00      6.95560E-04
  539.00      6.90680E-04
  541.00      6.67120E-04
  543.00      6.81360E-04
  545.00      6.77190E-04
  547.00      6.72190E-04
  549.00      6.67990E-04
  551.00      6.61630E-04
  553.00      6.59060E-04
  555.00      6.54900E-04
  557.00      6.49440E-04
  559.00      6.41790E-04
  561.00      6.42010E-04
  563.00      6.37700E-04
  565.00      6.33470E-04
  567.00      6.29290E-04
  569.00      6.12780E-04
  571.00      5.69950E-04
  573.00      5.66580E-04
  575.00      5.62970E-04
  577.00      5.60120E-04
  579.00      5.56990E-04
  581.00      5.49440E-04
  583.00      5.51520E-04
  585.00      5.51200E-04
  587.00      5.45740E-04
  589.00      5.50140E-04
  591.00      5.50430E-04
  593.00      5.51090E-04
  595.00      5.52470E-04
  597.00      5.54150E-04
  599.00      5.56240E-04
  601.00      5.56680E-04
  603.00      5.56700E-04
  605.00      5.56300E-04
  607.00      5.53290E-04
  609.00      5.50680E-04
  611.00      5.47020E-04
  613.00      5.44050E-04
  615.00      5.41020E-04
  617.00      5.36760E-04
  619.00      5.35500E-04
  621.00      5.32780E-04
  623.00      5.27180E-04
  625.00      5.25220E-04
  627.00      5.23280E-04
  629.00      5.19990E-04
  631.00      5.13600E-04
  633.00      5.13650E-04
  635.00      5.10800E-04
  637.00      5.08360E-04
  639.00      5.04440E-04
  641.00      4.97950E-04
  643.00      4.99320E-04
  645.00      4.95950E-04
  647.00      4.92920E-04
  649.00      4.90260E-04
  651.00      4.85100E-04
  653.00      4.78290E-04
  655.00      4.71890E-04
  657.00      4.36340E-04
  659.00      4.74560E-04
  661.00      4.74100E-04
  663.00      4.71750E-04
  665.00      4.69010E-04
  667.00      4.61550E-04
  669.00      4.54530E-04
  671.00      4.59040E-04
  673.00      4.57480E-04
  675.00      4.55150E-04
  677.00      4.53160E-04
  679.00      4.51100E-04
  681.00      4.48610E-04
  683.00      4.46140E-04
  685.00      4.43420E-04
  687.00      4.40630E-04
  689.00      4.30190E-04
  691.00      4.35230E-04
  693.00      4.34140E-04
  695.00      4.31680E-04
  697.00      4.29440E-04
  699.00      4.26860E-04
  701.00      4.23800E-04
  703.00      4.21140E-04
  705.00      4.18830E-04
  707.00      4.15150E-04
  709.00      4.15790E-04
  711.00      4.13140E-04
  713.00      4.10960E-04
  715.00      4.09310E-04
  717.00      4.01210E-04
  719.00      4.00960E-04
  721.00      4.02820E-04
  723.00      4.00690E-04
  725.00      3.98640E-04
  727.00      3.96630E-04
  729.00      3.93850E-04
  731.00      3.91420E-04
  733.00      3.90490E-04
  735.00      3.88510E-04
  737.00      3.85810E-04
  739.00      3.84140E-04
  741.00      3.81890E-04
  743.00      3.80650E-04
  745.00      3.77580E-04
  747.00      3.76430E-04
  749.00      3.73070E-04
  751.00      3.72290E-04
  753.00      3.70840E-04
  755.00      3.68890E-04
  757.00      3.66770E-04
  759.00      3.56580E-04
  761.00      3.61870E-04
  763.00      3.61410E-04
  765.00      3.59580E-04
  767.00      3.57810E-04
  769.00      3.54500E-04
  771.00      3.53440E-04
  773.00      3.50620E-04
  775.00      3.50500E-04
  777.00      3.49610E-04
  779.00      3.47470E-04
  781.00      3.46180E-04
  783.00      3.44390E-04
  785.00      3.40710E-04
  787.00      3.40140E-04
  789.00      3.39110E-04
  791.00      3.37920E-04
  793.00      3.36470E-04
  795.00      3.34800E-04
  797.00      3.32040E-04
  799.00      3.31550E-04
  801.00      3.30040E-04
  803.00      3.28060E-04
  805.00      3.27010E-04
  807.00      3.25460E-04
  809.00      3.23940E-04
  811.00      3.22320E-04
  813.00      3.20920E-04
  815.00      3.19380E-04
  817.00      3.17090E-04
  819.00      3.14570E-04
  821.00      2.98500E-04
  823.00      2.94500E-04
  825.00      2.95110E-04
  827.00      2.94470E-04
  829.00      2.93370E-04
  831.00      2.92220E-04
  833.00      2.89870E-04
  835.00      2.89100E-04
  837.00      2.88210E-04
  839.00      2.87340E-04
  841.00      2.86210E-04
  843.00      2.85180E-04
  845.00      2.84010E-04
  847.00      2.83150E-04
  849.00      2.82300E-04
  851.00      2.80800E-04
  853.00      2.80690E-04
  855.00      2.79700E-04
  857.00      2.78890E-04
  859.00      2.78020E-04
  861.00      2.77500E-04
  863.00      2.77630E-04
  865.00      2.76460E-04
  867.00      2.73710E-04
  869.00      2.75890E-04
  871.00      2.75820E-04
  873.00      2.74530E-04
  875.00      2.69880E-04
  877.00      2.72750E-04
  879.00      2.74180E-04
  881.00      2.74090E-04
  883.00      2.73090E-04
  885.00      2.68240E-04
  887.00      2.62310E-04
  889.00      2.69500E-04
  891.00      2.70280E-04
  893.00      2.69410E-04
  895.00      2.68690E-04
  897.00      2.67610E-04
  899.00      2.64470E-04
  901.00      2.52450E-04
  903.00      2.56240E-04
  905.00      2.62240E-04
  907.00      2.62000E-04
  909.00      2.61370E-04
  911.00      2.60380E-04
  913.00      2.59610E-04
  915.00      2.58950E-04
  917.00      2.56870E-04
  919.00      2.55360E-04
  921.00      2.50270E-04
  923.00      2.35350E-04
  925.00      2.47210E-04
  927.00      2.50890E-04
  929.00      2.50680E-04
  931.00      2.49990E-04
  933.00      2.48510E-04
  935.00      2.40610E-04
  937.00      2.45750E-04
  939.00      2.45780E-04
  941.00      2.44690E-04
  943.00      2.44060E-04
  945.00      2.43160E-04
  947.00      2.41990E-04
  949.00      2.40630E-04
  951.00      2.38440E-04
  953.00      2.32700E-04
  955.00      2.17910E-04
  957.00      2.32560E-04
  959.00      2.35390E-04
  961.00      2.35160E-04
  963.00      2.33950E-04
  965.00      2.33760E-04
  967.00      2.32990E-04
  969.00      2.32070E-04
  971.00      2.27930E-04
  973.00      2.29520E-04
  975.00      2.28710E-04
  977.00      2.26720E-04
  979.00      2.27370E-04
  981.00      2.26520E-04
  983.00      2.25280E-04
  985.00      2.24800E-04
  987.00      2.23990E-04
  989.00      2.22980E-04
  991.00      2.21960E-04
  993.00      2.21360E-04
  995.00      2.20530E-04
  997.00      2.19630E-04
  999.00      2.18390E-04
  1002.5      2.11360E-04
  1007.5      2.06970E-04
  1012.5      2.07870E-04
  1017.5      2.11120E-04
  1022.5      2.09100E-04
  1027.5      2.06830E-04
  1032.5      2.04780E-04
  1037.5      2.03290E-04
  1042.5      2.00100E-04
  1047.5      1.99650E-04
  1052.5      1.97780E-04
  1057.5      1.96000E-04
  1062.5      1.94220E-04
  1067.5      1.92440E-04
  1072.5      1.90730E-04
  1077.5      1.89010E-04
  1082.5      1.86440E-04
  1087.5      1.85170E-04
  1092.5      1.74230E-04
  1097.5      1.79500E-04
  1102.5      1.80590E-04
  1107.5      1.79220E-04
  1112.5      1.77640E-04
  1117.5      1.76260E-04
  1122.5      1.74650E-04
  1127.5      1.73090E-04
  1132.5      1.71560E-04
  1137.5      1.70180E-04
  1142.5      1.68800E-04
  1147.5      1.67390E-04
  1152.5      1.66010E-04
  1157.5      1.64440E-04
  1162.5      1.60580E-04
  1167.5      1.59920E-04
  1172.5      1.60480E-04
  1177.5      1.59220E-04
  1182.5      1.57610E-04
  1187.5      1.56520E-04
  1192.5      1.55260E-04
  1197.5      1.53420E-04
  1202.5      1.52840E-04
  1207.5      1.51500E-04
  1212.5      1.50180E-04
  1217.5      1.49180E-04
  1222.5      1.47960E-04
  1227.5      1.46830E-04
  1232.5      1.45620E-04
  1237.5      1.44520E-04
  1242.5      1.43390E-04
  1247.5      1.42270E-04
  1252.5      1.41100E-04
  1257.5      1.40030E-04
  1262.5      1.38980E-04
  1267.5      1.37920E-04
  1272.5      1.36800E-04
  1277.5      1.34470E-04
  1282.5      1.26830E-04
  1287.5      1.33170E-04
  1292.5      1.32760E-04
  1297.5      1.31620E-04
  1302.5      1.30730E-04
  1307.5      1.29800E-04
  1312.5      1.28830E-04
  1317.5      1.27860E-04
  1322.5      1.26930E-04
  1327.5      1.26000E-04
  1332.5      1.25070E-04
  1337.5      1.24150E-04
  1342.5      1.23230E-04
  1347.5      1.22350E-04
  1352.5      1.21460E-04
  1357.5      1.20610E-04
  1362.5      1.19730E-04
  1367.5      1.18880E-04
  1372.5      1.17970E-04
  1377.5      1.17190E-04
  1382.5      1.16370E-04
  1387.5      1.15550E-04
  1392.5      1.14720E-04
  1397.5      1.13940E-04
  1402.5      1.13110E-04
  1407.5      1.12350E-04
  1412.5      1.11570E-04
  1417.5      1.10750E-04
  1422.5      1.10040E-04
  1427.5      1.09280E-04
  1432.5      1.08500E-04
  1437.5      1.07780E-04
  1442.5      1.07070E-04
  1447.5      1.06340E-04
  1452.5      1.05630E-04
  1457.0      1.04980E-04
  1462.0      1.04320E-04
  1467.5      1.03550E-04
  1472.5      1.02770E-04
  1477.5      1.00780E-04
  1482.5      1.01490E-04
  1487.5      1.00850E-04
  1492.5      1.00190E-04
  1497.5      9.95380E-05
  1502.5      9.88850E-05
  1507.5      9.82190E-05
  1512.5      9.76120E-05
  1517.5      9.69820E-05
  1522.5      9.63540E-05
  1527.5      9.57360E-05
  1532.5      9.51200E-05
  1537.5      9.45150E-05
  1542.5      9.38870E-05
  1547.5      9.33180E-05
  1552.5      9.27190E-05
  1557.5      9.21000E-05
  1562.5      9.15750E-05
  1567.5      9.09350E-05
  1572.5      9.03350E-05
  1577.5      8.98830E-05
  1582.5      8.92990E-05
  1587.5      8.85070E-05
  1592.5      8.81320E-05
  1597.5      8.77160E-05
  1605.0      8.67940E-05
  1615.0      8.55410E-05
  1625.0      8.49950E-05
  1635.0      8.35940E-05
  1645.0      8.22190E-05
  1655.0      8.19650E-05
  1665.0      8.09550E-05
  1675.0      7.95350E-05
  1685.0      7.81120E-05
  1695.0      7.81600E-05
  1705.0      7.71470E-05
  1715.0      7.64190E-05
  1725.0      7.54730E-05
  1735.0      7.31210E-05
  1745.0      7.35940E-05
  1755.0      7.30150E-05
  1765.0      7.22000E-05
  1775.0      7.13860E-05
  1785.0      7.06080E-05
  1795.0      6.98330E-05
  1805.0      6.90250E-05
  1815.0      6.66330E-05
  1825.0      6.71780E-05
  1835.0      6.68470E-05
  1845.0      6.61300E-05
  1855.0      6.53910E-05
  1865.0      6.35840E-05
  1875.0      6.17790E-05
  1885.0      6.33330E-05
  1895.0      6.27270E-05
  1905.0      6.20180E-05
  1915.0      6.14450E-05
  1925.0      6.08140E-05
  1935.0      6.00660E-05
  1945.0      5.76200E-05
  1955.0      5.88340E-05
  1965.0      5.83830E-05
  1975.0      5.77990E-05
  1985.0      5.72120E-05
  1995.0      5.66400E-05
  2005.0      5.60950E-05
  2015.0      5.55440E-05
  2025.0      5.50000E-05
  2035.0      5.44650E-05
  2045.0      5.39330E-05
  2055.0      5.33930E-05
  2065.0      5.29040E-05
  2075.0      5.23390E-05
  2085.0      5.18950E-05
  2095.0      5.14090E-05
  2105.0      5.09240E-05
  2115.0      5.04010E-05
  2125.0      4.99770E-05
  2135.0      4.95100E-05
  2145.0      4.90500E-05
  2155.0      4.85230E-05
  2165.0      4.63510E-05
  2175.0      4.75410E-05
  2185.0      4.72780E-05
  2195.0      4.68560E-05
  2205.0      4.64350E-05
  2215.0      4.60180E-05
  2225.0      4.56070E-05
  2235.0      4.52020E-05
  2245.0      4.48010E-05
  2255.0      4.44070E-05
  2265.0      4.40180E-05
  2275.0      4.36340E-05
  2285.0      4.33130E-05
  2295.0      4.29380E-05
  2305.0      4.25650E-05
  2315.0      4.22000E-05
  2325.0      4.18420E-05
  2335.0      4.14850E-05
  2345.0      4.11330E-05
  2355.0      4.07840E-05
  2365.0      4.04430E-05
  2375.0      4.01040E-05
  2385.0      3.97700E-05
  2395.0      3.94370E-05
  2405.0      3.91090E-05
  2415.0      3.87880E-05
  2425.0      3.84440E-05
  2435.0      3.81570E-05
  2445.0      3.78470E-05
  2455.0      3.75400E-05
  2465.0      3.72360E-05
  2475.0      3.69170E-05
  2485.0      3.66400E-05
  2495.0      3.63450E-05
  2505.0      3.60590E-05
  2515.0      3.57730E-05
  2525.0      3.54830E-05
  2535.0      3.52110E-05
  2545.0      3.49360E-05
  2555.0      3.46610E-05
  2565.0      3.43280E-05
  2575.0      3.41270E-05
  2585.0      3.38640E-05
  2595.0      3.36040E-05
  2605.0      3.32830E-05
  2615.0      3.28660E-05
  2625.0      3.14430E-05
  2635.0      3.24310E-05
  2645.0      3.23430E-05
  2655.0      3.20950E-05
  2665.0      3.18200E-05
  2675.0      3.14330E-05
  2685.0      3.13400E-05
  2695.0      3.11580E-05
  2705.0      3.09280E-05
  2715.0      3.07010E-05
  2725.0      3.04760E-05
  2735.0      3.02530E-05
  2745.0      3.00020E-05
  2755.0      2.95410E-05
  2765.0      2.94480E-05
  2775.0      2.93860E-05
  2785.0      2.91730E-05
  2795.0      2.89680E-05
  2805.0      2.87600E-05
  2815.0      2.85570E-05
  2825.0      2.83550E-05
  2835.0      2.81550E-05
  2845.0      2.79570E-05
  2855.0      2.77560E-05
  2865.0      2.74170E-05
  2875.0      2.69590E-05
  2885.0      2.71270E-05
  2895.0      2.69980E-05
  2905.0      2.68130E-05
  2915.0      2.66290E-05
  2925.0      2.64470E-05
  2935.0      2.62660E-05
  2945.0      2.60880E-05
  2955.0      2.59120E-05
  2965.0      2.57370E-05
  2975.0      2.55640E-05
  2985.0      2.53920E-05
  2995.0      2.52220E-05
  3005.0      2.50540E-05
  3015.0      2.48880E-05
  3025.0      2.46820E-05
  3035.0      2.41260E-05
  3045.0      2.41180E-05
  3055.0      2.42150E-05
  3065.0      2.40780E-05
  3075.0      2.39230E-05
  3085.0      2.37600E-05
  3095.0      2.36150E-05
  3105.0      2.34620E-05
  3115.0      2.33110E-05
  3125.0      2.31620E-05
  3135.0      2.30140E-05
  3145.0      2.28670E-05
  3155.0      2.27220E-05
  3165.0      2.25780E-05
  3175.0      2.24360E-05
  3185.0      2.22950E-05
  3195.0      2.21550E-05
  3210.0      2.19470E-05
  3230.0      2.16750E-05
  3250.0      2.14080E-05
  3270.0      2.11460E-05
  3290.0      2.04970E-05
  3310.0      2.05370E-05
  3330.0      2.04000E-05
  3350.0      2.01580E-05
  3370.0      1.99180E-05
  3390.0      1.96830E-05
  3410.0      1.94510E-05
  3430.0      1.92240E-05
  3450.0      1.90010E-05
  3470.0      1.87810E-05
  3490.0      1.85650E-05
  3510.0      1.83530E-05
  3530.0      1.81450E-05
  3550.0      1.79400E-05
  3570.0      1.77380E-05
  3590.0      1.75400E-05
  3610.0      1.73450E-05
  3630.0      1.71530E-05
  3650.0      1.69640E-05
  3670.0      1.67790E-05
  3690.0      1.65960E-05
  3710.0      1.64070E-05
  3730.0      1.60470E-05
  3750.0      1.57970E-05
  3770.0      1.58940E-05
  3790.0      1.57260E-05
  3810.0      1.55600E-05
  3830.0      1.53970E-05
  3850.0      1.52360E-05
  3870.0      1.50780E-05
  3890.0      1.49220E-05
  3910.0      1.47600E-05
  3930.0      1.46180E-05
  3950.0      1.44690E-05
  3970.0      1.43220E-05
  3990.0      1.41780E-05
  4010.0      1.40210E-05
  4030.0      1.38550E-05
  4050.0      1.34200E-05
  4070.0      1.36120E-05
  4090.0      1.34880E-05
  4110.0      1.33550E-05
  4130.0      1.32220E-05
  4150.0      1.30950E-05
  4170.0      1.29110E-05
  4190.0      1.28410E-05
  4210.0      1.27230E-05
  4230.0      1.26020E-05
  4250.0      1.24810E-05
  4270.0      1.23650E-05
  4290.0      1.22440E-05
  4310.0      1.21340E-05
  4330.0      1.20210E-05
  4350.0      1.19100E-05
  4370.0      1.17180E-05
  4390.0      1.16580E-05
  4410.0      1.15850E-05
  4430.0      1.14790E-05
  4450.0      1.13750E-05
  4470.0      1.12770E-05
  4490.0      1.11760E-05
  4510.0      1.10750E-05
  4530.0      1.09770E-05
  4550.0      1.08800E-05
  4570.0      1.07840E-05
  4590.0      1.06890E-05
  4610.0      1.05950E-05
  4630.0      1.04900E-05
  4650.0      1.00890E-05
  4670.0      1.01650E-05
  4690.0      1.01970E-05
  4710.0      1.01460E-05
  4730.0      1.00590E-05
  4750.0      9.97280E-06
  4770.0      9.88910E-06
  4790.0      9.80580E-06
  4810.0      9.72340E-06
  4830.0      9.64210E-06
  4850.0      9.56180E-06
  4870.0      9.48250E-06
  4890.0      9.40410E-06
  4910.0      9.32680E-06
  4930.0      9.25030E-06
  4950.0      9.17480E-06
  4970.0      9.10020E-06
  4990.0      9.02650E-06
  5010.0      8.95360E-06
  5030.0      8.88160E-06
  5050.0      8.81070E-06
  5070.0      8.74040E-06
  5090.0      8.67090E-06
  5110.0      8.57600E-06
  5130.0      8.37940E-06
  5150.0      8.45090E-06
  5170.0      8.40130E-06
  5190.0      8.33590E-06
  5210.0      8.27120E-06
  5230.0      8.20730E-06
  5250.0      8.14410E-06
  5270.0      8.08160E-06
  5290.0      8.01980E-06
  5310.0      7.95870E-06
  5330.0      7.89830E-06
  5350.0      7.83860E-06
  5370.0      7.77950E-06
  5390.0      7.72110E-06
  5410.0      7.66340E-06
  5430.0      7.60630E-06
  5450.0      7.54990E-06
  5470.0      7.49400E-06
  5490.0      7.43880E-06
  5510.0      7.38410E-06
  5530.0      7.33000E-06
  5550.0      7.27660E-06
  5570.0      7.22380E-06
  5590.0      7.17150E-06
  5610.0      7.11970E-06
  5630.0      7.06850E-06
  5650.0      7.01790E-06
  5670.0      6.96770E-06
  5690.0      6.91810E-06
  5710.0      6.86780E-06
  5730.0      6.82050E-06
  5750.0      6.77250E-06
  5770.0      6.72500E-06
  5790.0      6.67790E-06
  5810.0      6.63140E-06
  5830.0      6.58530E-06
  5850.0      6.54130E-06
  5870.0      6.49610E-06
  5890.0      6.42340E-06
  5910.0      6.24130E-06
  5930.0      6.34070E-06
  5950.0      6.30020E-06
  5970.0      6.26930E-06
  5990.0      6.23470E-06
  6010.0      6.19270E-06
  6030.0      6.15100E-06
  6050.0      6.10990E-06
  6070.0      6.06910E-06
  6090.0      6.02870E-06
  6110.0      5.98870E-06
  6130.0      5.94910E-06
  6150.0      5.90990E-06
  6170.0      5.87110E-06
  6190.0      5.83260E-06
  6210.0      5.79460E-06
  6230.0      5.75680E-06
  6250.0      5.71950E-06
  6270.0      5.67740E-06
  6290.0      5.61560E-06
  6310.0      5.60080E-06
  6330.0      5.57360E-06
  6350.0      5.53810E-06
  6370.0      5.50280E-06
  6390.0      5.46790E-06
  6420.0      5.41610E-06
  6460.0      5.34820E-06
  6500.0      5.28160E-06
  6540.0      5.21610E-06
  6580.0      5.15190E-06
  6620.0      5.08880E-06
  6660.0      5.02700E-06
  6700.0      4.96610E-06
  6740.0      4.90110E-06
  6780.0      4.81730E-06
  6820.0      4.79010E-06
  6860.0      4.73360E-06
  6900.0      4.67800E-06
  6940.0      4.62330E-06
  6980.0      4.56960E-06
  7020.0      4.51690E-06
  7060.0      4.46500E-06
  7100.0      4.41400E-06
  7140.0      4.36380E-06
  7180.0      4.31450E-06
  7220.0      4.26600E-06
  7260.0      4.21840E-06
  7300.0      4.17150E-06
  7340.0      4.12540E-06
  7380.0      4.08000E-06
  7420.0      4.03100E-06
  7460.0      3.89370E-06
  7500.0      3.84210E-06
  7540.0      3.89390E-06
  7580.0      3.86400E-06
  7620.0      3.82280E-06
  7660.0      3.78240E-06
  7700.0      3.74250E-06
  7740.0      3.70330E-06
  7780.0      3.66460E-06
  7820.0      3.62660E-06
  7860.0      3.58910E-06
  7900.0      3.55230E-06
  7940.0      3.51590E-06
  7980.0      3.48020E-06
  8020.0      3.44490E-06
  8060.0      3.41020E-06
  8100.0      3.37600E-06
  8140.0      3.34170E-06
  8180.0      3.30910E-06
  8220.0      3.27650E-06
  8260.0      3.24430E-06
  8300.0      3.21250E-06
  8340.0      3.18120E-06
  8380.0      3.15040E-06
  8420.0      3.12000E-06
  8460.0      3.09000E-06
  8500.0      3.06050E-06
  8540.0      3.03140E-06
  8580.0      3.00270E-06
  8620.0      2.97430E-06
  8660.0      2.93980E-06
  8700.0      2.91780E-06
  8740.0      2.86570E-06
  8780.0      2.83970E-06
  8820.0      2.83860E-06
  8860.0      2.81260E-06
  8900.0      2.78690E-06
  8940.0      2.76150E-06
  8980.0      2.73650E-06
  9020.0      2.71180E-06
  9060.0      2.68750E-06
  9100.0      2.66350E-06
  9140.0      2.63980E-06
  9180.0      2.61640E-06
  9220.0      2.59330E-06
  9260.0      2.57050E-06
  9300.0      2.54810E-06
  9340.0      2.52580E-06
  9380.0      2.49350E-06
  9420.0      2.47870E-06
  9460.0      2.46100E-06
  9500.0      2.43990E-06
  9540.0      2.41910E-06
  9580.0      2.39860E-06
  9620.0      2.37830E-06
  9660.0      2.35830E-06
  9700.0      2.33850E-06
  9740.0      2.31890E-06
  9780.0      2.29960E-06
  9820.0      2.28060E-06
  9860.0      2.26170E-06
  9900.0      2.24320E-06
  9940.0      2.22480E-06
  9980.0      2.20660E-06
  10020.      2.18870E-06
  20000.      5.33060E-07
  40000.      1.28930E-07
  60000.      5.61870E-08
  80000.      3.11630E-08
 1.00000E+05  1.97260E-08
 1.20000E+05  1.35750E-08
 1.40000E+05  9.89650E-09
 1.60000E+05  7.52560E-09
