 Castelli and Kurucz 2004-2012 Atmosphere
 T     39000.     G    5.00000 [0.5a] VTURB=2  L/H=1.25 NOVER NEW ODF          
 Wavelength  Eddington Hnu
   (nm)    (ergs/s/cm2/Hz/sr)
  9.0900      4.53710E-26
  9.3500      1.81650E-25
  9.6100      6.65290E-25
  9.7700      1.46900E-24
  9.9600      3.57750E-24
  10.200      1.05430E-23
  10.380      2.30160E-23
  10.560      4.90020E-23
  10.770      1.14840E-22
  11.040      3.28100E-22
  11.400      1.23850E-21
  11.780      4.63320E-21
  12.130      1.46610E-20
  12.480      4.35400E-20
  12.710      8.64530E-20
  12.840      1.26070E-19
  13.050      2.28030E-19
  13.240      3.84000E-19
  13.390      5.75940E-19
  13.660      1.15830E-18
  13.980      2.61200E-18
  14.330      6.02720E-18
  14.720      1.43500E-17
  15.100      3.39120E-17
  15.520      8.10600E-17
  15.880      1.65370E-16
  16.200      3.00060E-16
  16.600      6.31560E-16
  17.030      1.32240E-15
  17.340      2.23310E-15
  17.680      3.96890E-15
  18.020      6.72970E-15
  18.170      8.65380E-15
  18.610      1.66470E-14
  19.100      3.33130E-14
  19.390      4.95130E-14
  19.840      9.03690E-14
  20.180      1.37520E-13
  20.500      2.02610E-13
  21.050      3.84050E-13
  21.620      7.08680E-13
  21.980      1.05450E-12
  22.300      1.46310E-12
  22.680      2.41620E-12
  23.000      5.48970E-10
  23.400      1.26720E-09
  24.000      1.80820E-09
  24.650      2.69500E-09
  25.240      4.91400E-09
  25.680      7.27260E-09
  26.000      9.56860E-09
  26.400      1.83590E-08
  26.850      3.01190E-08
  27.350      3.83040E-08
  27.850      3.97390E-08
  28.400      8.28870E-08
  29.000      1.15480E-07
  29.600      1.34470E-07
  30.100      2.61430E-07
  30.800      5.47020E-07
  31.800      8.10330E-07
  32.800      1.20790E-06
  33.800      2.05430E-06
  34.800      2.98760E-06
  35.700      6.06810E-06
  36.600      1.50870E-05
  37.500      2.01600E-05
  38.500      2.94150E-05
  39.500      7.18910E-05
  40.500      1.38300E-04
  41.400      1.37920E-04
  42.200      1.44620E-04
  43.000      1.37950E-04
  44.100      1.66530E-04
  45.100      1.85430E-04
  46.000      1.43750E-04
  47.000      1.74510E-04
  48.000      2.21530E-04
  49.000      1.43200E-04
  50.000      2.36720E-04
  50.600      1.72930E-04
  51.200      5.67760E-04
  52.000      5.29060E-04
  53.000      4.97790E-04
  54.000      4.56760E-04
  55.000      4.10110E-04
  56.000      6.06480E-04
  57.000      7.99260E-04
  58.000      7.92880E-04
  59.000      8.22090E-04
  60.000      5.25870E-04
  61.000      6.21540E-04
  62.000      8.97130E-04
  63.000      8.66520E-04
  64.000      9.87650E-04
  65.000      9.01040E-04
  65.800      6.20050E-04
  66.500      9.17770E-04
  67.500      1.11620E-03
  68.500      8.44090E-04
  69.500      1.12960E-03
  70.500      7.67560E-04
  71.600      1.24790E-03
  72.600      1.26990E-03
  73.500      1.29600E-03
  74.500      1.13810E-03
  75.500      1.16230E-03
  76.500      1.14730E-03
  77.500      1.26710E-03
  78.500      1.11300E-03
  79.500      1.30040E-03
  80.500      1.26620E-03
  81.500      1.29420E-03
  82.500      1.38750E-03
  83.500      1.04610E-03
  84.500      1.35690E-03
  85.500      1.30380E-03
  86.500      1.41840E-03
  87.500      1.44150E-03
  88.500      1.44910E-03
  89.500      1.45920E-03
  90.500      1.42520E-03
  91.500      1.16560E-03
  92.500      2.04140E-03
  93.500      2.95390E-03
  94.500      3.65740E-03
  95.500      4.28250E-03
  96.500      4.93710E-03
  97.500      2.87890E-03
  98.500      4.21630E-03
  99.500      3.67340E-03
  100.50      3.73140E-03
  101.50      4.08600E-03
  102.50      3.51250E-03
  103.50      4.28660E-03
  104.50      4.84780E-03
  105.50      4.68130E-03
  106.50      4.08520E-03
  107.50      4.38080E-03
  108.50      3.95910E-03
  109.50      4.40090E-03
  110.50      4.24800E-03
  111.50      4.27100E-03
  112.50      3.62090E-03
  113.50      4.21080E-03
  114.50      4.23100E-03
  115.50      3.82230E-03
  116.50      3.75290E-03
  117.50      2.92530E-03
  118.50      3.65590E-03
  119.50      3.46080E-03
  120.50      3.43930E-03
  121.50      2.81260E-03
  122.50      3.36710E-03
  123.50      3.56730E-03
  124.50      3.51070E-03
  125.50      3.57690E-03
  126.50      3.69470E-03
  127.50      3.88290E-03
  128.50      3.92990E-03
  129.50      3.81740E-03
  130.50      3.78680E-03
  131.50      3.97340E-03
  132.50      3.92480E-03
  133.50      3.86840E-03
  134.50      3.82430E-03
  135.50      3.78780E-03
  136.50      3.67450E-03
  137.50      3.56090E-03
  138.50      3.53360E-03
  139.50      3.03000E-03
  140.50      3.00520E-03
  141.50      3.62160E-03
  142.50      3.25530E-03
  143.50      3.53590E-03
  144.20      3.41760E-03
  144.70      3.44670E-03
  145.50      3.31430E-03
  146.50      3.30500E-03
  147.50      3.36260E-03
  148.50      3.42020E-03
  149.50      3.34240E-03
  150.50      3.31780E-03
  151.20      3.33140E-03
  151.70      3.33560E-03
  152.50      3.25850E-03
  153.50      2.90500E-03
  154.50      2.33370E-03
  155.50      2.42820E-03
  156.50      2.80700E-03
  157.50      2.95610E-03
  158.50      2.92040E-03
  159.50      3.03330E-03
  160.50      2.88670E-03
  161.50      2.79010E-03
  162.50      2.88930E-03
  163.50      2.90430E-03
  164.50      2.91140E-03
  165.50      2.96690E-03
  166.50      2.87670E-03
  167.20      2.72670E-03
  167.70      3.17880E-03
  168.50      3.08140E-03
  169.50      3.02930E-03
  170.50      2.99550E-03
  171.50      2.88010E-03
  172.50      2.79140E-03
  173.50      2.92900E-03
  174.50      2.95080E-03
  175.50      2.91850E-03
  176.50      2.87720E-03
  177.50      2.80830E-03
  178.50      2.89040E-03
  179.50      2.82050E-03
  180.50      2.81650E-03
  181.50      2.79590E-03
  182.50      2.74660E-03
  183.50      2.77180E-03
  184.50      2.74750E-03
  185.50      2.77920E-03
  186.50      2.79870E-03
  187.50      2.71300E-03
  188.50      2.66960E-03
  189.50      2.70920E-03
  190.50      2.72960E-03
  191.50      2.69950E-03
  192.50      2.55690E-03
  193.50      2.71300E-03
  194.50      2.72980E-03
  195.50      2.54770E-03
  196.70      2.65130E-03
  197.60      2.66610E-03
  198.40      2.65820E-03
  199.50      2.62290E-03
  200.50      2.67180E-03
  201.50      2.65980E-03
  202.50      2.65170E-03
  203.50      2.60370E-03
  204.50      2.57300E-03
  205.50      1.92850E-03
  206.50      1.85360E-03
  207.40      1.90870E-03
  207.80      1.92960E-03
  208.50      2.05190E-03
  209.50      2.26530E-03
  210.50      2.44080E-03
  211.50      2.50830E-03
  212.50      2.44610E-03
  213.50      2.47280E-03
  214.50      2.45510E-03
  215.50      2.45260E-03
  216.50      2.31290E-03
  217.50      2.44530E-03
  218.50      2.34400E-03
  219.50      2.45160E-03
  220.50      2.43000E-03
  221.50      2.29760E-03
  222.50      2.39930E-03
  223.50      2.38570E-03
  224.50      2.35810E-03
  225.50      2.25730E-03
  226.50      2.33180E-03
  227.50      2.34000E-03
  228.50      2.24580E-03
  229.50      2.13990E-03
  230.50      2.17490E-03
  231.50      2.20510E-03
  232.50      2.23370E-03
  233.50      2.23060E-03
  234.50      2.19940E-03
  235.50      2.15680E-03
  236.50      2.12880E-03
  237.50      2.08240E-03
  238.50      1.96980E-03
  239.50      2.04250E-03
  240.50      2.06330E-03
  241.50      2.05330E-03
  242.50      2.07020E-03
  243.50      2.04750E-03
  244.50      2.03910E-03
  245.50      2.01750E-03
  246.50      2.01970E-03
  247.50      2.01970E-03
  248.50      1.94970E-03
  249.50      1.44400E-03
  250.50      1.87600E-03
  251.30      1.80150E-03
  251.80      1.85410E-03
  252.50      1.93060E-03
  253.50      1.94640E-03
  254.50      1.92600E-03
  255.50      1.91700E-03
  256.50      1.89900E-03
  257.50      1.89880E-03
  258.50      1.89050E-03
  259.50      1.84130E-03
  260.50      1.86890E-03
  261.50      1.83000E-03
  262.50      1.84710E-03
  263.50      1.84530E-03
  264.50      1.81680E-03
  265.50      1.82270E-03
  266.50      1.79780E-03
  267.50      1.74400E-03
  268.50      1.77230E-03
  269.50      1.75910E-03
  270.50      1.77150E-03
  271.50      1.75230E-03
  272.50      1.73700E-03
  273.50      1.68140E-03
  274.50      1.73550E-03
  275.50      1.71500E-03
  276.50      1.70750E-03
  277.50      1.70300E-03
  278.50      1.67080E-03
  279.50      1.63120E-03
  280.50      1.66100E-03
  281.50      1.66070E-03
  282.50      1.64830E-03
  283.50      1.63870E-03
  284.50      1.64330E-03
  285.50      1.62740E-03
  286.50      1.60380E-03
  287.50      1.59690E-03
  288.50      1.59710E-03
  289.50      1.58000E-03
  291.00      1.55640E-03
  293.00      1.56190E-03
  295.00      1.54320E-03
  297.00      1.52000E-03
  299.00      1.48700E-03
  301.00      1.45950E-03
  303.00      1.43170E-03
  305.00      1.44020E-03
  307.00      1.42350E-03
  309.00      1.41280E-03
  311.00      1.41270E-03
  313.00      1.38900E-03
  315.00      1.38770E-03
  317.00      1.36810E-03
  319.00      1.36190E-03
  321.00      1.31840E-03
  323.00      1.32920E-03
  325.00      1.32360E-03
  327.00      1.28840E-03
  329.00      1.28980E-03
  331.00      1.27260E-03
  333.00      1.25580E-03
  335.00      1.23010E-03
  337.00      1.22690E-03
  339.00      1.22310E-03
  341.00      1.21070E-03
  343.00      1.21140E-03
  345.00      1.18070E-03
  347.00      1.18320E-03
  349.00      1.17640E-03
  351.00      1.16700E-03
  353.00      1.15380E-03
  355.00      1.14240E-03
  357.00      1.13320E-03
  359.00      1.12270E-03
  361.00      1.10920E-03
  363.00      1.09890E-03
  364.00      1.07920E-03
  365.00      9.89920E-04
  367.00      9.84120E-04
  369.00      9.74420E-04
  371.00      9.53190E-04
  373.00      9.64180E-04
  375.00      9.72140E-04
  377.00      9.70720E-04
  379.00      1.00590E-03
  381.00      1.03090E-03
  383.00      9.66310E-04
  385.00      1.04020E-03
  387.00      1.01570E-03
  389.00      9.23980E-04
  391.00      1.04200E-03
  393.00      1.02410E-03
  395.00      9.97090E-04
  397.00      8.80130E-04
  399.00      1.00320E-03
  401.00      9.95560E-04
  403.00      9.66480E-04
  405.00      9.85630E-04
  407.00      9.52340E-04
  409.00      9.03530E-04
  411.00      8.50370E-04
  413.00      9.35870E-04
  415.00      9.33570E-04
  417.00      9.39200E-04
  419.00      9.24680E-04
  421.00      9.06680E-04
  423.00      9.17490E-04
  425.00      8.99320E-04
  427.00      8.92700E-04
  429.00      8.80410E-04
  431.00      8.64320E-04
  433.00      8.21570E-04
  435.00      7.80150E-04
  437.00      8.50740E-04
  439.00      8.38360E-04
  441.00      8.32030E-04
  443.00      8.35450E-04
  445.00      8.26130E-04
  447.00      8.11620E-04
  449.00      8.17890E-04
  451.00      8.02330E-04
  453.00      8.00140E-04
  455.00      7.80690E-04
  457.00      7.93590E-04
  459.00      7.83180E-04
  461.00      7.77120E-04
  463.00      7.63730E-04
  465.00      7.29970E-04
  467.00      7.55280E-04
  469.00      7.37040E-04
  471.00      7.46930E-04
  473.00      7.57840E-04
  475.00      7.51600E-04
  477.00      7.47390E-04
  479.00      7.41290E-04
  481.00      7.33790E-04
  483.00      7.25550E-04
  485.00      6.92650E-04
  487.00      6.41000E-04
  489.00      7.06230E-04
  491.00      7.03400E-04
  493.00      6.94180E-04
  495.00      6.93100E-04
  497.00      6.94360E-04
  499.00      6.89640E-04
  501.00      6.73100E-04
  503.00      6.73170E-04
  505.00      6.70500E-04
  507.00      6.69730E-04
  509.00      6.64780E-04
  511.00      6.59770E-04
  513.00      6.54790E-04
  515.00      6.50340E-04
  517.00      6.44770E-04
  519.00      6.41040E-04
  521.00      6.36920E-04
  523.00      6.33110E-04
  525.00      6.25920E-04
  527.00      6.20520E-04
  529.00      6.20200E-04
  531.00      6.15350E-04
  533.00      6.11400E-04
  535.00      6.07640E-04
  537.00      6.03250E-04
  539.00      5.98590E-04
  541.00      5.80990E-04
  543.00      5.91060E-04
  545.00      5.87380E-04
  547.00      5.83160E-04
  549.00      5.79450E-04
  551.00      5.74320E-04
  553.00      5.71680E-04
  555.00      5.68350E-04
  557.00      5.63920E-04
  559.00      5.57420E-04
  561.00      5.57300E-04
  563.00      5.53650E-04
  565.00      5.49890E-04
  567.00      5.46010E-04
  569.00      5.32600E-04
  571.00      5.07680E-04
  573.00      5.04870E-04
  575.00      5.01330E-04
  577.00      4.99170E-04
  579.00      4.96120E-04
  581.00      4.90370E-04
  583.00      4.89490E-04
  585.00      4.89180E-04
  587.00      4.80210E-04
  589.00      4.85910E-04
  591.00      4.85430E-04
  593.00      4.84850E-04
  595.00      4.84630E-04
  597.00      4.85060E-04
  599.00      4.84910E-04
  601.00      4.84870E-04
  603.00      4.83730E-04
  605.00      4.83230E-04
  607.00      4.80870E-04
  609.00      4.78460E-04
  611.00      4.75250E-04
  613.00      4.72950E-04
  615.00      4.69460E-04
  617.00      4.66390E-04
  619.00      4.65180E-04
  621.00      4.62800E-04
  623.00      4.58740E-04
  625.00      4.56150E-04
  627.00      4.54470E-04
  629.00      4.51590E-04
  631.00      4.47030E-04
  633.00      4.46340E-04
  635.00      4.43360E-04
  637.00      4.41560E-04
  639.00      4.38750E-04
  641.00      4.34380E-04
  643.00      4.33970E-04
  645.00      4.30830E-04
  647.00      4.27860E-04
  649.00      4.25150E-04
  651.00      4.20970E-04
  653.00      4.16800E-04
  655.00      4.07640E-04
  657.00      3.73660E-04
  659.00      4.11360E-04
  661.00      4.11470E-04
  663.00      4.09930E-04
  665.00      4.07410E-04
  667.00      3.99860E-04
  669.00      3.95770E-04
  671.00      3.98710E-04
  673.00      3.96740E-04
  675.00      3.95360E-04
  677.00      3.93990E-04
  679.00      3.92000E-04
  681.00      3.90120E-04
  683.00      3.87900E-04
  685.00      3.85570E-04
  687.00      3.83020E-04
  689.00      3.76460E-04
  691.00      3.77800E-04
  693.00      3.77670E-04
  695.00      3.75550E-04
  697.00      3.73620E-04
  699.00      3.71320E-04
  701.00      3.68490E-04
  703.00      3.66270E-04
  705.00      3.64330E-04
  707.00      3.59430E-04
  709.00      3.61810E-04
  711.00      3.59570E-04
  713.00      3.57760E-04
  715.00      3.56240E-04
  717.00      3.51160E-04
  719.00      3.50310E-04
  721.00      3.50690E-04
  723.00      3.48100E-04
  725.00      3.46750E-04
  727.00      3.45280E-04
  729.00      3.41940E-04
  731.00      3.40980E-04
  733.00      3.39950E-04
  735.00      3.38210E-04
  737.00      3.36110E-04
  739.00      3.34790E-04
  741.00      3.32720E-04
  743.00      3.31450E-04
  745.00      3.28970E-04
  747.00      3.27490E-04
  749.00      3.24370E-04
  751.00      3.24350E-04
  753.00      3.22850E-04
  755.00      3.21330E-04
  757.00      3.19540E-04
  759.00      3.12890E-04
  761.00      3.15290E-04
  763.00      3.14660E-04
  765.00      3.13040E-04
  767.00      3.11770E-04
  769.00      3.08470E-04
  771.00      3.07960E-04
  773.00      3.04950E-04
  775.00      3.05410E-04
  777.00      3.04590E-04
  779.00      3.02840E-04
  781.00      3.01650E-04
  783.00      3.00120E-04
  785.00      2.97340E-04
  787.00      2.96200E-04
  789.00      2.95270E-04
  791.00      2.94470E-04
  793.00      2.93150E-04
  795.00      2.91910E-04
  797.00      2.89700E-04
  799.00      2.88910E-04
  801.00      2.87670E-04
  803.00      2.85900E-04
  805.00      2.85080E-04
  807.00      2.83720E-04
  809.00      2.82350E-04
  811.00      2.80380E-04
  813.00      2.79780E-04
  815.00      2.78390E-04
  817.00      2.76670E-04
  819.00      2.74350E-04
  821.00      2.65400E-04
  823.00      2.62270E-04
  825.00      2.62540E-04
  827.00      2.61360E-04
  829.00      2.60870E-04
  831.00      2.60050E-04
  833.00      2.57770E-04
  835.00      2.56560E-04
  837.00      2.56130E-04
  839.00      2.55650E-04
  841.00      2.54400E-04
  843.00      2.53560E-04
  845.00      2.52120E-04
  847.00      2.51550E-04
  849.00      2.50510E-04
  851.00      2.48640E-04
  853.00      2.48680E-04
  855.00      2.47720E-04
  857.00      2.46930E-04
  859.00      2.45220E-04
  861.00      2.45060E-04
  863.00      2.45280E-04
  865.00      2.43470E-04
  867.00      2.40590E-04
  869.00      2.42990E-04
  871.00      2.42880E-04
  873.00      2.40760E-04
  875.00      2.35320E-04
  877.00      2.38390E-04
  879.00      2.40460E-04
  881.00      2.40500E-04
  883.00      2.38760E-04
  885.00      2.32970E-04
  887.00      2.26940E-04
  889.00      2.35310E-04
  891.00      2.36540E-04
  893.00      2.35950E-04
  895.00      2.35110E-04
  897.00      2.34050E-04
  899.00      2.30430E-04
  901.00      2.17770E-04
  903.00      2.22010E-04
  905.00      2.29070E-04
  907.00      2.28580E-04
  909.00      2.28600E-04
  911.00      2.28290E-04
  913.00      2.27500E-04
  915.00      2.26710E-04
  917.00      2.24880E-04
  919.00      2.23260E-04
  921.00      2.17170E-04
  923.00      2.02400E-04
  925.00      2.14750E-04
  927.00      2.19340E-04
  929.00      2.19380E-04
  931.00      2.18630E-04
  933.00      2.17780E-04
  935.00      2.12690E-04
  937.00      2.15760E-04
  939.00      2.15570E-04
  941.00      2.14210E-04
  943.00      2.13720E-04
  945.00      2.12930E-04
  947.00      2.11510E-04
  949.00      2.10570E-04
  951.00      2.07870E-04
  953.00      2.01690E-04
  955.00      1.87330E-04
  957.00      2.02310E-04
  959.00      2.05920E-04
  961.00      2.05600E-04
  963.00      2.04400E-04
  965.00      2.04910E-04
  967.00      2.04320E-04
  969.00      2.03440E-04
  971.00      1.98170E-04
  973.00      2.01000E-04
  975.00      2.00890E-04
  977.00      1.99590E-04
  979.00      1.99430E-04
  981.00      1.98610E-04
  983.00      1.97660E-04
  985.00      1.97010E-04
  987.00      1.96410E-04
  989.00      1.95260E-04
  991.00      1.94310E-04
  993.00      1.94110E-04
  995.00      1.93410E-04
  997.00      1.92480E-04
  999.00      1.91330E-04
  1002.5      1.83810E-04
  1007.5      1.79870E-04
  1012.5      1.82920E-04
  1017.5      1.85230E-04
  1022.5      1.83360E-04
  1027.5      1.81540E-04
  1032.5      1.79450E-04
  1037.5      1.78410E-04
  1042.5      1.76280E-04
  1047.5      1.75200E-04
  1052.5      1.73520E-04
  1057.5      1.72010E-04
  1062.5      1.70430E-04
  1067.5      1.68810E-04
  1072.5      1.67400E-04
  1077.5      1.65880E-04
  1082.5      1.63150E-04
  1087.5      1.62280E-04
  1092.5      1.51090E-04
  1097.5      1.56630E-04
  1102.5      1.58150E-04
  1107.5      1.57270E-04
  1112.5      1.55920E-04
  1117.5      1.54680E-04
  1122.5      1.53270E-04
  1127.5      1.51940E-04
  1132.5      1.50520E-04
  1137.5      1.49310E-04
  1142.5      1.48130E-04
  1147.5      1.46880E-04
  1152.5      1.45720E-04
  1157.5      1.44350E-04
  1162.5      1.41670E-04
  1167.5      1.41010E-04
  1172.5      1.40930E-04
  1177.5      1.39790E-04
  1182.5      1.38340E-04
  1187.5      1.37400E-04
  1192.5      1.36300E-04
  1197.5      1.34050E-04
  1202.5      1.34210E-04
  1207.5      1.33010E-04
  1212.5      1.31830E-04
  1217.5      1.31000E-04
  1222.5      1.29950E-04
  1227.5      1.28950E-04
  1232.5      1.27870E-04
  1237.5      1.26910E-04
  1242.5      1.25940E-04
  1247.5      1.24950E-04
  1252.5      1.23790E-04
  1257.5      1.22950E-04
  1262.5      1.22060E-04
  1267.5      1.21150E-04
  1272.5      1.20100E-04
  1277.5      1.17520E-04
  1282.5      1.10280E-04
  1287.5      1.16740E-04
  1292.5      1.16620E-04
  1297.5      1.15370E-04
  1302.5      1.14790E-04
  1307.5      1.14050E-04
  1312.5      1.13210E-04
  1317.5      1.12360E-04
  1322.5      1.11540E-04
  1327.5      1.10730E-04
  1332.5      1.09900E-04
  1337.5      1.09070E-04
  1342.5      1.08260E-04
  1347.5      1.07500E-04
  1352.5      1.06700E-04
  1357.5      1.06000E-04
  1362.5      1.05170E-04
  1367.5      1.04490E-04
  1372.5      1.03610E-04
  1377.5      1.03010E-04
  1382.5      1.02300E-04
  1387.5      1.01570E-04
  1392.5      1.00800E-04
  1397.5      1.00160E-04
  1402.5      9.93810E-05
  1407.5      9.87740E-05
  1412.5      9.80710E-05
  1417.5      9.73870E-05
  1422.5      9.67480E-05
  1427.5      9.60720E-05
  1432.5      9.54220E-05
  1437.5      9.47740E-05
  1442.5      9.41430E-05
  1447.5      9.35100E-05
  1452.5      9.28780E-05
  1457.0      9.23110E-05
  1462.0      9.17200E-05
  1467.5      9.10490E-05
  1472.5      9.03950E-05
  1477.5      8.91100E-05
  1482.5      8.92480E-05
  1487.5      8.86780E-05
  1492.5      8.81010E-05
  1497.5      8.75280E-05
  1502.5      8.69430E-05
  1507.5      8.63250E-05
  1512.5      8.58420E-05
  1517.5      8.52910E-05
  1522.5      8.47400E-05
  1527.5      8.41990E-05
  1532.5      8.36600E-05
  1537.5      8.31300E-05
  1542.5      8.25820E-05
  1547.5      8.20820E-05
  1552.5      8.15560E-05
  1557.5      8.10030E-05
  1562.5      8.05560E-05
  1567.5      7.99780E-05
  1572.5      7.94450E-05
  1577.5      7.90760E-05
  1582.5      7.85550E-05
  1587.5      7.78010E-05
  1592.5      7.75140E-05
  1597.5      7.71860E-05
  1605.0      7.63420E-05
  1615.0      7.51920E-05
  1625.0      7.47110E-05
  1635.0      7.34900E-05
  1645.0      7.22190E-05
  1655.0      7.21750E-05
  1665.0      7.13150E-05
  1675.0      6.98830E-05
  1685.0      6.85360E-05
  1695.0      6.88370E-05
  1705.0      6.78250E-05
  1715.0      6.73370E-05
  1725.0      6.64620E-05
  1735.0      6.40370E-05
  1745.0      6.47360E-05
  1755.0      6.43450E-05
  1765.0      6.36290E-05
  1775.0      6.29080E-05
  1785.0      6.22220E-05
  1795.0      6.15480E-05
  1805.0      6.07980E-05
  1815.0      5.83590E-05
  1825.0      5.90500E-05
  1835.0      5.89200E-05
  1845.0      5.82840E-05
  1855.0      5.75920E-05
  1865.0      5.61440E-05
  1875.0      5.41680E-05
  1885.0      5.57910E-05
  1895.0      5.52800E-05
  1905.0      5.45820E-05
  1915.0      5.41590E-05
  1925.0      5.36090E-05
  1935.0      5.28920E-05
  1945.0      5.04010E-05
  1955.0      5.17800E-05
  1965.0      5.14710E-05
  1975.0      5.09580E-05
  1985.0      5.04370E-05
  1995.0      4.99350E-05
  2005.0      4.94600E-05
  2015.0      4.89750E-05
  2025.0      4.84970E-05
  2035.0      4.80260E-05
  2045.0      4.75550E-05
  2055.0      4.70510E-05
  2065.0      4.66540E-05
  2075.0      4.61920E-05
  2085.0      4.57700E-05
  2095.0      4.53370E-05
  2105.0      4.49070E-05
  2115.0      4.43860E-05
  2125.0      4.40790E-05
  2135.0      4.36670E-05
  2145.0      4.32570E-05
  2155.0      4.27500E-05
  2165.0      4.05660E-05
  2175.0      4.18570E-05
  2185.0      4.16940E-05
  2195.0      4.13330E-05
  2205.0      4.09620E-05
  2215.0      4.05960E-05
  2225.0      4.02320E-05
  2235.0      3.98780E-05
  2245.0      3.95250E-05
  2255.0      3.91780E-05
  2265.0      3.88360E-05
  2275.0      3.84980E-05
  2285.0      3.82290E-05
  2295.0      3.79050E-05
  2305.0      3.75700E-05
  2315.0      3.72540E-05
  2325.0      3.69390E-05
  2335.0      3.66190E-05
  2345.0      3.63130E-05
  2355.0      3.60030E-05
  2365.0      3.57000E-05
  2375.0      3.54020E-05
  2385.0      3.51130E-05
  2395.0      3.48160E-05
  2405.0      3.45270E-05
  2415.0      3.42470E-05
  2425.0      3.39280E-05
  2435.0      3.36930E-05
  2445.0      3.34190E-05
  2455.0      3.31480E-05
  2465.0      3.28790E-05
  2475.0      3.25670E-05
  2485.0      3.23560E-05
  2495.0      3.20800E-05
  2505.0      3.18440E-05
  2515.0      3.15920E-05
  2525.0      3.12790E-05
  2535.0      3.10920E-05
  2545.0      3.08540E-05
  2555.0      3.05880E-05
  2565.0      3.02850E-05
  2575.0      3.01240E-05
  2585.0      2.99100E-05
  2595.0      2.96780E-05
  2605.0      2.93570E-05
  2615.0      2.89470E-05
  2625.0      2.75730E-05
  2635.0      2.85930E-05
  2645.0      2.85530E-05
  2655.0      2.83420E-05
  2665.0      2.80740E-05
  2675.0      2.77190E-05
  2685.0      2.76480E-05
  2695.0      2.75240E-05
  2705.0      2.73220E-05
  2715.0      2.71220E-05
  2725.0      2.69230E-05
  2735.0      2.67270E-05
  2745.0      2.64790E-05
  2755.0      2.60330E-05
  2765.0      2.59720E-05
  2775.0      2.59470E-05
  2785.0      2.57740E-05
  2795.0      2.55940E-05
  2805.0      2.54090E-05
  2815.0      2.52310E-05
  2825.0      2.50530E-05
  2835.0      2.48780E-05
  2845.0      2.47030E-05
  2855.0      2.45060E-05
  2865.0      2.41830E-05
  2875.0      2.37280E-05
  2885.0      2.39410E-05
  2895.0      2.38570E-05
  2905.0      2.36930E-05
  2915.0      2.35320E-05
  2925.0      2.33710E-05
  2935.0      2.32110E-05
  2945.0      2.30520E-05
  2955.0      2.28990E-05
  2965.0      2.27450E-05
  2975.0      2.25920E-05
  2985.0      2.24410E-05
  2995.0      2.22910E-05
  3005.0      2.21430E-05
  3015.0      2.19940E-05
  3025.0      2.17920E-05
  3035.0      2.12330E-05
  3045.0      2.12480E-05
  3055.0      2.13810E-05
  3065.0      2.12740E-05
  3075.0      2.11410E-05
  3085.0      2.09930E-05
  3095.0      2.08730E-05
  3105.0      2.07370E-05
  3115.0      2.06060E-05
  3125.0      2.04740E-05
  3135.0      2.03430E-05
  3145.0      2.02140E-05
  3155.0      2.00860E-05
  3165.0      1.99580E-05
  3175.0      1.98340E-05
  3185.0      1.97090E-05
  3195.0      1.95860E-05
  3210.0      1.94030E-05
  3230.0      1.91630E-05
  3250.0      1.89270E-05
  3270.0      1.86890E-05
  3290.0      1.80500E-05
  3310.0      1.81270E-05
  3330.0      1.80360E-05
  3350.0      1.78280E-05
  3370.0      1.76170E-05
  3390.0      1.74090E-05
  3410.0      1.72050E-05
  3430.0      1.70040E-05
  3450.0      1.68070E-05
  3470.0      1.66130E-05
  3490.0      1.64220E-05
  3510.0      1.62350E-05
  3530.0      1.60510E-05
  3550.0      1.58700E-05
  3570.0      1.56920E-05
  3590.0      1.55170E-05
  3610.0      1.53450E-05
  3630.0      1.51750E-05
  3650.0      1.50090E-05
  3670.0      1.48450E-05
  3690.0      1.46840E-05
  3710.0      1.45040E-05
  3730.0      1.41570E-05
  3750.0      1.39330E-05
  3770.0      1.40550E-05
  3790.0      1.39150E-05
  3810.0      1.37680E-05
  3830.0      1.36250E-05
  3850.0      1.34830E-05
  3870.0      1.33430E-05
  3890.0      1.32050E-05
  3910.0      1.30520E-05
  3930.0      1.29360E-05
  3950.0      1.28050E-05
  3970.0      1.26760E-05
  3990.0      1.25480E-05
  4010.0      1.24000E-05
  4030.0      1.22390E-05
  4050.0      1.18300E-05
  4070.0      1.20430E-05
  4090.0      1.19380E-05
  4110.0      1.18220E-05
  4130.0      1.17000E-05
  4150.0      1.15860E-05
  4170.0      1.14150E-05
  4190.0      1.13610E-05
  4210.0      1.12630E-05
  4230.0      1.11560E-05
  4250.0      1.10480E-05
  4270.0      1.09470E-05
  4290.0      1.08340E-05
  4310.0      1.07430E-05
  4330.0      1.06430E-05
  4350.0      1.05400E-05
  4370.0      1.03570E-05
  4390.0      1.03100E-05
  4410.0      1.02570E-05
  4430.0      1.01650E-05
  4450.0      1.00730E-05
  4470.0      9.98740E-06
  4490.0      9.89790E-06
  4510.0      9.80840E-06
  4530.0      9.72220E-06
  4550.0      9.63630E-06
  4570.0      9.55150E-06
  4590.0      9.46770E-06
  4610.0      9.38330E-06
  4630.0      9.28320E-06
  4650.0      8.89040E-06
  4670.0      8.97080E-06
  4690.0      9.01820E-06
  4710.0      8.98650E-06
  4730.0      8.91070E-06
  4750.0      8.83420E-06
  4770.0      8.76040E-06
  4790.0      8.68680E-06
  4810.0      8.61410E-06
  4830.0      8.54220E-06
  4850.0      8.47120E-06
  4870.0      8.40110E-06
  4890.0      8.33180E-06
  4910.0      8.26340E-06
  4930.0      8.19590E-06
  4950.0      8.12910E-06
  4970.0      8.06310E-06
  4990.0      7.99800E-06
  5010.0      7.93350E-06
  5030.0      7.86980E-06
  5050.0      7.80710E-06
  5070.0      7.74490E-06
  5090.0      7.68340E-06
  5110.0      7.58880E-06
  5130.0      7.39600E-06
  5150.0      7.47910E-06
  5170.0      7.44500E-06
  5190.0      7.38720E-06
  5210.0      7.33000E-06
  5230.0      7.27340E-06
  5250.0      7.21750E-06
  5270.0      7.16220E-06
  5290.0      7.10750E-06
  5310.0      7.05350E-06
  5330.0      7.00000E-06
  5350.0      6.94720E-06
  5370.0      6.89490E-06
  5390.0      6.84320E-06
  5410.0      6.79220E-06
  5430.0      6.74160E-06
  5450.0      6.69170E-06
  5470.0      6.64220E-06
  5490.0      6.59330E-06
  5510.0      6.54490E-06
  5530.0      6.49710E-06
  5550.0      6.44980E-06
  5570.0      6.40300E-06
  5590.0      6.35680E-06
  5610.0      6.31100E-06
  5630.0      6.26570E-06
  5650.0      6.22080E-06
  5670.0      6.17640E-06
  5690.0      6.13250E-06
  5710.0      6.08400E-06
  5730.0      6.04610E-06
  5750.0      6.00370E-06
  5770.0      5.96160E-06
  5790.0      5.91990E-06
  5810.0      5.87880E-06
  5830.0      5.83800E-06
  5850.0      5.79950E-06
  5870.0      5.75740E-06
  5890.0      5.68610E-06
  5910.0      5.50770E-06
  5930.0      5.61540E-06
  5950.0      5.58140E-06
  5970.0      5.55340E-06
  5990.0      5.52820E-06
  6010.0      5.49100E-06
  6030.0      5.45410E-06
  6050.0      5.41770E-06
  6070.0      5.38160E-06
  6090.0      5.34590E-06
  6110.0      5.31040E-06
  6130.0      5.27540E-06
  6150.0      5.24070E-06
  6170.0      5.20630E-06
  6190.0      5.17220E-06
  6210.0      5.13850E-06
  6230.0      5.10510E-06
  6250.0      5.07200E-06
  6270.0      5.03150E-06
  6290.0      4.97380E-06
  6310.0      4.96280E-06
  6330.0      4.94290E-06
  6350.0      4.91140E-06
  6370.0      4.88020E-06
  6390.0      4.84930E-06
  6420.0      4.80350E-06
  6460.0      4.74330E-06
  6500.0      4.68430E-06
  6540.0      4.62640E-06
  6580.0      4.56950E-06
  6620.0      4.51370E-06
  6660.0      4.45880E-06
  6700.0      4.40490E-06
  6740.0      4.34500E-06
  6780.0      4.26650E-06
  6820.0      4.24870E-06
  6860.0      4.19890E-06
  6900.0      4.14970E-06
  6940.0      4.10120E-06
  6980.0      4.05370E-06
  7020.0      4.00690E-06
  7060.0      3.96100E-06
  7100.0      3.91580E-06
  7140.0      3.87140E-06
  7180.0      3.82770E-06
  7220.0      3.78480E-06
  7260.0      3.74250E-06
  7300.0      3.70100E-06
  7340.0      3.66020E-06
  7380.0      3.62000E-06
  7420.0      3.57330E-06
  7460.0      3.44280E-06
  7500.0      3.39390E-06
  7540.0      3.45060E-06
  7580.0      3.42860E-06
  7620.0      3.39220E-06
  7660.0      3.35630E-06
  7700.0      3.32100E-06
  7740.0      3.28620E-06
  7780.0      3.25200E-06
  7820.0      3.21830E-06
  7860.0      3.18510E-06
  7900.0      3.15250E-06
  7940.0      3.12030E-06
  7980.0      3.08860E-06
  8020.0      3.05740E-06
  8060.0      3.02660E-06
  8100.0      2.99630E-06
  8140.0      2.96450E-06
  8180.0      2.93700E-06
  8220.0      2.90810E-06
  8260.0      2.87950E-06
  8300.0      2.85140E-06
  8340.0      2.82360E-06
  8380.0      2.79630E-06
  8420.0      2.76930E-06
  8460.0      2.74280E-06
  8500.0      2.71660E-06
  8540.0      2.69080E-06
  8580.0      2.66530E-06
  8620.0      2.64020E-06
  8660.0      2.60780E-06
  8700.0      2.58870E-06
  8740.0      2.53880E-06
  8780.0      2.51550E-06
  8820.0      2.51980E-06
  8860.0      2.49680E-06
  8900.0      2.47400E-06
  8940.0      2.45160E-06
  8980.0      2.42940E-06
  9020.0      2.40750E-06
  9060.0      2.38600E-06
  9100.0      2.36470E-06
  9140.0      2.34360E-06
  9180.0      2.32290E-06
  9220.0      2.30240E-06
  9260.0      2.28220E-06
  9300.0      2.26230E-06
  9340.0      2.24260E-06
  9380.0      2.21130E-06
  9420.0      2.19910E-06
  9460.0      2.18510E-06
  9500.0      2.16640E-06
  9540.0      2.14800E-06
  9580.0      2.12980E-06
  9620.0      2.11180E-06
  9660.0      2.09400E-06
  9700.0      2.07650E-06
  9740.0      2.05920E-06
  9780.0      2.04200E-06
  9820.0      2.02510E-06
  9860.0      2.00840E-06
  9900.0      1.99200E-06
  9940.0      1.97570E-06
  9980.0      1.95960E-06
  10020.      1.94370E-06
  20000.      4.73940E-07
  40000.      1.14600E-07
  60000.      4.99100E-08
  80000.      2.76580E-08
 1.00000E+05  1.74950E-08
 1.20000E+05  1.20330E-08
 1.40000E+05  8.76850E-09
 1.60000E+05  6.66600E-09
