 Castelli and Kurucz 2004-2012 Atmosphere
 T     33000.     G    5.00000 [0.5a] VTURB=2  L/H=1.25 NOVER NEW ODF          
 Wavelength  Eddington Hnu
   (nm)    (ergs/s/cm2/Hz/sr)
  9.0900      6.92920E-32
  9.3500      3.86680E-31
  9.6100      1.97220E-30
  9.7700      5.17100E-30
  9.9600      1.56110E-29
  10.200      5.96330E-29
  10.380      1.56950E-28
  10.560      4.00460E-28
  10.770      1.15110E-27
  11.040      4.23230E-27
  11.400      2.19620E-26
  11.780      1.13050E-25
  12.130      4.70150E-25
  12.480      1.81580E-24
  12.710      4.25140E-24
  12.840      6.79130E-24
  13.050      1.41990E-23
  13.240      2.72200E-23
  13.390      4.49280E-23
  13.660      1.08030E-22
  13.980      2.93730E-22
  14.330      8.36680E-22
  14.720      2.54330E-21
  15.100      7.15210E-21
  15.520      2.12190E-20
  15.880      5.16740E-20
  16.200      1.10580E-19
  16.600      2.75930E-19
  17.030      6.99320E-19
  17.340      1.34750E-18
  17.680      2.70000E-18
  18.020      5.23280E-18
  18.170      7.02920E-18
  18.610      1.57990E-17
  19.100      3.74790E-17
  19.390      6.11480E-17
  19.840      1.28100E-16
  20.180      2.18160E-16
  20.500      3.54510E-16
  21.050      7.92010E-16
  21.620      1.73140E-15
  21.980      2.82070E-15
  22.300      4.27160E-15
  22.680      7.79150E-15
  23.000      4.55480E-13
  23.400      9.56920E-13
  24.000      1.69990E-12
  24.650      3.14330E-12
  25.240      5.53850E-12
  25.680      8.15340E-12
  26.000      1.26550E-11
  26.400      1.81760E-11
  26.850      2.81970E-11
  27.350      4.18370E-11
  27.850      5.78640E-11
  28.400      1.33100E-10
  29.000      2.04150E-10
  29.600      2.93350E-10
  30.100      4.14020E-10
  30.800      1.14610E-09
  31.800      2.37110E-09
  32.800      3.77150E-09
  33.800      6.93320E-09
  34.800      1.13640E-08
  35.700      3.21220E-08
  36.600      7.45900E-08
  37.500      9.65130E-08
  38.500      1.55930E-07
  39.500      4.03700E-07
  40.500      5.24180E-07
  41.400      9.09800E-07
  42.200      1.07980E-06
  43.000      1.31610E-06
  44.100      1.69480E-06
  45.100      2.00570E-06
  46.000      2.15600E-06
  47.000      2.76030E-06
  48.000      3.38900E-06
  49.000      3.84510E-06
  50.000      4.84380E-06
  50.600      6.20830E-06
  51.200      5.53970E-05
  52.000      5.23800E-05
  53.000      5.15900E-05
  54.000      5.05040E-05
  55.000      6.40240E-05
  56.000      8.68920E-05
  57.000      9.46360E-05
  58.000      8.92710E-05
  59.000      1.00800E-04
  60.000      7.42630E-05
  61.000      1.03680E-04
  62.000      1.27770E-04
  63.000      1.27880E-04
  64.000      1.24830E-04
  65.000      1.27740E-04
  65.800      9.81990E-05
  66.500      1.27980E-04
  67.500      1.49830E-04
  68.500      1.16770E-04
  69.500      1.72310E-04
  70.500      1.29020E-04
  71.600      1.97100E-04
  72.600      1.92990E-04
  73.500      1.99700E-04
  74.500      1.93080E-04
  75.500      1.99770E-04
  76.500      2.17770E-04
  77.500      2.32670E-04
  78.500      2.44550E-04
  79.500      2.49270E-04
  80.500      2.40390E-04
  81.500      2.42910E-04
  82.500      2.70870E-04
  83.500      2.05780E-04
  84.500      2.67050E-04
  85.500      2.67930E-04
  86.500      2.84740E-04
  87.500      2.92940E-04
  88.500      3.07820E-04
  89.500      3.16600E-04
  90.500      3.09680E-04
  91.500      3.16510E-04
  92.500      8.28800E-04
  93.500      1.41280E-03
  94.500      2.13160E-03
  95.500      2.49910E-03
  96.500      3.04710E-03
  97.500      9.74390E-04
  98.500      2.48640E-03
  99.500      2.22080E-03
  100.50      2.39600E-03
  101.50      2.65980E-03
  102.50      1.85850E-03
  103.50      2.58830E-03
  104.50      3.29300E-03
  105.50      3.11280E-03
  106.50      2.42160E-03
  107.50      2.74810E-03
  108.50      2.56570E-03
  109.50      2.87180E-03
  110.50      2.72320E-03
  111.50      2.70060E-03
  112.50      1.87280E-03
  113.50      2.64810E-03
  114.50      2.54620E-03
  115.50      2.41550E-03
  116.50      2.44580E-03
  117.50      1.50340E-03
  118.50      2.31020E-03
  119.50      2.23450E-03
  120.50      2.04640E-03
  121.50      1.56160E-03
  122.50      2.17650E-03
  123.50      2.42410E-03
  124.50      2.35380E-03
  125.50      2.38290E-03
  126.50      2.49220E-03
  127.50      2.62800E-03
  128.50      2.68280E-03
  129.50      2.32230E-03
  130.50      2.43980E-03
  131.50      2.75800E-03
  132.50      2.65300E-03
  133.50      2.62650E-03
  134.50      2.57460E-03
  135.50      2.62860E-03
  136.50      2.48430E-03
  137.50      2.41080E-03
  138.50      2.29350E-03
  139.50      1.46740E-03
  140.50      1.67550E-03
  141.50      2.29340E-03
  142.50      2.09960E-03
  143.50      2.30180E-03
  144.20      2.31990E-03
  144.70      2.32220E-03
  145.50      2.21510E-03
  146.50      2.13770E-03
  147.50      2.21110E-03
  148.50      2.22020E-03
  149.50      2.17840E-03
  150.50      2.04840E-03
  151.20      2.00200E-03
  151.70      2.04520E-03
  152.50      2.01200E-03
  153.50      1.71160E-03
  154.50      1.48400E-03
  155.50      1.49940E-03
  156.50      1.72070E-03
  157.50      1.84580E-03
  158.50      1.85650E-03
  159.50      1.90950E-03
  160.50      1.87400E-03
  161.50      1.78760E-03
  162.50      1.84540E-03
  163.50      1.90580E-03
  164.50      1.95470E-03
  165.50      1.95040E-03
  166.50      1.93440E-03
  167.20      1.80480E-03
  167.70      2.16720E-03
  168.50      2.06820E-03
  169.50      1.99640E-03
  170.50      1.98350E-03
  171.50      1.91030E-03
  172.50      1.80810E-03
  173.50      1.92180E-03
  174.50      1.93700E-03
  175.50      1.93670E-03
  176.50      1.92210E-03
  177.50      1.84140E-03
  178.50      1.90640E-03
  179.50      1.89700E-03
  180.50      1.91540E-03
  181.50      1.84550E-03
  182.50      1.85280E-03
  183.50      1.85110E-03
  184.50      1.73420E-03
  185.50      1.80390E-03
  186.50      1.83840E-03
  187.50      1.81470E-03
  188.50      1.70940E-03
  189.50      1.66620E-03
  190.50      1.75790E-03
  191.50      1.70000E-03
  192.50      1.59620E-03
  193.50      1.74170E-03
  194.50      1.79700E-03
  195.50      1.61160E-03
  196.70      1.73520E-03
  197.60      1.82740E-03
  198.40      1.73240E-03
  199.50      1.72560E-03
  200.50      1.77430E-03
  201.50      1.78580E-03
  202.50      1.80360E-03
  203.50      1.71750E-03
  204.50      1.72350E-03
  205.50      1.46610E-03
  206.50      1.43970E-03
  207.40      1.48830E-03
  207.80      1.44680E-03
  208.50      1.50550E-03
  209.50      1.53190E-03
  210.50      1.67040E-03
  211.50      1.71770E-03
  212.50      1.69590E-03
  213.50      1.69570E-03
  214.50      1.66910E-03
  215.50      1.69970E-03
  216.50      1.64210E-03
  217.50      1.67940E-03
  218.50      1.64470E-03
  219.50      1.69020E-03
  220.50      1.68280E-03
  221.50      1.63050E-03
  222.50      1.65000E-03
  223.50      1.63770E-03
  224.50      1.63450E-03
  225.50      1.58580E-03
  226.50      1.61900E-03
  227.50      1.61320E-03
  228.50      1.55890E-03
  229.50      1.38820E-03
  230.50      1.52790E-03
  231.50      1.52680E-03
  232.50      1.54010E-03
  233.50      1.52850E-03
  234.50      1.53590E-03
  235.50      1.51270E-03
  236.50      1.49940E-03
  237.50      1.46930E-03
  238.50      1.42530E-03
  239.50      1.44100E-03
  240.50      1.45630E-03
  241.50      1.43770E-03
  242.50      1.44620E-03
  243.50      1.42690E-03
  244.50      1.42730E-03
  245.50      1.41950E-03
  246.50      1.41490E-03
  247.50      1.40120E-03
  248.50      1.34590E-03
  249.50      9.38820E-04
  250.50      1.27790E-03
  251.30      1.27270E-03
  251.80      1.28380E-03
  252.50      1.35750E-03
  253.50      1.36670E-03
  254.50      1.32610E-03
  255.50      1.33550E-03
  256.50      1.31640E-03
  257.50      1.32800E-03
  258.50      1.32580E-03
  259.50      1.31070E-03
  260.50      1.31510E-03
  261.50      1.29410E-03
  262.50      1.29760E-03
  263.50      1.29050E-03
  264.50      1.27850E-03
  265.50      1.27470E-03
  266.50      1.23790E-03
  267.50      1.22150E-03
  268.50      1.24640E-03
  269.50      1.21640E-03
  270.50      1.20580E-03
  271.50      1.20620E-03
  272.50      1.20460E-03
  273.50      1.18950E-03
  274.50      1.19950E-03
  275.50      1.19430E-03
  276.50      1.18240E-03
  277.50      1.19860E-03
  278.50      1.17910E-03
  279.50      1.13220E-03
  280.50      1.15930E-03
  281.50      1.17150E-03
  282.50      1.16240E-03
  283.50      1.13540E-03
  284.50      1.15310E-03
  285.50      1.13630E-03
  286.50      1.13010E-03
  287.50      1.12150E-03
  288.50      1.11600E-03
  289.50      1.10570E-03
  291.00      1.08060E-03
  293.00      1.09730E-03
  295.00      1.07790E-03
  297.00      1.06890E-03
  299.00      1.04590E-03
  301.00      1.01270E-03
  303.00      1.00620E-03
  305.00      1.01460E-03
  307.00      1.01760E-03
  309.00      9.83360E-04
  311.00      9.99280E-04
  313.00      9.76760E-04
  315.00      9.76380E-04
  317.00      9.59870E-04
  319.00      9.57680E-04
  321.00      9.45570E-04
  323.00      9.33820E-04
  325.00      9.34400E-04
  327.00      9.14040E-04
  329.00      9.12160E-04
  331.00      9.00660E-04
  333.00      8.87550E-04
  335.00      8.78060E-04
  337.00      8.68880E-04
  339.00      8.72150E-04
  341.00      8.62020E-04
  343.00      8.61510E-04
  345.00      8.43910E-04
  347.00      8.40170E-04
  349.00      8.31870E-04
  351.00      8.24780E-04
  353.00      8.23890E-04
  355.00      8.13420E-04
  357.00      8.07050E-04
  359.00      7.93760E-04
  361.00      7.90950E-04
  363.00      7.82120E-04
  364.00      7.79760E-04
  365.00      7.60210E-04
  367.00      7.57770E-04
  369.00      7.51230E-04
  371.00      7.24820E-04
  373.00      7.22650E-04
  375.00      7.18780E-04
  377.00      6.99010E-04
  379.00      7.26430E-04
  381.00      7.51230E-04
  383.00      6.78320E-04
  385.00      7.65630E-04
  387.00      7.45860E-04
  389.00      6.50940E-04
  391.00      7.83810E-04
  393.00      7.68760E-04
  395.00      7.43420E-04
  397.00      6.22920E-04
  399.00      7.50170E-04
  401.00      7.51310E-04
  403.00      7.21260E-04
  405.00      7.41210E-04
  407.00      7.01740E-04
  409.00      6.56370E-04
  411.00      6.04440E-04
  413.00      6.99820E-04
  415.00      6.99540E-04
  417.00      7.10740E-04
  419.00      7.03980E-04
  421.00      6.99250E-04
  423.00      6.93610E-04
  425.00      6.71050E-04
  427.00      6.63830E-04
  429.00      6.52260E-04
  431.00      6.34260E-04
  433.00      5.94130E-04
  435.00      5.58290E-04
  437.00      6.25820E-04
  439.00      6.27990E-04
  441.00      6.25900E-04
  443.00      6.31320E-04
  445.00      6.22620E-04
  447.00      6.03880E-04
  449.00      6.17540E-04
  451.00      6.13020E-04
  453.00      6.14270E-04
  455.00      6.08190E-04
  457.00      6.07240E-04
  459.00      5.99790E-04
  461.00      5.86850E-04
  463.00      5.77510E-04
  465.00      5.53250E-04
  467.00      5.73540E-04
  469.00      5.71390E-04
  471.00      5.57840E-04
  473.00      5.75050E-04
  475.00      5.68910E-04
  477.00      5.72780E-04
  479.00      5.67390E-04
  481.00      5.57810E-04
  483.00      5.48210E-04
  485.00      5.13220E-04
  487.00      4.66460E-04
  489.00      5.35730E-04
  491.00      5.35720E-04
  493.00      5.23730E-04
  495.00      5.26540E-04
  497.00      5.31890E-04
  499.00      5.27400E-04
  501.00      5.06040E-04
  503.00      5.13080E-04
  505.00      5.10280E-04
  507.00      5.13080E-04
  509.00      5.06710E-04
  511.00      5.02180E-04
  513.00      4.97050E-04
  515.00      4.94640E-04
  517.00      4.91620E-04
  519.00      4.89840E-04
  521.00      4.86670E-04
  523.00      4.84040E-04
  525.00      4.79260E-04
  527.00      4.74430E-04
  529.00      4.74330E-04
  531.00      4.70520E-04
  533.00      4.67820E-04
  535.00      4.64400E-04
  537.00      4.61580E-04
  539.00      4.57140E-04
  541.00      4.51460E-04
  543.00      4.52600E-04
  545.00      4.48840E-04
  547.00      4.45760E-04
  549.00      4.43060E-04
  551.00      4.40660E-04
  553.00      4.37120E-04
  555.00      4.35300E-04
  557.00      4.32290E-04
  559.00      4.28450E-04
  561.00      4.26830E-04
  563.00      4.24330E-04
  565.00      4.20660E-04
  567.00      4.16300E-04
  569.00      4.08700E-04
  571.00      4.06570E-04
  573.00      4.05570E-04
  575.00      4.01190E-04
  577.00      4.01290E-04
  579.00      3.98260E-04
  581.00      3.95330E-04
  583.00      3.91620E-04
  585.00      3.90910E-04
  587.00      3.78050E-04
  589.00      3.83320E-04
  591.00      3.82760E-04
  593.00      3.80990E-04
  595.00      3.78930E-04
  597.00      3.79050E-04
  599.00      3.75420E-04
  601.00      3.74750E-04
  603.00      3.72010E-04
  605.00      3.70600E-04
  607.00      3.69050E-04
  609.00      3.67070E-04
  611.00      3.64500E-04
  613.00      3.62700E-04
  615.00      3.58270E-04
  617.00      3.56720E-04
  619.00      3.56080E-04
  621.00      3.54490E-04
  623.00      3.52370E-04
  625.00      3.49020E-04
  627.00      3.47820E-04
  629.00      3.45970E-04
  631.00      3.43110E-04
  633.00      3.42200E-04
  635.00      3.39130E-04
  637.00      3.38490E-04
  639.00      3.36440E-04
  641.00      3.34420E-04
  643.00      3.32760E-04
  645.00      3.30610E-04
  647.00      3.26530E-04
  649.00      3.24760E-04
  651.00      3.22350E-04
  653.00      3.19130E-04
  655.00      3.07600E-04
  657.00      2.75680E-04
  659.00      3.12240E-04
  661.00      3.14390E-04
  663.00      3.13890E-04
  665.00      3.11860E-04
  667.00      3.05990E-04
  669.00      3.04450E-04
  671.00      3.06290E-04
  673.00      3.03790E-04
  675.00      3.03760E-04
  677.00      3.02530E-04
  679.00      2.98670E-04
  681.00      2.98900E-04
  683.00      2.96720E-04
  685.00      2.95830E-04
  687.00      2.93970E-04
  689.00      2.91410E-04
  691.00      2.88830E-04
  693.00      2.89880E-04
  695.00      2.88350E-04
  697.00      2.86850E-04
  699.00      2.85080E-04
  701.00      2.83180E-04
  703.00      2.81440E-04
  705.00      2.80080E-04
  707.00      2.74640E-04
  709.00      2.77590E-04
  711.00      2.74840E-04
  713.00      2.73640E-04
  715.00      2.73300E-04
  717.00      2.71860E-04
  719.00      2.70630E-04
  721.00      2.69430E-04
  723.00      2.64660E-04
  725.00      2.65730E-04
  727.00      2.65300E-04
  729.00      2.61880E-04
  731.00      2.62410E-04
  733.00      2.61130E-04
  735.00      2.59800E-04
  737.00      2.58610E-04
  739.00      2.57360E-04
  741.00      2.56030E-04
  743.00      2.54740E-04
  745.00      2.53260E-04
  747.00      2.49960E-04
  749.00      2.49750E-04
  751.00      2.49510E-04
  753.00      2.47890E-04
  755.00      2.47250E-04
  757.00      2.45990E-04
  759.00      2.44180E-04
  761.00      2.42500E-04
  763.00      2.42110E-04
  765.00      2.40790E-04
  767.00      2.39980E-04
  769.00      2.38030E-04
  771.00      2.37280E-04
  773.00      2.35170E-04
  775.00      2.35290E-04
  777.00      2.34080E-04
  779.00      2.33230E-04
  781.00      2.32090E-04
  783.00      2.31030E-04
  785.00      2.29810E-04
  787.00      2.27670E-04
  789.00      2.26440E-04
  791.00      2.26300E-04
  793.00      2.25190E-04
  795.00      2.24480E-04
  797.00      2.23150E-04
  799.00      2.22220E-04
  801.00      2.21250E-04
  803.00      2.20080E-04
  805.00      2.19300E-04
  807.00      2.18280E-04
  809.00      2.17120E-04
  811.00      2.13660E-04
  813.00      2.15220E-04
  815.00      2.14150E-04
  817.00      2.13320E-04
  819.00      2.09950E-04
  821.00      2.09240E-04
  823.00      2.07780E-04
  825.00      2.08140E-04
  827.00      2.04550E-04
  829.00      2.05920E-04
  831.00      2.05730E-04
  833.00      2.04500E-04
  835.00      2.02690E-04
  837.00      2.02270E-04
  839.00      2.02230E-04
  841.00      2.00880E-04
  843.00      2.00490E-04
  845.00      1.98570E-04
  847.00      1.98790E-04
  849.00      1.97520E-04
  851.00      1.96110E-04
  853.00      1.95740E-04
  855.00      1.94840E-04
  857.00      1.94490E-04
  859.00      1.91400E-04
  861.00      1.91940E-04
  863.00      1.92640E-04
  865.00      1.89860E-04
  867.00      1.86780E-04
  869.00      1.89910E-04
  871.00      1.90070E-04
  873.00      1.86860E-04
  875.00      1.79910E-04
  877.00      1.83860E-04
  879.00      1.87200E-04
  881.00      1.87740E-04
  883.00      1.85110E-04
  885.00      1.77680E-04
  887.00      1.71220E-04
  889.00      1.81650E-04
  891.00      1.83780E-04
  893.00      1.83670E-04
  895.00      1.83090E-04
  897.00      1.81720E-04
  899.00      1.77320E-04
  901.00      1.63740E-04
  903.00      1.68700E-04
  905.00      1.77190E-04
  907.00      1.76810E-04
  909.00      1.77560E-04
  911.00      1.77940E-04
  913.00      1.77220E-04
  915.00      1.76580E-04
  917.00      1.74890E-04
  919.00      1.73100E-04
  921.00      1.65990E-04
  923.00      1.51040E-04
  925.00      1.63900E-04
  927.00      1.69720E-04
  929.00      1.70570E-04
  931.00      1.69820E-04
  933.00      1.69240E-04
  935.00      1.68800E-04
  937.00      1.68710E-04
  939.00      1.68130E-04
  941.00      1.66980E-04
  943.00      1.66510E-04
  945.00      1.65590E-04
  947.00      1.64240E-04
  949.00      1.63480E-04
  951.00      1.60590E-04
  953.00      1.53740E-04
  955.00      1.40020E-04
  957.00      1.55150E-04
  959.00      1.59830E-04
  961.00      1.59520E-04
  963.00      1.58480E-04
  965.00      1.59800E-04
  967.00      1.59370E-04
  969.00      1.58640E-04
  971.00      1.55180E-04
  973.00      1.57010E-04
  975.00      1.56890E-04
  977.00      1.56250E-04
  979.00      1.55590E-04
  981.00      1.54640E-04
  983.00      1.54380E-04
  985.00      1.53520E-04
  987.00      1.53090E-04
  989.00      1.51750E-04
  991.00      1.50610E-04
  993.00      1.51370E-04
  995.00      1.50700E-04
  997.00      1.49740E-04
  999.00      1.48930E-04
  1002.5      1.41010E-04
  1007.5      1.37640E-04
  1012.5      1.43890E-04
  1017.5      1.44600E-04
  1022.5      1.43100E-04
  1027.5      1.41870E-04
  1032.5      1.39990E-04
  1037.5      1.39350E-04
  1042.5      1.38070E-04
  1047.5      1.36810E-04
  1052.5      1.35460E-04
  1057.5      1.34330E-04
  1062.5      1.33060E-04
  1067.5      1.31730E-04
  1072.5      1.30740E-04
  1077.5      1.29520E-04
  1082.5      1.27010E-04
  1087.5      1.26390E-04
  1092.5      1.15200E-04
  1097.5      1.20970E-04
  1102.5      1.22980E-04
  1107.5      1.22740E-04
  1112.5      1.21750E-04
  1117.5      1.20810E-04
  1122.5      1.19740E-04
  1127.5      1.18680E-04
  1132.5      1.17350E-04
  1137.5      1.16590E-04
  1142.5      1.15600E-04
  1147.5      1.14710E-04
  1152.5      1.13850E-04
  1157.5      1.12760E-04
  1162.5      1.11640E-04
  1167.5      1.10670E-04
  1172.5      1.10160E-04
  1177.5      1.09230E-04
  1182.5      1.08240E-04
  1187.5      1.07440E-04
  1192.5      1.06570E-04
  1197.5      1.04340E-04
  1202.5      1.04910E-04
  1207.5      1.04040E-04
  1212.5      1.03160E-04
  1217.5      1.02410E-04
  1222.5      1.01600E-04
  1227.5      1.00820E-04
  1232.5      9.99260E-05
  1237.5      9.91700E-05
  1242.5      9.84860E-05
  1247.5      9.75970E-05
  1252.5      9.65250E-05
  1257.5      9.60670E-05
  1262.5      9.53420E-05
  1267.5      9.47390E-05
  1272.5      9.38180E-05
  1277.5      9.11750E-05
  1282.5      8.43660E-05
  1287.5      9.08980E-05
  1292.5      9.10720E-05
  1297.5      8.98060E-05
  1302.5      8.97010E-05
  1307.5      8.92200E-05
  1312.5      8.85720E-05
  1317.5      8.79140E-05
  1322.5      8.72760E-05
  1327.5      8.66400E-05
  1332.5      8.59490E-05
  1337.5      8.51740E-05
  1342.5      8.46050E-05
  1347.5      8.40880E-05
  1352.5      8.33380E-05
  1357.5      8.29040E-05
  1362.5      8.20440E-05
  1367.5      8.17270E-05
  1372.5      8.09950E-05
  1377.5      8.06330E-05
  1382.5      8.00740E-05
  1387.5      7.94980E-05
  1392.5      7.87880E-05
  1397.5      7.83780E-05
  1402.5      7.77210E-05
  1407.5      7.73310E-05
  1412.5      7.67550E-05
  1417.5      7.62670E-05
  1422.5      7.57540E-05
  1427.5      7.52090E-05
  1432.5      7.47220E-05
  1437.5      7.42110E-05
  1442.5      7.37260E-05
  1447.5      7.32380E-05
  1452.5      7.27270E-05
  1457.0      7.22950E-05
  1462.0      7.18310E-05
  1467.5      7.13160E-05
  1472.5      7.08350E-05
  1477.5      7.02990E-05
  1482.5      6.99180E-05
  1487.5      6.94620E-05
  1492.5      6.90120E-05
  1497.5      6.85700E-05
  1502.5      6.80790E-05
  1507.5      6.75800E-05
  1512.5      6.72650E-05
  1517.5      6.68380E-05
  1522.5      6.64070E-05
  1527.5      6.59860E-05
  1532.5      6.55700E-05
  1537.5      6.51570E-05
  1542.5      6.47290E-05
  1547.5      6.43390E-05
  1552.5      6.39240E-05
  1557.5      6.34820E-05
  1562.5      6.31600E-05
  1567.5      6.26720E-05
  1572.5      6.22440E-05
  1577.5      6.20130E-05
  1582.5      6.15900E-05
  1587.5      6.08820E-05
  1592.5      6.07420E-05
  1597.5      6.05630E-05
  1605.0      5.98340E-05
  1615.0      5.88370E-05
  1625.0      5.86610E-05
  1635.0      5.75440E-05
  1645.0      5.64300E-05
  1655.0      5.66940E-05
  1665.0      5.60690E-05
  1675.0      5.46670E-05
  1685.0      5.34210E-05
  1695.0      5.40660E-05
  1705.0      5.32010E-05
  1715.0      5.29740E-05
  1725.0      5.22100E-05
  1735.0      4.97380E-05
  1745.0      5.07680E-05
  1755.0      5.06350E-05
  1765.0      5.00840E-05
  1775.0      4.95100E-05
  1785.0      4.89310E-05
  1795.0      4.84520E-05
  1805.0      4.77950E-05
  1815.0      4.53610E-05
  1825.0      4.62310E-05
  1835.0      4.63540E-05
  1845.0      4.58730E-05
  1855.0      4.52820E-05
  1865.0      4.43460E-05
  1875.0      4.21840E-05
  1885.0      4.38720E-05
  1895.0      4.35030E-05
  1905.0      4.29120E-05
  1915.0      4.26380E-05
  1925.0      4.22200E-05
  1935.0      4.15430E-05
  1945.0      3.91170E-05
  1955.0      4.06540E-05
  1965.0      4.05420E-05
  1975.0      4.01420E-05
  1985.0      3.97400E-05
  1995.0      3.93500E-05
  2005.0      3.89660E-05
  2015.0      3.85860E-05
  2025.0      3.82100E-05
  2035.0      3.78410E-05
  2045.0      3.74660E-05
  2055.0      3.70210E-05
  2065.0      3.67630E-05
  2075.0      3.63900E-05
  2085.0      3.60680E-05
  2095.0      3.57160E-05
  2105.0      3.53540E-05
  2115.0      3.48820E-05
  2125.0      3.47420E-05
  2135.0      3.44160E-05
  2145.0      3.40820E-05
  2155.0      3.36110E-05
  2165.0      3.15470E-05
  2175.0      3.28780E-05
  2185.0      3.28460E-05
  2195.0      3.25860E-05
  2205.0      3.22950E-05
  2215.0      3.20070E-05
  2225.0      3.17130E-05
  2235.0      3.14430E-05
  2245.0      3.11660E-05
  2255.0      3.08930E-05
  2265.0      3.06240E-05
  2275.0      3.03580E-05
  2285.0      3.00940E-05
  2295.0      2.98390E-05
  2305.0      2.95780E-05
  2315.0      2.93300E-05
  2325.0      2.90830E-05
  2335.0      2.88370E-05
  2345.0      2.85950E-05
  2355.0      2.83540E-05
  2365.0      2.81130E-05
  2375.0      2.78780E-05
  2385.0      2.76550E-05
  2395.0      2.74190E-05
  2405.0      2.71950E-05
  2415.0      2.69770E-05
  2425.0      2.67480E-05
  2435.0      2.65420E-05
  2445.0      2.63260E-05
  2455.0      2.61160E-05
  2465.0      2.59030E-05
  2475.0      2.56540E-05
  2485.0      2.54940E-05
  2495.0      2.52810E-05
  2505.0      2.50930E-05
  2515.0      2.48940E-05
  2525.0      2.46760E-05
  2535.0      2.45030E-05
  2545.0      2.43220E-05
  2555.0      2.41160E-05
  2565.0      2.38900E-05
  2575.0      2.37490E-05
  2585.0      2.35820E-05
  2595.0      2.33930E-05
  2605.0      2.31510E-05
  2615.0      2.27600E-05
  2625.0      2.15380E-05
  2635.0      2.25080E-05
  2645.0      2.25160E-05
  2655.0      2.23420E-05
  2665.0      2.21400E-05
  2675.0      2.18250E-05
  2685.0      2.18060E-05
  2695.0      2.17410E-05
  2705.0      2.15950E-05
  2715.0      2.14370E-05
  2725.0      2.12810E-05
  2735.0      2.11260E-05
  2745.0      2.08940E-05
  2755.0      2.04730E-05
  2765.0      2.04600E-05
  2775.0      2.04850E-05
  2785.0      2.03770E-05
  2795.0      2.02340E-05
  2805.0      2.00830E-05
  2815.0      1.99470E-05
  2825.0      1.98070E-05
  2835.0      1.96690E-05
  2845.0      1.95320E-05
  2855.0      1.93510E-05
  2865.0      1.90500E-05
  2875.0      1.86190E-05
  2885.0      1.88890E-05
  2895.0      1.88540E-05
  2905.0      1.87370E-05
  2915.0      1.86090E-05
  2925.0      1.84820E-05
  2935.0      1.83560E-05
  2945.0      1.82300E-05
  2955.0      1.81110E-05
  2965.0      1.79890E-05
  2975.0      1.78690E-05
  2985.0      1.77500E-05
  2995.0      1.76240E-05
  3005.0      1.75140E-05
  3015.0      1.73790E-05
  3025.0      1.72040E-05
  3035.0      1.66660E-05
  3045.0      1.67060E-05
  3055.0      1.68820E-05
  3065.0      1.68150E-05
  3075.0      1.66970E-05
  3085.0      1.65810E-05
  3095.0      1.65140E-05
  3105.0      1.64040E-05
  3115.0      1.63000E-05
  3125.0      1.61940E-05
  3135.0      1.60950E-05
  3145.0      1.59900E-05
  3155.0      1.58940E-05
  3165.0      1.57920E-05
  3175.0      1.56940E-05
  3185.0      1.55960E-05
  3195.0      1.54990E-05
  3210.0      1.53550E-05
  3230.0      1.51650E-05
  3250.0      1.49800E-05
  3270.0      1.47820E-05
  3290.0      1.41930E-05
  3310.0      1.43050E-05
  3330.0      1.42500E-05
  3350.0      1.40940E-05
  3370.0      1.39520E-05
  3390.0      1.37880E-05
  3410.0      1.36270E-05
  3430.0      1.34690E-05
  3450.0      1.33140E-05
  3470.0      1.31610E-05
  3490.0      1.30100E-05
  3510.0      1.28630E-05
  3530.0      1.27170E-05
  3550.0      1.25740E-05
  3570.0      1.24330E-05
  3590.0      1.22950E-05
  3610.0      1.21600E-05
  3630.0      1.20260E-05
  3650.0      1.18950E-05
  3670.0      1.17640E-05
  3690.0      1.16290E-05
  3710.0      1.14700E-05
  3730.0      1.11710E-05
  3750.0      1.09910E-05
  3770.0      1.11250E-05
  3790.0      1.10310E-05
  3810.0      1.09030E-05
  3830.0      1.07920E-05
  3850.0      1.06900E-05
  3870.0      1.05790E-05
  3890.0      1.04640E-05
  3910.0      1.03340E-05
  3930.0      1.02580E-05
  3950.0      1.01540E-05
  3970.0      1.00520E-05
  3990.0      9.95140E-06
  4010.0      9.82030E-06
  4030.0      9.68910E-06
  4050.0      9.33730E-06
  4070.0      9.54250E-06
  4090.0      9.46970E-06
  4110.0      9.37750E-06
  4130.0      9.27950E-06
  4150.0      9.18440E-06
  4170.0      9.03730E-06
  4190.0      9.00560E-06
  4210.0      8.93630E-06
  4230.0      8.85180E-06
  4250.0      8.76500E-06
  4270.0      8.68630E-06
  4290.0      8.59360E-06
  4310.0      8.52530E-06
  4330.0      8.44640E-06
  4350.0      8.35830E-06
  4370.0      8.19580E-06
  4390.0      8.16740E-06
  4410.0      8.14100E-06
  4430.0      8.06810E-06
  4450.0      7.99550E-06
  4470.0      7.92990E-06
  4490.0      7.85910E-06
  4510.0      7.78920E-06
  4530.0      7.71980E-06
  4550.0      7.65230E-06
  4570.0      7.58520E-06
  4590.0      7.51890E-06
  4610.0      7.44920E-06
  4630.0      7.36000E-06
  4650.0      7.02210E-06
  4670.0      7.08750E-06
  4690.0      7.14770E-06
  4710.0      7.13050E-06
  4730.0      7.07850E-06
  4750.0      7.01720E-06
  4770.0      6.95910E-06
  4790.0      6.90140E-06
  4810.0      6.84390E-06
  4830.0      6.78700E-06
  4850.0      6.73090E-06
  4870.0      6.67540E-06
  4890.0      6.62070E-06
  4910.0      6.56650E-06
  4930.0      6.51310E-06
  4950.0      6.46030E-06
  4970.0      6.40810E-06
  4990.0      6.35660E-06
  5010.0      6.30550E-06
  5030.0      6.25490E-06
  5050.0      6.20560E-06
  5070.0      6.15640E-06
  5090.0      6.10260E-06
  5110.0      6.02180E-06
  5130.0      5.84810E-06
  5150.0      5.93620E-06
  5170.0      5.91570E-06
  5190.0      5.87340E-06
  5210.0      5.82810E-06
  5230.0      5.78340E-06
  5250.0      5.73910E-06
  5270.0      5.69540E-06
  5290.0      5.65220E-06
  5310.0      5.60940E-06
  5330.0      5.56710E-06
  5350.0      5.52530E-06
  5370.0      5.48390E-06
  5390.0      5.44300E-06
  5410.0      5.40260E-06
  5430.0      5.36260E-06
  5450.0      5.32310E-06
  5470.0      5.28390E-06
  5490.0      5.24520E-06
  5510.0      5.20690E-06
  5530.0      5.16900E-06
  5550.0      5.13160E-06
  5570.0      5.09460E-06
  5590.0      5.05800E-06
  5610.0      5.02170E-06
  5630.0      4.98590E-06
  5650.0      4.95040E-06
  5670.0      4.91520E-06
  5690.0      4.88040E-06
  5710.0      4.83670E-06
  5730.0      4.81200E-06
  5750.0      4.77840E-06
  5770.0      4.74510E-06
  5790.0      4.71190E-06
  5810.0      4.67950E-06
  5830.0      4.64720E-06
  5850.0      4.61730E-06
  5870.0      4.57910E-06
  5890.0      4.51770E-06
  5910.0      4.36240E-06
  5930.0      4.46320E-06
  5950.0      4.43850E-06
  5970.0      4.41660E-06
  5990.0      4.40060E-06
  6010.0      4.37280E-06
  6030.0      4.34360E-06
  6050.0      4.31470E-06
  6070.0      4.28610E-06
  6090.0      4.25780E-06
  6110.0      4.22970E-06
  6130.0      4.20190E-06
  6150.0      4.17440E-06
  6170.0      4.14710E-06
  6190.0      4.12010E-06
  6210.0      4.09340E-06
  6230.0      4.06690E-06
  6250.0      4.04060E-06
  6270.0      4.00280E-06
  6290.0      3.95540E-06
  6310.0      3.94880E-06
  6330.0      3.93750E-06
  6350.0      3.91330E-06
  6370.0      3.88850E-06
  6390.0      3.86400E-06
  6420.0      3.82760E-06
  6460.0      3.77990E-06
  6500.0      3.73310E-06
  6540.0      3.68710E-06
  6580.0      3.64200E-06
  6620.0      3.59770E-06
  6660.0      3.55420E-06
  6700.0      3.51140E-06
  6740.0      3.46040E-06
  6780.0      3.39420E-06
  6820.0      3.38550E-06
  6860.0      3.34790E-06
  6900.0      3.30880E-06
  6940.0      3.27030E-06
  6980.0      3.23260E-06
  7020.0      3.19550E-06
  7060.0      3.15900E-06
  7100.0      3.12310E-06
  7140.0      3.08780E-06
  7180.0      3.05310E-06
  7220.0      3.01900E-06
  7260.0      2.98550E-06
  7300.0      2.95250E-06
  7340.0      2.92000E-06
  7380.0      2.88810E-06
  7420.0      2.84800E-06
  7460.0      2.73980E-06
  7500.0      2.69820E-06
  7540.0      2.74910E-06
  7580.0      2.73560E-06
  7620.0      2.70720E-06
  7660.0      2.67870E-06
  7700.0      2.65060E-06
  7740.0      2.62300E-06
  7780.0      2.59580E-06
  7820.0      2.56900E-06
  7860.0      2.54270E-06
  7900.0      2.51670E-06
  7940.0      2.49110E-06
  7980.0      2.46590E-06
  8020.0      2.44110E-06
  8060.0      2.41670E-06
  8100.0      2.39260E-06
  8140.0      2.36610E-06
  8180.0      2.34450E-06
  8220.0      2.32240E-06
  8260.0      2.29970E-06
  8300.0      2.27730E-06
  8340.0      2.25530E-06
  8380.0      2.23360E-06
  8420.0      2.21210E-06
  8460.0      2.19100E-06
  8500.0      2.17020E-06
  8540.0      2.14970E-06
  8580.0      2.12940E-06
  8620.0      2.10930E-06
  8660.0      2.08160E-06
  8700.0      2.06570E-06
  8740.0      2.02430E-06
  8780.0      2.00580E-06
  8820.0      2.01290E-06
  8860.0      1.99530E-06
  8900.0      1.97720E-06
  8940.0      1.95940E-06
  8980.0      1.94170E-06
  9020.0      1.92430E-06
  9060.0      1.90710E-06
  9100.0      1.89020E-06
  9140.0      1.87350E-06
  9180.0      1.85700E-06
  9220.0      1.84070E-06
  9260.0      1.82460E-06
  9300.0      1.80870E-06
  9340.0      1.79200E-06
  9380.0      1.76590E-06
  9420.0      1.75670E-06
  9460.0      1.74730E-06
  9500.0      1.73240E-06
  9540.0      1.71770E-06
  9580.0      1.70320E-06
  9620.0      1.68890E-06
  9660.0      1.67480E-06
  9700.0      1.66080E-06
  9740.0      1.64700E-06
  9780.0      1.63340E-06
  9820.0      1.61990E-06
  9860.0      1.60660E-06
  9900.0      1.59350E-06
  9940.0      1.58050E-06
  9980.0      1.56770E-06
  10020.      1.55500E-06
  20000.      3.81480E-07
  40000.      9.26430E-08
  60000.      4.04070E-08
  80000.      2.24130E-08
 1.00000E+05  1.41850E-08
 1.20000E+05  9.76160E-09
 1.40000E+05  7.11720E-09
 1.60000E+05  5.41340E-09
