 Castelli and Kurucz 2004-2012 Atmosphere
 T     46000.     G    4.50000 [0.5a] VTURB=2  L/H=1.25 NOVER NEW ODF          
 Wavelength  Eddington Hnu
   (nm)    (ergs/s/cm2/Hz/sr)
  9.0900      7.49250E-22
  9.3500      2.46160E-21
  9.6100      7.38050E-21
  9.7700      1.46580E-20
  9.9600      3.13610E-20
  10.200      7.88910E-20
  10.380      1.53490E-19
  10.560      2.92270E-19
  10.770      6.03720E-19
  11.040      1.47580E-18
  11.400      4.56290E-18
  11.780      1.38470E-17
  12.130      3.69570E-17
  12.480      9.23200E-17
  12.710      1.64940E-16
  12.840      2.42620E-16
  13.050      3.99980E-16
  13.240      6.16370E-16
  13.390      8.70650E-16
  13.660      1.56490E-15
  13.980      3.10290E-15
  14.330      6.14410E-15
  14.720      1.20650E-14
  15.100      2.56100E-14
  15.520      5.29000E-14
  15.880      9.90370E-14
  16.200      3.08780E-13
  16.600      5.82980E-13
  17.030      1.03060E-12
  17.340      1.54920E-12
  17.680      2.70760E-12
  18.020      4.29680E-12
  18.170      5.38530E-12
  18.610      1.02080E-11
  19.100      1.79090E-11
  19.390      2.75200E-11
  19.840      4.90540E-11
  20.180      6.17050E-11
  20.500      9.30290E-11
  21.050      1.53750E-10
  21.620      2.48980E-10
  21.980      3.48580E-10
  22.300      4.30510E-10
  22.680      6.41600E-10
  23.000      3.63480E-08
  23.400      9.38440E-08
  24.000      1.15990E-07
  24.650      2.37820E-07
  25.240      1.00250E-06
  25.680      4.02820E-06
  26.000      2.59410E-06
  26.400      1.76870E-05
  26.850      2.20100E-05
  27.350      3.04450E-05
  27.850      1.37460E-05
  28.400      4.04340E-05
  29.000      9.16700E-05
  29.600      7.48140E-05
  30.100      6.57940E-05
  30.800      9.21700E-05
  31.800      1.16570E-05
  32.800      1.91060E-05
  33.800      1.64780E-05
  34.800      2.01500E-05
  35.700      4.88880E-05
  36.600      1.42610E-04
  37.500      2.47650E-04
  38.500      2.39910E-04
  39.500      5.08620E-04
  40.500      1.21810E-03
  41.400      1.09550E-03
  42.200      9.59420E-04
  43.000      9.77890E-04
  44.100      1.31170E-03
  45.100      1.36270E-03
  46.000      9.55710E-04
  47.000      1.24500E-03
  48.000      1.68660E-03
  49.000      1.08590E-03
  50.000      2.56550E-03
  50.600      1.87560E-03
  51.200      2.54710E-03
  52.000      2.42510E-03
  53.000      2.35940E-03
  54.000      1.69370E-03
  55.000      1.04080E-03
  56.000      1.59310E-03
  57.000      2.91900E-03
  58.000      3.15490E-03
  59.000      3.18950E-03
  60.000      2.21680E-03
  61.000      1.48750E-03
  62.000      2.50030E-03
  63.000      2.06330E-03
  64.000      3.22230E-03
  65.000      2.89010E-03
  65.800      2.21550E-03
  66.500      3.26630E-03
  67.500      3.43030E-03
  68.500      2.87430E-03
  69.500      3.46370E-03
  70.500      2.64970E-03
  71.600      3.38890E-03
  72.600      3.67160E-03
  73.500      3.64860E-03
  74.500      3.36150E-03
  75.500      3.19510E-03
  76.500      2.69010E-03
  77.500      3.33680E-03
  78.500      2.34120E-03
  79.500      3.15470E-03
  80.500      3.50680E-03
  81.500      3.48230E-03
  82.500      3.58450E-03
  83.500      2.99850E-03
  84.500      3.45790E-03
  85.500      2.99960E-03
  86.500      3.52580E-03
  87.500      3.63450E-03
  88.500      3.50070E-03
  89.500      3.45630E-03
  90.500      3.36380E-03
  91.500      2.54880E-03
  92.500      3.75090E-03
  93.500      4.54540E-03
  94.500      4.89460E-03
  95.500      5.97980E-03
  96.500      6.08010E-03
  97.500      5.03310E-03
  98.500      5.57500E-03
  99.500      4.90520E-03
  100.50      4.93090E-03
  101.50      5.15500E-03
  102.50      5.18870E-03
  103.50      5.61730E-03
  104.50      6.00990E-03
  105.50      5.94360E-03
  106.50      5.63580E-03
  107.50      6.02460E-03
  108.50      5.48050E-03
  109.50      5.87960E-03
  110.50      5.85590E-03
  111.50      5.87480E-03
  112.50      5.72190E-03
  113.50      5.96570E-03
  114.50      6.05320E-03
  115.50      5.74670E-03
  116.50      5.38930E-03
  117.50      5.04960E-03
  118.50      5.51980E-03
  119.50      5.03770E-03
  120.50      5.08780E-03
  121.50      4.54110E-03
  122.50      4.96830E-03
  123.50      4.76750E-03
  124.50      4.60270E-03
  125.50      4.95610E-03
  126.50      5.03890E-03
  127.50      5.11750E-03
  128.50      5.11230E-03
  129.50      5.17520E-03
  130.50      5.05240E-03
  131.50      5.03170E-03
  132.50      4.96930E-03
  133.50      4.90160E-03
  134.50      4.84270E-03
  135.50      4.70510E-03
  136.50      4.47040E-03
  137.50      4.22560E-03
  138.50      4.46800E-03
  139.50      4.32650E-03
  140.50      4.09220E-03
  141.50      4.74750E-03
  142.50      4.47050E-03
  143.50      4.69720E-03
  144.20      4.39400E-03
  144.70      4.43770E-03
  145.50      4.35700E-03
  146.50      4.35130E-03
  147.50      4.43380E-03
  148.50      4.50010E-03
  149.50      4.38910E-03
  150.50      4.33450E-03
  151.20      4.33340E-03
  151.70      4.23320E-03
  152.50      4.31870E-03
  153.50      4.04490E-03
  154.50      3.35590E-03
  155.50      3.49870E-03
  156.50      3.97100E-03
  157.50      4.11020E-03
  158.50      4.01300E-03
  159.50      4.15820E-03
  160.50      4.01600E-03
  161.50      3.96260E-03
  162.50      4.06170E-03
  163.50      4.11030E-03
  164.50      3.94530E-03
  165.50      4.08230E-03
  166.50      4.00300E-03
  167.20      3.88440E-03
  167.70      4.17140E-03
  168.50      4.14820E-03
  169.50      4.18090E-03
  170.50      4.02500E-03
  171.50      3.85580E-03
  172.50      3.83950E-03
  173.50      4.04090E-03
  174.50      4.03100E-03
  175.50      4.00830E-03
  176.50      3.92140E-03
  177.50      3.87310E-03
  178.50      3.91430E-03
  179.50      3.82700E-03
  180.50      3.81650E-03
  181.50      3.71910E-03
  182.50      3.73060E-03
  183.50      3.72480E-03
  184.50      3.75760E-03
  185.50      3.73670E-03
  186.50      3.76620E-03
  187.50      3.68420E-03
  188.50      3.64950E-03
  189.50      3.69590E-03
  190.50      3.68130E-03
  191.50      3.67120E-03
  192.50      3.50620E-03
  193.50      3.62550E-03
  194.50      3.62000E-03
  195.50      3.53520E-03
  196.70      3.54380E-03
  197.60      3.47420E-03
  198.40      3.53340E-03
  199.50      3.49130E-03
  200.50      3.49550E-03
  201.50      3.47950E-03
  202.50      3.47140E-03
  203.50      3.40290E-03
  204.50      3.37170E-03
  205.50      2.51970E-03
  206.50      2.44590E-03
  207.40      2.55040E-03
  207.80      2.63560E-03
  208.50      2.87170E-03
  209.50      3.17670E-03
  210.50      3.18920E-03
  211.50      3.22560E-03
  212.50      3.17750E-03
  213.50      3.20610E-03
  214.50      3.16960E-03
  215.50      3.15530E-03
  216.50      2.99330E-03
  217.50      3.13570E-03
  218.50      3.04360E-03
  219.50      3.12240E-03
  220.50      3.09120E-03
  221.50      2.96860E-03
  222.50      3.06830E-03
  223.50      3.04520E-03
  224.50      3.02960E-03
  225.50      2.92670E-03
  226.50      2.97170E-03
  227.50      2.99600E-03
  228.50      2.90640E-03
  229.50      2.87440E-03
  230.50      2.82510E-03
  231.50      2.83750E-03
  232.50      2.87660E-03
  233.50      2.86420E-03
  234.50      2.81570E-03
  235.50      2.76990E-03
  236.50      2.74150E-03
  237.50      2.69850E-03
  238.50      2.57750E-03
  239.50      2.65870E-03
  240.50      2.63560E-03
  241.50      2.62560E-03
  242.50      2.65830E-03
  243.50      2.62370E-03
  244.50      2.61120E-03
  245.50      2.56180E-03
  246.50      2.56910E-03
  247.50      2.60050E-03
  248.50      2.53920E-03
  249.50      2.21850E-03
  250.50      2.52140E-03
  251.30      2.36170E-03
  251.80      2.43910E-03
  252.50      2.46680E-03
  253.50      2.48990E-03
  254.50      2.49030E-03
  255.50      2.47650E-03
  256.50      2.46490E-03
  257.50      2.43890E-03
  258.50      2.42780E-03
  259.50      2.33650E-03
  260.50      2.40540E-03
  261.50      2.33140E-03
  262.50      2.38250E-03
  263.50      2.37380E-03
  264.50      2.32810E-03
  265.50      2.33990E-03
  266.50      2.32770E-03
  267.50      2.27110E-03
  268.50      2.28630E-03
  269.50      2.26820E-03
  270.50      2.28940E-03
  271.50      2.27120E-03
  272.50      2.25080E-03
  273.50      2.17890E-03
  274.50      2.23390E-03
  275.50      2.19960E-03
  276.50      2.20260E-03
  277.50      2.17650E-03
  278.50      2.11970E-03
  279.50      2.12000E-03
  280.50      2.12880E-03
  281.50      2.11830E-03
  282.50      2.09210E-03
  283.50      2.10200E-03
  284.50      2.09630E-03
  285.50      2.07850E-03
  286.50      2.02710E-03
  287.50      2.00210E-03
  288.50      2.02960E-03
  289.50      2.01030E-03
  291.00      2.00790E-03
  293.00      2.00120E-03
  295.00      1.97950E-03
  297.00      1.95140E-03
  299.00      1.91510E-03
  301.00      1.89460E-03
  303.00      1.85510E-03
  305.00      1.85200E-03
  307.00      1.79880E-03
  309.00      1.81800E-03
  311.00      1.80130E-03
  313.00      1.77990E-03
  315.00      1.77380E-03
  317.00      1.75300E-03
  319.00      1.73810E-03
  321.00      1.68020E-03
  323.00      1.70770E-03
  325.00      1.69180E-03
  327.00      1.65160E-03
  329.00      1.64950E-03
  331.00      1.63080E-03
  333.00      1.60840E-03
  335.00      1.57100E-03
  337.00      1.57050E-03
  339.00      1.54640E-03
  341.00      1.53130E-03
  343.00      1.53930E-03
  345.00      1.50280E-03
  347.00      1.50360E-03
  349.00      1.49050E-03
  351.00      1.48580E-03
  353.00      1.46080E-03
  355.00      1.45160E-03
  357.00      1.43410E-03
  359.00      1.42590E-03
  361.00      1.41140E-03
  363.00      1.39280E-03
  364.00      1.36380E-03
  365.00      1.21690E-03
  367.00      1.20830E-03
  369.00      1.20060E-03
  371.00      1.19450E-03
  373.00      1.21470E-03
  375.00      1.24200E-03
  377.00      1.26110E-03
  379.00      1.29030E-03
  381.00      1.30480E-03
  383.00      1.25530E-03
  385.00      1.30650E-03
  387.00      1.29400E-03
  389.00      1.21210E-03
  391.00      1.28790E-03
  393.00      1.26060E-03
  395.00      1.25260E-03
  397.00      1.15620E-03
  399.00      1.24380E-03
  401.00      1.23310E-03
  403.00      1.20310E-03
  405.00      1.21340E-03
  407.00      1.19870E-03
  409.00      1.15980E-03
  411.00      1.10400E-03
  413.00      1.16670E-03
  415.00      1.16230E-03
  417.00      1.15420E-03
  419.00      1.14180E-03
  421.00      1.11570E-03
  423.00      1.12870E-03
  425.00      1.11760E-03
  427.00      1.10970E-03
  429.00      1.09990E-03
  431.00      1.08570E-03
  433.00      1.04800E-03
  435.00      1.00800E-03
  437.00      1.05560E-03
  439.00      1.04130E-03
  441.00      1.02890E-03
  443.00      1.03120E-03
  445.00      1.01960E-03
  447.00      1.01360E-03
  449.00      1.00860E-03
  451.00      9.96120E-04
  453.00      9.87480E-04
  455.00      9.63130E-04
  457.00      9.74550E-04
  459.00      9.66660E-04
  461.00      9.61590E-04
  463.00      9.44700E-04
  465.00      9.21510E-04
  467.00      9.35480E-04
  469.00      9.00350E-04
  471.00      9.27890E-04
  473.00      9.23990E-04
  475.00      9.17530E-04
  477.00      9.09890E-04
  479.00      8.97340E-04
  481.00      8.94960E-04
  483.00      8.88780E-04
  485.00      8.68700E-04
  487.00      8.18740E-04
  489.00      8.67880E-04
  491.00      8.61850E-04
  493.00      8.56980E-04
  495.00      8.51070E-04
  497.00      8.45090E-04
  499.00      8.39910E-04
  501.00      8.30490E-04
  503.00      8.25660E-04
  505.00      8.19010E-04
  507.00      8.14980E-04
  509.00      8.10060E-04
  511.00      8.02720E-04
  513.00      7.95730E-04
  515.00      7.91630E-04
  517.00      7.87950E-04
  519.00      7.82150E-04
  521.00      7.75280E-04
  523.00      7.71360E-04
  525.00      7.63920E-04
  527.00      7.57900E-04
  529.00      7.55470E-04
  531.00      7.49890E-04
  533.00      7.44760E-04
  535.00      7.40450E-04
  537.00      7.34570E-04
  539.00      7.29890E-04
  541.00      7.10010E-04
  543.00      7.20510E-04
  545.00      7.15650E-04
  547.00      7.10020E-04
  549.00      7.05880E-04
  551.00      6.99300E-04
  553.00      6.96630E-04
  555.00      6.92250E-04
  557.00      6.85770E-04
  559.00      6.78350E-04
  561.00      6.78570E-04
  563.00      6.73950E-04
  565.00      6.69510E-04
  567.00      6.65040E-04
  569.00      6.48460E-04
  571.00      6.02930E-04
  573.00      5.99310E-04
  575.00      5.95260E-04
  577.00      5.92660E-04
  579.00      5.89860E-04
  581.00      5.80730E-04
  583.00      5.86490E-04
  585.00      5.86900E-04
  587.00      5.84560E-04
  589.00      5.87660E-04
  591.00      5.88670E-04
  593.00      5.90300E-04
  595.00      5.93040E-04
  597.00      5.95070E-04
  599.00      5.96960E-04
  601.00      5.95050E-04
  603.00      5.92760E-04
  605.00      5.89630E-04
  607.00      5.85940E-04
  609.00      5.83500E-04
  611.00      5.78960E-04
  613.00      5.75580E-04
  615.00      5.73260E-04
  617.00      5.67530E-04
  619.00      5.66990E-04
  621.00      5.63700E-04
  623.00      5.57110E-04
  625.00      5.56230E-04
  627.00      5.53580E-04
  629.00      5.50640E-04
  631.00      5.42780E-04
  633.00      5.44000E-04
  635.00      5.40790E-04
  637.00      5.37950E-04
  639.00      5.33830E-04
  641.00      5.26140E-04
  643.00      5.28630E-04
  645.00      5.25110E-04
  647.00      5.21960E-04
  649.00      5.19370E-04
  651.00      5.15000E-04
  653.00      5.06580E-04
  655.00      5.04790E-04
  657.00      4.70620E-04
  659.00      5.03900E-04
  661.00      5.02140E-04
  663.00      4.99350E-04
  665.00      4.96510E-04
  667.00      4.90920E-04
  669.00      4.82670E-04
  671.00      4.86630E-04
  673.00      4.85020E-04
  675.00      4.82320E-04
  677.00      4.79810E-04
  679.00      4.77520E-04
  681.00      4.74840E-04
  683.00      4.72290E-04
  685.00      4.69530E-04
  687.00      4.66900E-04
  689.00      4.56430E-04
  691.00      4.61650E-04
  693.00      4.59610E-04
  695.00      4.57040E-04
  697.00      4.54640E-04
  699.00      4.52080E-04
  701.00      4.48980E-04
  703.00      4.45930E-04
  705.00      4.43390E-04
  707.00      4.41210E-04
  709.00      4.40210E-04
  711.00      4.36740E-04
  713.00      4.34550E-04
  715.00      4.33300E-04
  717.00      4.25320E-04
  719.00      4.25570E-04
  721.00      4.26070E-04
  723.00      4.24310E-04
  725.00      4.22160E-04
  727.00      4.20000E-04
  729.00      4.17650E-04
  731.00      4.14530E-04
  733.00      4.13410E-04
  735.00      4.11450E-04
  737.00      4.08610E-04
  739.00      4.06330E-04
  741.00      4.04460E-04
  743.00      4.03100E-04
  745.00      3.99940E-04
  747.00      3.98750E-04
  749.00      3.95920E-04
  751.00      3.94330E-04
  753.00      3.92890E-04
  755.00      3.90810E-04
  757.00      3.88700E-04
  759.00      3.79260E-04
  761.00      3.84070E-04
  763.00      3.82960E-04
  765.00      3.81060E-04
  767.00      3.78790E-04
  769.00      3.76110E-04
  771.00      3.74290E-04
  773.00      3.72180E-04
  775.00      3.71400E-04
  777.00      3.70370E-04
  779.00      3.68180E-04
  781.00      3.66750E-04
  783.00      3.64830E-04
  785.00      3.61120E-04
  787.00      3.60590E-04
  789.00      3.59400E-04
  791.00      3.58000E-04
  793.00      3.56430E-04
  795.00      3.54460E-04
  797.00      3.51760E-04
  799.00      3.51290E-04
  801.00      3.49610E-04
  803.00      3.47610E-04
  805.00      3.46350E-04
  807.00      3.44770E-04
  809.00      3.43160E-04
  811.00      3.41540E-04
  813.00      3.39970E-04
  815.00      3.38370E-04
  817.00      3.35930E-04
  819.00      3.33260E-04
  821.00      3.15090E-04
  823.00      3.11150E-04
  825.00      3.11810E-04
  827.00      3.10930E-04
  829.00      3.09660E-04
  831.00      3.08380E-04
  833.00      3.06110E-04
  835.00      3.05490E-04
  837.00      3.04420E-04
  839.00      3.03420E-04
  841.00      3.02520E-04
  843.00      3.01590E-04
  845.00      3.00660E-04
  847.00      2.99810E-04
  849.00      2.99180E-04
  851.00      2.97880E-04
  853.00      2.97870E-04
  855.00      2.96650E-04
  857.00      2.96320E-04
  859.00      2.95470E-04
  861.00      2.94770E-04
  863.00      2.95470E-04
  865.00      2.94490E-04
  867.00      2.90560E-04
  869.00      2.94220E-04
  871.00      2.94310E-04
  873.00      2.93380E-04
  875.00      2.86510E-04
  877.00      2.91460E-04
  879.00      2.92770E-04
  881.00      2.92380E-04
  883.00      2.91470E-04
  885.00      2.86500E-04
  887.00      2.78200E-04
  889.00      2.87170E-04
  891.00      2.87100E-04
  893.00      2.85450E-04
  895.00      2.84920E-04
  897.00      2.83940E-04
  899.00      2.81500E-04
  901.00      2.68480E-04
  903.00      2.73500E-04
  905.00      2.78600E-04
  907.00      2.78230E-04
  909.00      2.77090E-04
  911.00      2.75150E-04
  913.00      2.74780E-04
  915.00      2.73950E-04
  917.00      2.72270E-04
  919.00      2.70990E-04
  921.00      2.67370E-04
  923.00      2.51420E-04
  925.00      2.64190E-04
  927.00      2.66370E-04
  929.00      2.65810E-04
  931.00      2.64810E-04
  933.00      2.63390E-04
  935.00      2.55770E-04
  937.00      2.59670E-04
  939.00      2.60130E-04
  941.00      2.59130E-04
  943.00      2.58310E-04
  945.00      2.57200E-04
  947.00      2.56300E-04
  949.00      2.54950E-04
  951.00      2.53520E-04
  953.00      2.49320E-04
  955.00      2.34070E-04
  957.00      2.48520E-04
  959.00      2.49840E-04
  961.00      2.49200E-04
  963.00      2.47850E-04
  965.00      2.47290E-04
  967.00      2.46350E-04
  969.00      2.45380E-04
  971.00      2.42460E-04
  973.00      2.43010E-04
  975.00      2.41970E-04
  977.00      2.39110E-04
  979.00      2.40540E-04
  981.00      2.39560E-04
  983.00      2.38260E-04
  985.00      2.37750E-04
  987.00      2.36830E-04
  989.00      2.35890E-04
  991.00      2.34810E-04
  993.00      2.34080E-04
  995.00      2.33170E-04
  997.00      2.32270E-04
  999.00      2.31360E-04
  1002.5      2.25820E-04
  1007.5      2.21260E-04
  1012.5      2.20510E-04
  1017.5      2.23310E-04
  1022.5      2.21140E-04
  1027.5      2.18720E-04
  1032.5      2.16750E-04
  1037.5      2.14990E-04
  1042.5      2.11550E-04
  1047.5      2.11130E-04
  1052.5      2.09160E-04
  1057.5      2.07270E-04
  1062.5      2.05400E-04
  1067.5      2.03540E-04
  1072.5      2.01720E-04
  1077.5      1.99900E-04
  1082.5      1.97690E-04
  1087.5      1.96220E-04
  1092.5      1.86890E-04
  1097.5      1.91330E-04
  1102.5      1.91200E-04
  1107.5      1.89540E-04
  1112.5      1.87890E-04
  1117.5      1.86410E-04
  1122.5      1.84720E-04
  1127.5      1.83070E-04
  1132.5      1.81480E-04
  1137.5      1.80040E-04
  1142.5      1.78550E-04
  1147.5      1.77050E-04
  1152.5      1.75570E-04
  1157.5      1.73970E-04
  1162.5      1.70240E-04
  1167.5      1.69460E-04
  1172.5      1.69750E-04
  1177.5      1.68390E-04
  1182.5      1.66760E-04
  1187.5      1.65570E-04
  1192.5      1.64220E-04
  1197.5      1.62650E-04
  1202.5      1.61640E-04
  1207.5      1.60250E-04
  1212.5      1.58900E-04
  1217.5      1.57770E-04
  1222.5      1.56490E-04
  1227.5      1.55290E-04
  1232.5      1.54020E-04
  1237.5      1.52850E-04
  1242.5      1.51650E-04
  1247.5      1.50470E-04
  1252.5      1.49280E-04
  1257.5      1.48120E-04
  1262.5      1.47000E-04
  1267.5      1.45870E-04
  1272.5      1.44720E-04
  1277.5      1.43100E-04
  1282.5      1.36140E-04
  1287.5      1.41250E-04
  1292.5      1.40400E-04
  1297.5      1.39320E-04
  1302.5      1.38300E-04
  1307.5      1.37270E-04
  1312.5      1.36250E-04
  1317.5      1.35220E-04
  1322.5      1.34240E-04
  1327.5      1.33260E-04
  1332.5      1.32280E-04
  1337.5      1.31300E-04
  1342.5      1.30340E-04
  1347.5      1.29410E-04
  1352.5      1.28470E-04
  1357.5      1.27550E-04
  1362.5      1.26630E-04
  1367.5      1.25730E-04
  1372.5      1.24810E-04
  1377.5      1.23930E-04
  1382.5      1.23070E-04
  1387.5      1.22200E-04
  1392.5      1.21340E-04
  1397.5      1.20490E-04
  1402.5      1.19640E-04
  1407.5      1.18820E-04
  1412.5      1.17990E-04
  1417.5      1.17120E-04
  1422.5      1.16370E-04
  1427.5      1.15570E-04
  1432.5      1.14690E-04
  1437.5      1.13940E-04
  1442.5      1.13220E-04
  1447.5      1.12460E-04
  1452.5      1.11700E-04
  1457.0      1.11020E-04
  1462.0      1.10330E-04
  1467.5      1.09510E-04
  1472.5      1.08710E-04
  1477.5      1.06720E-04
  1482.5      1.07340E-04
  1487.5      1.06650E-04
  1492.5      1.05950E-04
  1497.5      1.05260E-04
  1502.5      1.04570E-04
  1507.5      1.03880E-04
  1512.5      1.03220E-04
  1517.5      1.02550E-04
  1522.5      1.01890E-04
  1527.5      1.01230E-04
  1532.5      1.00570E-04
  1537.5      9.99350E-05
  1542.5      9.92530E-05
  1547.5      9.86650E-05
  1552.5      9.80300E-05
  1557.5      9.73410E-05
  1562.5      9.68450E-05
  1567.5      9.61300E-05
  1572.5      9.54560E-05
  1577.5      9.51690E-05
  1582.5      9.45010E-05
  1587.5      9.34470E-05
  1592.5      9.32100E-05
  1597.5      9.29090E-05
  1605.0      9.18510E-05
  1615.0      9.03990E-05
  1625.0      8.98330E-05
  1635.0      8.84670E-05
  1645.0      8.68840E-05
  1655.0      8.66240E-05
  1665.0      8.55720E-05
  1675.0      8.42300E-05
  1685.0      8.26420E-05
  1695.0      8.26340E-05
  1705.0      8.16410E-05
  1715.0      8.07530E-05
  1725.0      7.98290E-05
  1735.0      7.74950E-05
  1745.0      7.79230E-05
  1755.0      7.71580E-05
  1765.0      7.62960E-05
  1775.0      7.54370E-05
  1785.0      7.46130E-05
  1795.0      7.37920E-05
  1805.0      7.29830E-05
  1815.0      7.07220E-05
  1825.0      7.12020E-05
  1835.0      7.06380E-05
  1845.0      6.98800E-05
  1855.0      6.91210E-05
  1865.0      6.73860E-05
  1875.0      6.58070E-05
  1885.0      6.69770E-05
  1895.0      6.62870E-05
  1905.0      6.55850E-05
  1915.0      6.49230E-05
  1925.0      6.42570E-05
  1935.0      6.35580E-05
  1945.0      6.13610E-05
  1955.0      6.22670E-05
  1965.0      6.16850E-05
  1975.0      6.10670E-05
  1985.0      6.04500E-05
  1995.0      5.98450E-05
  2005.0      5.92650E-05
  2015.0      5.86820E-05
  2025.0      5.81070E-05
  2035.0      5.75410E-05
  2045.0      5.69780E-05
  2055.0      5.64240E-05
  2065.0      5.58900E-05
  2075.0      5.52180E-05
  2085.0      5.48150E-05
  2095.0      5.43100E-05
  2105.0      5.37980E-05
  2115.0      5.32800E-05
  2125.0      5.27950E-05
  2135.0      5.23030E-05
  2145.0      5.18190E-05
  2155.0      5.13220E-05
  2165.0      4.94330E-05
  2175.0      5.03380E-05
  2185.0      4.99470E-05
  2195.0      4.94950E-05
  2205.0      4.90490E-05
  2215.0      4.86090E-05
  2225.0      4.81750E-05
  2235.0      4.77460E-05
  2245.0      4.73220E-05
  2255.0      4.69050E-05
  2265.0      4.64940E-05
  2275.0      4.60870E-05
  2285.0      4.57390E-05
  2295.0      4.53430E-05
  2305.0      4.49480E-05
  2315.0      4.45610E-05
  2325.0      4.41830E-05
  2335.0      4.38060E-05
  2345.0      4.34320E-05
  2355.0      4.30640E-05
  2365.0      4.27040E-05
  2375.0      4.23440E-05
  2385.0      4.19930E-05
  2395.0      4.16400E-05
  2405.0      4.12950E-05
  2415.0      4.09550E-05
  2425.0      4.05970E-05
  2435.0      4.02860E-05
  2445.0      3.99600E-05
  2455.0      3.96350E-05
  2465.0      3.93120E-05
  2475.0      3.89880E-05
  2485.0      3.86840E-05
  2495.0      3.83720E-05
  2505.0      3.80700E-05
  2515.0      3.77680E-05
  2525.0      3.74270E-05
  2535.0      3.71740E-05
  2545.0      3.68830E-05
  2555.0      3.65950E-05
  2565.0      3.62160E-05
  2575.0      3.60290E-05
  2585.0      3.57510E-05
  2595.0      3.54760E-05
  2605.0      3.51580E-05
  2615.0      3.47360E-05
  2625.0      3.35570E-05
  2635.0      3.43450E-05
  2645.0      3.41440E-05
  2655.0      3.38880E-05
  2665.0      3.36120E-05
  2675.0      3.31350E-05
  2685.0      3.31050E-05
  2695.0      3.28910E-05
  2705.0      3.26480E-05
  2715.0      3.24080E-05
  2725.0      3.21700E-05
  2735.0      3.19340E-05
  2745.0      3.16950E-05
  2755.0      3.11490E-05
  2765.0      3.11180E-05
  2775.0      3.10190E-05
  2785.0      3.07940E-05
  2795.0      3.05760E-05
  2805.0      3.03570E-05
  2815.0      3.01420E-05
  2825.0      2.99290E-05
  2835.0      2.97180E-05
  2845.0      2.95090E-05
  2855.0      2.93010E-05
  2865.0      2.89980E-05
  2875.0      2.84440E-05
  2885.0      2.86740E-05
  2895.0      2.84960E-05
  2905.0      2.82990E-05
  2915.0      2.81050E-05
  2925.0      2.79130E-05
  2935.0      2.77210E-05
  2945.0      2.75330E-05
  2955.0      2.73470E-05
  2965.0      2.71620E-05
  2975.0      2.69790E-05
  2985.0      2.67980E-05
  2995.0      2.66190E-05
  3005.0      2.64410E-05
  3015.0      2.62650E-05
  3025.0      2.60850E-05
  3035.0      2.54930E-05
  3045.0      2.55200E-05
  3055.0      2.55760E-05
  3065.0      2.54120E-05
  3075.0      2.52460E-05
  3085.0      2.50750E-05
  3095.0      2.49200E-05
  3105.0      2.47590E-05
  3115.0      2.46000E-05
  3125.0      2.44420E-05
  3135.0      2.42850E-05
  3145.0      2.41300E-05
  3155.0      2.39770E-05
  3165.0      2.38250E-05
  3175.0      2.36740E-05
  3185.0      2.35250E-05
  3195.0      2.33780E-05
  3210.0      2.31590E-05
  3230.0      2.28710E-05
  3250.0      2.25890E-05
  3270.0      2.23120E-05
  3290.0      2.16920E-05
  3310.0      2.17220E-05
  3330.0      2.15240E-05
  3350.0      2.12660E-05
  3370.0      2.10130E-05
  3390.0      2.07650E-05
  3410.0      2.05200E-05
  3430.0      2.02800E-05
  3450.0      2.00440E-05
  3470.0      1.98120E-05
  3490.0      1.95850E-05
  3510.0      1.93610E-05
  3530.0      1.91400E-05
  3550.0      1.89240E-05
  3570.0      1.87110E-05
  3590.0      1.85020E-05
  3610.0      1.82960E-05
  3630.0      1.80930E-05
  3650.0      1.78940E-05
  3670.0      1.76980E-05
  3690.0      1.75050E-05
  3710.0      1.73130E-05
  3730.0      1.69950E-05
  3750.0      1.67240E-05
  3770.0      1.67640E-05
  3790.0      1.65860E-05
  3810.0      1.64080E-05
  3830.0      1.62370E-05
  3850.0      1.60690E-05
  3870.0      1.59020E-05
  3890.0      1.57370E-05
  3910.0      1.55550E-05
  3930.0      1.54160E-05
  3950.0      1.52590E-05
  3970.0      1.51040E-05
  3990.0      1.49520E-05
  4010.0      1.47830E-05
  4030.0      1.46180E-05
  4050.0      1.42480E-05
  4070.0      1.43640E-05
  4090.0      1.42230E-05
  4110.0      1.40830E-05
  4130.0      1.39450E-05
  4150.0      1.38100E-05
  4170.0      1.36020E-05
  4190.0      1.35430E-05
  4210.0      1.34150E-05
  4230.0      1.32880E-05
  4250.0      1.31610E-05
  4270.0      1.30370E-05
  4290.0      1.29130E-05
  4310.0      1.27940E-05
  4330.0      1.26750E-05
  4350.0      1.25570E-05
  4370.0      1.23500E-05
  4390.0      1.23020E-05
  4410.0      1.22140E-05
  4430.0      1.21030E-05
  4450.0      1.19930E-05
  4470.0      1.18890E-05
  4490.0      1.17820E-05
  4510.0      1.16760E-05
  4530.0      1.15720E-05
  4550.0      1.14700E-05
  4570.0      1.13680E-05
  4590.0      1.12680E-05
  4610.0      1.11690E-05
  4630.0      1.10720E-05
  4650.0      1.07180E-05
  4670.0      1.07350E-05
  4690.0      1.07700E-05
  4710.0      1.06950E-05
  4730.0      1.06030E-05
  4750.0      1.05120E-05
  4770.0      1.04240E-05
  4790.0      1.03360E-05
  4810.0      1.02490E-05
  4830.0      1.01640E-05
  4850.0      1.00790E-05
  4870.0      9.99510E-06
  4890.0      9.91250E-06
  4910.0      9.83090E-06
  4930.0      9.75010E-06
  4950.0      9.67060E-06
  4970.0      9.59170E-06
  4990.0      9.51410E-06
  5010.0      9.43720E-06
  5030.0      9.36130E-06
  5050.0      9.28640E-06
  5070.0      9.21230E-06
  5090.0      9.13900E-06
  5110.0      9.05550E-06
  5130.0      8.84720E-06
  5150.0      8.91830E-06
  5170.0      8.85460E-06
  5190.0      8.78560E-06
  5210.0      8.71740E-06
  5230.0      8.64990E-06
  5250.0      8.58320E-06
  5270.0      8.51730E-06
  5290.0      8.45210E-06
  5310.0      8.38770E-06
  5330.0      8.32400E-06
  5350.0      8.26100E-06
  5370.0      8.19860E-06
  5390.0      8.13710E-06
  5410.0      8.07630E-06
  5430.0      8.01610E-06
  5450.0      7.95650E-06
  5470.0      7.89760E-06
  5490.0      7.83930E-06
  5510.0      7.78160E-06
  5530.0      7.72450E-06
  5550.0      7.66830E-06
  5570.0      7.61260E-06
  5590.0      7.55740E-06
  5610.0      7.50290E-06
  5630.0      7.44890E-06
  5650.0      7.39550E-06
  5670.0      7.34260E-06
  5690.0      7.29020E-06
  5710.0      7.22950E-06
  5730.0      7.18730E-06
  5750.0      7.13680E-06
  5770.0      7.08670E-06
  5790.0      7.03710E-06
  5810.0      6.98800E-06
  5830.0      6.93940E-06
  5850.0      6.89280E-06
  5870.0      6.84520E-06
  5890.0      6.78570E-06
  5910.0      6.60370E-06
  5930.0      6.69840E-06
  5950.0      6.63840E-06
  5970.0      6.60560E-06
  5990.0      6.56960E-06
  6010.0      6.52530E-06
  6030.0      6.48140E-06
  6050.0      6.43800E-06
  6070.0      6.39500E-06
  6090.0      6.35240E-06
  6110.0      6.31030E-06
  6130.0      6.26850E-06
  6150.0      6.22720E-06
  6170.0      6.18620E-06
  6190.0      6.14570E-06
  6210.0      6.10550E-06
  6230.0      6.06580E-06
  6250.0      6.02640E-06
  6270.0      5.98480E-06
  6290.0      5.90950E-06
  6310.0      5.90430E-06
  6330.0      5.87260E-06
  6350.0      5.83510E-06
  6370.0      5.79790E-06
  6390.0      5.76110E-06
  6420.0      5.70650E-06
  6460.0      5.63490E-06
  6500.0      5.56470E-06
  6540.0      5.49570E-06
  6580.0      5.42800E-06
  6620.0      5.36150E-06
  6660.0      5.29630E-06
  6700.0      5.23220E-06
  6740.0      5.16670E-06
  6780.0      5.07670E-06
  6820.0      5.04660E-06
  6860.0      4.98700E-06
  6900.0      4.92840E-06
  6940.0      4.87070E-06
  6980.0      4.81420E-06
  7020.0      4.75860E-06
  7060.0      4.70390E-06
  7100.0      4.65010E-06
  7140.0      4.59730E-06
  7180.0      4.54530E-06
  7220.0      4.49420E-06
  7260.0      4.44400E-06
  7300.0      4.39460E-06
  7340.0      4.34600E-06
  7380.0      4.29820E-06
  7420.0      4.25010E-06
  7460.0      4.13110E-06
  7500.0      4.06840E-06
  7540.0      4.10930E-06
  7580.0      4.07060E-06
  7620.0      4.02720E-06
  7660.0      3.98460E-06
  7700.0      3.94260E-06
  7740.0      3.90120E-06
  7780.0      3.86040E-06
  7820.0      3.82040E-06
  7860.0      3.78090E-06
  7900.0      3.74210E-06
  7940.0      3.70380E-06
  7980.0      3.66610E-06
  8020.0      3.62890E-06
  8060.0      3.59240E-06
  8100.0      3.55630E-06
  8140.0      3.51750E-06
  8180.0      3.48550E-06
  8220.0      3.45140E-06
  8260.0      3.41750E-06
  8300.0      3.38400E-06
  8340.0      3.35100E-06
  8380.0      3.31850E-06
  8420.0      3.28650E-06
  8460.0      3.25490E-06
  8500.0      3.22380E-06
  8540.0      3.19310E-06
  8580.0      3.16290E-06
  8620.0      3.13300E-06
  8660.0      3.09570E-06
  8700.0      3.07450E-06
  8740.0      3.02500E-06
  8780.0      2.99690E-06
  8820.0      2.99000E-06
  8860.0      2.96250E-06
  8900.0      2.93550E-06
  8940.0      2.90880E-06
  8980.0      2.88240E-06
  9020.0      2.85650E-06
  9060.0      2.83080E-06
  9100.0      2.80550E-06
  9140.0      2.78050E-06
  9180.0      2.75590E-06
  9220.0      2.73160E-06
  9260.0      2.70760E-06
  9300.0      2.68390E-06
  9340.0      2.66050E-06
  9380.0      2.62510E-06
  9420.0      2.61170E-06
  9460.0      2.59220E-06
  9500.0      2.57000E-06
  9540.0      2.54810E-06
  9580.0      2.52640E-06
  9620.0      2.50510E-06
  9660.0      2.48400E-06
  9700.0      2.46310E-06
  9740.0      2.44250E-06
  9780.0      2.42220E-06
  9820.0      2.40210E-06
  9860.0      2.38230E-06
  9900.0      2.36270E-06
  9940.0      2.34340E-06
  9980.0      2.32420E-06
  10020.      2.30540E-06
  20000.      5.61380E-07
  40000.      1.35750E-07
  60000.      5.91480E-08
  80000.      3.28100E-08
 1.00000E+05  2.07760E-08
 1.20000E+05  1.43040E-08
 1.40000E+05  1.04340E-08
 1.60000E+05  7.93920E-09
