 Castelli and Kurucz 2004-2012 Atmosphere
 T     40000.     G    5.00000 [-2.0] N(He)/Ntot=0.0784 VTURB=2.0  L/H=1.25 ODF
 Wavelength  Eddington Hnu
   (nm)    (ergs/s/cm2/Hz/sr)
  9.0900      2.63540E-23
  9.3500      9.94750E-23
  9.6100      3.51680E-22
  9.7700      7.42420E-22
  9.9600      1.75250E-21
  10.200      4.97750E-21
  10.380      1.05890E-20
  10.560      2.20150E-20
  10.770      5.02850E-20
  11.040      1.39480E-19
  11.400      5.07860E-19
  11.780      1.84040E-18
  12.130      5.64350E-18
  12.480      1.63320E-17
  12.710      3.18810E-17
  12.840      4.60720E-17
  13.050      8.23150E-17
  13.240      1.37120E-16
  13.390      2.03180E-16
  13.660      4.04070E-16
  13.980      8.83680E-16
  14.330      2.00180E-15
  14.720      4.76260E-15
  15.100      1.06340E-14
  15.520      2.47130E-14
  15.880      4.91700E-14
  16.200      8.84140E-14
  16.600      1.78360E-13
  17.030      3.65560E-13
  17.340      6.00030E-13
  17.680      1.01300E-12
  18.020      1.67640E-12
  18.170      2.08050E-12
  18.610      3.84350E-12
  19.100      7.35980E-12
  19.390      1.06420E-11
  19.840      1.84610E-11
  20.180      2.75290E-11
  20.500      3.95990E-11
  21.050      7.19930E-11
  21.620      1.29390E-10
  21.980      1.84400E-10
  22.300      2.50200E-10
  22.680      3.55280E-10
  23.000      8.22800E-09
  23.400      3.33800E-08
  24.000      1.01380E-07
  24.650      6.76170E-07
  25.240      2.48730E-06
  25.680      1.90980E-06
  26.000      9.14030E-06
  26.400      1.85320E-05
  26.850      2.92610E-05
  27.350      4.05770E-05
  27.850      4.55530E-05
  28.400      6.26520E-05
  29.000      7.22220E-05
  29.600      5.50150E-05
  30.100      1.07450E-05
  30.800      3.27430E-05
  31.800      8.18610E-05
  32.800      9.88790E-05
  33.800      1.02430E-04
  34.800      1.14040E-04
  35.700      1.30630E-04
  36.600      1.46090E-04
  37.500      1.52290E-04
  38.500      1.48770E-04
  39.500      1.68610E-04
  40.500      1.80870E-04
  41.400      1.88530E-04
  42.200      1.89650E-04
  43.000      1.93050E-04
  44.100      2.10090E-04
  45.100      2.19430E-04
  46.000      2.23030E-04
  47.000      2.35100E-04
  48.000      2.49340E-04
  49.000      2.53400E-04
  50.000      2.74050E-04
  50.600      4.09950E-04
  51.200      7.28980E-04
  52.000      7.34440E-04
  53.000      7.55070E-04
  54.000      7.23040E-04
  55.000      7.57590E-04
  56.000      8.31730E-04
  57.000      8.56280E-04
  58.000      8.51070E-04
  59.000      8.91290E-04
  60.000      8.90950E-04
  61.000      8.96890E-04
  62.000      9.57730E-04
  63.000      9.70700E-04
  64.000      9.99610E-04
  65.000      1.00690E-03
  65.800      9.99390E-04
  66.500      1.03400E-03
  67.500      1.07010E-03
  68.500      1.05440E-03
  69.500      1.10260E-03
  70.500      1.08650E-03
  71.600      1.14540E-03
  72.600      1.16600E-03
  73.500      1.18400E-03
  74.500      1.18890E-03
  75.500      1.20370E-03
  76.500      1.20940E-03
  77.500      1.23510E-03
  78.500      1.25020E-03
  79.500      1.26820E-03
  80.500      1.28530E-03
  81.500      1.30390E-03
  82.500      1.32700E-03
  83.500      1.29380E-03
  84.500      1.35070E-03
  85.500      1.35980E-03
  86.500      1.38490E-03
  87.500      1.39950E-03
  88.500      1.41170E-03
  89.500      1.42350E-03
  90.500      1.42470E-03
  91.500      1.19690E-03
  92.500      2.05210E-03
  93.500      2.75330E-03
  94.500      3.72310E-03
  95.500      4.13450E-03
  96.500      4.96730E-03
  97.500      3.69440E-03
  98.500      5.02420E-03
  99.500      4.65700E-03
  100.50      5.02760E-03
  101.50      4.97910E-03
  102.50      3.66900E-03
  103.50      4.88620E-03
  104.50      4.97000E-03
  105.50      4.94490E-03
  106.50      4.84220E-03
  107.50      4.81490E-03
  108.50      4.51330E-03
  109.50      4.79470E-03
  110.50      4.73940E-03
  111.50      4.68990E-03
  112.50      4.59470E-03
  113.50      4.65270E-03
  114.50      4.61810E-03
  115.50      4.55070E-03
  116.50      4.51760E-03
  117.50      4.21310E-03
  118.50      4.43140E-03
  119.50      4.40340E-03
  120.50      4.32630E-03
  121.50      3.30300E-03
  122.50      4.25080E-03
  123.50      4.26650E-03
  124.50      4.22270E-03
  125.50      4.24060E-03
  126.50      4.21400E-03
  127.50      4.18430E-03
  128.50      4.15480E-03
  129.50      4.11320E-03
  130.50      4.08510E-03
  131.50      4.06060E-03
  132.50      4.02430E-03
  133.50      3.99590E-03
  134.50      3.97090E-03
  135.50      3.93440E-03
  136.50      3.89860E-03
  137.50      3.85720E-03
  138.50      3.83890E-03
  139.50      3.77000E-03
  140.50      3.72920E-03
  141.50      3.75640E-03
  142.50      3.71260E-03
  143.50      3.70000E-03
  144.20      3.67360E-03
  144.70      3.66160E-03
  145.50      3.63560E-03
  146.50      3.61270E-03
  147.50      3.58800E-03
  148.50      3.57080E-03
  149.50      3.53990E-03
  150.50      3.51860E-03
  151.20      3.50310E-03
  151.70      3.48520E-03
  152.50      3.46150E-03
  153.50      3.41220E-03
  154.50      3.30340E-03
  155.50      3.30000E-03
  156.50      3.33170E-03
  157.50      3.32360E-03
  158.50      3.30640E-03
  159.50      3.28180E-03
  160.50      3.23340E-03
  161.50      3.20930E-03
  162.50      3.17990E-03
  163.50      3.09560E-03
  164.50      2.96040E-03
  165.50      3.13750E-03
  166.50      3.11950E-03
  167.20      3.08710E-03
  167.70      3.10400E-03
  168.50      3.08340E-03
  169.50      3.06320E-03
  170.50      3.03820E-03
  171.50      2.98590E-03
  172.50      2.98290E-03
  173.50      2.98380E-03
  174.50      2.96030E-03
  175.50      2.93460E-03
  176.50      2.92170E-03
  177.50      2.90250E-03
  178.50      2.88360E-03
  179.50      2.86110E-03
  180.50      2.84330E-03
  181.50      2.82390E-03
  182.50      2.80370E-03
  183.50      2.78690E-03
  184.50      2.76710E-03
  185.50      2.74710E-03
  186.50      2.72820E-03
  187.50      2.71000E-03
  188.50      2.69180E-03
  189.50      2.67660E-03
  190.50      2.65950E-03
  191.50      2.64150E-03
  192.50      2.61590E-03
  193.50      2.60680E-03
  194.50      2.58990E-03
  195.50      2.57130E-03
  196.70      2.55240E-03
  197.60      2.53760E-03
  198.40      2.52440E-03
  199.50      2.50600E-03
  200.50      2.49030E-03
  201.50      2.47420E-03
  202.50      2.45810E-03
  203.50      2.44230E-03
  204.50      2.42640E-03
  205.50      1.88820E-03
  206.50      1.82460E-03
  207.40      1.84900E-03
  207.80      1.88530E-03
  208.50      1.97870E-03
  209.50      2.18310E-03
  210.50      2.31870E-03
  211.50      2.32850E-03
  212.50      2.31490E-03
  213.50      2.29590E-03
  214.50      2.28500E-03
  215.50      2.29920E-03
  216.50      2.23450E-03
  217.50      2.28860E-03
  218.50      2.20370E-03
  219.50      2.26050E-03
  220.50      2.25190E-03
  221.50      2.15610E-03
  222.50      2.22350E-03
  223.50      2.21270E-03
  224.50      2.19470E-03
  225.50      2.10370E-03
  226.50      2.17120E-03
  227.50      2.15820E-03
  228.50      2.14410E-03
  229.50      2.11500E-03
  230.50      2.04210E-03
  231.50      2.10200E-03
  232.50      2.09290E-03
  233.50      2.08020E-03
  234.50      2.06750E-03
  235.50      2.05500E-03
  236.50      2.04270E-03
  237.50      2.02990E-03
  238.50      1.94700E-03
  239.50      2.00250E-03
  240.50      1.99380E-03
  241.50      1.98190E-03
  242.50      1.97040E-03
  243.50      1.95860E-03
  244.50      1.94710E-03
  245.50      1.93520E-03
  246.50      1.92420E-03
  247.50      1.91300E-03
  248.50      1.90170E-03
  249.50      1.85440E-03
  250.50      1.87010E-03
  251.30      1.74210E-03
  251.80      1.85790E-03
  252.50      1.85740E-03
  253.50      1.84740E-03
  254.50      1.83690E-03
  255.50      1.82620E-03
  256.50      1.81590E-03
  257.50      1.80550E-03
  258.50      1.79530E-03
  259.50      1.78470E-03
  260.50      1.77650E-03
  261.50      1.76640E-03
  262.50      1.75660E-03
  263.50      1.74670E-03
  264.50      1.73690E-03
  265.50      1.72690E-03
  266.50      1.71680E-03
  267.50      1.70640E-03
  268.50      1.69860E-03
  269.50      1.68710E-03
  270.50      1.68000E-03
  271.50      1.67070E-03
  272.50      1.65800E-03
  273.50      1.60160E-03
  274.50      1.64350E-03
  275.50      1.63460E-03
  276.50      1.62200E-03
  277.50      1.61690E-03
  278.50      1.60820E-03
  279.50      1.59900E-03
  280.50      1.59080E-03
  281.50      1.58240E-03
  282.50      1.57020E-03
  283.50      1.56360E-03
  284.50      1.55720E-03
  285.50      1.54900E-03
  286.50      1.54080E-03
  287.50      1.53260E-03
  288.50      1.52460E-03
  289.50      1.51650E-03
  291.00      1.50460E-03
  293.00      1.48900E-03
  295.00      1.47030E-03
  297.00      1.45840E-03
  299.00      1.44310E-03
  301.00      1.42870E-03
  303.00      1.41380E-03
  305.00      1.39960E-03
  307.00      1.38590E-03
  309.00      1.37200E-03
  311.00      1.35830E-03
  313.00      1.34510E-03
  315.00      1.33190E-03
  317.00      1.31880E-03
  319.00      1.30100E-03
  321.00      1.27360E-03
  323.00      1.28070E-03
  325.00      1.26830E-03
  327.00      1.25570E-03
  329.00      1.24400E-03
  331.00      1.23250E-03
  333.00      1.22090E-03
  335.00      1.20870E-03
  337.00      1.19810E-03
  339.00      1.18700E-03
  341.00      1.17600E-03
  343.00      1.16410E-03
  345.00      1.15220E-03
  347.00      1.14270E-03
  349.00      1.13310E-03
  351.00      1.12330E-03
  353.00      1.11270E-03
  355.00      1.10220E-03
  357.00      1.09430E-03
  359.00      1.08160E-03
  361.00      1.07350E-03
  363.00      1.06220E-03
  364.00      1.04470E-03
  365.00      9.72800E-04
  367.00      9.65850E-04
  369.00      9.59190E-04
  371.00      9.53600E-04
  373.00      9.54820E-04
  375.00      9.60970E-04
  377.00      9.62190E-04
  379.00      9.77380E-04
  381.00      9.97130E-04
  383.00      9.41430E-04
  385.00      1.00110E-03
  387.00      1.01060E-03
  389.00      9.07930E-04
  391.00      9.99130E-04
  393.00      9.91450E-04
  395.00      9.85090E-04
  397.00      8.75000E-04
  399.00      9.65910E-04
  401.00      9.65330E-04
  403.00      9.34520E-04
  405.00      9.54560E-04
  407.00      9.44010E-04
  409.00      9.03390E-04
  411.00      8.45910E-04
  413.00      9.17110E-04
  415.00      9.13180E-04
  417.00      9.08590E-04
  419.00      8.96890E-04
  421.00      8.82450E-04
  423.00      8.87130E-04
  425.00      8.79990E-04
  427.00      8.72880E-04
  429.00      8.65900E-04
  431.00      8.56030E-04
  433.00      8.12650E-04
  435.00      7.77670E-04
  437.00      8.34840E-04
  439.00      8.24600E-04
  441.00      8.25770E-04
  443.00      8.18840E-04
  445.00      8.13070E-04
  447.00      7.92610E-04
  449.00      8.00540E-04
  451.00      7.94410E-04
  453.00      7.86870E-04
  455.00      7.68740E-04
  457.00      7.76480E-04
  459.00      7.70600E-04
  461.00      7.64820E-04
  463.00      7.58940E-04
  465.00      7.52320E-04
  467.00      7.46960E-04
  469.00      7.18850E-04
  471.00      7.33390E-04
  473.00      7.31390E-04
  475.00      7.26030E-04
  477.00      7.20730E-04
  479.00      7.15480E-04
  481.00      7.10280E-04
  483.00      7.02550E-04
  485.00      6.73980E-04
  487.00      6.36720E-04
  489.00      6.86190E-04
  491.00      6.84720E-04
  493.00      6.73450E-04
  495.00      6.75490E-04
  497.00      6.70740E-04
  499.00      6.66030E-04
  501.00      6.58290E-04
  503.00      6.56750E-04
  505.00      6.51250E-04
  507.00      6.47670E-04
  509.00      6.43200E-04
  511.00      6.38770E-04
  513.00      6.34390E-04
  515.00      6.30060E-04
  517.00      6.25760E-04
  519.00      6.21510E-04
  521.00      6.17310E-04
  523.00      6.13140E-04
  525.00      6.09020E-04
  527.00      6.04930E-04
  529.00      6.00900E-04
  531.00      5.96900E-04
  533.00      5.92940E-04
  535.00      5.89010E-04
  537.00      5.85130E-04
  539.00      5.81280E-04
  541.00      5.67000E-04
  543.00      5.73580E-04
  545.00      5.69970E-04
  547.00      5.66270E-04
  549.00      5.62610E-04
  551.00      5.58970E-04
  553.00      5.55390E-04
  555.00      5.51830E-04
  557.00      5.48300E-04
  559.00      5.44770E-04
  561.00      5.41360E-04
  563.00      5.37930E-04
  565.00      5.34540E-04
  567.00      5.31180E-04
  569.00      5.23240E-04
  571.00      4.99960E-04
  573.00      4.97050E-04
  575.00      4.94180E-04
  577.00      4.91340E-04
  579.00      4.88580E-04
  581.00      4.85930E-04
  583.00      4.83610E-04
  585.00      4.81690E-04
  587.00      4.74610E-04
  589.00      4.78480E-04
  591.00      4.77690E-04
  593.00      4.76850E-04
  595.00      4.76180E-04
  597.00      4.75660E-04
  599.00      4.75410E-04
  601.00      4.74590E-04
  603.00      4.73390E-04
  605.00      4.72710E-04
  607.00      4.70180E-04
  609.00      4.68010E-04
  611.00      4.65070E-04
  613.00      4.62520E-04
  615.00      4.59820E-04
  617.00      4.56850E-04
  619.00      4.54470E-04
  621.00      4.51840E-04
  623.00      4.48640E-04
  625.00      4.46620E-04
  627.00      4.44060E-04
  629.00      4.41510E-04
  631.00      4.37900E-04
  633.00      4.36470E-04
  635.00      4.33990E-04
  637.00      4.31530E-04
  639.00      4.29050E-04
  641.00      4.25090E-04
  643.00      4.24260E-04
  645.00      4.21880E-04
  647.00      4.19520E-04
  649.00      4.17180E-04
  651.00      4.14450E-04
  653.00      4.09170E-04
  655.00      4.01410E-04
  657.00      3.76360E-04
  659.00      4.03560E-04
  661.00      4.03380E-04
  663.00      4.01320E-04
  665.00      3.99180E-04
  667.00      3.94620E-04
  669.00      3.90190E-04
  671.00      3.92680E-04
  673.00      3.90590E-04
  675.00      3.88490E-04
  677.00      3.86400E-04
  679.00      3.84330E-04
  681.00      3.82280E-04
  683.00      3.80240E-04
  685.00      3.78220E-04
  687.00      3.76210E-04
  689.00      3.71010E-04
  691.00      3.72090E-04
  693.00      3.70290E-04
  695.00      3.68350E-04
  697.00      3.66420E-04
  699.00      3.64510E-04
  701.00      3.62610E-04
  703.00      3.60720E-04
  705.00      3.58860E-04
  707.00      3.54620E-04
  709.00      3.55160E-04
  711.00      3.53340E-04
  713.00      3.51530E-04
  715.00      3.49730E-04
  717.00      3.45600E-04
  719.00      3.44750E-04
  721.00      3.44420E-04
  723.00      3.42680E-04
  725.00      3.40950E-04
  727.00      3.39230E-04
  729.00      3.36450E-04
  731.00      3.35830E-04
  733.00      3.34160E-04
  735.00      3.32490E-04
  737.00      3.30840E-04
  739.00      3.29190E-04
  741.00      3.27570E-04
  743.00      3.25950E-04
  745.00      3.24350E-04
  747.00      3.22760E-04
  749.00      3.21170E-04
  751.00      3.19600E-04
  753.00      3.18050E-04
  755.00      3.16500E-04
  757.00      3.14960E-04
  759.00      3.09710E-04
  761.00      3.11680E-04
  763.00      3.10420E-04
  765.00      3.08930E-04
  767.00      3.07450E-04
  769.00      3.05970E-04
  771.00      3.04510E-04
  773.00      3.03060E-04
  775.00      3.01620E-04
  777.00      3.00190E-04
  779.00      2.98770E-04
  781.00      2.97340E-04
  783.00      2.95960E-04
  785.00      2.94640E-04
  787.00      2.93260E-04
  789.00      2.91890E-04
  791.00      2.90530E-04
  793.00      2.89180E-04
  795.00      2.87840E-04
  797.00      2.86500E-04
  799.00      2.85180E-04
  801.00      2.83860E-04
  803.00      2.82560E-04
  805.00      2.81260E-04
  807.00      2.79970E-04
  809.00      2.78690E-04
  811.00      2.77420E-04
  813.00      2.76160E-04
  815.00      2.74900E-04
  817.00      2.73660E-04
  819.00      2.71600E-04
  821.00      2.63990E-04
  823.00      2.61310E-04
  825.00      2.61360E-04
  827.00      2.60530E-04
  829.00      2.59590E-04
  831.00      2.58510E-04
  833.00      2.57370E-04
  835.00      2.56090E-04
  837.00      2.55150E-04
  839.00      2.54130E-04
  841.00      2.53090E-04
  843.00      2.52040E-04
  845.00      2.50740E-04
  847.00      2.50050E-04
  849.00      2.49080E-04
  851.00      2.48230E-04
  853.00      2.47220E-04
  855.00      2.46320E-04
  857.00      2.45690E-04
  859.00      2.44000E-04
  861.00      2.43680E-04
  863.00      2.43500E-04
  865.00      2.41940E-04
  867.00      2.40190E-04
  869.00      2.41170E-04
  871.00      2.40960E-04
  873.00      2.39020E-04
  875.00      2.35190E-04
  877.00      2.36810E-04
  879.00      2.38300E-04
  881.00      2.38030E-04
  883.00      2.36850E-04
  885.00      2.31880E-04
  887.00      2.27640E-04
  889.00      2.33180E-04
  891.00      2.34140E-04
  893.00      2.33680E-04
  895.00      2.33050E-04
  897.00      2.31680E-04
  899.00      2.28300E-04
  901.00      2.19220E-04
  903.00      2.21840E-04
  905.00      2.26770E-04
  907.00      2.26460E-04
  909.00      2.26480E-04
  911.00      2.25740E-04
  913.00      2.25330E-04
  915.00      2.24330E-04
  917.00      2.22750E-04
  919.00      2.21120E-04
  921.00      2.16100E-04
  923.00      2.05940E-04
  925.00      2.14020E-04
  927.00      2.17360E-04
  929.00      2.17460E-04
  931.00      2.16760E-04
  933.00      2.16050E-04
  935.00      2.11460E-04
  937.00      2.14100E-04
  939.00      2.13750E-04
  941.00      2.12900E-04
  943.00      2.12060E-04
  945.00      2.11210E-04
  947.00      2.09930E-04
  949.00      2.08930E-04
  951.00      2.06520E-04
  953.00      2.01350E-04
  955.00      1.91730E-04
  957.00      2.01580E-04
  959.00      2.04140E-04
  961.00      2.04070E-04
  963.00      2.03500E-04
  965.00      2.03050E-04
  967.00      2.02260E-04
  969.00      2.01430E-04
  971.00      2.00510E-04
  973.00      1.99910E-04
  975.00      1.99060E-04
  977.00      1.97910E-04
  979.00      1.97610E-04
  981.00      1.96850E-04
  983.00      1.96100E-04
  985.00      1.95350E-04
  987.00      1.94600E-04
  989.00      1.93860E-04
  991.00      1.93120E-04
  993.00      1.92390E-04
  995.00      1.91660E-04
  997.00      1.90930E-04
  999.00      1.89770E-04
  1002.5      1.84100E-04
  1007.5      1.81010E-04
  1012.5      1.82770E-04
  1017.5      1.83730E-04
  1022.5      1.82020E-04
  1027.5      1.80370E-04
  1032.5      1.78420E-04
  1037.5      1.77090E-04
  1042.5      1.75080E-04
  1047.5      1.73910E-04
  1052.5      1.72350E-04
  1057.5      1.70810E-04
  1062.5      1.69290E-04
  1067.5      1.67720E-04
  1072.5      1.66310E-04
  1077.5      1.64850E-04
  1082.5      1.62710E-04
  1087.5      1.61570E-04
  1092.5      1.53320E-04
  1097.5      1.56730E-04
  1102.5      1.57480E-04
  1107.5      1.56440E-04
  1112.5      1.55140E-04
  1117.5      1.53870E-04
  1122.5      1.52550E-04
  1127.5      1.51290E-04
  1132.5      1.50020E-04
  1137.5      1.48770E-04
  1142.5      1.47530E-04
  1147.5      1.46310E-04
  1152.5      1.45100E-04
  1157.5      1.43910E-04
  1162.5      1.41600E-04
  1167.5      1.40970E-04
  1172.5      1.40430E-04
  1177.5      1.39290E-04
  1182.5      1.38170E-04
  1187.5      1.37070E-04
  1192.5      1.35970E-04
  1197.5      1.34330E-04
  1202.5      1.33830E-04
  1207.5      1.32770E-04
  1212.5      1.31730E-04
  1217.5      1.30700E-04
  1222.5      1.29680E-04
  1227.5      1.28680E-04
  1232.5      1.27680E-04
  1237.5      1.26700E-04
  1242.5      1.25730E-04
  1247.5      1.24760E-04
  1252.5      1.23740E-04
  1257.5      1.22880E-04
  1262.5      1.21950E-04
  1267.5      1.21030E-04
  1272.5      1.20100E-04
  1277.5      1.17950E-04
  1282.5      1.12790E-04
  1287.5      1.16850E-04
  1292.5      1.16590E-04
  1297.5      1.15480E-04
  1302.5      1.14880E-04
  1307.5      1.14040E-04
  1312.5      1.13210E-04
  1317.5      1.12390E-04
  1322.5      1.11580E-04
  1327.5      1.10770E-04
  1332.5      1.09980E-04
  1337.5      1.09190E-04
  1342.5      1.08390E-04
  1347.5      1.07640E-04
  1352.5      1.06880E-04
  1357.5      1.06130E-04
  1362.5      1.05380E-04
  1367.5      1.04640E-04
  1372.5      1.03910E-04
  1377.5      1.03190E-04
  1382.5      1.02480E-04
  1387.5      1.01770E-04
  1392.5      1.01070E-04
  1397.5      1.00370E-04
  1402.5      9.96870E-05
  1407.5      9.90080E-05
  1412.5      9.83350E-05
  1417.5      9.76690E-05
  1422.5      9.70100E-05
  1427.5      9.63580E-05
  1432.5      9.57120E-05
  1437.5      9.50730E-05
  1442.5      9.44400E-05
  1447.5      9.38130E-05
  1452.5      9.31930E-05
  1457.0      9.26400E-05
  1462.0      9.20390E-05
  1467.5      9.13760E-05
  1472.5      9.07500E-05
  1477.5      8.96070E-05
  1482.5      8.96030E-05
  1487.5      8.90340E-05
  1492.5      8.84640E-05
  1497.5      8.78980E-05
  1502.5      8.73370E-05
  1507.5      8.67310E-05
  1512.5      8.62300E-05
  1517.5      8.56840E-05
  1522.5      8.51450E-05
  1527.5      8.46070E-05
  1532.5      8.40740E-05
  1537.5      8.35500E-05
  1542.5      8.30200E-05
  1547.5      8.25130E-05
  1552.5      8.19960E-05
  1557.5      8.14670E-05
  1562.5      8.09960E-05
  1567.5      8.04540E-05
  1572.5      7.99420E-05
  1577.5      7.95250E-05
  1582.5      7.90200E-05
  1587.5      7.83810E-05
  1592.5      7.80190E-05
  1597.5      7.76400E-05
  1605.0      7.68510E-05
  1615.0      7.58000E-05
  1625.0      7.52790E-05
  1635.0      7.40790E-05
  1645.0      7.29670E-05
  1655.0      7.26720E-05
  1665.0      7.18290E-05
  1675.0      7.05750E-05
  1685.0      6.94150E-05
  1695.0      6.93730E-05
  1705.0      6.84220E-05
  1715.0      6.78270E-05
  1725.0      6.69950E-05
  1735.0      6.51630E-05
  1745.0      6.53630E-05
  1755.0      6.48600E-05
  1765.0      6.41490E-05
  1775.0      6.34490E-05
  1785.0      6.27610E-05
  1795.0      6.20840E-05
  1805.0      6.13770E-05
  1815.0      5.95770E-05
  1825.0      5.97690E-05
  1835.0      5.94810E-05
  1845.0      5.88570E-05
  1855.0      5.82410E-05
  1865.0      5.70030E-05
  1875.0      5.55400E-05
  1885.0      5.64120E-05
  1895.0      5.58790E-05
  1905.0      5.52250E-05
  1915.0      5.47480E-05
  1925.0      5.41970E-05
  1935.0      5.35380E-05
  1945.0      5.17860E-05
  1955.0      5.24560E-05
  1965.0      5.20700E-05
  1975.0      5.15580E-05
  1985.0      5.10540E-05
  1995.0      5.05570E-05
  2005.0      5.00660E-05
  2015.0      4.95830E-05
  2025.0      4.91070E-05
  2035.0      4.86380E-05
  2045.0      4.81720E-05
  2055.0      4.76940E-05
  2065.0      4.72700E-05
  2075.0      4.68260E-05
  2085.0      4.63890E-05
  2095.0      4.59580E-05
  2105.0      4.55330E-05
  2115.0      4.50590E-05
  2125.0      4.47000E-05
  2135.0      4.42930E-05
  2145.0      4.38870E-05
  2155.0      4.34230E-05
  2165.0      4.19290E-05
  2175.0      4.25690E-05
  2185.0      4.23280E-05
  2195.0      4.19590E-05
  2205.0      4.15880E-05
  2215.0      4.12220E-05
  2225.0      4.08600E-05
  2235.0      4.05040E-05
  2245.0      4.01520E-05
  2255.0      3.98050E-05
  2265.0      3.94620E-05
  2275.0      3.91230E-05
  2285.0      3.88340E-05
  2295.0      3.85040E-05
  2305.0      3.81740E-05
  2315.0      3.78550E-05
  2325.0      3.75370E-05
  2335.0      3.72230E-05
  2345.0      3.69130E-05
  2355.0      3.66070E-05
  2365.0      3.63040E-05
  2375.0      3.60060E-05
  2385.0      3.57110E-05
  2395.0      3.54190E-05
  2405.0      3.51310E-05
  2415.0      3.48470E-05
  2425.0      3.45660E-05
  2435.0      3.42880E-05
  2445.0      3.40140E-05
  2455.0      3.37430E-05
  2465.0      3.34750E-05
  2475.0      3.31890E-05
  2485.0      3.29490E-05
  2495.0      3.26900E-05
  2505.0      3.24350E-05
  2515.0      3.21830E-05
  2525.0      3.19330E-05
  2535.0      3.16860E-05
  2545.0      3.14430E-05
  2555.0      3.12010E-05
  2565.0      3.09450E-05
  2575.0      3.07280E-05
  2585.0      3.04950E-05
  2595.0      3.02650E-05
  2605.0      3.00000E-05
  2615.0      2.96430E-05
  2625.0      2.87170E-05
  2635.0      2.92500E-05
  2645.0      2.91510E-05
  2655.0      2.89270E-05
  2665.0      2.86960E-05
  2675.0      2.83870E-05
  2685.0      2.82750E-05
  2695.0      2.80980E-05
  2705.0      2.78950E-05
  2715.0      2.76930E-05
  2725.0      2.74940E-05
  2735.0      2.72960E-05
  2745.0      2.70850E-05
  2755.0      2.67310E-05
  2765.0      2.66190E-05
  2775.0      2.65280E-05
  2785.0      2.63410E-05
  2795.0      2.61560E-05
  2805.0      2.59730E-05
  2815.0      2.57920E-05
  2825.0      2.56130E-05
  2835.0      2.54350E-05
  2845.0      2.52600E-05
  2855.0      2.50830E-05
  2865.0      2.48090E-05
  2875.0      2.44750E-05
  2885.0      2.45350E-05
  2895.0      2.44080E-05
  2905.0      2.42430E-05
  2915.0      2.40800E-05
  2925.0      2.39180E-05
  2935.0      2.37580E-05
  2945.0      2.35990E-05
  2955.0      2.34420E-05
  2965.0      2.32870E-05
  2975.0      2.31330E-05
  2985.0      2.29800E-05
  2995.0      2.28300E-05
  3005.0      2.26800E-05
  3015.0      2.25320E-05
  3025.0      2.23630E-05
  3035.0      2.19650E-05
  3045.0      2.19130E-05
  3055.0      2.19410E-05
  3065.0      2.18130E-05
  3075.0      2.16740E-05
  3085.0      2.15360E-05
  3095.0      2.13990E-05
  3105.0      2.12630E-05
  3115.0      2.11290E-05
  3125.0      2.09960E-05
  3135.0      2.08640E-05
  3145.0      2.07330E-05
  3155.0      2.06040E-05
  3165.0      2.04750E-05
  3175.0      2.03480E-05
  3185.0      2.02230E-05
  3195.0      2.00980E-05
  3210.0      1.99130E-05
  3230.0      1.96700E-05
  3250.0      1.94320E-05
  3270.0      1.91980E-05
  3290.0      1.87220E-05
  3310.0      1.86780E-05
  3330.0      1.85290E-05
  3350.0      1.83130E-05
  3370.0      1.80990E-05
  3390.0      1.78880E-05
  3410.0      1.76810E-05
  3430.0      1.74780E-05
  3450.0      1.72780E-05
  3470.0      1.70820E-05
  3490.0      1.68890E-05
  3510.0      1.66990E-05
  3530.0      1.65130E-05
  3550.0      1.63290E-05
  3570.0      1.61490E-05
  3590.0      1.59710E-05
  3610.0      1.57970E-05
  3630.0      1.56250E-05
  3650.0      1.54560E-05
  3670.0      1.52890E-05
  3690.0      1.51260E-05
  3710.0      1.49570E-05
  3730.0      1.46860E-05
  3750.0      1.44810E-05
  3770.0      1.44970E-05
  3790.0      1.43460E-05
  3810.0      1.41970E-05
  3830.0      1.40500E-05
  3850.0      1.39060E-05
  3870.0      1.37640E-05
  3890.0      1.36240E-05
  3910.0      1.34860E-05
  3930.0      1.33510E-05
  3950.0      1.32170E-05
  3970.0      1.30850E-05
  3990.0      1.29550E-05
  4010.0      1.28200E-05
  4030.0      1.26780E-05
  4050.0      1.23610E-05
  4070.0      1.24500E-05
  4090.0      1.23350E-05
  4110.0      1.22160E-05
  4130.0      1.20960E-05
  4150.0      1.19830E-05
  4170.0      1.18310E-05
  4190.0      1.17570E-05
  4210.0      1.16460E-05
  4230.0      1.15370E-05
  4250.0      1.14280E-05
  4270.0      1.13240E-05
  4290.0      1.12140E-05
  4310.0      1.11160E-05
  4330.0      1.10140E-05
  4350.0      1.09130E-05
  4370.0      1.07640E-05
  4390.0      1.06970E-05
  4410.0      1.06200E-05
  4430.0      1.05250E-05
  4450.0      1.04320E-05
  4470.0      1.03420E-05
  4490.0      1.02510E-05
  4510.0      1.01600E-05
  4530.0      1.00710E-05
  4550.0      9.98350E-06
  4570.0      9.89680E-06
  4590.0      9.81120E-06
  4610.0      9.72580E-06
  4630.0      9.63670E-06
  4650.0      9.35410E-06
  4670.0      9.37870E-06
  4690.0      9.37710E-06
  4710.0      9.31980E-06
  4730.0      9.24160E-06
  4750.0      9.16430E-06
  4770.0      9.08790E-06
  4790.0      9.01250E-06
  4810.0      8.93800E-06
  4830.0      8.86450E-06
  4850.0      8.79180E-06
  4870.0      8.72000E-06
  4890.0      8.64910E-06
  4910.0      8.57900E-06
  4930.0      8.50980E-06
  4950.0      8.44140E-06
  4970.0      8.37380E-06
  4990.0      8.30700E-06
  5010.0      8.24110E-06
  5030.0      8.17580E-06
  5050.0      8.11140E-06
  5070.0      8.04770E-06
  5090.0      7.98470E-06
  5110.0      7.90730E-06
  5130.0      7.76060E-06
  5150.0      7.79020E-06
  5170.0      7.74010E-06
  5190.0      7.68080E-06
  5210.0      7.62200E-06
  5230.0      7.56400E-06
  5250.0      7.50660E-06
  5270.0      7.44980E-06
  5290.0      7.39370E-06
  5310.0      7.33820E-06
  5330.0      7.28340E-06
  5350.0      7.22910E-06
  5370.0      7.17540E-06
  5390.0      7.12240E-06
  5410.0      7.06990E-06
  5430.0      7.01800E-06
  5450.0      6.96670E-06
  5470.0      6.91590E-06
  5490.0      6.86560E-06
  5510.0      6.81590E-06
  5530.0      6.76670E-06
  5550.0      6.71810E-06
  5570.0      6.67000E-06
  5590.0      6.62240E-06
  5610.0      6.57530E-06
  5630.0      6.52870E-06
  5650.0      6.48260E-06
  5670.0      6.43700E-06
  5690.0      6.39180E-06
  5710.0      6.34710E-06
  5730.0      6.30290E-06
  5750.0      6.25920E-06
  5770.0      6.21590E-06
  5790.0      6.17310E-06
  5810.0      6.13060E-06
  5830.0      6.08860E-06
  5850.0      6.04820E-06
  5870.0      6.00700E-06
  5890.0      5.94950E-06
  5910.0      5.81640E-06
  5930.0      5.87380E-06
  5950.0      5.83580E-06
  5970.0      5.80390E-06
  5990.0      5.76870E-06
  6010.0      5.73040E-06
  6030.0      5.69240E-06
  6050.0      5.65490E-06
  6070.0      5.61760E-06
  6090.0      5.58080E-06
  6110.0      5.54430E-06
  6130.0      5.50810E-06
  6150.0      5.47230E-06
  6170.0      5.43690E-06
  6190.0      5.40180E-06
  6210.0      5.36700E-06
  6230.0      5.33250E-06
  6250.0      5.29840E-06
  6270.0      5.26360E-06
  6290.0      5.21070E-06
  6310.0      5.19450E-06
  6330.0      5.16510E-06
  6350.0      5.13260E-06
  6370.0      5.10040E-06
  6390.0      5.06850E-06
  6420.0      5.02110E-06
  6460.0      4.95900E-06
  6500.0      4.89810E-06
  6540.0      4.83820E-06
  6580.0      4.77950E-06
  6620.0      4.72170E-06
  6660.0      4.66510E-06
  6700.0      4.60940E-06
  6740.0      4.55160E-06
  6780.0      4.48070E-06
  6820.0      4.44810E-06
  6860.0      4.39630E-06
  6900.0      4.34530E-06
  6940.0      4.29520E-06
  6980.0      4.24600E-06
  7020.0      4.19760E-06
  7060.0      4.15000E-06
  7100.0      4.10320E-06
  7140.0      4.05720E-06
  7180.0      4.01190E-06
  7220.0      3.96740E-06
  7260.0      3.92370E-06
  7300.0      3.88060E-06
  7340.0      3.83830E-06
  7380.0      3.79660E-06
  7420.0      3.75250E-06
  7460.0      3.64760E-06
  7500.0      3.60200E-06
  7540.0      3.62880E-06
  7580.0      3.59810E-06
  7620.0      3.56030E-06
  7660.0      3.52300E-06
  7700.0      3.48640E-06
  7740.0      3.45020E-06
  7780.0      3.41470E-06
  7820.0      3.37970E-06
  7860.0      3.34520E-06
  7900.0      3.31130E-06
  7940.0      3.27780E-06
  7980.0      3.24490E-06
  8020.0      3.21240E-06
  8060.0      3.18040E-06
  8100.0      3.14890E-06
  8140.0      3.11780E-06
  8180.0      3.08730E-06
  8220.0      3.05720E-06
  8260.0      3.02750E-06
  8300.0      2.99820E-06
  8340.0      2.96930E-06
  8380.0      2.94090E-06
  8420.0      2.91280E-06
  8460.0      2.88520E-06
  8500.0      2.85790E-06
  8540.0      2.83100E-06
  8580.0      2.80450E-06
  8620.0      2.77840E-06
  8660.0      2.74920E-06
  8700.0      2.72710E-06
  8740.0      2.68420E-06
  8780.0      2.65970E-06
  8820.0      2.65300E-06
  8860.0      2.62890E-06
  8900.0      2.60520E-06
  8940.0      2.58180E-06
  8980.0      2.55870E-06
  9020.0      2.53590E-06
  9060.0      2.51340E-06
  9100.0      2.49120E-06
  9140.0      2.46930E-06
  9180.0      2.44760E-06
  9220.0      2.42630E-06
  9260.0      2.40520E-06
  9300.0      2.38440E-06
  9340.0      2.36380E-06
  9380.0      2.33640E-06
  9420.0      2.32130E-06
  9460.0      2.30380E-06
  9500.0      2.28430E-06
  9540.0      2.26500E-06
  9580.0      2.24600E-06
  9620.0      2.22720E-06
  9660.0      2.20870E-06
  9700.0      2.19030E-06
  9740.0      2.17220E-06
  9780.0      2.15440E-06
  9820.0      2.13670E-06
  9860.0      2.11930E-06
  9900.0      2.10200E-06
  9940.0      2.08500E-06
  9980.0      2.06820E-06
  10020.      2.05160E-06
  20000.      5.06060E-07
  40000.      1.23600E-07
  60000.      5.41450E-08
  80000.      3.01470E-08
 1.00000E+05  1.91470E-08
 1.20000E+05  1.32180E-08
 1.40000E+05  9.66500E-09
 1.60000E+05  7.37100E-09
