 Castelli and Kurucz 2004-2012 Atmosphere
 T     39000.     G    4.50000 [-2.0] N(He)/Ntot=0.0784 VTURB=2.0  L/H=1.25 ODF
 Wavelength  Eddington Hnu
   (nm)    (ergs/s/cm2/Hz/sr)
  9.0900      2.73090E-24
  9.3500      1.09200E-23
  9.6100      4.08460E-23
  9.7700      8.92080E-23
  9.9600      2.19080E-22
  10.200      6.53080E-22
  10.380      1.43950E-21
  10.560      3.09730E-21
  10.770      7.35480E-21
  11.040      2.14030E-20
  11.400      8.28060E-20
  11.780      3.18530E-19
  12.130      1.02840E-18
  12.480      3.12390E-18
  12.710      6.28410E-18
  12.840      9.23270E-18
  13.050      1.69280E-17
  13.240      2.88440E-17
  13.390      4.34910E-17
  13.660      8.91650E-17
  13.980      2.01780E-16
  14.330      4.73500E-16
  14.720      1.16970E-15
  15.100      2.70370E-15
  15.520      6.51450E-15
  15.880      1.33470E-14
  16.200      2.46030E-14
  16.600      5.11440E-14
  17.030      1.08110E-13
  17.340      1.81230E-13
  17.680      3.12800E-13
  18.020      5.28820E-13
  18.170      6.62380E-13
  18.610      1.25680E-12
  19.100      2.47530E-12
  19.390      3.63680E-12
  19.840      6.45900E-12
  20.180      9.79780E-12
  20.500      1.43160E-11
  21.050      2.67260E-11
  21.620      4.93070E-11
  21.980      7.13730E-11
  22.300      9.81310E-11
  22.680      1.41490E-10
  23.000      5.79970E-09
  23.400      2.36850E-08
  24.000      6.42780E-08
  24.650      5.18670E-07
  25.240      1.93390E-06
  25.680      1.33660E-06
  26.000      7.16380E-06
  26.400      1.50740E-05
  26.850      2.34170E-05
  27.350      3.19940E-05
  27.850      3.49760E-05
  28.400      4.91540E-05
  29.000      5.60040E-05
  29.600      3.87360E-05
  30.100      5.41730E-06
  30.800      2.17140E-05
  31.800      6.35090E-05
  32.800      7.95410E-05
  33.800      8.43620E-05
  34.800      9.42300E-05
  35.700      1.12360E-04
  36.600      1.28660E-04
  37.500      1.35970E-04
  38.500      1.31950E-04
  39.500      1.52610E-04
  40.500      1.66310E-04
  41.400      1.74310E-04
  42.200      1.75420E-04
  43.000      1.78010E-04
  44.100      1.95850E-04
  45.100      2.05030E-04
  46.000      2.07560E-04
  47.000      2.17830E-04
  48.000      2.31810E-04
  49.000      2.34150E-04
  50.000      2.54590E-04
  50.600      3.81920E-04
  51.200      6.31320E-04
  52.000      6.35980E-04
  53.000      6.47680E-04
  54.000      6.21940E-04
  55.000      6.46400E-04
  56.000      7.23720E-04
  57.000      7.48410E-04
  58.000      7.45920E-04
  59.000      7.82710E-04
  60.000      7.80820E-04
  61.000      7.87430E-04
  62.000      8.49110E-04
  63.000      8.60690E-04
  64.000      8.90630E-04
  65.000      8.97590E-04
  65.800      8.90610E-04
  66.500      9.25130E-04
  67.500      9.60490E-04
  68.500      9.45440E-04
  69.500      9.92220E-04
  70.500      9.76420E-04
  71.600      1.03550E-03
  72.600      1.05630E-03
  73.500      1.07400E-03
  74.500      1.07890E-03
  75.500      1.09330E-03
  76.500      1.09750E-03
  77.500      1.12490E-03
  78.500      1.13880E-03
  79.500      1.15780E-03
  80.500      1.17480E-03
  81.500      1.19380E-03
  82.500      1.21610E-03
  83.500      1.18320E-03
  84.500      1.23970E-03
  85.500      1.24900E-03
  86.500      1.27440E-03
  87.500      1.28960E-03
  88.500      1.30170E-03
  89.500      1.31310E-03
  90.500      1.31490E-03
  91.500      1.12970E-03
  92.500      2.07000E-03
  93.500      2.75840E-03
  94.500      3.50660E-03
  95.500      3.80870E-03
  96.500      4.34140E-03
  97.500      3.42790E-03
  98.500      4.30030E-03
  99.500      4.05960E-03
  100.50      4.29560E-03
  101.50      4.28970E-03
  102.50      3.46380E-03
  103.50      4.24310E-03
  104.50      4.28210E-03
  105.50      4.26220E-03
  106.50      4.18290E-03
  107.50      4.16770E-03
  108.50      3.98620E-03
  109.50      4.16460E-03
  110.50      4.12200E-03
  111.50      4.08280E-03
  112.50      4.00890E-03
  113.50      4.06460E-03
  114.50      4.04020E-03
  115.50      3.98610E-03
  116.50      3.96390E-03
  117.50      3.70650E-03
  118.50      3.90110E-03
  119.50      3.88330E-03
  120.50      3.84510E-03
  121.50      3.14320E-03
  122.50      3.79630E-03
  123.50      3.78360E-03
  124.50      3.74650E-03
  125.50      3.76600E-03
  126.50      3.74630E-03
  127.50      3.72380E-03
  128.50      3.70160E-03
  129.50      3.67090E-03
  130.50      3.64730E-03
  131.50      3.62930E-03
  132.50      3.60030E-03
  133.50      3.58080E-03
  134.50      3.56260E-03
  135.50      3.53090E-03
  136.50      3.49970E-03
  137.50      3.46410E-03
  138.50      3.45410E-03
  139.50      3.39700E-03
  140.50      3.35930E-03
  141.50      3.38980E-03
  142.50      3.35210E-03
  143.50      3.34490E-03
  144.20      3.32040E-03
  144.70      3.31140E-03
  145.50      3.28930E-03
  146.50      3.27200E-03
  147.50      3.25400E-03
  148.50      3.24270E-03
  149.50      3.21560E-03
  150.50      3.20030E-03
  151.20      3.18900E-03
  151.70      3.17230E-03
  152.50      3.15350E-03
  153.50      3.10880E-03
  154.50      3.00850E-03
  155.50      3.00670E-03
  156.50      3.04070E-03
  157.50      3.03810E-03
  158.50      3.02270E-03
  159.50      3.00290E-03
  160.50      2.95810E-03
  161.50      2.93950E-03
  162.50      2.91250E-03
  163.50      2.84860E-03
  164.50      2.72910E-03
  165.50      2.88200E-03
  166.50      2.86680E-03
  167.20      2.83570E-03
  167.70      2.85600E-03
  168.50      2.83800E-03
  169.50      2.82120E-03
  170.50      2.79920E-03
  171.50      2.75050E-03
  172.50      2.75120E-03
  173.50      2.75440E-03
  174.50      2.73390E-03
  175.50      2.71130E-03
  176.50      2.70110E-03
  177.50      2.68500E-03
  178.50      2.66870E-03
  179.50      2.64890E-03
  180.50      2.63390E-03
  181.50      2.61720E-03
  182.50      2.59960E-03
  183.50      2.58540E-03
  184.50      2.56810E-03
  185.50      2.55070E-03
  186.50      2.53410E-03
  187.50      2.51810E-03
  188.50      2.50260E-03
  189.50      2.48960E-03
  190.50      2.47460E-03
  191.50      2.45910E-03
  192.50      2.43690E-03
  193.50      2.42880E-03
  194.50      2.41410E-03
  195.50      2.39770E-03
  196.70      2.38100E-03
  197.60      2.36790E-03
  198.40      2.35640E-03
  199.50      2.34010E-03
  200.50      2.32630E-03
  201.50      2.31200E-03
  202.50      2.29770E-03
  203.50      2.28370E-03
  204.50      2.26940E-03
  205.50      1.77190E-03
  206.50      1.72050E-03
  207.40      1.76420E-03
  207.80      1.80900E-03
  208.50      1.93290E-03
  209.50      2.13800E-03
  210.50      2.19080E-03
  211.50      2.18550E-03
  212.50      2.17290E-03
  213.50      2.15660E-03
  214.50      2.14810E-03
  215.50      2.16750E-03
  216.50      2.10640E-03
  217.50      2.15650E-03
  218.50      2.08250E-03
  219.50      2.13010E-03
  220.50      2.12050E-03
  221.50      2.04400E-03
  222.50      2.09470E-03
  223.50      2.08310E-03
  224.50      2.06910E-03
  225.50      1.99790E-03
  226.50      2.04630E-03
  227.50      2.03430E-03
  228.50      2.02170E-03
  229.50      1.99540E-03
  230.50      1.94240E-03
  231.50      1.98540E-03
  232.50      1.97540E-03
  233.50      1.96390E-03
  234.50      1.95250E-03
  235.50      1.94120E-03
  236.50      1.93000E-03
  237.50      1.91870E-03
  238.50      1.85490E-03
  239.50      1.89460E-03
  240.50      1.88570E-03
  241.50      1.87500E-03
  242.50      1.86460E-03
  243.50      1.85390E-03
  244.50      1.84340E-03
  245.50      1.83260E-03
  246.50      1.82270E-03
  247.50      1.81250E-03
  248.50      1.80220E-03
  249.50      1.75520E-03
  250.50      1.77660E-03
  251.30      1.67090E-03
  251.80      1.76440E-03
  252.50      1.76160E-03
  253.50      1.75270E-03
  254.50      1.74300E-03
  255.50      1.73330E-03
  256.50      1.72390E-03
  257.50      1.71440E-03
  258.50      1.70500E-03
  259.50      1.69520E-03
  260.50      1.68750E-03
  261.50      1.67820E-03
  262.50      1.66920E-03
  263.50      1.66010E-03
  264.50      1.65100E-03
  265.50      1.64190E-03
  266.50      1.63270E-03
  267.50      1.62320E-03
  268.50      1.61590E-03
  269.50      1.60580E-03
  270.50      1.59880E-03
  271.50      1.59020E-03
  272.50      1.57960E-03
  273.50      1.53330E-03
  274.50      1.56520E-03
  275.50      1.55700E-03
  276.50      1.54630E-03
  277.50      1.54070E-03
  278.50      1.53260E-03
  279.50      1.52430E-03
  280.50      1.51660E-03
  281.50      1.50880E-03
  282.50      1.49820E-03
  283.50      1.49220E-03
  284.50      1.48560E-03
  285.50      1.47790E-03
  286.50      1.47030E-03
  287.50      1.46280E-03
  288.50      1.45540E-03
  289.50      1.44790E-03
  291.00      1.43690E-03
  293.00      1.42250E-03
  295.00      1.40590E-03
  297.00      1.39400E-03
  299.00      1.37980E-03
  301.00      1.36640E-03
  303.00      1.35250E-03
  305.00      1.33920E-03
  307.00      1.32650E-03
  309.00      1.31360E-03
  311.00      1.30080E-03
  313.00      1.28840E-03
  315.00      1.27610E-03
  317.00      1.26390E-03
  319.00      1.24830E-03
  321.00      1.22350E-03
  323.00      1.22830E-03
  325.00      1.21670E-03
  327.00      1.20480E-03
  329.00      1.19390E-03
  331.00      1.18310E-03
  333.00      1.17220E-03
  335.00      1.16080E-03
  337.00      1.15090E-03
  339.00      1.14040E-03
  341.00      1.13000E-03
  343.00      1.12080E-03
  345.00      1.10970E-03
  347.00      1.10070E-03
  349.00      1.09020E-03
  351.00      1.08050E-03
  353.00      1.07050E-03
  355.00      1.06080E-03
  357.00      1.05300E-03
  359.00      1.04170E-03
  361.00      1.03360E-03
  363.00      1.02340E-03
  364.00      1.00500E-03
  365.00      9.33870E-04
  367.00      9.27280E-04
  369.00      9.21870E-04
  371.00      9.20290E-04
  373.00      9.22860E-04
  375.00      9.34600E-04
  377.00      9.39900E-04
  379.00      9.54850E-04
  381.00      9.69820E-04
  383.00      9.21250E-04
  385.00      9.70190E-04
  387.00      9.74440E-04
  389.00      8.93680E-04
  391.00      9.62910E-04
  393.00      9.50310E-04
  395.00      9.48680E-04
  397.00      8.62750E-04
  399.00      9.31800E-04
  401.00      9.27990E-04
  403.00      9.01840E-04
  405.00      9.15510E-04
  407.00      9.07180E-04
  409.00      8.79300E-04
  411.00      8.29490E-04
  413.00      8.82930E-04
  415.00      8.76890E-04
  417.00      8.71810E-04
  419.00      8.62050E-04
  421.00      8.47970E-04
  423.00      8.51540E-04
  425.00      8.44830E-04
  427.00      8.38190E-04
  429.00      8.31640E-04
  431.00      8.24280E-04
  433.00      7.93350E-04
  435.00      7.62130E-04
  437.00      8.04730E-04
  439.00      7.95340E-04
  441.00      7.93810E-04
  443.00      7.87400E-04
  445.00      7.81830E-04
  447.00      7.66800E-04
  449.00      7.70050E-04
  451.00      7.64230E-04
  453.00      7.57720E-04
  455.00      7.42060E-04
  457.00      7.47300E-04
  459.00      7.41760E-04
  461.00      7.36290E-04
  463.00      7.30760E-04
  465.00      7.24520E-04
  467.00      7.19650E-04
  469.00      6.94010E-04
  471.00      7.07330E-04
  473.00      7.04700E-04
  475.00      6.99630E-04
  477.00      6.94610E-04
  479.00      6.89640E-04
  481.00      6.84720E-04
  483.00      6.79160E-04
  485.00      6.59050E-04
  487.00      6.25450E-04
  489.00      6.64030E-04
  491.00      6.60910E-04
  493.00      6.51800E-04
  495.00      6.51750E-04
  497.00      6.47240E-04
  499.00      6.42770E-04
  501.00      6.36000E-04
  503.00      6.33960E-04
  505.00      6.28930E-04
  507.00      6.25340E-04
  509.00      6.21090E-04
  511.00      6.16890E-04
  513.00      6.12720E-04
  515.00      6.08600E-04
  517.00      6.04520E-04
  519.00      6.00480E-04
  521.00      5.96470E-04
  523.00      5.92510E-04
  525.00      5.88580E-04
  527.00      5.84690E-04
  529.00      5.80850E-04
  531.00      5.77050E-04
  533.00      5.73270E-04
  535.00      5.69540E-04
  537.00      5.65840E-04
  539.00      5.62170E-04
  541.00      5.50120E-04
  543.00      5.54940E-04
  545.00      5.51390E-04
  547.00      5.47860E-04
  549.00      5.44370E-04
  551.00      5.40900E-04
  553.00      5.37480E-04
  555.00      5.34090E-04
  557.00      5.30720E-04
  559.00      5.27340E-04
  561.00      5.24090E-04
  563.00      5.20820E-04
  565.00      5.17580E-04
  567.00      5.14370E-04
  569.00      5.06460E-04
  571.00      4.82820E-04
  573.00      4.80050E-04
  575.00      4.77320E-04
  577.00      4.74650E-04
  579.00      4.72120E-04
  581.00      4.69860E-04
  583.00      4.68100E-04
  585.00      4.66920E-04
  587.00      4.61580E-04
  589.00      4.64980E-04
  591.00      4.64470E-04
  593.00      4.64110E-04
  595.00      4.63970E-04
  597.00      4.63900E-04
  599.00      4.64060E-04
  601.00      4.62790E-04
  603.00      4.60700E-04
  605.00      4.59240E-04
  607.00      4.56450E-04
  609.00      4.54060E-04
  611.00      4.51120E-04
  613.00      4.48510E-04
  615.00      4.46210E-04
  617.00      4.42760E-04
  619.00      4.41080E-04
  621.00      4.38560E-04
  623.00      4.34950E-04
  625.00      4.33390E-04
  627.00      4.31100E-04
  629.00      4.28650E-04
  631.00      4.24660E-04
  633.00      4.23810E-04
  635.00      4.21440E-04
  637.00      4.19080E-04
  639.00      4.16720E-04
  641.00      4.12320E-04
  643.00      4.12090E-04
  645.00      4.09810E-04
  647.00      4.07540E-04
  649.00      4.05290E-04
  651.00      4.02980E-04
  653.00      3.97620E-04
  655.00      3.93190E-04
  657.00      3.70300E-04
  659.00      3.93350E-04
  661.00      3.92170E-04
  663.00      3.90050E-04
  665.00      3.87980E-04
  667.00      3.84180E-04
  669.00      3.79280E-04
  671.00      3.81740E-04
  673.00      3.79720E-04
  675.00      3.77690E-04
  677.00      3.75690E-04
  679.00      3.73690E-04
  681.00      3.71720E-04
  683.00      3.69750E-04
  685.00      3.67810E-04
  687.00      3.65870E-04
  689.00      3.60510E-04
  691.00      3.62020E-04
  693.00      3.60170E-04
  695.00      3.58300E-04
  697.00      3.56450E-04
  699.00      3.54600E-04
  701.00      3.52770E-04
  703.00      3.50950E-04
  705.00      3.49160E-04
  707.00      3.45340E-04
  709.00      3.45600E-04
  711.00      3.43840E-04
  713.00      3.42100E-04
  715.00      3.40360E-04
  717.00      3.36290E-04
  719.00      3.35670E-04
  721.00      3.35240E-04
  723.00      3.33560E-04
  725.00      3.31890E-04
  727.00      3.30240E-04
  729.00      3.27700E-04
  731.00      3.26960E-04
  733.00      3.25340E-04
  735.00      3.23730E-04
  737.00      3.22140E-04
  739.00      3.20550E-04
  741.00      3.18980E-04
  743.00      3.17420E-04
  745.00      3.15880E-04
  747.00      3.14340E-04
  749.00      3.12810E-04
  751.00      3.11290E-04
  753.00      3.09790E-04
  755.00      3.08300E-04
  757.00      3.06810E-04
  759.00      3.01930E-04
  761.00      3.03750E-04
  763.00      3.02430E-04
  765.00      3.00980E-04
  767.00      2.99550E-04
  769.00      2.98130E-04
  771.00      2.96720E-04
  773.00      2.95320E-04
  775.00      2.93930E-04
  777.00      2.92550E-04
  779.00      2.91180E-04
  781.00      2.89790E-04
  783.00      2.88460E-04
  785.00      2.87170E-04
  787.00      2.85840E-04
  789.00      2.84510E-04
  791.00      2.83200E-04
  793.00      2.81890E-04
  795.00      2.80590E-04
  797.00      2.79300E-04
  799.00      2.78020E-04
  801.00      2.76750E-04
  803.00      2.75480E-04
  805.00      2.74230E-04
  807.00      2.72980E-04
  809.00      2.71740E-04
  811.00      2.70510E-04
  813.00      2.69300E-04
  815.00      2.68080E-04
  817.00      2.66880E-04
  819.00      2.64830E-04
  821.00      2.56880E-04
  823.00      2.54440E-04
  825.00      2.54490E-04
  827.00      2.53550E-04
  829.00      2.52620E-04
  831.00      2.51570E-04
  833.00      2.50480E-04
  835.00      2.49270E-04
  837.00      2.48360E-04
  839.00      2.47390E-04
  841.00      2.46440E-04
  843.00      2.45480E-04
  845.00      2.44330E-04
  847.00      2.43670E-04
  849.00      2.42820E-04
  851.00      2.42000E-04
  853.00      2.41200E-04
  855.00      2.40180E-04
  857.00      2.39980E-04
  859.00      2.38150E-04
  861.00      2.37750E-04
  863.00      2.38090E-04
  865.00      2.36520E-04
  867.00      2.33900E-04
  869.00      2.36020E-04
  871.00      2.36000E-04
  873.00      2.34190E-04
  875.00      2.28770E-04
  877.00      2.31960E-04
  879.00      2.33660E-04
  881.00      2.33290E-04
  883.00      2.32300E-04
  885.00      2.27250E-04
  887.00      2.21590E-04
  889.00      2.28640E-04
  891.00      2.29180E-04
  893.00      2.28390E-04
  895.00      2.27870E-04
  897.00      2.26570E-04
  899.00      2.23920E-04
  901.00      2.14290E-04
  903.00      2.17610E-04
  905.00      2.22180E-04
  907.00      2.21610E-04
  909.00      2.21430E-04
  911.00      2.20430E-04
  913.00      2.19850E-04
  915.00      2.18960E-04
  917.00      2.17860E-04
  919.00      2.16440E-04
  921.00      2.12460E-04
  923.00      2.01840E-04
  925.00      2.10530E-04
  927.00      2.12870E-04
  929.00      2.12800E-04
  931.00      2.11790E-04
  933.00      2.11010E-04
  935.00      2.06850E-04
  937.00      2.08880E-04
  939.00      2.08630E-04
  941.00      2.07810E-04
  943.00      2.06980E-04
  945.00      2.06170E-04
  947.00      2.05070E-04
  949.00      2.04470E-04
  951.00      2.02380E-04
  953.00      1.98380E-04
  955.00      1.88600E-04
  957.00      1.98430E-04
  959.00      1.99920E-04
  961.00      1.99630E-04
  963.00      1.98790E-04
  965.00      1.98250E-04
  967.00      1.97480E-04
  969.00      1.96690E-04
  971.00      1.95810E-04
  973.00      1.95210E-04
  975.00      1.94330E-04
  977.00      1.93010E-04
  979.00      1.92970E-04
  981.00      1.92240E-04
  983.00      1.91510E-04
  985.00      1.90780E-04
  987.00      1.90050E-04
  989.00      1.89330E-04
  991.00      1.88620E-04
  993.00      1.87910E-04
  995.00      1.87200E-04
  997.00      1.86490E-04
  999.00      1.85790E-04
  1002.5      1.81030E-04
  1007.5      1.78050E-04
  1012.5      1.78830E-04
  1017.5      1.79500E-04
  1022.5      1.77850E-04
  1027.5      1.76240E-04
  1032.5      1.74400E-04
  1037.5      1.73060E-04
  1042.5      1.70990E-04
  1047.5      1.69960E-04
  1052.5      1.68450E-04
  1057.5      1.66950E-04
  1062.5      1.65470E-04
  1067.5      1.63950E-04
  1072.5      1.62580E-04
  1077.5      1.61160E-04
  1082.5      1.59140E-04
  1087.5      1.58220E-04
  1092.5      1.51110E-04
  1097.5      1.54110E-04
  1102.5      1.54140E-04
  1107.5      1.53000E-04
  1112.5      1.51720E-04
  1117.5      1.50490E-04
  1122.5      1.49210E-04
  1127.5      1.47980E-04
  1132.5      1.46740E-04
  1137.5      1.45520E-04
  1142.5      1.44320E-04
  1147.5      1.43130E-04
  1152.5      1.41960E-04
  1157.5      1.40800E-04
  1162.5      1.38660E-04
  1167.5      1.37910E-04
  1172.5      1.37410E-04
  1177.5      1.36300E-04
  1182.5      1.35210E-04
  1187.5      1.34130E-04
  1192.5      1.33070E-04
  1197.5      1.31600E-04
  1202.5      1.30980E-04
  1207.5      1.29950E-04
  1212.5      1.28930E-04
  1217.5      1.27930E-04
  1222.5      1.26940E-04
  1227.5      1.25950E-04
  1232.5      1.24990E-04
  1237.5      1.24030E-04
  1242.5      1.23080E-04
  1247.5      1.22140E-04
  1252.5      1.21150E-04
  1257.5      1.20300E-04
  1262.5      1.19400E-04
  1267.5      1.18500E-04
  1272.5      1.17610E-04
  1277.5      1.15890E-04
  1282.5      1.11360E-04
  1287.5      1.14740E-04
  1292.5      1.14170E-04
  1297.5      1.13140E-04
  1302.5      1.12510E-04
  1307.5      1.11690E-04
  1312.5      1.10880E-04
  1317.5      1.10080E-04
  1322.5      1.09290E-04
  1327.5      1.08500E-04
  1332.5      1.07730E-04
  1337.5      1.06960E-04
  1342.5      1.06180E-04
  1347.5      1.05450E-04
  1352.5      1.04700E-04
  1357.5      1.03970E-04
  1362.5      1.03240E-04
  1367.5      1.02520E-04
  1372.5      1.01810E-04
  1377.5      1.01100E-04
  1382.5      1.00400E-04
  1387.5      9.97130E-05
  1392.5      9.90290E-05
  1397.5      9.83510E-05
  1402.5      9.76810E-05
  1407.5      9.70180E-05
  1412.5      9.63610E-05
  1417.5      9.57110E-05
  1422.5      9.50680E-05
  1427.5      9.44300E-05
  1432.5      9.38000E-05
  1437.5      9.31750E-05
  1442.5      9.25570E-05
  1447.5      9.19450E-05
  1452.5      9.13390E-05
  1457.0      9.07980E-05
  1462.0      9.02140E-05
  1467.5      8.95670E-05
  1472.5      8.89640E-05
  1477.5      8.78750E-05
  1482.5      8.78360E-05
  1487.5      8.72770E-05
  1492.5      8.67200E-05
  1497.5      8.61660E-05
  1502.5      8.56170E-05
  1507.5      8.50320E-05
  1512.5      8.45350E-05
  1517.5      8.40010E-05
  1522.5      8.34740E-05
  1527.5      8.29450E-05
  1532.5      8.24210E-05
  1537.5      8.19110E-05
  1542.5      8.13830E-05
  1547.5      8.08950E-05
  1552.5      8.03860E-05
  1557.5      7.98490E-05
  1562.5      7.94270E-05
  1567.5      7.88650E-05
  1572.5      7.83410E-05
  1577.5      7.79980E-05
  1582.5      7.75020E-05
  1587.5      7.67550E-05
  1592.5      7.64980E-05
  1597.5      7.62590E-05
  1605.0      7.54150E-05
  1615.0      7.42820E-05
  1625.0      7.38320E-05
  1635.0      7.26930E-05
  1645.0      7.15060E-05
  1655.0      7.12700E-05
  1665.0      7.04460E-05
  1675.0      6.93060E-05
  1685.0      6.80830E-05
  1695.0      6.80560E-05
  1705.0      6.71530E-05
  1715.0      6.65320E-05
  1725.0      6.57740E-05
  1735.0      6.39750E-05
  1745.0      6.42120E-05
  1755.0      6.36290E-05
  1765.0      6.29340E-05
  1775.0      6.22490E-05
  1785.0      6.15760E-05
  1795.0      6.09130E-05
  1805.0      6.02590E-05
  1815.0      5.85660E-05
  1825.0      5.87770E-05
  1835.0      5.83650E-05
  1845.0      5.77540E-05
  1855.0      5.71520E-05
  1865.0      5.60190E-05
  1875.0      5.47220E-05
  1885.0      5.53930E-05
  1895.0      5.48380E-05
  1905.0      5.42120E-05
  1915.0      5.37310E-05
  1925.0      5.31910E-05
  1935.0      5.26130E-05
  1945.0      5.10010E-05
  1955.0      5.15480E-05
  1965.0      5.11070E-05
  1975.0      5.06060E-05
  1985.0      5.01110E-05
  1995.0      4.96240E-05
  2005.0      4.91440E-05
  2015.0      4.86710E-05
  2025.0      4.82040E-05
  2035.0      4.77450E-05
  2045.0      4.72880E-05
  2055.0      4.68210E-05
  2065.0      4.64040E-05
  2075.0      4.59700E-05
  2085.0      4.55410E-05
  2095.0      4.51190E-05
  2105.0      4.47030E-05
  2115.0      4.42440E-05
  2125.0      4.38870E-05
  2135.0      4.34870E-05
  2145.0      4.30900E-05
  2155.0      4.26750E-05
  2165.0      4.13340E-05
  2175.0      4.18670E-05
  2185.0      4.15630E-05
  2195.0      4.12000E-05
  2205.0      4.08360E-05
  2215.0      4.04780E-05
  2225.0      4.01230E-05
  2235.0      3.97740E-05
  2245.0      3.94290E-05
  2255.0      3.90880E-05
  2265.0      3.87520E-05
  2275.0      3.84200E-05
  2285.0      3.81350E-05
  2295.0      3.78120E-05
  2305.0      3.74890E-05
  2315.0      3.71760E-05
  2325.0      3.68640E-05
  2335.0      3.65560E-05
  2345.0      3.62520E-05
  2355.0      3.59520E-05
  2365.0      3.56550E-05
  2375.0      3.53620E-05
  2385.0      3.50720E-05
  2395.0      3.47870E-05
  2405.0      3.45040E-05
  2415.0      3.42250E-05
  2425.0      3.39490E-05
  2435.0      3.36770E-05
  2445.0      3.34080E-05
  2455.0      3.31420E-05
  2465.0      3.28790E-05
  2475.0      3.26000E-05
  2485.0      3.23630E-05
  2495.0      3.21090E-05
  2505.0      3.18590E-05
  2515.0      3.16110E-05
  2525.0      3.13540E-05
  2535.0      3.11240E-05
  2545.0      3.08850E-05
  2555.0      3.06490E-05
  2565.0      3.03630E-05
  2575.0      3.01840E-05
  2585.0      2.99560E-05
  2595.0      2.97300E-05
  2605.0      2.94710E-05
  2615.0      2.91260E-05
  2625.0      2.83390E-05
  2635.0      2.87900E-05
  2645.0      2.86380E-05
  2655.0      2.84190E-05
  2665.0      2.81960E-05
  2675.0      2.78470E-05
  2685.0      2.77790E-05
  2695.0      2.76040E-05
  2705.0      2.74050E-05
  2715.0      2.72070E-05
  2725.0      2.70110E-05
  2735.0      2.68180E-05
  2745.0      2.66210E-05
  2755.0      2.62250E-05
  2765.0      2.61560E-05
  2775.0      2.60640E-05
  2785.0      2.58800E-05
  2795.0      2.56990E-05
  2805.0      2.55190E-05
  2815.0      2.53420E-05
  2825.0      2.51660E-05
  2835.0      2.49910E-05
  2845.0      2.48190E-05
  2855.0      2.46460E-05
  2865.0      2.44000E-05
  2875.0      2.40170E-05
  2885.0      2.41290E-05
  2895.0      2.39830E-05
  2905.0      2.38210E-05
  2915.0      2.36610E-05
  2925.0      2.35020E-05
  2935.0      2.33450E-05
  2945.0      2.31890E-05
  2955.0      2.30350E-05
  2965.0      2.28820E-05
  2975.0      2.27310E-05
  2985.0      2.25810E-05
  2995.0      2.24330E-05
  3005.0      2.22870E-05
  3015.0      2.21410E-05
  3025.0      2.19890E-05
  3035.0      2.15780E-05
  3045.0      2.15530E-05
  3055.0      2.15730E-05
  3065.0      2.14350E-05
  3075.0      2.12980E-05
  3085.0      2.11630E-05
  3095.0      2.10280E-05
  3105.0      2.08950E-05
  3115.0      2.07630E-05
  3125.0      2.06320E-05
  3135.0      2.05030E-05
  3145.0      2.03750E-05
  3155.0      2.02480E-05
  3165.0      2.01220E-05
  3175.0      1.99970E-05
  3185.0      1.98730E-05
  3195.0      1.97510E-05
  3210.0      1.95690E-05
  3230.0      1.93310E-05
  3250.0      1.90970E-05
  3270.0      1.88670E-05
  3290.0      1.84160E-05
  3310.0      1.83800E-05
  3330.0      1.82110E-05
  3350.0      1.79980E-05
  3370.0      1.77880E-05
  3390.0      1.75810E-05
  3410.0      1.73780E-05
  3430.0      1.71780E-05
  3450.0      1.69820E-05
  3470.0      1.67890E-05
  3490.0      1.66000E-05
  3510.0      1.64140E-05
  3530.0      1.62300E-05
  3550.0      1.60500E-05
  3570.0      1.58730E-05
  3590.0      1.56980E-05
  3610.0      1.55270E-05
  3630.0      1.53580E-05
  3650.0      1.51920E-05
  3670.0      1.50290E-05
  3690.0      1.48680E-05
  3710.0      1.47030E-05
  3730.0      1.44610E-05
  3750.0      1.42560E-05
  3770.0      1.42500E-05
  3790.0      1.41020E-05
  3810.0      1.39550E-05
  3830.0      1.38110E-05
  3850.0      1.36700E-05
  3870.0      1.35300E-05
  3890.0      1.33920E-05
  3910.0      1.32490E-05
  3930.0      1.31240E-05
  3950.0      1.29930E-05
  3970.0      1.28630E-05
  3990.0      1.27360E-05
  4010.0      1.26000E-05
  4030.0      1.24580E-05
  4050.0      1.21870E-05
  4070.0      1.22440E-05
  4090.0      1.21260E-05
  4110.0      1.20090E-05
  4130.0      1.18910E-05
  4150.0      1.17800E-05
  4170.0      1.16200E-05
  4190.0      1.15580E-05
  4210.0      1.14490E-05
  4230.0      1.13420E-05
  4250.0      1.12350E-05
  4270.0      1.11320E-05
  4290.0      1.10250E-05
  4310.0      1.09280E-05
  4330.0      1.08280E-05
  4350.0      1.07290E-05
  4370.0      1.05740E-05
  4390.0      1.05190E-05
  4410.0      1.04410E-05
  4430.0      1.03480E-05
  4450.0      1.02560E-05
  4470.0      1.01680E-05
  4490.0      1.00780E-05
  4510.0      9.98940E-06
  4530.0      9.90190E-06
  4550.0      9.81560E-06
  4570.0      9.73040E-06
  4590.0      9.64620E-06
  4610.0      9.56240E-06
  4630.0      9.48100E-06
  4650.0      9.22430E-06
  4670.0      9.22190E-06
  4690.0      9.22690E-06
  4710.0      9.16340E-06
  4730.0      9.08650E-06
  4750.0      9.01050E-06
  4770.0      8.93550E-06
  4790.0      8.86130E-06
  4810.0      8.78810E-06
  4830.0      8.71580E-06
  4850.0      8.64440E-06
  4870.0      8.57380E-06
  4890.0      8.50410E-06
  4910.0      8.43520E-06
  4930.0      8.36720E-06
  4950.0      8.30000E-06
  4970.0      8.23350E-06
  4990.0      8.16790E-06
  5010.0      8.10300E-06
  5030.0      8.03890E-06
  5050.0      7.97560E-06
  5070.0      7.91300E-06
  5090.0      7.85100E-06
  5110.0      7.78130E-06
  5130.0      7.62920E-06
  5150.0      7.66480E-06
  5170.0      7.61060E-06
  5190.0      7.55230E-06
  5210.0      7.49460E-06
  5230.0      7.43750E-06
  5250.0      7.38110E-06
  5270.0      7.32530E-06
  5290.0      7.27020E-06
  5310.0      7.21560E-06
  5330.0      7.16170E-06
  5350.0      7.10840E-06
  5370.0      7.05560E-06
  5390.0      7.00340E-06
  5410.0      6.95190E-06
  5430.0      6.90090E-06
  5450.0      6.85040E-06
  5470.0      6.80050E-06
  5490.0      6.75110E-06
  5510.0      6.70220E-06
  5530.0      6.65380E-06
  5550.0      6.60610E-06
  5570.0      6.55890E-06
  5590.0      6.51210E-06
  5610.0      6.46580E-06
  5630.0      6.42000E-06
  5650.0      6.37470E-06
  5670.0      6.32980E-06
  5690.0      6.28540E-06
  5710.0      6.23760E-06
  5730.0      6.19800E-06
  5750.0      6.15500E-06
  5770.0      6.11250E-06
  5790.0      6.07040E-06
  5810.0      6.02870E-06
  5830.0      5.98740E-06
  5850.0      5.94760E-06
  5870.0      5.90710E-06
  5890.0      5.85740E-06
  5910.0      5.72440E-06
  5930.0      5.78270E-06
  5950.0      5.73580E-06
  5970.0      5.70560E-06
  5990.0      5.67280E-06
  6010.0      5.63520E-06
  6030.0      5.59790E-06
  6050.0      5.56090E-06
  6070.0      5.52430E-06
  6090.0      5.48810E-06
  6110.0      5.45220E-06
  6130.0      5.41660E-06
  6150.0      5.38140E-06
  6170.0      5.34660E-06
  6190.0      5.31210E-06
  6210.0      5.27790E-06
  6230.0      5.24400E-06
  6250.0      5.21040E-06
  6270.0      5.17620E-06
  6290.0      5.11730E-06
  6310.0      5.10710E-06
  6330.0      5.07940E-06
  6350.0      5.04740E-06
  6370.0      5.01570E-06
  6390.0      4.98430E-06
  6420.0      4.93780E-06
  6460.0      4.87670E-06
  6500.0      4.81680E-06
  6540.0      4.75800E-06
  6580.0      4.70020E-06
  6620.0      4.64340E-06
  6660.0      4.58770E-06
  6700.0      4.53300E-06
  6740.0      4.47720E-06
  6780.0      4.40430E-06
  6820.0      4.37440E-06
  6860.0      4.32350E-06
  6900.0      4.27340E-06
  6940.0      4.22410E-06
  6980.0      4.17570E-06
  7020.0      4.12810E-06
  7060.0      4.08130E-06
  7100.0      4.03530E-06
  7140.0      3.99000E-06
  7180.0      3.94560E-06
  7220.0      3.90180E-06
  7260.0      3.85880E-06
  7300.0      3.81640E-06
  7340.0      3.77480E-06
  7380.0      3.73380E-06
  7420.0      3.69150E-06
  7460.0      3.59820E-06
  7500.0      3.54720E-06
  7540.0      3.57200E-06
  7580.0      3.53860E-06
  7620.0      3.50140E-06
  7660.0      3.46480E-06
  7700.0      3.42870E-06
  7740.0      3.39320E-06
  7780.0      3.35820E-06
  7820.0      3.32380E-06
  7860.0      3.28990E-06
  7900.0      3.25650E-06
  7940.0      3.22360E-06
  7980.0      3.19120E-06
  8020.0      3.15930E-06
  8060.0      3.12790E-06
  8100.0      3.09690E-06
  8140.0      3.06440E-06
  8180.0      3.03620E-06
  8220.0      3.00660E-06
  8260.0      2.97740E-06
  8300.0      2.94860E-06
  8340.0      2.92020E-06
  8380.0      2.89230E-06
  8420.0      2.86470E-06
  8460.0      2.83750E-06
  8500.0      2.81070E-06
  8540.0      2.78430E-06
  8580.0      2.75820E-06
  8620.0      2.73250E-06
  8660.0      2.70130E-06
  8700.0      2.68210E-06
  8740.0      2.64110E-06
  8780.0      2.61680E-06
  8820.0      2.60920E-06
  8860.0      2.58550E-06
  8900.0      2.56220E-06
  8940.0      2.53910E-06
  8980.0      2.51640E-06
  9020.0      2.49400E-06
  9060.0      2.47180E-06
  9100.0      2.45000E-06
  9140.0      2.42840E-06
  9180.0      2.40720E-06
  9220.0      2.38620E-06
  9260.0      2.36540E-06
  9300.0      2.34500E-06
  9340.0      2.32480E-06
  9380.0      2.29550E-06
  9420.0      2.28270E-06
  9460.0      2.26570E-06
  9500.0      2.24650E-06
  9540.0      2.22760E-06
  9580.0      2.20890E-06
  9620.0      2.19040E-06
  9660.0      2.17220E-06
  9700.0      2.15410E-06
  9740.0      2.13630E-06
  9780.0      2.11870E-06
  9820.0      2.10140E-06
  9860.0      2.08420E-06
  9900.0      2.06720E-06
  9940.0      2.05050E-06
  9980.0      2.03390E-06
  10020.      2.01760E-06
  20000.      4.97240E-07
  40000.      1.21210E-07
  60000.      5.30360E-08
  80000.      2.95030E-08
 1.00000E+05  1.87250E-08
 1.20000E+05  1.29180E-08
 1.40000E+05  9.44070E-09
 1.60000E+05  7.19610E-09
