 Castelli and Kurucz 2004-2012 Atmosphere
 T     42000.     G    4.50000 [-2.0] N(He)/Ntot=0.0784 VTURB=2.0  L/H=1.25 ODF
 Wavelength  Eddington Hnu
   (nm)    (ergs/s/cm2/Hz/sr)
  9.0900      3.29850E-22
  9.3500      1.13760E-21
  9.6100      3.69530E-21
  9.7700      7.42660E-21
  9.9600      1.65720E-20
  10.200      4.39740E-20
  10.380      8.91100E-20
  10.560      1.76740E-19
  10.770      3.82970E-19
  11.040      9.95870E-19
  11.400      3.34230E-18
  11.780      1.11750E-17
  12.130      3.19790E-17
  12.480      8.67090E-17
  12.710      1.62540E-16
  12.840      2.29730E-16
  13.050      3.96320E-16
  13.240      6.40240E-16
  13.390      9.26740E-16
  13.660      1.77050E-15
  13.980      3.69990E-15
  14.330      7.99370E-15
  14.720      1.81010E-14
  15.100      3.86540E-14
  15.520      8.57470E-14
  15.880      1.64320E-13
  16.200      2.86280E-13
  16.600      5.56420E-13
  17.030      1.09810E-12
  17.340      1.75620E-12
  17.680      2.88550E-12
  18.020      4.65210E-12
  18.170      5.70600E-12
  18.610      1.02270E-11
  19.100      1.89590E-11
  19.390      2.69190E-11
  19.840      4.54080E-11
  20.180      6.63660E-11
  20.500      9.37500E-11
  21.050      1.65590E-10
  21.620      2.89360E-10
  21.980      4.05390E-10
  22.300      5.41800E-10
  22.680      7.56070E-10
  23.000      2.89780E-08
  23.400      1.15500E-07
  24.000      4.74350E-07
  24.650      7.57150E-06
  25.240      2.23930E-05
  25.680      1.46740E-05
  26.000      5.40730E-05
  26.400      8.81450E-05
  26.850      1.14970E-04
  27.350      1.45610E-04
  27.850      1.54450E-04
  28.400      1.95800E-04
  29.000      2.22040E-04
  29.600      1.74820E-04
  30.100      3.90470E-05
  30.800      1.01840E-04
  31.800      2.23120E-04
  32.800      2.67550E-04
  33.800      2.74480E-04
  34.800      2.95620E-04
  35.700      3.60560E-04
  36.600      4.10920E-04
  37.500      4.35340E-04
  38.500      4.12870E-04
  39.500      4.84890E-04
  40.500      5.33090E-04
  41.400      5.57130E-04
  42.200      5.58470E-04
  43.000      5.66510E-04
  44.100      6.21310E-04
  45.100      6.46110E-04
  46.000      6.45110E-04
  47.000      6.65050E-04
  48.000      7.01700E-04
  49.000      6.93670E-04
  50.000      7.44840E-04
  50.600      8.13150E-04
  51.200      1.05480E-03
  52.000      1.06420E-03
  53.000      1.08400E-03
  54.000      1.04510E-03
  55.000      1.05950E-03
  56.000      1.17700E-03
  57.000      1.21560E-03
  58.000      1.21690E-03
  59.000      1.26450E-03
  60.000      1.26000E-03
  61.000      1.25270E-03
  62.000      1.33700E-03
  63.000      1.34650E-03
  64.000      1.39270E-03
  65.000      1.39730E-03
  65.800      1.38190E-03
  66.500      1.43640E-03
  67.500      1.47620E-03
  68.500      1.45160E-03
  69.500      1.51670E-03
  70.500      1.48590E-03
  71.600      1.56480E-03
  72.600      1.59180E-03
  73.500      1.61080E-03
  74.500      1.61510E-03
  75.500      1.62950E-03
  76.500      1.62640E-03
  77.500      1.66660E-03
  78.500      1.67380E-03
  79.500      1.69790E-03
  80.500      1.72150E-03
  81.500      1.74220E-03
  82.500      1.76660E-03
  83.500      1.72220E-03
  84.500      1.79060E-03
  85.500      1.79520E-03
  86.500      1.82730E-03
  87.500      1.84490E-03
  88.500      1.85550E-03
  89.500      1.86570E-03
  90.500      1.86190E-03
  91.500      1.53150E-03
  92.500      2.63860E-03
  93.500      3.40520E-03
  94.500      4.15560E-03
  95.500      4.48040E-03
  96.500      4.99880E-03
  97.500      4.10440E-03
  98.500      4.93210E-03
  99.500      4.66900E-03
  100.50      4.92430E-03
  101.50      4.90470E-03
  102.50      4.10670E-03
  103.50      4.86590E-03
  104.50      4.88750E-03
  105.50      4.86330E-03
  106.50      4.78100E-03
  107.50      4.76850E-03
  108.50      4.56900E-03
  109.50      4.74710E-03
  110.50      4.69720E-03
  111.50      4.65650E-03
  112.50      4.58500E-03
  113.50      4.62970E-03
  114.50      4.60140E-03
  115.50      4.54210E-03
  116.50      4.50870E-03
  117.50      4.28040E-03
  118.50      4.45410E-03
  119.50      4.41890E-03
  120.50      4.39030E-03
  121.50      3.69320E-03
  122.50      4.32900E-03
  123.50      4.28840E-03
  124.50      4.25280E-03
  125.50      4.27310E-03
  126.50      4.24780E-03
  127.50      4.22000E-03
  128.50      4.19270E-03
  129.50      4.16230E-03
  130.50      4.12950E-03
  131.50      4.10480E-03
  132.50      4.07010E-03
  133.50      4.04890E-03
  134.50      4.02600E-03
  135.50      3.98700E-03
  136.50      3.94680E-03
  137.50      3.90070E-03
  138.50      3.89610E-03
  139.50      3.84160E-03
  140.50      3.79210E-03
  141.50      3.82380E-03
  142.50      3.78760E-03
  143.50      3.77370E-03
  144.20      3.73910E-03
  144.70      3.73050E-03
  145.50      3.70570E-03
  146.50      3.68430E-03
  147.50      3.66660E-03
  148.50      3.65400E-03
  149.50      3.62380E-03
  150.50      3.60440E-03
  151.20      3.59080E-03
  151.70      3.57150E-03
  152.50      3.55360E-03
  153.50      3.51230E-03
  154.50      3.40050E-03
  155.50      3.39370E-03
  156.50      3.43540E-03
  157.50      3.42520E-03
  158.50      3.40120E-03
  159.50      3.37980E-03
  160.50      3.33970E-03
  161.50      3.31870E-03
  162.50      3.28660E-03
  163.50      3.21190E-03
  164.50      3.07670E-03
  165.50      3.24200E-03
  166.50      3.22420E-03
  167.20      3.19280E-03
  167.70      3.20470E-03
  168.50      3.18610E-03
  169.50      3.16640E-03
  170.50      3.14250E-03
  171.50      3.08910E-03
  172.50      3.09070E-03
  173.50      3.08610E-03
  174.50      3.06340E-03
  175.50      3.03990E-03
  176.50      3.02440E-03
  177.50      3.00530E-03
  178.50      2.98600E-03
  179.50      2.96440E-03
  180.50      2.94600E-03
  181.50      2.92670E-03
  182.50      2.90710E-03
  183.50      2.88970E-03
  184.50      2.87050E-03
  185.50      2.85100E-03
  186.50      2.83220E-03
  187.50      2.81370E-03
  188.50      2.79550E-03
  189.50      2.77960E-03
  190.50      2.76200E-03
  191.50      2.74410E-03
  192.50      2.72150E-03
  193.50      2.70910E-03
  194.50      2.69180E-03
  195.50      2.67400E-03
  196.70      2.65420E-03
  197.60      2.63890E-03
  198.40      2.62580E-03
  199.50      2.60740E-03
  200.50      2.59120E-03
  201.50      2.57490E-03
  202.50      2.55870E-03
  203.50      2.54270E-03
  204.50      2.52600E-03
  205.50      1.96450E-03
  206.50      1.90780E-03
  207.40      1.95690E-03
  207.80      2.00700E-03
  208.50      2.15040E-03
  209.50      2.38090E-03
  210.50      2.43550E-03
  211.50      2.42930E-03
  212.50      2.41570E-03
  213.50      2.39670E-03
  214.50      2.38730E-03
  215.50      2.41160E-03
  216.50      2.34120E-03
  217.50      2.39900E-03
  218.50      2.31410E-03
  219.50      2.36930E-03
  220.50      2.35800E-03
  221.50      2.27100E-03
  222.50      2.32880E-03
  223.50      2.31570E-03
  224.50      2.29990E-03
  225.50      2.21930E-03
  226.50      2.27400E-03
  227.50      2.26040E-03
  228.50      2.24630E-03
  229.50      2.22010E-03
  230.50      2.15660E-03
  231.50      2.20510E-03
  232.50      2.19370E-03
  233.50      2.18080E-03
  234.50      2.16790E-03
  235.50      2.15510E-03
  236.50      2.14240E-03
  237.50      2.12970E-03
  238.50      2.05810E-03
  239.50      2.10300E-03
  240.50      2.09230E-03
  241.50      2.08020E-03
  242.50      2.06850E-03
  243.50      2.05650E-03
  244.50      2.04470E-03
  245.50      2.03240E-03
  246.50      2.02120E-03
  247.50      2.00980E-03
  248.50      1.99820E-03
  249.50      1.95340E-03
  250.50      1.96930E-03
  251.30      1.85040E-03
  251.80      1.95660E-03
  252.50      1.95200E-03
  253.50      1.94240E-03
  254.50      1.93150E-03
  255.50      1.92060E-03
  256.50      1.91000E-03
  257.50      1.89930E-03
  258.50      1.88870E-03
  259.50      1.87740E-03
  260.50      1.86830E-03
  261.50      1.85770E-03
  262.50      1.84770E-03
  263.50      1.83760E-03
  264.50      1.82750E-03
  265.50      1.81740E-03
  266.50      1.80720E-03
  267.50      1.79670E-03
  268.50      1.78790E-03
  269.50      1.77750E-03
  270.50      1.76870E-03
  271.50      1.75910E-03
  272.50      1.74840E-03
  273.50      1.69450E-03
  274.50      1.73100E-03
  275.50      1.72170E-03
  276.50      1.71130E-03
  277.50      1.70340E-03
  278.50      1.69440E-03
  279.50      1.68520E-03
  280.50      1.67650E-03
  281.50      1.66770E-03
  282.50      1.65750E-03
  283.50      1.64970E-03
  284.50      1.64160E-03
  285.50      1.63310E-03
  286.50      1.62460E-03
  287.50      1.61610E-03
  288.50      1.60780E-03
  289.50      1.59950E-03
  291.00      1.58710E-03
  293.00      1.57090E-03
  295.00      1.55370E-03
  297.00      1.53900E-03
  299.00      1.52320E-03
  301.00      1.50810E-03
  303.00      1.49270E-03
  305.00      1.47790E-03
  307.00      1.46350E-03
  309.00      1.44920E-03
  311.00      1.43500E-03
  313.00      1.42090E-03
  315.00      1.40730E-03
  317.00      1.39360E-03
  319.00      1.37790E-03
  321.00      1.34770E-03
  323.00      1.35390E-03
  325.00      1.34100E-03
  327.00      1.32760E-03
  329.00      1.31570E-03
  331.00      1.30350E-03
  333.00      1.29140E-03
  335.00      1.27890E-03
  337.00      1.26750E-03
  339.00      1.25580E-03
  341.00      1.24430E-03
  343.00      1.23340E-03
  345.00      1.22160E-03
  347.00      1.21110E-03
  349.00      1.20000E-03
  351.00      1.18910E-03
  353.00      1.17820E-03
  355.00      1.16760E-03
  357.00      1.15790E-03
  359.00      1.14660E-03
  361.00      1.13710E-03
  363.00      1.12630E-03
  364.00      1.10220E-03
  365.00      1.01620E-03
  367.00      1.00880E-03
  369.00      1.00350E-03
  371.00      1.00430E-03
  373.00      1.00990E-03
  375.00      1.02470E-03
  377.00      1.03400E-03
  379.00      1.04750E-03
  381.00      1.05990E-03
  383.00      1.01620E-03
  385.00      1.05610E-03
  387.00      1.05950E-03
  389.00      9.84400E-04
  391.00      1.04570E-03
  393.00      1.03080E-03
  395.00      1.03010E-03
  397.00      9.50670E-04
  399.00      1.01200E-03
  401.00      1.00770E-03
  403.00      9.81560E-04
  405.00      9.92790E-04
  407.00      9.84080E-04
  409.00      9.57660E-04
  411.00      9.10290E-04
  413.00      9.58750E-04
  415.00      9.51910E-04
  417.00      9.45350E-04
  419.00      9.34310E-04
  421.00      9.18490E-04
  423.00      9.23060E-04
  425.00      9.15750E-04
  427.00      9.08530E-04
  429.00      9.01400E-04
  431.00      8.93740E-04
  433.00      8.64370E-04
  435.00      8.34720E-04
  437.00      8.72690E-04
  439.00      8.64480E-04
  441.00      8.60260E-04
  443.00      8.53490E-04
  445.00      8.47170E-04
  447.00      8.34550E-04
  449.00      8.34360E-04
  451.00      8.28060E-04
  453.00      8.20870E-04
  455.00      8.03440E-04
  457.00      8.09610E-04
  459.00      8.03600E-04
  461.00      7.97640E-04
  463.00      7.91670E-04
  465.00      7.85280E-04
  467.00      7.79500E-04
  469.00      7.50850E-04
  471.00      7.67320E-04
  473.00      7.63270E-04
  475.00      7.57760E-04
  477.00      7.52300E-04
  479.00      7.46900E-04
  481.00      7.41560E-04
  483.00      7.35790E-04
  485.00      7.17050E-04
  487.00      6.84640E-04
  489.00      7.19670E-04
  491.00      7.15690E-04
  493.00      7.07800E-04
  495.00      7.05730E-04
  497.00      7.00830E-04
  499.00      6.95970E-04
  501.00      6.89700E-04
  503.00      6.86410E-04
  505.00      6.81360E-04
  507.00      6.77040E-04
  509.00      6.72430E-04
  511.00      6.67860E-04
  513.00      6.63340E-04
  515.00      6.58870E-04
  517.00      6.54440E-04
  519.00      6.50050E-04
  521.00      6.45710E-04
  523.00      6.41410E-04
  525.00      6.37150E-04
  527.00      6.32920E-04
  529.00      6.28760E-04
  531.00      6.24630E-04
  533.00      6.20530E-04
  535.00      6.16480E-04
  537.00      6.12460E-04
  539.00      6.08480E-04
  541.00      5.94930E-04
  543.00      6.00630E-04
  545.00      5.96780E-04
  547.00      5.92960E-04
  549.00      5.89170E-04
  551.00      5.85410E-04
  553.00      5.81700E-04
  555.00      5.78020E-04
  557.00      5.74370E-04
  559.00      5.70700E-04
  561.00      5.67180E-04
  563.00      5.63630E-04
  565.00      5.60110E-04
  567.00      5.56630E-04
  569.00      5.47290E-04
  571.00      5.18200E-04
  573.00      5.15240E-04
  575.00      5.12310E-04
  577.00      5.09470E-04
  579.00      5.06860E-04
  581.00      5.04590E-04
  583.00      5.02980E-04
  585.00      5.01920E-04
  587.00      4.98140E-04
  589.00      5.00420E-04
  591.00      5.00150E-04
  593.00      5.00190E-04
  595.00      5.00620E-04
  597.00      5.01050E-04
  599.00      5.01830E-04
  601.00      5.00460E-04
  603.00      4.98380E-04
  605.00      4.96970E-04
  607.00      4.93620E-04
  609.00      4.91320E-04
  611.00      4.87980E-04
  613.00      4.85250E-04
  615.00      4.82990E-04
  617.00      4.78690E-04
  619.00      4.77390E-04
  621.00      4.74690E-04
  623.00      4.70240E-04
  625.00      4.68940E-04
  627.00      4.66610E-04
  629.00      4.63950E-04
  631.00      4.58910E-04
  633.00      4.58550E-04
  635.00      4.56140E-04
  637.00      4.53580E-04
  639.00      4.50940E-04
  641.00      4.45400E-04
  643.00      4.46010E-04
  645.00      4.43540E-04
  647.00      4.41080E-04
  649.00      4.38640E-04
  651.00      4.36050E-04
  653.00      4.29630E-04
  655.00      4.26610E-04
  657.00      4.04110E-04
  659.00      4.26010E-04
  661.00      4.24430E-04
  663.00      4.22130E-04
  665.00      4.19860E-04
  667.00      4.16200E-04
  669.00      4.10130E-04
  671.00      4.13100E-04
  673.00      4.10910E-04
  675.00      4.08720E-04
  677.00      4.06540E-04
  679.00      4.04380E-04
  681.00      4.02240E-04
  683.00      4.00120E-04
  685.00      3.98010E-04
  687.00      3.95910E-04
  689.00      3.89200E-04
  691.00      3.91630E-04
  693.00      3.89740E-04
  695.00      3.87710E-04
  697.00      3.85700E-04
  699.00      3.83700E-04
  701.00      3.81720E-04
  703.00      3.79750E-04
  705.00      3.77810E-04
  707.00      3.74460E-04
  709.00      3.73950E-04
  711.00      3.72050E-04
  713.00      3.70160E-04
  715.00      3.68280E-04
  717.00      3.63330E-04
  719.00      3.62880E-04
  721.00      3.62730E-04
  723.00      3.60910E-04
  725.00      3.59110E-04
  727.00      3.57310E-04
  729.00      3.55020E-04
  731.00      3.53760E-04
  733.00      3.52010E-04
  735.00      3.50270E-04
  737.00      3.48540E-04
  739.00      3.46830E-04
  741.00      3.45120E-04
  743.00      3.43430E-04
  745.00      3.41760E-04
  747.00      3.40090E-04
  749.00      3.38440E-04
  751.00      3.36800E-04
  753.00      3.35170E-04
  755.00      3.33550E-04
  757.00      3.31940E-04
  759.00      3.26010E-04
  761.00      3.28540E-04
  763.00      3.27190E-04
  765.00      3.25630E-04
  767.00      3.24080E-04
  769.00      3.22540E-04
  771.00      3.21020E-04
  773.00      3.19500E-04
  775.00      3.17990E-04
  777.00      3.16500E-04
  779.00      3.15010E-04
  781.00      3.13530E-04
  783.00      3.12070E-04
  785.00      3.10640E-04
  787.00      3.09200E-04
  789.00      3.07770E-04
  791.00      3.06340E-04
  793.00      3.04930E-04
  795.00      3.03520E-04
  797.00      3.02130E-04
  799.00      3.00740E-04
  801.00      2.99370E-04
  803.00      2.98000E-04
  805.00      2.96640E-04
  807.00      2.95290E-04
  809.00      2.93950E-04
  811.00      2.92620E-04
  813.00      2.91300E-04
  815.00      2.89990E-04
  817.00      2.88690E-04
  819.00      2.86330E-04
  821.00      2.76150E-04
  823.00      2.73510E-04
  825.00      2.73520E-04
  827.00      2.72610E-04
  829.00      2.71520E-04
  831.00      2.70380E-04
  833.00      2.69230E-04
  835.00      2.68060E-04
  837.00      2.67020E-04
  839.00      2.65960E-04
  841.00      2.64980E-04
  843.00      2.64010E-04
  845.00      2.62980E-04
  847.00      2.62140E-04
  849.00      2.61340E-04
  851.00      2.60490E-04
  853.00      2.59760E-04
  855.00      2.58730E-04
  857.00      2.58430E-04
  859.00      2.57040E-04
  861.00      2.56420E-04
  863.00      2.56510E-04
  865.00      2.55320E-04
  867.00      2.53080E-04
  869.00      2.54560E-04
  871.00      2.54390E-04
  873.00      2.53100E-04
  875.00      2.48520E-04
  877.00      2.51140E-04
  879.00      2.52170E-04
  881.00      2.51740E-04
  883.00      2.50890E-04
  885.00      2.46680E-04
  887.00      2.41390E-04
  889.00      2.47200E-04
  891.00      2.47380E-04
  893.00      2.46470E-04
  895.00      2.46030E-04
  897.00      2.44680E-04
  899.00      2.42250E-04
  901.00      2.33600E-04
  903.00      2.36380E-04
  905.00      2.40010E-04
  907.00      2.39560E-04
  909.00      2.38990E-04
  911.00      2.37650E-04
  913.00      2.37170E-04
  915.00      2.36200E-04
  917.00      2.35140E-04
  919.00      2.33750E-04
  921.00      2.30370E-04
  923.00      2.20410E-04
  925.00      2.28130E-04
  927.00      2.29890E-04
  929.00      2.29610E-04
  931.00      2.28580E-04
  933.00      2.27610E-04
  935.00      2.22740E-04
  937.00      2.25060E-04
  939.00      2.25070E-04
  941.00      2.24180E-04
  943.00      2.23290E-04
  945.00      2.22410E-04
  947.00      2.21400E-04
  949.00      2.20660E-04
  951.00      2.18860E-04
  953.00      2.15310E-04
  955.00      2.05930E-04
  957.00      2.14820E-04
  959.00      2.15960E-04
  961.00      2.15500E-04
  963.00      2.14590E-04
  965.00      2.13880E-04
  967.00      2.13050E-04
  969.00      2.12220E-04
  971.00      2.11350E-04
  973.00      2.10600E-04
  975.00      2.09560E-04
  977.00      2.07850E-04
  979.00      2.08190E-04
  981.00      2.07400E-04
  983.00      2.06610E-04
  985.00      2.05820E-04
  987.00      2.05040E-04
  989.00      2.04260E-04
  991.00      2.03490E-04
  993.00      2.02730E-04
  995.00      2.01960E-04
  997.00      2.01200E-04
  999.00      2.00440E-04
  1002.5      1.96140E-04
  1007.5      1.93010E-04
  1012.5      1.92760E-04
  1017.5      1.93660E-04
  1022.5      1.91890E-04
  1027.5      1.90140E-04
  1032.5      1.88280E-04
  1037.5      1.86710E-04
  1042.5      1.84270E-04
  1047.5      1.83380E-04
  1052.5      1.81740E-04
  1057.5      1.80130E-04
  1062.5      1.78540E-04
  1067.5      1.76940E-04
  1072.5      1.75420E-04
  1077.5      1.73880E-04
  1082.5      1.71930E-04
  1087.5      1.70810E-04
  1092.5      1.64140E-04
  1097.5      1.66720E-04
  1102.5      1.66440E-04
  1107.5      1.65110E-04
  1112.5      1.63710E-04
  1117.5      1.62410E-04
  1122.5      1.61040E-04
  1127.5      1.59700E-04
  1132.5      1.58370E-04
  1137.5      1.57050E-04
  1142.5      1.55750E-04
  1147.5      1.54470E-04
  1152.5      1.53210E-04
  1157.5      1.51960E-04
  1162.5      1.49450E-04
  1167.5      1.48620E-04
  1172.5      1.48290E-04
  1177.5      1.47100E-04
  1182.5      1.45930E-04
  1187.5      1.44770E-04
  1192.5      1.43620E-04
  1197.5      1.42260E-04
  1202.5      1.41360E-04
  1207.5      1.40250E-04
  1212.5      1.39150E-04
  1217.5      1.38070E-04
  1222.5      1.37000E-04
  1227.5      1.35940E-04
  1232.5      1.34900E-04
  1237.5      1.33860E-04
  1242.5      1.32840E-04
  1247.5      1.31830E-04
  1252.5      1.30800E-04
  1257.5      1.29840E-04
  1262.5      1.28860E-04
  1267.5      1.27900E-04
  1272.5      1.26940E-04
  1277.5      1.25380E-04
  1282.5      1.20860E-04
  1287.5      1.23940E-04
  1292.5      1.23230E-04
  1297.5      1.22230E-04
  1302.5      1.21430E-04
  1307.5      1.20550E-04
  1312.5      1.19670E-04
  1317.5      1.18810E-04
  1322.5      1.17950E-04
  1327.5      1.17110E-04
  1332.5      1.16270E-04
  1337.5      1.15440E-04
  1342.5      1.14610E-04
  1347.5      1.13810E-04
  1352.5      1.13010E-04
  1357.5      1.12210E-04
  1362.5      1.11430E-04
  1367.5      1.10650E-04
  1372.5      1.09880E-04
  1377.5      1.09120E-04
  1382.5      1.08360E-04
  1387.5      1.07620E-04
  1392.5      1.06880E-04
  1397.5      1.06150E-04
  1402.5      1.05430E-04
  1407.5      1.04710E-04
  1412.5      1.04000E-04
  1417.5      1.03300E-04
  1422.5      1.02610E-04
  1427.5      1.01920E-04
  1432.5      1.01240E-04
  1437.5      1.00560E-04
  1442.5      9.98950E-05
  1447.5      9.92350E-05
  1452.5      9.85810E-05
  1457.0      9.79970E-05
  1462.0      9.73770E-05
  1467.5      9.66760E-05
  1472.5      9.60170E-05
  1477.5      9.47140E-05
  1482.5      9.48050E-05
  1487.5      9.42040E-05
  1492.5      9.36020E-05
  1497.5      9.30040E-05
  1502.5      9.24110E-05
  1507.5      9.18030E-05
  1512.5      9.12420E-05
  1517.5      9.06650E-05
  1522.5      9.00960E-05
  1527.5      8.95250E-05
  1532.5      8.89610E-05
  1537.5      8.84100E-05
  1542.5      8.78430E-05
  1547.5      8.73300E-05
  1552.5      8.67830E-05
  1557.5      8.61940E-05
  1562.5      8.58380E-05
  1567.5      8.51360E-05
  1572.5      8.45770E-05
  1577.5      8.43070E-05
  1582.5      8.37190E-05
  1587.5      8.29020E-05
  1592.5      8.26110E-05
  1597.5      8.22980E-05
  1605.0      8.14200E-05
  1615.0      8.02360E-05
  1625.0      7.96330E-05
  1635.0      7.84860E-05
  1645.0      7.72740E-05
  1655.0      7.68700E-05
  1665.0      7.59810E-05
  1675.0      7.48470E-05
  1685.0      7.36070E-05
  1695.0      7.34040E-05
  1705.0      7.24870E-05
  1715.0      7.17580E-05
  1725.0      7.09540E-05
  1735.0      6.92200E-05
  1745.0      6.93010E-05
  1755.0      6.86280E-05
  1765.0      6.78770E-05
  1775.0      6.71390E-05
  1785.0      6.64120E-05
  1795.0      6.56980E-05
  1805.0      6.49930E-05
  1815.0      6.33530E-05
  1825.0      6.34580E-05
  1835.0      6.29500E-05
  1845.0      6.22900E-05
  1855.0      6.16480E-05
  1865.0      6.04030E-05
  1875.0      5.91440E-05
  1885.0      5.97580E-05
  1895.0      5.91490E-05
  1905.0      5.85090E-05
  1915.0      5.79540E-05
  1925.0      5.73710E-05
  1935.0      5.67600E-05
  1945.0      5.51950E-05
  1955.0      5.56290E-05
  1965.0      5.51230E-05
  1975.0      5.45810E-05
  1985.0      5.40480E-05
  1995.0      5.35220E-05
  2005.0      5.30040E-05
  2015.0      5.24930E-05
  2025.0      5.19900E-05
  2035.0      5.14930E-05
  2045.0      5.10030E-05
  2055.0      5.05090E-05
  2065.0      5.00460E-05
  2075.0      4.95780E-05
  2085.0      4.91150E-05
  2095.0      4.86600E-05
  2105.0      4.82100E-05
  2115.0      4.77410E-05
  2125.0      4.73290E-05
  2135.0      4.68980E-05
  2145.0      4.64720E-05
  2155.0      4.60360E-05
  2165.0      4.47120E-05
  2175.0      4.51750E-05
  2185.0      4.48240E-05
  2195.0      4.44300E-05
  2205.0      4.40370E-05
  2215.0      4.36500E-05
  2225.0      4.32670E-05
  2235.0      4.28910E-05
  2245.0      4.25180E-05
  2255.0      4.21510E-05
  2265.0      4.17880E-05
  2275.0      4.14300E-05
  2285.0      4.11120E-05
  2295.0      4.07620E-05
  2305.0      4.04170E-05
  2315.0      4.00770E-05
  2325.0      3.97400E-05
  2335.0      3.94080E-05
  2345.0      3.90800E-05
  2355.0      3.87560E-05
  2365.0      3.84360E-05
  2375.0      3.81200E-05
  2385.0      3.78080E-05
  2395.0      3.74990E-05
  2405.0      3.71950E-05
  2415.0      3.68940E-05
  2425.0      3.65960E-05
  2435.0      3.63030E-05
  2445.0      3.60120E-05
  2455.0      3.57250E-05
  2465.0      3.54420E-05
  2475.0      3.51500E-05
  2485.0      3.48850E-05
  2495.0      3.46110E-05
  2505.0      3.43410E-05
  2515.0      3.40740E-05
  2525.0      3.38090E-05
  2535.0      3.35480E-05
  2545.0      3.32900E-05
  2555.0      3.30350E-05
  2565.0      3.27460E-05
  2575.0      3.25330E-05
  2585.0      3.22870E-05
  2595.0      3.20430E-05
  2605.0      3.17810E-05
  2615.0      3.14290E-05
  2625.0      3.06130E-05
  2635.0      3.10490E-05
  2645.0      3.08650E-05
  2655.0      3.06340E-05
  2665.0      3.03990E-05
  2675.0      3.00400E-05
  2685.0      2.99550E-05
  2695.0      2.97500E-05
  2705.0      2.95350E-05
  2715.0      2.93210E-05
  2725.0      2.91100E-05
  2735.0      2.89010E-05
  2745.0      2.86940E-05
  2755.0      2.82950E-05
  2765.0      2.82100E-05
  2775.0      2.80880E-05
  2785.0      2.78900E-05
  2795.0      2.76940E-05
  2805.0      2.75000E-05
  2815.0      2.73080E-05
  2825.0      2.71190E-05
  2835.0      2.69310E-05
  2845.0      2.67450E-05
  2855.0      2.65600E-05
  2865.0      2.63170E-05
  2875.0      2.59220E-05
  2885.0      2.60090E-05
  2895.0      2.58430E-05
  2905.0      2.56680E-05
  2915.0      2.54950E-05
  2925.0      2.53240E-05
  2935.0      2.51540E-05
  2945.0      2.49860E-05
  2955.0      2.48200E-05
  2965.0      2.46550E-05
  2975.0      2.44920E-05
  2985.0      2.43310E-05
  2995.0      2.41710E-05
  3005.0      2.40130E-05
  3015.0      2.38560E-05
  3025.0      2.37000E-05
  3035.0      2.32820E-05
  3045.0      2.32500E-05
  3055.0      2.32430E-05
  3065.0      2.30950E-05
  3075.0      2.29470E-05
  3085.0      2.28000E-05
  3095.0      2.26550E-05
  3105.0      2.25110E-05
  3115.0      2.23690E-05
  3125.0      2.22280E-05
  3135.0      2.20880E-05
  3145.0      2.19500E-05
  3155.0      2.18130E-05
  3165.0      2.16770E-05
  3175.0      2.15420E-05
  3185.0      2.14090E-05
  3195.0      2.12770E-05
  3210.0      2.10810E-05
  3230.0      2.08240E-05
  3250.0      2.05720E-05
  3270.0      2.03230E-05
  3290.0      1.98620E-05
  3310.0      1.98080E-05
  3330.0      1.96140E-05
  3350.0      1.93840E-05
  3370.0      1.91570E-05
  3390.0      1.89340E-05
  3410.0      1.87150E-05
  3430.0      1.85000E-05
  3450.0      1.82880E-05
  3470.0      1.80800E-05
  3490.0      1.78760E-05
  3510.0      1.76750E-05
  3530.0      1.74770E-05
  3550.0      1.72830E-05
  3570.0      1.70920E-05
  3590.0      1.69040E-05
  3610.0      1.67190E-05
  3630.0      1.65370E-05
  3650.0      1.63580E-05
  3670.0      1.61810E-05
  3690.0      1.60080E-05
  3710.0      1.58330E-05
  3730.0      1.55830E-05
  3750.0      1.53610E-05
  3770.0      1.53420E-05
  3790.0      1.51820E-05
  3810.0      1.50240E-05
  3830.0      1.48680E-05
  3850.0      1.47160E-05
  3870.0      1.45650E-05
  3890.0      1.44170E-05
  3910.0      1.42650E-05
  3930.0      1.41270E-05
  3950.0      1.39860E-05
  3970.0      1.38460E-05
  3990.0      1.37090E-05
  4010.0      1.35630E-05
  4030.0      1.34170E-05
  4050.0      1.31280E-05
  4070.0      1.31780E-05
  4090.0      1.30510E-05
  4110.0      1.29250E-05
  4130.0      1.27990E-05
  4150.0      1.26780E-05
  4170.0      1.25130E-05
  4190.0      1.24390E-05
  4210.0      1.23220E-05
  4230.0      1.22060E-05
  4250.0      1.20920E-05
  4270.0      1.19800E-05
  4290.0      1.18660E-05
  4310.0      1.17600E-05
  4330.0      1.16520E-05
  4350.0      1.15450E-05
  4370.0      1.13840E-05
  4390.0      1.13220E-05
  4410.0      1.12350E-05
  4430.0      1.11340E-05
  4450.0      1.10350E-05
  4470.0      1.09390E-05
  4490.0      1.08420E-05
  4510.0      1.07470E-05
  4530.0      1.06530E-05
  4550.0      1.05590E-05
  4570.0      1.04680E-05
  4590.0      1.03770E-05
  4610.0      1.02870E-05
  4630.0      1.01990E-05
  4650.0      9.93160E-06
  4670.0      9.92900E-06
  4690.0      9.92930E-06
  4710.0      9.85640E-06
  4730.0      9.77350E-06
  4750.0      9.69160E-06
  4770.0      9.61080E-06
  4790.0      9.53090E-06
  4810.0      9.45200E-06
  4830.0      9.37400E-06
  4850.0      9.29710E-06
  4870.0      9.22100E-06
  4890.0      9.14590E-06
  4910.0      9.07170E-06
  4930.0      8.99830E-06
  4950.0      8.92590E-06
  4970.0      8.85430E-06
  4990.0      8.78360E-06
  5010.0      8.71370E-06
  5030.0      8.64460E-06
  5050.0      8.57640E-06
  5070.0      8.50890E-06
  5090.0      8.44220E-06
  5110.0      8.36970E-06
  5130.0      8.21060E-06
  5150.0      8.24350E-06
  5170.0      8.18320E-06
  5190.0      8.12030E-06
  5210.0      8.05820E-06
  5230.0      7.99670E-06
  5250.0      7.93590E-06
  5270.0      7.87570E-06
  5290.0      7.81630E-06
  5310.0      7.75760E-06
  5330.0      7.69950E-06
  5350.0      7.64200E-06
  5370.0      7.58510E-06
  5390.0      7.52900E-06
  5410.0      7.47350E-06
  5430.0      7.41850E-06
  5450.0      7.36410E-06
  5470.0      7.31040E-06
  5490.0      7.25720E-06
  5510.0      7.20450E-06
  5530.0      7.15240E-06
  5550.0      7.10100E-06
  5570.0      7.05010E-06
  5590.0      6.99970E-06
  5610.0      6.94980E-06
  5630.0      6.90050E-06
  5650.0      6.85170E-06
  5670.0      6.80340E-06
  5690.0      6.75550E-06
  5710.0      6.70550E-06
  5730.0      6.66140E-06
  5750.0      6.61520E-06
  5770.0      6.56930E-06
  5790.0      6.52400E-06
  5810.0      6.47900E-06
  5830.0      6.43460E-06
  5850.0      6.39160E-06
  5870.0      6.34810E-06
  5890.0      6.29680E-06
  5910.0      6.15630E-06
  5930.0      6.21580E-06
  5950.0      6.16470E-06
  5970.0      6.13250E-06
  5990.0      6.09580E-06
  6010.0      6.05520E-06
  6030.0      6.01500E-06
  6050.0      5.97520E-06
  6070.0      5.93580E-06
  6090.0      5.89680E-06
  6110.0      5.85820E-06
  6130.0      5.81990E-06
  6150.0      5.78200E-06
  6170.0      5.74450E-06
  6190.0      5.70730E-06
  6210.0      5.67050E-06
  6230.0      5.63400E-06
  6250.0      5.59790E-06
  6270.0      5.56200E-06
  6290.0      5.49970E-06
  6310.0      5.48800E-06
  6330.0      5.45690E-06
  6350.0      5.42250E-06
  6370.0      5.38830E-06
  6390.0      5.35460E-06
  6420.0      5.30450E-06
  6460.0      5.23870E-06
  6500.0      5.17420E-06
  6540.0      5.11080E-06
  6580.0      5.04860E-06
  6620.0      4.98750E-06
  6660.0      4.92760E-06
  6700.0      4.86860E-06
  6740.0      4.80890E-06
  6780.0      4.73190E-06
  6820.0      4.69800E-06
  6860.0      4.64320E-06
  6900.0      4.58920E-06
  6940.0      4.53620E-06
  6980.0      4.48410E-06
  7020.0      4.43290E-06
  7060.0      4.38250E-06
  7100.0      4.33300E-06
  7140.0      4.28440E-06
  7180.0      4.23650E-06
  7220.0      4.18940E-06
  7260.0      4.14310E-06
  7300.0      4.09750E-06
  7340.0      4.05270E-06
  7380.0      4.00860E-06
  7420.0      3.96390E-06
  7460.0      3.86390E-06
  7500.0      3.81000E-06
  7540.0      3.83510E-06
  7580.0      3.79870E-06
  7620.0      3.75860E-06
  7660.0      3.71920E-06
  7700.0      3.68040E-06
  7740.0      3.64220E-06
  7780.0      3.60460E-06
  7820.0      3.56760E-06
  7860.0      3.53110E-06
  7900.0      3.49520E-06
  7940.0      3.45980E-06
  7980.0      3.42500E-06
  8020.0      3.39070E-06
  8060.0      3.35680E-06
  8100.0      3.32350E-06
  8140.0      3.28920E-06
  8180.0      3.25820E-06
  8220.0      3.22640E-06
  8260.0      3.19500E-06
  8300.0      3.16410E-06
  8340.0      3.13350E-06
  8380.0      3.10340E-06
  8420.0      3.07380E-06
  8460.0      3.04450E-06
  8500.0      3.01570E-06
  8540.0      2.98730E-06
  8580.0      2.95930E-06
  8620.0      2.93160E-06
  8660.0      2.89900E-06
  8700.0      2.87750E-06
  8740.0      2.83470E-06
  8780.0      2.80850E-06
  8820.0      2.79900E-06
  8860.0      2.77360E-06
  8900.0      2.74850E-06
  8940.0      2.72380E-06
  8980.0      2.69930E-06
  9020.0      2.67520E-06
  9060.0      2.65140E-06
  9100.0      2.62790E-06
  9140.0      2.60480E-06
  9180.0      2.58190E-06
  9220.0      2.55930E-06
  9260.0      2.53700E-06
  9300.0      2.51510E-06
  9340.0      2.49330E-06
  9380.0      2.46280E-06
  9420.0      2.44870E-06
  9460.0      2.42990E-06
  9500.0      2.40920E-06
  9540.0      2.38890E-06
  9580.0      2.36880E-06
  9620.0      2.34890E-06
  9660.0      2.32930E-06
  9700.0      2.30990E-06
  9740.0      2.29080E-06
  9780.0      2.27190E-06
  9820.0      2.25320E-06
  9860.0      2.23480E-06
  9900.0      2.21660E-06
  9940.0      2.19860E-06
  9980.0      2.18080E-06
  10020.      2.16320E-06
  20000.      5.31490E-07
  40000.      1.29190E-07
  60000.      5.64550E-08
  80000.      3.13860E-08
 1.00000E+05  1.99120E-08
 1.20000E+05  1.37340E-08
 1.40000E+05  1.00350E-08
 1.60000E+05  7.64780E-09
