 Castelli and Kurucz 2004-2012 Atmosphere
 T     46000.     G    4.50000 [-2.0] N(He)/Ntot=0.0784 VTURB=2.0  L/H=1.25 ODF
 Wavelength  Eddington Hnu
   (nm)    (ergs/s/cm2/Hz/sr)
  9.0900      7.01620E-20
  9.3500      2.04410E-19
  9.6100      5.63700E-19
  9.7700      1.02870E-18
  9.9600      2.04910E-18
  10.200      4.73370E-18
  10.380      8.67650E-18
  10.560      1.56100E-17
  10.770      3.02890E-17
  11.040      6.87180E-17
  11.400      1.94170E-16
  11.780      5.47460E-16
  12.130      1.35220E-15
  12.480      3.19180E-15
  12.710      5.48580E-15
  12.840      7.39540E-15
  13.050      1.18420E-14
  13.240      1.79300E-14
  13.390      2.46910E-14
  13.660      4.32420E-14
  13.980      8.19680E-14
  14.330      1.60090E-13
  14.720      3.25580E-13
  15.100      6.31720E-13
  15.520      1.26650E-12
  15.880      2.23770E-12
  16.200      3.64300E-12
  16.600      6.52760E-12
  17.030      1.18490E-11
  17.340      1.79050E-11
  17.680      2.77530E-11
  18.020      4.22980E-11
  18.170      5.05060E-11
  18.610      8.47580E-11
  19.100      1.46220E-10
  19.390      1.99580E-10
  19.840      3.17170E-10
  20.180      4.44070E-10
  20.500      6.03630E-10
  21.050      1.00050E-09
  21.620      1.64360E-09
  21.980      2.21980E-09
  22.300      2.87390E-09
  22.680      3.86600E-09
  23.000      1.37280E-07
  23.400      8.74810E-07
  24.000      1.13530E-05
  24.650      7.36110E-05
  25.240      1.52620E-04
  25.680      1.08560E-04
  26.000      2.57870E-04
  26.400      3.47220E-04
  26.850      3.91030E-04
  27.350      4.63850E-04
  27.850      4.82050E-04
  28.400      5.58990E-04
  29.000      6.26920E-04
  29.600      5.54870E-04
  30.100      2.28030E-04
  30.800      3.57300E-04
  31.800      5.93630E-04
  32.800      6.71510E-04
  33.800      6.73630E-04
  34.800      7.05870E-04
  35.700      8.48480E-04
  36.600      9.55060E-04
  37.500      1.00490E-03
  38.500      9.35600E-04
  39.500      1.09890E-03
  40.500      1.21110E-03
  41.400      1.26230E-03
  42.200      1.26290E-03
  43.000      1.29150E-03
  44.100      1.41120E-03
  45.100      1.46440E-03
  46.000      1.45810E-03
  47.000      1.49600E-03
  48.000      1.57260E-03
  49.000      1.55240E-03
  50.000      1.65500E-03
  50.600      1.62050E-03
  51.200      1.80840E-03
  52.000      1.81950E-03
  53.000      1.85530E-03
  54.000      1.79120E-03
  55.000      1.77790E-03
  56.000      1.95260E-03
  57.000      2.00850E-03
  58.000      2.01690E-03
  59.000      2.07400E-03
  60.000      2.06320E-03
  61.000      2.02560E-03
  62.000      2.13590E-03
  63.000      2.13170E-03
  64.000      2.20240E-03
  65.000      2.20040E-03
  65.800      2.17020E-03
  66.500      2.25240E-03
  67.500      2.28850E-03
  68.500      2.24480E-03
  69.500      2.33530E-03
  70.500      2.27810E-03
  71.600      2.37570E-03
  72.600      2.40940E-03
  73.500      2.42660E-03
  74.500      2.42690E-03
  75.500      2.43320E-03
  76.500      2.40900E-03
  77.500      2.46990E-03
  78.500      2.46290E-03
  79.500      2.48950E-03
  80.500      2.52070E-03
  81.500      2.53770E-03
  82.500      2.56010E-03
  83.500      2.49880E-03
  84.500      2.57760E-03
  85.500      2.56960E-03
  86.500      2.60740E-03
  87.500      2.62540E-03
  88.500      2.62860E-03
  89.500      2.63480E-03
  90.500      2.61950E-03
  91.500      2.08610E-03
  92.500      3.45340E-03
  93.500      4.31120E-03
  94.500      5.05900E-03
  95.500      5.41440E-03
  96.500      5.90000E-03
  97.500      5.02100E-03
  98.500      5.80070E-03
  99.500      5.51130E-03
  100.50      5.77830E-03
  101.50      5.74240E-03
  102.50      4.97280E-03
  103.50      5.70610E-03
  104.50      5.71700E-03
  105.50      5.68630E-03
  106.50      5.59890E-03
  107.50      5.59380E-03
  108.50      5.37030E-03
  109.50      5.54120E-03
  110.50      5.48210E-03
  111.50      5.43720E-03
  112.50      5.36580E-03
  113.50      5.40000E-03
  114.50      5.36540E-03
  115.50      5.30390E-03
  116.50      5.25060E-03
  117.50      5.05450E-03
  118.50      5.20400E-03
  119.50      5.14820E-03
  120.50      5.12260E-03
  121.50      4.42160E-03
  122.50      5.04750E-03
  123.50      4.97310E-03
  124.50      4.93690E-03
  125.50      4.95970E-03
  126.50      4.92550E-03
  127.50      4.89020E-03
  128.50      4.85520E-03
  129.50      4.82240E-03
  130.50      4.77930E-03
  131.50      4.74740E-03
  132.50      4.70430E-03
  133.50      4.68010E-03
  134.50      4.65300E-03
  135.50      4.60250E-03
  136.50      4.54980E-03
  137.50      4.48590E-03
  138.50      4.49100E-03
  139.50      4.43660E-03
  140.50      4.37110E-03
  141.50      4.40710E-03
  142.50      4.36940E-03
  143.50      4.34910E-03
  144.20      4.30060E-03
  144.70      4.29230E-03
  145.50      4.26290E-03
  146.50      4.23600E-03
  147.50      4.21930E-03
  148.50      4.20530E-03
  149.50      4.17060E-03
  150.50      4.14590E-03
  151.20      4.12900E-03
  151.70      4.10620E-03
  152.50      4.08870E-03
  153.50      4.04770E-03
  154.50      3.92620E-03
  155.50      3.91030E-03
  156.50      3.95850E-03
  157.50      3.93940E-03
  158.50      3.90620E-03
  159.50      3.88170E-03
  160.50      3.84440E-03
  161.50      3.81930E-03
  162.50      3.78260E-03
  163.50      3.70300E-03
  164.50      3.54820E-03
  165.50      3.72020E-03
  166.50      3.69820E-03
  167.20      3.66610E-03
  167.70      3.66940E-03
  168.50      3.64910E-03
  169.50      3.62490E-03
  170.50      3.59730E-03
  171.50      3.53820E-03
  172.50      3.53750E-03
  173.50      3.52700E-03
  174.50      3.50110E-03
  175.50      3.47520E-03
  176.50      3.45390E-03
  177.50      3.43070E-03
  178.50      3.40790E-03
  179.50      3.38350E-03
  180.50      3.36090E-03
  181.50      3.33810E-03
  182.50      3.31540E-03
  183.50      3.29330E-03
  184.50      3.27080E-03
  185.50      3.24810E-03
  186.50      3.22630E-03
  187.50      3.20450E-03
  188.50      3.18280E-03
  189.50      3.16280E-03
  190.50      3.14180E-03
  191.50      3.12070E-03
  192.50      3.09680E-03
  193.50      3.07950E-03
  194.50      3.05920E-03
  195.50      3.03880E-03
  196.70      3.01490E-03
  197.60      2.99680E-03
  198.40      2.98140E-03
  199.50      2.95970E-03
  200.50      2.94070E-03
  201.50      2.92150E-03
  202.50      2.90260E-03
  203.50      2.88380E-03
  204.50      2.86370E-03
  205.50      2.24480E-03
  206.50      2.18280E-03
  207.40      2.23550E-03
  207.80      2.29010E-03
  208.50      2.44970E-03
  209.50      2.70140E-03
  210.50      2.75590E-03
  211.50      2.74740E-03
  212.50      2.73130E-03
  213.50      2.70910E-03
  214.50      2.69710E-03
  215.50      2.72270E-03
  216.50      2.64590E-03
  217.50      2.70620E-03
  218.50      2.61380E-03
  219.50      2.67150E-03
  220.50      2.65790E-03
  221.50      2.56390E-03
  222.50      2.62430E-03
  223.50      2.60890E-03
  224.50      2.59100E-03
  225.50      2.50390E-03
  226.50      2.56070E-03
  227.50      2.54500E-03
  228.50      2.52900E-03
  229.50      2.50230E-03
  230.50      2.43060E-03
  231.50      2.48140E-03
  232.50      2.46810E-03
  233.50      2.45310E-03
  234.50      2.43820E-03
  235.50      2.42350E-03
  236.50      2.40890E-03
  237.50      2.39430E-03
  238.50      2.31660E-03
  239.50      2.36410E-03
  240.50      2.35090E-03
  241.50      2.33710E-03
  242.50      2.32380E-03
  243.50      2.31000E-03
  244.50      2.29640E-03
  245.50      2.28220E-03
  246.50      2.26950E-03
  247.50      2.25630E-03
  248.50      2.24290E-03
  249.50      2.20060E-03
  250.50      2.21030E-03
  251.30      2.08020E-03
  251.80      2.19630E-03
  252.50      2.18910E-03
  253.50      2.17880E-03
  254.50      2.16630E-03
  255.50      2.15380E-03
  256.50      2.14160E-03
  257.50      2.12930E-03
  258.50      2.11710E-03
  259.50      2.10420E-03
  260.50      2.09340E-03
  261.50      2.08120E-03
  262.50      2.06990E-03
  263.50      2.05820E-03
  264.50      2.04670E-03
  265.50      2.03520E-03
  266.50      2.02380E-03
  267.50      2.01190E-03
  268.50      2.00130E-03
  269.50      1.98990E-03
  270.50      1.97930E-03
  271.50      1.96840E-03
  272.50      1.95700E-03
  273.50      1.89690E-03
  274.50      1.93610E-03
  275.50      1.92560E-03
  276.50      1.91460E-03
  277.50      1.90460E-03
  278.50      1.89430E-03
  279.50      1.88400E-03
  280.50      1.87390E-03
  281.50      1.86390E-03
  282.50      1.85330E-03
  283.50      1.84380E-03
  284.50      1.83410E-03
  285.50      1.82430E-03
  286.50      1.81460E-03
  287.50      1.80500E-03
  288.50      1.79550E-03
  289.50      1.78600E-03
  291.00      1.77190E-03
  293.00      1.75340E-03
  295.00      1.73480E-03
  297.00      1.71710E-03
  299.00      1.69920E-03
  301.00      1.68200E-03
  303.00      1.66450E-03
  305.00      1.64760E-03
  307.00      1.63090E-03
  309.00      1.61490E-03
  311.00      1.59880E-03
  313.00      1.58280E-03
  315.00      1.56720E-03
  317.00      1.55170E-03
  319.00      1.53540E-03
  321.00      1.50010E-03
  323.00      1.50670E-03
  325.00      1.49210E-03
  327.00      1.47700E-03
  329.00      1.46340E-03
  331.00      1.44950E-03
  333.00      1.43570E-03
  335.00      1.42180E-03
  337.00      1.40870E-03
  339.00      1.39540E-03
  341.00      1.38220E-03
  343.00      1.36970E-03
  345.00      1.35670E-03
  347.00      1.34450E-03
  349.00      1.33210E-03
  351.00      1.31990E-03
  353.00      1.30780E-03
  355.00      1.29580E-03
  357.00      1.28440E-03
  359.00      1.27240E-03
  361.00      1.26130E-03
  363.00      1.24960E-03
  364.00      1.22110E-03
  365.00      1.12310E-03
  367.00      1.11460E-03
  369.00      1.10880E-03
  371.00      1.11050E-03
  373.00      1.11720E-03
  375.00      1.13400E-03
  377.00      1.14620E-03
  379.00      1.15870E-03
  381.00      1.16940E-03
  383.00      1.12740E-03
  385.00      1.16230E-03
  387.00      1.16480E-03
  389.00      1.09070E-03
  391.00      1.14830E-03
  393.00      1.13160E-03
  395.00      1.13080E-03
  397.00      1.05320E-03
  399.00      1.11130E-03
  401.00      1.10580E-03
  403.00      1.07940E-03
  405.00      1.08850E-03
  407.00      1.07930E-03
  409.00      1.05300E-03
  411.00      1.00510E-03
  413.00      1.05180E-03
  415.00      1.04400E-03
  417.00      1.03600E-03
  419.00      1.02390E-03
  421.00      1.00650E-03
  423.00      1.01120E-03
  425.00      1.00310E-03
  427.00      9.95140E-04
  429.00      9.87240E-04
  431.00      9.79040E-04
  433.00      9.49790E-04
  435.00      9.19790E-04
  437.00      9.55830E-04
  439.00      9.48110E-04
  441.00      9.41720E-04
  443.00      9.34380E-04
  445.00      9.27250E-04
  447.00      9.16390E-04
  449.00      9.13110E-04
  451.00      9.06140E-04
  453.00      8.98230E-04
  455.00      8.79310E-04
  457.00      8.85750E-04
  459.00      8.79110E-04
  461.00      8.72530E-04
  463.00      8.65960E-04
  465.00      8.59170E-04
  467.00      8.52540E-04
  469.00      8.21680E-04
  471.00      8.40070E-04
  473.00      8.34580E-04
  475.00      8.28500E-04
  477.00      8.22480E-04
  479.00      8.16520E-04
  481.00      8.10630E-04
  483.00      8.04480E-04
  485.00      7.86000E-04
  487.00      7.52870E-04
  489.00      7.86840E-04
  491.00      7.82100E-04
  493.00      7.75120E-04
  495.00      7.71120E-04
  497.00      7.65710E-04
  499.00      7.60360E-04
  501.00      7.54340E-04
  503.00      7.49820E-04
  505.00      7.44500E-04
  507.00      7.39490E-04
  509.00      7.34410E-04
  511.00      7.29380E-04
  513.00      7.24400E-04
  515.00      7.19470E-04
  517.00      7.14590E-04
  519.00      7.09760E-04
  521.00      7.04970E-04
  523.00      7.00240E-04
  525.00      6.95540E-04
  527.00      6.90900E-04
  529.00      6.86310E-04
  531.00      6.81760E-04
  533.00      6.77250E-04
  535.00      6.72790E-04
  537.00      6.68370E-04
  539.00      6.63990E-04
  541.00      6.49180E-04
  543.00      6.55360E-04
  545.00      6.51130E-04
  547.00      6.46920E-04
  549.00      6.42750E-04
  551.00      6.38620E-04
  553.00      6.34540E-04
  555.00      6.30490E-04
  557.00      6.26470E-04
  559.00      6.22450E-04
  561.00      6.18560E-04
  563.00      6.14660E-04
  565.00      6.10800E-04
  567.00      6.06980E-04
  569.00      5.96520E-04
  571.00      5.63880E-04
  573.00      5.60620E-04
  575.00      5.57400E-04
  577.00      5.54300E-04
  579.00      5.51490E-04
  581.00      5.49010E-04
  583.00      5.47380E-04
  585.00      5.46180E-04
  587.00      5.43280E-04
  589.00      5.44590E-04
  591.00      5.44310E-04
  593.00      5.44440E-04
  595.00      5.45050E-04
  597.00      5.45660E-04
  599.00      5.46820E-04
  601.00      5.45140E-04
  603.00      5.43030E-04
  605.00      5.41390E-04
  607.00      5.37620E-04
  609.00      5.35190E-04
  611.00      5.31550E-04
  613.00      5.28470E-04
  615.00      5.26160E-04
  617.00      5.21250E-04
  619.00      5.19970E-04
  621.00      5.17060E-04
  623.00      5.11960E-04
  625.00      5.10720E-04
  627.00      5.08190E-04
  629.00      5.05270E-04
  631.00      4.99380E-04
  633.00      4.99340E-04
  635.00      4.96710E-04
  637.00      4.93900E-04
  639.00      4.90920E-04
  641.00      4.84590E-04
  643.00      4.85600E-04
  645.00      4.82890E-04
  647.00      4.80200E-04
  649.00      4.77530E-04
  651.00      4.74690E-04
  653.00      4.67390E-04
  655.00      4.65080E-04
  657.00      4.41770E-04
  659.00      4.63900E-04
  661.00      4.61950E-04
  663.00      4.59440E-04
  665.00      4.56940E-04
  667.00      4.53330E-04
  669.00      4.46410E-04
  671.00      4.49550E-04
  673.00      4.47140E-04
  675.00      4.44730E-04
  677.00      4.42350E-04
  679.00      4.39990E-04
  681.00      4.37640E-04
  683.00      4.35310E-04
  685.00      4.33010E-04
  687.00      4.30710E-04
  689.00      4.23050E-04
  691.00      4.26010E-04
  693.00      4.23950E-04
  695.00      4.21730E-04
  697.00      4.19530E-04
  699.00      4.17350E-04
  701.00      4.15180E-04
  703.00      4.13030E-04
  705.00      4.10900E-04
  707.00      4.07960E-04
  709.00      4.06680E-04
  711.00      4.04590E-04
  713.00      4.02520E-04
  715.00      4.00470E-04
  717.00      3.94900E-04
  719.00      3.94450E-04
  721.00      3.94400E-04
  723.00      3.92410E-04
  725.00      3.90430E-04
  727.00      3.88470E-04
  729.00      3.86300E-04
  731.00      3.84590E-04
  733.00      3.82680E-04
  735.00      3.80770E-04
  737.00      3.78880E-04
  739.00      3.77010E-04
  741.00      3.75140E-04
  743.00      3.73300E-04
  745.00      3.71460E-04
  747.00      3.69640E-04
  749.00      3.67830E-04
  751.00      3.66040E-04
  753.00      3.64260E-04
  755.00      3.62490E-04
  757.00      3.60730E-04
  759.00      3.54060E-04
  761.00      3.56990E-04
  763.00      3.55540E-04
  765.00      3.53840E-04
  767.00      3.52140E-04
  769.00      3.50460E-04
  771.00      3.48790E-04
  773.00      3.47130E-04
  775.00      3.45490E-04
  777.00      3.43850E-04
  779.00      3.42230E-04
  781.00      3.40620E-04
  783.00      3.39020E-04
  785.00      3.37440E-04
  787.00      3.35860E-04
  789.00      3.34300E-04
  791.00      3.32740E-04
  793.00      3.31200E-04
  795.00      3.29660E-04
  797.00      3.28140E-04
  799.00      3.26630E-04
  801.00      3.25120E-04
  803.00      3.23630E-04
  805.00      3.22150E-04
  807.00      3.20680E-04
  809.00      3.19220E-04
  811.00      3.17760E-04
  813.00      3.16320E-04
  815.00      3.14890E-04
  817.00      3.13460E-04
  819.00      3.10840E-04
  821.00      2.99100E-04
  823.00      2.96250E-04
  825.00      2.96240E-04
  827.00      2.95260E-04
  829.00      2.94030E-04
  831.00      2.92780E-04
  833.00      2.91550E-04
  835.00      2.90330E-04
  837.00      2.89160E-04
  839.00      2.88020E-04
  841.00      2.86980E-04
  843.00      2.85950E-04
  845.00      2.84910E-04
  847.00      2.83970E-04
  849.00      2.83130E-04
  851.00      2.82200E-04
  853.00      2.81460E-04
  855.00      2.80360E-04
  857.00      2.79960E-04
  859.00      2.78730E-04
  861.00      2.77950E-04
  863.00      2.77890E-04
  865.00      2.76820E-04
  867.00      2.74690E-04
  869.00      2.75870E-04
  871.00      2.75590E-04
  873.00      2.74520E-04
  875.00      2.70210E-04
  877.00      2.72590E-04
  879.00      2.73290E-04
  881.00      2.72840E-04
  883.00      2.72020E-04
  885.00      2.68120E-04
  887.00      2.62850E-04
  889.00      2.68110E-04
  891.00      2.68100E-04
  893.00      2.67070E-04
  895.00      2.66600E-04
  897.00      2.65210E-04
  899.00      2.62830E-04
  901.00      2.54440E-04
  903.00      2.56970E-04
  905.00      2.60170E-04
  907.00      2.59820E-04
  909.00      2.58950E-04
  911.00      2.57320E-04
  913.00      2.56880E-04
  915.00      2.55830E-04
  917.00      2.54750E-04
  919.00      2.53350E-04
  921.00      2.50190E-04
  923.00      2.40220E-04
  925.00      2.47640E-04
  927.00      2.49170E-04
  929.00      2.48660E-04
  931.00      2.47630E-04
  933.00      2.46480E-04
  935.00      2.41080E-04
  937.00      2.43590E-04
  939.00      2.43680E-04
  941.00      2.42760E-04
  943.00      2.41790E-04
  945.00      2.40840E-04
  947.00      2.39830E-04
  949.00      2.38930E-04
  951.00      2.37370E-04
  953.00      2.33880E-04
  955.00      2.24350E-04
  957.00      2.33020E-04
  959.00      2.33940E-04
  961.00      2.33360E-04
  963.00      2.32420E-04
  965.00      2.31560E-04
  967.00      2.30660E-04
  969.00      2.29760E-04
  971.00      2.28860E-04
  973.00      2.27990E-04
  975.00      2.26840E-04
  977.00      2.24830E-04
  979.00      2.25370E-04
  981.00      2.24510E-04
  983.00      2.23650E-04
  985.00      2.22800E-04
  987.00      2.21950E-04
  989.00      2.21110E-04
  991.00      2.20270E-04
  993.00      2.19440E-04
  995.00      2.18610E-04
  997.00      2.17780E-04
  999.00      2.16960E-04
  1002.5      2.12810E-04
  1007.5      2.09420E-04
  1012.5      2.08620E-04
  1017.5      2.09590E-04
  1022.5      2.07670E-04
  1027.5      2.05770E-04
  1032.5      2.03830E-04
  1037.5      2.02040E-04
  1042.5      1.99260E-04
  1047.5      1.98420E-04
  1052.5      1.96650E-04
  1057.5      1.94890E-04
  1062.5      1.93160E-04
  1067.5      1.91450E-04
  1072.5      1.89780E-04
  1077.5      1.88110E-04
  1082.5      1.86200E-04
  1087.5      1.84820E-04
  1092.5      1.78200E-04
  1097.5      1.80580E-04
  1102.5      1.80110E-04
  1107.5      1.78590E-04
  1112.5      1.77070E-04
  1117.5      1.75660E-04
  1122.5      1.74180E-04
  1127.5      1.72720E-04
  1132.5      1.71280E-04
  1137.5      1.69850E-04
  1142.5      1.68450E-04
  1147.5      1.67050E-04
  1152.5      1.65680E-04
  1157.5      1.64320E-04
  1162.5      1.61530E-04
  1167.5      1.60620E-04
  1172.5      1.60350E-04
  1177.5      1.59060E-04
  1182.5      1.57780E-04
  1187.5      1.56520E-04
  1192.5      1.55270E-04
  1197.5      1.53950E-04
  1202.5      1.52820E-04
  1207.5      1.51620E-04
  1212.5      1.50430E-04
  1217.5      1.49260E-04
  1222.5      1.48090E-04
  1227.5      1.46950E-04
  1232.5      1.45810E-04
  1237.5      1.44690E-04
  1242.5      1.43580E-04
  1247.5      1.42480E-04
  1252.5      1.41390E-04
  1257.5      1.40330E-04
  1262.5      1.39270E-04
  1267.5      1.38220E-04
  1272.5      1.37180E-04
  1277.5      1.35710E-04
  1282.5      1.30980E-04
  1287.5      1.33990E-04
  1292.5      1.33160E-04
  1297.5      1.32150E-04
  1302.5      1.31210E-04
  1307.5      1.30250E-04
  1312.5      1.29300E-04
  1317.5      1.28360E-04
  1322.5      1.27440E-04
  1327.5      1.26520E-04
  1332.5      1.25610E-04
  1337.5      1.24710E-04
  1342.5      1.23820E-04
  1347.5      1.22950E-04
  1352.5      1.22080E-04
  1357.5      1.21220E-04
  1362.5      1.20370E-04
  1367.5      1.19520E-04
  1372.5      1.18690E-04
  1377.5      1.17860E-04
  1382.5      1.17050E-04
  1387.5      1.16240E-04
  1392.5      1.15440E-04
  1397.5      1.14650E-04
  1402.5      1.13870E-04
  1407.5      1.13090E-04
  1412.5      1.12320E-04
  1417.5      1.11560E-04
  1422.5      1.10810E-04
  1427.5      1.10070E-04
  1432.5      1.09330E-04
  1437.5      1.08600E-04
  1442.5      1.07880E-04
  1447.5      1.07160E-04
  1452.5      1.06450E-04
  1457.0      1.05820E-04
  1462.0      1.05350E-04
  1467.5      1.04580E-04
  1472.5      1.03670E-04
  1477.5      1.02210E-04
  1482.5      1.02460E-04
  1487.5      1.01900E-04
  1492.5      1.01250E-04
  1497.5      1.00590E-04
  1502.5      9.99500E-05
  1507.5      9.92890E-05
  1512.5      9.86800E-05
  1517.5      9.80540E-05
  1522.5      9.74330E-05
  1527.5      9.68190E-05
  1532.5      9.61940E-05
  1537.5      9.56070E-05
  1542.5      9.49140E-05
  1547.5      9.43830E-05
  1552.5      9.37750E-05
  1557.5      9.30810E-05
  1562.5      9.26760E-05
  1567.5      9.19690E-05
  1572.5      9.13370E-05
  1577.5      9.09810E-05
  1582.5      9.03920E-05
  1587.5      8.95140E-05
  1592.5      8.91960E-05
  1597.5      8.87930E-05
  1605.0      8.78830E-05
  1615.0      8.66340E-05
  1625.0      8.59100E-05
  1635.0      8.47200E-05
  1645.0      8.34510E-05
  1655.0      8.29220E-05
  1665.0      8.19610E-05
  1675.0      8.07820E-05
  1685.0      7.94890E-05
  1695.0      7.91740E-05
  1705.0      7.82320E-05
  1715.0      7.73950E-05
  1725.0      7.65250E-05
  1735.0      7.47820E-05
  1745.0      7.47660E-05
  1755.0      7.40100E-05
  1765.0      7.31990E-05
  1775.0      7.24010E-05
  1785.0      7.16150E-05
  1795.0      7.08420E-05
  1805.0      7.00810E-05
  1815.0      6.84310E-05
  1825.0      6.84520E-05
  1835.0      6.78730E-05
  1845.0      6.71600E-05
  1855.0      6.64680E-05
  1865.0      6.51380E-05
  1875.0      6.38430E-05
  1885.0      6.44250E-05
  1895.0      6.37670E-05
  1905.0      6.31000E-05
  1915.0      6.24770E-05
  1925.0      6.18460E-05
  1935.0      6.12010E-05
  1945.0      5.96120E-05
  1955.0      5.99840E-05
  1965.0      5.94170E-05
  1975.0      5.88320E-05
  1985.0      5.82560E-05
  1995.0      5.76880E-05
  2005.0      5.71280E-05
  2015.0      5.65760E-05
  2025.0      5.60320E-05
  2035.0      5.54960E-05
  2045.0      5.49670E-05
  2055.0      5.44410E-05
  2065.0      5.39330E-05
  2075.0      5.34260E-05
  2085.0      5.29270E-05
  2095.0      5.24350E-05
  2105.0      5.19500E-05
  2115.0      5.14600E-05
  2125.0      5.09980E-05
  2135.0      5.05330E-05
  2145.0      5.00730E-05
  2155.0      4.96150E-05
  2165.0      4.82630E-05
  2175.0      4.86890E-05
  2185.0      4.82960E-05
  2195.0      4.78670E-05
  2205.0      4.74430E-05
  2215.0      4.70250E-05
  2225.0      4.66120E-05
  2235.0      4.62050E-05
  2245.0      4.58030E-05
  2255.0      4.54060E-05
  2265.0      4.50140E-05
  2275.0      4.46280E-05
  2285.0      4.42780E-05
  2295.0      4.39010E-05
  2305.0      4.35290E-05
  2315.0      4.31610E-05
  2325.0      4.27980E-05
  2335.0      4.24400E-05
  2345.0      4.20860E-05
  2355.0      4.17360E-05
  2365.0      4.13910E-05
  2375.0      4.10500E-05
  2385.0      4.07130E-05
  2395.0      4.03800E-05
  2405.0      4.00510E-05
  2415.0      3.97270E-05
  2425.0      3.94060E-05
  2435.0      3.90890E-05
  2445.0      3.87760E-05
  2455.0      3.84660E-05
  2465.0      3.81600E-05
  2475.0      3.78530E-05
  2485.0      3.75590E-05
  2495.0      3.72640E-05
  2505.0      3.69730E-05
  2515.0      3.66840E-05
  2525.0      3.63990E-05
  2535.0      3.61170E-05
  2545.0      3.58390E-05
  2555.0      3.55640E-05
  2565.0      3.52680E-05
  2575.0      3.50230E-05
  2585.0      3.47570E-05
  2595.0      3.44940E-05
  2605.0      3.42200E-05
  2615.0      3.38560E-05
  2625.0      3.29990E-05
  2635.0      3.34340E-05
  2645.0      3.32230E-05
  2655.0      3.29760E-05
  2665.0      3.27310E-05
  2675.0      3.23510E-05
  2685.0      3.22490E-05
  2695.0      3.20200E-05
  2705.0      3.17880E-05
  2715.0      3.15580E-05
  2725.0      3.13300E-05
  2735.0      3.11050E-05
  2745.0      3.08810E-05
  2755.0      3.04780E-05
  2765.0      3.03760E-05
  2775.0      3.02270E-05
  2785.0      3.00140E-05
  2795.0      2.98030E-05
  2805.0      2.95940E-05
  2815.0      2.93870E-05
  2825.0      2.91820E-05
  2835.0      2.89800E-05
  2845.0      2.87790E-05
  2855.0      2.85800E-05
  2865.0      2.83280E-05
  2875.0      2.79210E-05
  2885.0      2.79920E-05
  2895.0      2.78070E-05
  2905.0      2.76180E-05
  2915.0      2.74320E-05
  2925.0      2.72470E-05
  2935.0      2.70640E-05
  2945.0      2.68830E-05
  2955.0      2.67040E-05
  2965.0      2.65260E-05
  2975.0      2.63510E-05
  2985.0      2.61770E-05
  2995.0      2.60040E-05
  3005.0      2.58340E-05
  3015.0      2.56650E-05
  3025.0      2.54970E-05
  3035.0      2.50700E-05
  3045.0      2.50330E-05
  3055.0      2.50050E-05
  3065.0      2.48440E-05
  3075.0      2.46850E-05
  3085.0      2.45270E-05
  3095.0      2.43710E-05
  3105.0      2.42160E-05
  3115.0      2.40620E-05
  3125.0      2.39100E-05
  3135.0      2.37600E-05
  3145.0      2.36100E-05
  3155.0      2.34630E-05
  3165.0      2.33160E-05
  3175.0      2.31710E-05
  3185.0      2.30270E-05
  3195.0      2.28850E-05
  3210.0      2.26740E-05
  3230.0      2.23970E-05
  3250.0      2.21250E-05
  3270.0      2.18580E-05
  3290.0      2.13800E-05
  3310.0      2.13100E-05
  3330.0      2.10920E-05
  3350.0      2.08440E-05
  3370.0      2.06000E-05
  3390.0      2.03590E-05
  3410.0      2.01230E-05
  3430.0      1.98910E-05
  3450.0      1.96640E-05
  3470.0      1.94390E-05
  3490.0      1.92190E-05
  3510.0      1.90030E-05
  3530.0      1.87900E-05
  3550.0      1.85800E-05
  3570.0      1.83740E-05
  3590.0      1.81720E-05
  3610.0      1.79720E-05
  3630.0      1.77760E-05
  3650.0      1.75840E-05
  3670.0      1.73940E-05
  3690.0      1.72070E-05
  3710.0      1.70210E-05
  3730.0      1.67580E-05
  3750.0      1.65180E-05
  3770.0      1.64900E-05
  3790.0      1.63170E-05
  3810.0      1.61470E-05
  3830.0      1.59800E-05
  3850.0      1.58160E-05
  3870.0      1.56540E-05
  3890.0      1.54940E-05
  3910.0      1.53310E-05
  3930.0      1.51820E-05
  3950.0      1.50300E-05
  3970.0      1.48790E-05
  3990.0      1.47310E-05
  4010.0      1.45760E-05
  4030.0      1.44230E-05
  4050.0      1.41130E-05
  4070.0      1.41600E-05
  4090.0      1.40230E-05
  4110.0      1.38870E-05
  4130.0      1.37530E-05
  4150.0      1.36220E-05
  4170.0      1.34490E-05
  4190.0      1.33640E-05
  4210.0      1.32380E-05
  4230.0      1.31130E-05
  4250.0      1.29900E-05
  4270.0      1.28700E-05
  4290.0      1.27490E-05
  4310.0      1.26330E-05
  4330.0      1.25160E-05
  4350.0      1.24020E-05
  4370.0      1.22340E-05
  4390.0      1.21630E-05
  4410.0      1.20680E-05
  4430.0      1.19590E-05
  4450.0      1.18520E-05
  4470.0      1.17490E-05
  4490.0      1.16450E-05
  4510.0      1.15420E-05
  4530.0      1.14410E-05
  4550.0      1.13410E-05
  4570.0      1.12420E-05
  4590.0      1.11440E-05
  4610.0      1.10480E-05
  4630.0      1.09520E-05
  4650.0      1.06730E-05
  4670.0      1.06700E-05
  4690.0      1.06660E-05
  4710.0      1.05840E-05
  4730.0      1.04950E-05
  4750.0      1.04070E-05
  4770.0      1.03200E-05
  4790.0      1.02340E-05
  4810.0      1.01490E-05
  4830.0      1.00650E-05
  4850.0      9.98230E-06
  4870.0      9.90050E-06
  4890.0      9.81980E-06
  4910.0      9.73990E-06
  4930.0      9.66110E-06
  4950.0      9.58320E-06
  4970.0      9.50620E-06
  4990.0      9.43010E-06
  5010.0      9.35500E-06
  5030.0      9.28070E-06
  5050.0      9.20730E-06
  5070.0      9.13470E-06
  5090.0      9.06300E-06
  5110.0      8.98580E-06
  5130.0      8.82030E-06
  5150.0      8.85110E-06
  5170.0      8.78440E-06
  5190.0      8.71680E-06
  5210.0      8.65000E-06
  5230.0      8.58390E-06
  5250.0      8.51850E-06
  5270.0      8.45380E-06
  5290.0      8.39000E-06
  5310.0      8.32680E-06
  5330.0      8.26430E-06
  5350.0      8.20250E-06
  5370.0      8.14130E-06
  5390.0      8.08090E-06
  5410.0      8.02120E-06
  5430.0      7.96210E-06
  5450.0      7.90360E-06
  5470.0      7.84580E-06
  5490.0      7.78860E-06
  5510.0      7.73200E-06
  5530.0      7.67600E-06
  5550.0      7.62070E-06
  5570.0      7.56600E-06
  5590.0      7.51180E-06
  5610.0      7.45820E-06
  5630.0      7.40510E-06
  5650.0      7.35270E-06
  5670.0      7.30070E-06
  5690.0      7.24930E-06
  5710.0      7.19560E-06
  5730.0      7.14810E-06
  5750.0      7.09840E-06
  5770.0      7.04910E-06
  5790.0      7.00030E-06
  5810.0      6.95210E-06
  5830.0      6.90430E-06
  5850.0      6.85800E-06
  5870.0      6.81110E-06
  5890.0      6.75700E-06
  5910.0      6.60970E-06
  5930.0      6.67060E-06
  5950.0      6.61600E-06
  5970.0      6.57980E-06
  5990.0      6.54000E-06
  6010.0      6.49640E-06
  6030.0      6.45320E-06
  6050.0      6.41040E-06
  6070.0      6.36810E-06
  6090.0      6.32610E-06
  6110.0      6.28460E-06
  6130.0      6.24350E-06
  6150.0      6.20280E-06
  6170.0      6.16240E-06
  6190.0      6.12250E-06
  6210.0      6.08290E-06
  6230.0      6.04380E-06
  6250.0      6.00490E-06
  6270.0      5.96640E-06
  6290.0      5.90120E-06
  6310.0      5.88820E-06
  6330.0      5.85340E-06
  6350.0      5.81640E-06
  6370.0      5.77970E-06
  6390.0      5.74340E-06
  6420.0      5.68960E-06
  6460.0      5.61900E-06
  6500.0      5.54970E-06
  6540.0      5.48160E-06
  6580.0      5.41480E-06
  6620.0      5.34910E-06
  6660.0      5.28470E-06
  6700.0      5.22140E-06
  6740.0      5.15810E-06
  6780.0      5.07590E-06
  6820.0      5.03800E-06
  6860.0      4.97910E-06
  6900.0      4.92120E-06
  6940.0      4.86420E-06
  6980.0      4.80820E-06
  7020.0      4.75320E-06
  7060.0      4.69910E-06
  7100.0      4.64600E-06
  7140.0      4.59370E-06
  7180.0      4.54230E-06
  7220.0      4.49170E-06
  7260.0      4.44190E-06
  7300.0      4.39300E-06
  7340.0      4.34490E-06
  7380.0      4.29750E-06
  7420.0      4.25040E-06
  7460.0      4.14320E-06
  7500.0      4.08640E-06
  7540.0      4.11220E-06
  7580.0      4.07200E-06
  7620.0      4.02900E-06
  7660.0      3.98670E-06
  7700.0      3.94510E-06
  7740.0      3.90400E-06
  7780.0      3.86360E-06
  7820.0      3.82390E-06
  7860.0      3.78470E-06
  7900.0      3.74620E-06
  7940.0      3.70820E-06
  7980.0      3.67080E-06
  8020.0      3.63390E-06
  8060.0      3.59760E-06
  8100.0      3.56180E-06
  8140.0      3.52510E-06
  8180.0      3.49180E-06
  8220.0      3.45760E-06
  8260.0      3.42390E-06
  8300.0      3.39070E-06
  8340.0      3.35790E-06
  8380.0      3.32560E-06
  8420.0      3.29380E-06
  8460.0      3.26240E-06
  8500.0      3.23140E-06
  8540.0      3.20090E-06
  8580.0      3.17080E-06
  8620.0      3.14110E-06
  8660.0      3.10640E-06
  8700.0      3.08300E-06
  8740.0      3.03790E-06
  8780.0      3.00970E-06
  8820.0      2.99880E-06
  8860.0      2.97160E-06
  8900.0      2.94460E-06
  8940.0      2.91800E-06
  8980.0      2.89180E-06
  9020.0      2.86590E-06
  9060.0      2.84040E-06
  9100.0      2.81520E-06
  9140.0      2.79030E-06
  9180.0      2.76580E-06
  9220.0      2.74160E-06
  9260.0      2.71770E-06
  9300.0      2.69410E-06
  9340.0      2.67070E-06
  9380.0      2.63850E-06
  9420.0      2.62300E-06
  9460.0      2.60260E-06
  9500.0      2.58050E-06
  9540.0      2.55870E-06
  9580.0      2.53710E-06
  9620.0      2.51580E-06
  9660.0      2.49470E-06
  9700.0      2.47400E-06
  9740.0      2.45340E-06
  9780.0      2.43310E-06
  9820.0      2.41310E-06
  9860.0      2.39330E-06
  9900.0      2.37380E-06
  9940.0      2.35450E-06
  9980.0      2.33540E-06
  10020.      2.31660E-06
  20000.      5.67670E-07
  40000.      1.37630E-07
  60000.      6.00610E-08
  80000.      3.33680E-08
 1.00000E+05  2.11630E-08
 1.20000E+05  1.45950E-08
 1.40000E+05  1.06630E-08
 1.60000E+05  8.12660E-09
