 Castelli and Kurucz 2004-2012 Atmosphere
 T     45000.     G    4.50000 [-2.0] N(He)/Ntot=0.0784 VTURB=2.0  L/H=1.25 ODF
 Wavelength  Eddington Hnu
   (nm)    (ergs/s/cm2/Hz/sr)
  9.0900      1.88910E-20
  9.3500      5.70600E-20
  9.6100      1.63160E-19
  9.7700      3.04020E-19
  9.9600      6.21400E-19
  10.200      1.48270E-18
  10.380      2.78270E-18
  10.560      5.12500E-18
  10.770      1.02180E-17
  11.040      2.39860E-17
  11.400      7.08080E-17
  11.780      2.08700E-16
  12.130      5.35960E-16
  12.480      1.31270E-15
  12.710      2.30920E-15
  12.840      3.15260E-15
  13.050      5.15100E-15
  13.240      7.93640E-15
  13.390      1.10760E-14
  13.660      1.98530E-14
  13.980      3.86160E-14
  14.330      7.74800E-14
  14.720      1.62100E-13
  15.100      3.22260E-13
  15.520      6.63160E-13
  15.880      1.19610E-12
  16.200      1.98040E-12
  16.600      3.62020E-12
  17.030      6.71010E-12
  17.340      1.02810E-11
  17.680      1.61640E-11
  18.020      2.49720E-11
  18.170      3.00170E-11
  18.610      5.11670E-11
  19.100      8.97940E-11
  19.390      1.23690E-10
  19.840      1.99390E-10
  20.180      2.81980E-10
  20.500      3.86740E-10
  21.050      6.50710E-10
  21.620      1.08460E-09
  21.980      1.47740E-09
  22.300      1.92690E-09
  22.680      2.61420E-09
  23.000      9.48700E-08
  23.400      4.73520E-07
  24.000      5.51560E-06
  24.650      4.69260E-05
  25.240      1.04720E-04
  25.680      7.23030E-05
  26.000      1.88690E-04
  26.400      2.63270E-04
  26.850      3.05240E-04
  27.350      3.66610E-04
  27.850      3.82260E-04
  28.400      4.51120E-04
  29.000      5.07360E-04
  29.600      4.38780E-04
  30.100      1.57470E-04
  30.800      2.75210E-04
  31.800      4.83640E-04
  32.800      5.54560E-04
  33.800      5.58170E-04
  34.800      5.87590E-04
  35.700      7.11110E-04
  36.600      8.03100E-04
  37.500      8.46840E-04
  38.500      7.91490E-04
  39.500      9.30600E-04
  40.500      1.02570E-03
  41.400      1.07040E-03
  42.200      1.07110E-03
  43.000      1.09310E-03
  44.100      1.19590E-03
  45.100      1.24170E-03
  46.000      1.23700E-03
  47.000      1.27020E-03
  48.000      1.33630E-03
  49.000      1.31830E-03
  50.000      1.40820E-03
  50.600      1.39460E-03
  51.200      1.59560E-03
  52.000      1.60670E-03
  53.000      1.63830E-03
  54.000      1.58130E-03
  55.000      1.57620E-03
  56.000      1.73600E-03
  57.000      1.78800E-03
  58.000      1.79410E-03
  59.000      1.84910E-03
  60.000      1.84020E-03
  61.000      1.81120E-03
  62.000      1.91540E-03
  63.000      1.91590E-03
  64.000      1.97970E-03
  65.000      1.97950E-03
  65.800      1.95320E-03
  66.500      2.02830E-03
  67.500      2.06630E-03
  68.500      2.02780E-03
  69.500      2.11180E-03
  70.500      2.06190E-03
  71.600      2.15560E-03
  72.600      2.18750E-03
  73.500      2.20540E-03
  74.500      2.20680E-03
  75.500      2.21610E-03
  76.500      2.19850E-03
  77.500      2.25330E-03
  78.500      2.25040E-03
  79.500      2.27680E-03
  80.500      2.30600E-03
  81.500      2.32460E-03
  82.500      2.34790E-03
  83.500      2.29110E-03
  84.500      2.36750E-03
  85.500      2.36330E-03
  86.500      2.39980E-03
  87.500      2.41800E-03
  88.500      2.42350E-03
  89.500      2.43090E-03
  90.500      2.41890E-03
  91.500      1.93850E-03
  92.500      3.23940E-03
  93.500      4.07720E-03
  94.500      4.82760E-03
  95.500      5.17550E-03
  96.500      5.67120E-03
  97.500      4.78760E-03
  98.500      5.57980E-03
  99.500      5.29680E-03
  100.50      5.56240E-03
  101.50      5.52980E-03
  102.50      4.75300E-03
  103.50      5.49430E-03
  104.50      5.50720E-03
  105.50      5.47770E-03
  106.50      5.39160E-03
  107.50      5.38500E-03
  108.50      5.16650E-03
  109.50      5.34000E-03
  110.50      5.28280E-03
  111.50      5.23900E-03
  112.50      5.16760E-03
  113.50      5.20390E-03
  114.50      5.17090E-03
  115.50      5.10990E-03
  116.50      5.06180E-03
  117.50      4.85860E-03
  118.50      5.01470E-03
  119.50      4.96440E-03
  120.50      4.93870E-03
  121.50      4.23710E-03
  122.50      4.86640E-03
  123.50      4.79950E-03
  124.50      4.76390E-03
  125.50      4.78600E-03
  126.50      4.75370E-03
  127.50      4.72010E-03
  128.50      4.68730E-03
  129.50      4.65500E-03
  130.50      4.61480E-03
  131.50      4.58460E-03
  132.50      4.54380E-03
  133.50      4.52040E-03
  134.50      4.49420E-03
  135.50      4.44660E-03
  136.50      4.39740E-03
  137.50      4.33830E-03
  138.50      4.34090E-03
  139.50      4.28650E-03
  140.50      4.22490E-03
  141.50      4.25980E-03
  142.50      4.22280E-03
  143.50      4.20400E-03
  144.20      4.15890E-03
  144.70      4.15060E-03
  145.50      4.12220E-03
  146.50      4.09670E-03
  147.50      4.07960E-03
  148.50      4.06580E-03
  149.50      4.03220E-03
  150.50      4.00890E-03
  151.20      3.99290E-03
  151.70      3.97100E-03
  152.50      3.95380E-03
  153.50      3.91290E-03
  154.50      3.79320E-03
  155.50      3.78000E-03
  156.50      3.82690E-03
  157.50      3.80980E-03
  158.50      3.77870E-03
  159.50      3.75490E-03
  160.50      3.71710E-03
  161.50      3.69320E-03
  162.50      3.65760E-03
  163.50      3.57870E-03
  164.50      3.42850E-03
  165.50      3.59970E-03
  166.50      3.57880E-03
  167.20      3.54700E-03
  167.70      3.55220E-03
  168.50      3.53240E-03
  169.50      3.50930E-03
  170.50      3.48260E-03
  171.50      3.42490E-03
  172.50      3.42500E-03
  173.50      3.41540E-03
  174.50      3.39050E-03
  175.50      3.36520E-03
  176.50      3.34530E-03
  177.50      3.32320E-03
  178.50      3.30130E-03
  179.50      3.27770E-03
  180.50      3.25590E-03
  181.50      3.23430E-03
  182.50      3.21240E-03
  183.50      3.19140E-03
  184.50      3.16980E-03
  185.50      3.14790E-03
  186.50      3.12680E-03
  187.50      3.10590E-03
  188.50      3.08510E-03
  189.50      3.06600E-03
  190.50      3.04580E-03
  191.50      3.02560E-03
  192.50      3.00200E-03
  193.50      2.98590E-03
  194.50      2.96640E-03
  195.50      2.94670E-03
  196.70      2.92380E-03
  197.60      2.90650E-03
  198.40      2.89170E-03
  199.50      2.87080E-03
  200.50      2.85240E-03
  201.50      2.83400E-03
  202.50      2.81570E-03
  203.50      2.79760E-03
  204.50      2.77840E-03
  205.50      2.17180E-03
  206.50      2.11110E-03
  207.40      2.16310E-03
  207.80      2.21670E-03
  208.50      2.37280E-03
  209.50      2.62010E-03
  210.50      2.67500E-03
  211.50      2.66720E-03
  212.50      2.65180E-03
  213.50      2.63040E-03
  214.50      2.61920E-03
  215.50      2.64490E-03
  216.50      2.56920E-03
  217.50      2.62960E-03
  218.50      2.53840E-03
  219.50      2.59600E-03
  220.50      2.58300E-03
  221.50      2.49020E-03
  222.50      2.55050E-03
  223.50      2.53570E-03
  224.50      2.51830E-03
  225.50      2.43250E-03
  226.50      2.48910E-03
  227.50      2.47400E-03
  228.50      2.45850E-03
  229.50      2.43190E-03
  230.50      2.36180E-03
  231.50      2.41250E-03
  232.50      2.39970E-03
  233.50      2.38520E-03
  234.50      2.37080E-03
  235.50      2.35660E-03
  236.50      2.34250E-03
  237.50      2.32830E-03
  238.50      2.25180E-03
  239.50      2.29900E-03
  240.50      2.28640E-03
  241.50      2.27300E-03
  242.50      2.26010E-03
  243.50      2.24680E-03
  244.50      2.23370E-03
  245.50      2.22000E-03
  246.50      2.20760E-03
  247.50      2.19490E-03
  248.50      2.18200E-03
  249.50      2.13880E-03
  250.50      2.15020E-03
  251.30      2.02230E-03
  251.80      2.13660E-03
  252.50      2.13000E-03
  253.50      2.11990E-03
  254.50      2.10780E-03
  255.50      2.09570E-03
  256.50      2.08380E-03
  257.50      2.07200E-03
  258.50      2.06020E-03
  259.50      2.04760E-03
  260.50      2.03730E-03
  261.50      2.02550E-03
  262.50      2.01450E-03
  263.50      2.00320E-03
  264.50      1.99210E-03
  265.50      1.98100E-03
  266.50      1.96990E-03
  267.50      1.95840E-03
  268.50      1.94820E-03
  269.50      1.93700E-03
  270.50      1.92690E-03
  271.50      1.91630E-03
  272.50      1.90510E-03
  273.50      1.84620E-03
  274.50      1.88500E-03
  275.50      1.87480E-03
  276.50      1.86400E-03
  277.50      1.85450E-03
  278.50      1.84450E-03
  279.50      1.83450E-03
  280.50      1.82480E-03
  281.50      1.81500E-03
  282.50      1.80460E-03
  283.50      1.79550E-03
  284.50      1.78620E-03
  285.50      1.77670E-03
  286.50      1.76730E-03
  287.50      1.75800E-03
  288.50      1.74880E-03
  289.50      1.73960E-03
  291.00      1.72590E-03
  293.00      1.70800E-03
  295.00      1.68980E-03
  297.00      1.67280E-03
  299.00      1.65540E-03
  301.00      1.63870E-03
  303.00      1.62170E-03
  305.00      1.60540E-03
  307.00      1.58920E-03
  309.00      1.57370E-03
  311.00      1.55800E-03
  313.00      1.54250E-03
  315.00      1.52740E-03
  317.00      1.51240E-03
  319.00      1.49640E-03
  321.00      1.46210E-03
  323.00      1.46870E-03
  325.00      1.45460E-03
  327.00      1.43990E-03
  329.00      1.42670E-03
  331.00      1.41320E-03
  333.00      1.39980E-03
  335.00      1.38630E-03
  337.00      1.37360E-03
  339.00      1.36080E-03
  341.00      1.34800E-03
  343.00      1.33580E-03
  345.00      1.32320E-03
  347.00      1.31130E-03
  349.00      1.29930E-03
  351.00      1.28740E-03
  353.00      1.27560E-03
  355.00      1.26400E-03
  357.00      1.25300E-03
  359.00      1.24120E-03
  361.00      1.23050E-03
  363.00      1.21910E-03
  364.00      1.19140E-03
  365.00      1.09580E-03
  367.00      1.08760E-03
  369.00      1.08200E-03
  371.00      1.08370E-03
  373.00      1.09020E-03
  375.00      1.10670E-03
  377.00      1.11830E-03
  379.00      1.13110E-03
  381.00      1.14210E-03
  383.00      1.09990E-03
  385.00      1.13580E-03
  387.00      1.13850E-03
  389.00      1.06440E-03
  391.00      1.12280E-03
  393.00      1.10640E-03
  395.00      1.10570E-03
  397.00      1.02790E-03
  399.00      1.08640E-03
  401.00      1.08150E-03
  403.00      1.05500E-03
  405.00      1.06460E-03
  407.00      1.05550E-03
  409.00      1.02930E-03
  411.00      9.81670E-04
  413.00      1.02870E-03
  415.00      1.02110E-03
  417.00      1.01340E-03
  419.00      1.00150E-03
  421.00      9.84510E-04
  423.00      9.89260E-04
  425.00      9.81370E-04
  427.00      9.73570E-04
  429.00      9.65860E-04
  431.00      9.57840E-04
  433.00      9.28570E-04
  435.00      8.98750E-04
  437.00      9.35020E-04
  439.00      9.27410E-04
  441.00      9.21430E-04
  443.00      9.14250E-04
  445.00      9.07310E-04
  447.00      8.96100E-04
  449.00      8.93510E-04
  451.00      8.86710E-04
  453.00      8.78970E-04
  455.00      8.60340E-04
  457.00      8.66800E-04
  459.00      8.60320E-04
  461.00      8.53900E-04
  463.00      8.47470E-04
  465.00      8.40800E-04
  467.00      8.34350E-04
  469.00      8.03910E-04
  471.00      8.22040E-04
  473.00      8.16840E-04
  475.00      8.10900E-04
  477.00      8.05020E-04
  479.00      7.99200E-04
  481.00      7.93450E-04
  483.00      7.87440E-04
  485.00      7.68910E-04
  487.00      7.36030E-04
  489.00      7.70180E-04
  491.00      7.65590E-04
  493.00      7.58450E-04
  495.00      7.54860E-04
  497.00      7.49580E-04
  499.00      7.44350E-04
  501.00      7.38300E-04
  503.00      7.34060E-04
  505.00      7.28820E-04
  507.00      7.23970E-04
  509.00      7.19010E-04
  511.00      7.14090E-04
  513.00      7.09220E-04
  515.00      7.04410E-04
  517.00      6.99640E-04
  519.00      6.94920E-04
  521.00      6.90250E-04
  523.00      6.85620E-04
  525.00      6.81040E-04
  527.00      6.76500E-04
  529.00      6.72020E-04
  531.00      6.67570E-04
  533.00      6.63170E-04
  535.00      6.58810E-04
  537.00      6.54490E-04
  539.00      6.50210E-04
  541.00      6.35650E-04
  543.00      6.41770E-04
  545.00      6.37640E-04
  547.00      6.33520E-04
  549.00      6.29450E-04
  551.00      6.25410E-04
  553.00      6.21420E-04
  555.00      6.17460E-04
  557.00      6.13540E-04
  559.00      6.09610E-04
  561.00      6.05810E-04
  563.00      6.02000E-04
  565.00      5.98230E-04
  567.00      5.94490E-04
  569.00      5.84260E-04
  571.00      5.52270E-04
  573.00      5.49080E-04
  575.00      5.45940E-04
  577.00      5.42910E-04
  579.00      5.40170E-04
  581.00      5.37770E-04
  583.00      5.36170E-04
  585.00      5.35010E-04
  587.00      5.31940E-04
  589.00      5.33480E-04
  591.00      5.33220E-04
  593.00      5.33370E-04
  595.00      5.33960E-04
  597.00      5.34540E-04
  599.00      5.35650E-04
  601.00      5.34050E-04
  603.00      5.31950E-04
  605.00      5.30380E-04
  607.00      5.26690E-04
  609.00      5.24310E-04
  611.00      5.20760E-04
  613.00      5.17750E-04
  615.00      5.15480E-04
  617.00      5.10690E-04
  619.00      5.09430E-04
  621.00      5.06580E-04
  623.00      5.01610E-04
  625.00      5.00380E-04
  627.00      4.97910E-04
  629.00      4.95060E-04
  631.00      4.89400E-04
  633.00      4.89250E-04
  635.00      4.86680E-04
  637.00      4.83930E-04
  639.00      4.81020E-04
  641.00      4.74860E-04
  643.00      4.75820E-04
  645.00      4.73170E-04
  647.00      4.70530E-04
  649.00      4.67920E-04
  651.00      4.65140E-04
  653.00      4.58010E-04
  655.00      4.55590E-04
  657.00      4.32520E-04
  659.00      4.54560E-04
  661.00      4.52690E-04
  663.00      4.50220E-04
  665.00      4.47780E-04
  667.00      4.44160E-04
  669.00      4.37400E-04
  671.00      4.40550E-04
  673.00      4.38190E-04
  675.00      4.35840E-04
  677.00      4.33510E-04
  679.00      4.31200E-04
  681.00      4.28900E-04
  683.00      4.26620E-04
  685.00      4.24370E-04
  687.00      4.22120E-04
  689.00      4.14640E-04
  691.00      4.17520E-04
  693.00      4.15510E-04
  695.00      4.13340E-04
  697.00      4.11180E-04
  699.00      4.09050E-04
  701.00      4.06920E-04
  703.00      4.04820E-04
  705.00      4.02730E-04
  707.00      3.99700E-04
  709.00      3.98600E-04
  711.00      3.96560E-04
  713.00      3.94540E-04
  715.00      3.92530E-04
  717.00      3.87090E-04
  719.00      3.86650E-04
  721.00      3.86590E-04
  723.00      3.84640E-04
  725.00      3.82710E-04
  727.00      3.80790E-04
  729.00      3.78600E-04
  731.00      3.76990E-04
  733.00      3.75110E-04
  735.00      3.73250E-04
  737.00      3.71400E-04
  739.00      3.69570E-04
  741.00      3.67740E-04
  743.00      3.65940E-04
  745.00      3.64140E-04
  747.00      3.62360E-04
  749.00      3.60590E-04
  751.00      3.58830E-04
  753.00      3.57090E-04
  755.00      3.55360E-04
  757.00      3.53630E-04
  759.00      3.47110E-04
  761.00      3.49970E-04
  763.00      3.48560E-04
  765.00      3.46890E-04
  767.00      3.45230E-04
  769.00      3.43580E-04
  771.00      3.41950E-04
  773.00      3.40320E-04
  775.00      3.38710E-04
  777.00      3.37120E-04
  779.00      3.35530E-04
  781.00      3.33950E-04
  783.00      3.32380E-04
  785.00      3.30840E-04
  787.00      3.29290E-04
  789.00      3.27760E-04
  791.00      3.26240E-04
  793.00      3.24730E-04
  795.00      3.23220E-04
  797.00      3.21730E-04
  799.00      3.20250E-04
  801.00      3.18780E-04
  803.00      3.17320E-04
  805.00      3.15870E-04
  807.00      3.14430E-04
  809.00      3.13000E-04
  811.00      3.11570E-04
  813.00      3.10160E-04
  815.00      3.08760E-04
  817.00      3.07370E-04
  819.00      3.04800E-04
  821.00      2.93340E-04
  823.00      2.90540E-04
  825.00      2.90540E-04
  827.00      2.89580E-04
  829.00      2.88380E-04
  831.00      2.87160E-04
  833.00      2.85950E-04
  835.00      2.84750E-04
  837.00      2.83610E-04
  839.00      2.82490E-04
  841.00      2.81480E-04
  843.00      2.80470E-04
  845.00      2.79440E-04
  847.00      2.78520E-04
  849.00      2.77700E-04
  851.00      2.76790E-04
  853.00      2.76060E-04
  855.00      2.74990E-04
  857.00      2.74610E-04
  859.00      2.73370E-04
  861.00      2.72620E-04
  863.00      2.72590E-04
  865.00      2.71510E-04
  867.00      2.69370E-04
  869.00      2.70610E-04
  871.00      2.70360E-04
  873.00      2.69250E-04
  875.00      2.64910E-04
  877.00      2.67320E-04
  879.00      2.68080E-04
  881.00      2.67630E-04
  883.00      2.66810E-04
  885.00      2.62880E-04
  887.00      2.57610E-04
  889.00      2.62970E-04
  891.00      2.63000E-04
  893.00      2.61990E-04
  895.00      2.61550E-04
  897.00      2.60130E-04
  899.00      2.57780E-04
  901.00      2.49360E-04
  903.00      2.51940E-04
  905.00      2.55210E-04
  907.00      2.54860E-04
  909.00      2.54000E-04
  911.00      2.52460E-04
  913.00      2.52020E-04
  915.00      2.51000E-04
  917.00      2.49930E-04
  919.00      2.48500E-04
  921.00      2.45340E-04
  923.00      2.35400E-04
  925.00      2.42860E-04
  927.00      2.44400E-04
  929.00      2.43970E-04
  931.00      2.42950E-04
  933.00      2.41830E-04
  935.00      2.36540E-04
  937.00      2.39010E-04
  939.00      2.39110E-04
  941.00      2.38180E-04
  943.00      2.37240E-04
  945.00      2.36300E-04
  947.00      2.35310E-04
  949.00      2.34440E-04
  951.00      2.32800E-04
  953.00      2.29350E-04
  955.00      2.19870E-04
  957.00      2.28560E-04
  959.00      2.29530E-04
  961.00      2.28980E-04
  963.00      2.28040E-04
  965.00      2.27210E-04
  967.00      2.26330E-04
  969.00      2.25450E-04
  971.00      2.24560E-04
  973.00      2.23710E-04
  975.00      2.22580E-04
  977.00      2.20630E-04
  979.00      2.21140E-04
  981.00      2.20300E-04
  983.00      2.19460E-04
  985.00      2.18630E-04
  987.00      2.17790E-04
  989.00      2.16970E-04
  991.00      2.16150E-04
  993.00      2.15330E-04
  995.00      2.14510E-04
  997.00      2.13710E-04
  999.00      2.12900E-04
  1002.5      2.08740E-04
  1007.5      2.05410E-04
  1012.5      2.04680E-04
  1017.5      2.05680E-04
  1022.5      2.03790E-04
  1027.5      2.01930E-04
  1032.5      2.00010E-04
  1037.5      1.98280E-04
  1042.5      1.95560E-04
  1047.5      1.94720E-04
  1052.5      1.92980E-04
  1057.5      1.91270E-04
  1062.5      1.89570E-04
  1067.5      1.87890E-04
  1072.5      1.86250E-04
  1077.5      1.84620E-04
  1082.5      1.82700E-04
  1087.5      1.81360E-04
  1092.5      1.74770E-04
  1097.5      1.77190E-04
  1102.5      1.76750E-04
  1107.5      1.75280E-04
  1112.5      1.73790E-04
  1117.5      1.72410E-04
  1122.5      1.70960E-04
  1127.5      1.69530E-04
  1132.5      1.68110E-04
  1137.5      1.66720E-04
  1142.5      1.65330E-04
  1147.5      1.63970E-04
  1152.5      1.62620E-04
  1157.5      1.61290E-04
  1162.5      1.58560E-04
  1167.5      1.57670E-04
  1172.5      1.57400E-04
  1177.5      1.56130E-04
  1182.5      1.54880E-04
  1187.5      1.53640E-04
  1192.5      1.52420E-04
  1197.5      1.51090E-04
  1202.5      1.50020E-04
  1207.5      1.48840E-04
  1212.5      1.47670E-04
  1217.5      1.46520E-04
  1222.5      1.45380E-04
  1227.5      1.44250E-04
  1232.5      1.43140E-04
  1237.5      1.42040E-04
  1242.5      1.40950E-04
  1247.5      1.39880E-04
  1252.5      1.38800E-04
  1257.5      1.37760E-04
  1262.5      1.36720E-04
  1267.5      1.35700E-04
  1272.5      1.34680E-04
  1277.5      1.33200E-04
  1282.5      1.28520E-04
  1287.5      1.31540E-04
  1292.5      1.30730E-04
  1297.5      1.29730E-04
  1302.5      1.28820E-04
  1307.5      1.27880E-04
  1312.5      1.26950E-04
  1317.5      1.26030E-04
  1322.5      1.25120E-04
  1327.5      1.24220E-04
  1332.5      1.23330E-04
  1337.5      1.22450E-04
  1342.5      1.21570E-04
  1347.5      1.20710E-04
  1352.5      1.19860E-04
  1357.5      1.19020E-04
  1362.5      1.18180E-04
  1367.5      1.17350E-04
  1372.5      1.16540E-04
  1377.5      1.15730E-04
  1382.5      1.14930E-04
  1387.5      1.14130E-04
  1392.5      1.13350E-04
  1397.5      1.12570E-04
  1402.5      1.11800E-04
  1407.5      1.11040E-04
  1412.5      1.10290E-04
  1417.5      1.09540E-04
  1422.5      1.08810E-04
  1427.5      1.08080E-04
  1432.5      1.07350E-04
  1437.5      1.06640E-04
  1442.5      1.05930E-04
  1447.5      1.05230E-04
  1452.5      1.04530E-04
  1457.0      1.03910E-04
  1462.0      1.03250E-04
  1467.5      1.02510E-04
  1472.5      1.01810E-04
  1477.5      1.00370E-04
  1482.5      1.00540E-04
  1487.5      1.00070E-04
  1492.5      9.94280E-05
  1497.5      9.87900E-05
  1502.5      9.81580E-05
  1507.5      9.74870E-05
  1512.5      9.69110E-05
  1517.5      9.62960E-05
  1522.5      9.56880E-05
  1527.5      9.50850E-05
  1532.5      9.44330E-05
  1537.5      9.38800E-05
  1542.5      9.32110E-05
  1547.5      9.26750E-05
  1552.5      9.20780E-05
  1557.5      9.14100E-05
  1562.5      9.10190E-05
  1567.5      9.03020E-05
  1572.5      8.96810E-05
  1577.5      8.93550E-05
  1582.5      8.87760E-05
  1587.5      8.79030E-05
  1592.5      8.75990E-05
  1597.5      8.72080E-05
  1605.0      8.63110E-05
  1615.0      8.50780E-05
  1625.0      8.43790E-05
  1635.0      8.32040E-05
  1645.0      8.19380E-05
  1655.0      8.14460E-05
  1665.0      8.05030E-05
  1675.0      7.93370E-05
  1685.0      7.80580E-05
  1695.0      7.77670E-05
  1705.0      7.68340E-05
  1715.0      7.60210E-05
  1725.0      7.51670E-05
  1735.0      7.34310E-05
  1745.0      7.34270E-05
  1755.0      7.26980E-05
  1765.0      7.19020E-05
  1775.0      7.11180E-05
  1785.0      7.03470E-05
  1795.0      6.95890E-05
  1805.0      6.88420E-05
  1815.0      6.71990E-05
  1825.0      6.72370E-05
  1835.0      6.66740E-05
  1845.0      6.59740E-05
  1855.0      6.52950E-05
  1865.0      6.39800E-05
  1875.0      6.26990E-05
  1885.0      6.32890E-05
  1895.0      6.26430E-05
  1905.0      6.19830E-05
  1915.0      6.13760E-05
  1925.0      6.07570E-05
  1935.0      6.01220E-05
  1945.0      5.85390E-05
  1955.0      5.89270E-05
  1965.0      5.83720E-05
  1975.0      5.77980E-05
  1985.0      5.72320E-05
  1995.0      5.66740E-05
  2005.0      5.61240E-05
  2015.0      5.55820E-05
  2025.0      5.50480E-05
  2035.0      5.45220E-05
  2045.0      5.40030E-05
  2055.0      5.34840E-05
  2065.0      5.29870E-05
  2075.0      5.24900E-05
  2085.0      5.20000E-05
  2095.0      5.15170E-05
  2105.0      5.10400E-05
  2115.0      5.05550E-05
  2125.0      5.01060E-05
  2135.0      4.96480E-05
  2145.0      4.91970E-05
  2155.0      4.87470E-05
  2165.0      4.74010E-05
  2175.0      4.78360E-05
  2185.0      4.74520E-05
  2195.0      4.70310E-05
  2205.0      4.66150E-05
  2215.0      4.62040E-05
  2225.0      4.57990E-05
  2235.0      4.53990E-05
  2245.0      4.50040E-05
  2255.0      4.46140E-05
  2265.0      4.42300E-05
  2275.0      4.38500E-05
  2285.0      4.35080E-05
  2295.0      4.31380E-05
  2305.0      4.27720E-05
  2315.0      4.24110E-05
  2325.0      4.20540E-05
  2335.0      4.17020E-05
  2345.0      4.13550E-05
  2355.0      4.10110E-05
  2365.0      4.06720E-05
  2375.0      4.03370E-05
  2385.0      4.00060E-05
  2395.0      3.96800E-05
  2405.0      3.93570E-05
  2415.0      3.90380E-05
  2425.0      3.87230E-05
  2435.0      3.84110E-05
  2445.0      3.81040E-05
  2455.0      3.78000E-05
  2465.0      3.74990E-05
  2475.0      3.71950E-05
  2485.0      3.69090E-05
  2495.0      3.66190E-05
  2505.0      3.63330E-05
  2515.0      3.60490E-05
  2525.0      3.57690E-05
  2535.0      3.54930E-05
  2545.0      3.52190E-05
  2555.0      3.49490E-05
  2565.0      3.46520E-05
  2575.0      3.44170E-05
  2585.0      3.41560E-05
  2595.0      3.38980E-05
  2605.0      3.36280E-05
  2615.0      3.32670E-05
  2625.0      3.24180E-05
  2635.0      3.28550E-05
  2645.0      3.26490E-05
  2655.0      3.24060E-05
  2665.0      3.21630E-05
  2675.0      3.17890E-05
  2685.0      3.16930E-05
  2695.0      3.14680E-05
  2705.0      3.12400E-05
  2715.0      3.10140E-05
  2725.0      3.07900E-05
  2735.0      3.05690E-05
  2745.0      3.03490E-05
  2755.0      2.99440E-05
  2765.0      2.98500E-05
  2775.0      2.97070E-05
  2785.0      2.94970E-05
  2795.0      2.92900E-05
  2805.0      2.90850E-05
  2815.0      2.88810E-05
  2825.0      2.86800E-05
  2835.0      2.84810E-05
  2845.0      2.82840E-05
  2855.0      2.80890E-05
  2865.0      2.78390E-05
  2875.0      2.74350E-05
  2885.0      2.75110E-05
  2895.0      2.73290E-05
  2905.0      2.71440E-05
  2915.0      2.69610E-05
  2925.0      2.67790E-05
  2935.0      2.66000E-05
  2945.0      2.64220E-05
  2955.0      2.62460E-05
  2965.0      2.60710E-05
  2975.0      2.58990E-05
  2985.0      2.57280E-05
  2995.0      2.55580E-05
  3005.0      2.53910E-05
  3015.0      2.52250E-05
  3025.0      2.50600E-05
  3035.0      2.46350E-05
  3045.0      2.46000E-05
  3055.0      2.45760E-05
  3065.0      2.44180E-05
  3075.0      2.42620E-05
  3085.0      2.41070E-05
  3095.0      2.39530E-05
  3105.0      2.38010E-05
  3115.0      2.36500E-05
  3125.0      2.35010E-05
  3135.0      2.33530E-05
  3145.0      2.32060E-05
  3155.0      2.30610E-05
  3165.0      2.29170E-05
  3175.0      2.27750E-05
  3185.0      2.26340E-05
  3195.0      2.24940E-05
  3210.0      2.22860E-05
  3230.0      2.20140E-05
  3250.0      2.17470E-05
  3270.0      2.14840E-05
  3290.0      2.10110E-05
  3310.0      2.09420E-05
  3330.0      2.07330E-05
  3350.0      2.04880E-05
  3370.0      2.02480E-05
  3390.0      2.00120E-05
  3410.0      1.97810E-05
  3430.0      1.95530E-05
  3450.0      1.93290E-05
  3470.0      1.91090E-05
  3490.0      1.88920E-05
  3510.0      1.86790E-05
  3530.0      1.84700E-05
  3550.0      1.82640E-05
  3570.0      1.80620E-05
  3590.0      1.78630E-05
  3610.0      1.76670E-05
  3630.0      1.74740E-05
  3650.0      1.72850E-05
  3670.0      1.70990E-05
  3690.0      1.69150E-05
  3710.0      1.67320E-05
  3730.0      1.64720E-05
  3750.0      1.62360E-05
  3770.0      1.62100E-05
  3790.0      1.60410E-05
  3810.0      1.58730E-05
  3830.0      1.57090E-05
  3850.0      1.55480E-05
  3870.0      1.53890E-05
  3890.0      1.52320E-05
  3910.0      1.50710E-05
  3930.0      1.49250E-05
  3950.0      1.47750E-05
  3970.0      1.46270E-05
  3990.0      1.44820E-05
  4010.0      1.43290E-05
  4030.0      1.41780E-05
  4050.0      1.38730E-05
  4070.0      1.39210E-05
  4090.0      1.37860E-05
  4110.0      1.36530E-05
  4130.0      1.35210E-05
  4150.0      1.33920E-05
  4170.0      1.32220E-05
  4190.0      1.31380E-05
  4210.0      1.30150E-05
  4230.0      1.28920E-05
  4250.0      1.27710E-05
  4270.0      1.26530E-05
  4290.0      1.25340E-05
  4310.0      1.24200E-05
  4330.0      1.23060E-05
  4350.0      1.21930E-05
  4370.0      1.20260E-05
  4390.0      1.19580E-05
  4410.0      1.18640E-05
  4430.0      1.17580E-05
  4450.0      1.16530E-05
  4470.0      1.15520E-05
  4490.0      1.14490E-05
  4510.0      1.13480E-05
  4530.0      1.12480E-05
  4550.0      1.11500E-05
  4570.0      1.10530E-05
  4590.0      1.09570E-05
  4610.0      1.08620E-05
  4630.0      1.07680E-05
  4650.0      1.04920E-05
  4670.0      1.04890E-05
  4690.0      1.04850E-05
  4710.0      1.04070E-05
  4730.0      1.03190E-05
  4750.0      1.02320E-05
  4770.0      1.01470E-05
  4790.0      1.00620E-05
  4810.0      9.97880E-06
  4830.0      9.89650E-06
  4850.0      9.81510E-06
  4870.0      9.73470E-06
  4890.0      9.65530E-06
  4910.0      9.57680E-06
  4930.0      9.49930E-06
  4950.0      9.42270E-06
  4970.0      9.34700E-06
  4990.0      9.27230E-06
  5010.0      9.19840E-06
  5030.0      9.12540E-06
  5050.0      9.05320E-06
  5070.0      8.98190E-06
  5090.0      8.91140E-06
  5110.0      8.83530E-06
  5130.0      8.67160E-06
  5150.0      8.70310E-06
  5170.0      8.63760E-06
  5190.0      8.57120E-06
  5210.0      8.50550E-06
  5230.0      8.44050E-06
  5250.0      8.37620E-06
  5270.0      8.31260E-06
  5290.0      8.24980E-06
  5310.0      8.18770E-06
  5330.0      8.12630E-06
  5350.0      8.06560E-06
  5370.0      8.00550E-06
  5390.0      7.94610E-06
  5410.0      7.88740E-06
  5430.0      7.82930E-06
  5450.0      7.77190E-06
  5470.0      7.71500E-06
  5490.0      7.65880E-06
  5510.0      7.60310E-06
  5530.0      7.54810E-06
  5550.0      7.49380E-06
  5570.0      7.43990E-06
  5590.0      7.38670E-06
  5610.0      7.33400E-06
  5630.0      7.28190E-06
  5650.0      7.23030E-06
  5670.0      7.17920E-06
  5690.0      7.12870E-06
  5710.0      7.07590E-06
  5730.0      7.02920E-06
  5750.0      6.98030E-06
  5770.0      6.93190E-06
  5790.0      6.88390E-06
  5810.0      6.83650E-06
  5830.0      6.78950E-06
  5850.0      6.74410E-06
  5870.0      6.69800E-06
  5890.0      6.64460E-06
  5910.0      6.49910E-06
  5930.0      6.55860E-06
  5950.0      6.50600E-06
  5970.0      6.47050E-06
  5990.0      6.43140E-06
  6010.0      6.38860E-06
  6030.0      6.34610E-06
  6050.0      6.30410E-06
  6070.0      6.26240E-06
  6090.0      6.22120E-06
  6110.0      6.18040E-06
  6130.0      6.14000E-06
  6150.0      6.09990E-06
  6170.0      6.06030E-06
  6190.0      6.02100E-06
  6210.0      5.98220E-06
  6230.0      5.94360E-06
  6250.0      5.90550E-06
  6270.0      5.86760E-06
  6290.0      5.80310E-06
  6310.0      5.78970E-06
  6330.0      5.75650E-06
  6350.0      5.72010E-06
  6370.0      5.68410E-06
  6390.0      5.64840E-06
  6420.0      5.59550E-06
  6460.0      5.52610E-06
  6500.0      5.45790E-06
  6540.0      5.39100E-06
  6580.0      5.32530E-06
  6620.0      5.26080E-06
  6660.0      5.19740E-06
  6700.0      5.13520E-06
  6740.0      5.07300E-06
  6780.0      4.99190E-06
  6820.0      4.95490E-06
  6860.0      4.89700E-06
  6900.0      4.84000E-06
  6940.0      4.78410E-06
  6980.0      4.72900E-06
  7020.0      4.67500E-06
  7060.0      4.62180E-06
  7100.0      4.56950E-06
  7140.0      4.51810E-06
  7180.0      4.46750E-06
  7220.0      4.41780E-06
  7260.0      4.36890E-06
  7300.0      4.32080E-06
  7340.0      4.27350E-06
  7380.0      4.22700E-06
  7420.0      4.18030E-06
  7460.0      4.07510E-06
  7500.0      4.01900E-06
  7540.0      4.04470E-06
  7580.0      4.00520E-06
  7620.0      3.96300E-06
  7660.0      3.92140E-06
  7700.0      3.88040E-06
  7740.0      3.84010E-06
  7780.0      3.80030E-06
  7820.0      3.76130E-06
  7860.0      3.72280E-06
  7900.0      3.68490E-06
  7940.0      3.64750E-06
  7980.0      3.61080E-06
  8020.0      3.57450E-06
  8060.0      3.53880E-06
  8100.0      3.50360E-06
  8140.0      3.46750E-06
  8180.0      3.43480E-06
  8220.0      3.40120E-06
  8260.0      3.36800E-06
  8300.0      3.33530E-06
  8340.0      3.30310E-06
  8380.0      3.27130E-06
  8420.0      3.24000E-06
  8460.0      3.20920E-06
  8500.0      3.17870E-06
  8540.0      3.14870E-06
  8580.0      3.11920E-06
  8620.0      3.09000E-06
  8660.0      3.05570E-06
  8700.0      3.03280E-06
  8740.0      2.98830E-06
  8780.0      2.96070E-06
  8820.0      2.95010E-06
  8860.0      2.92320E-06
  8900.0      2.89670E-06
  8940.0      2.87060E-06
  8980.0      2.84480E-06
  9020.0      2.81940E-06
  9060.0      2.79430E-06
  9100.0      2.76950E-06
  9140.0      2.74500E-06
  9180.0      2.72090E-06
  9220.0      2.69710E-06
  9260.0      2.67360E-06
  9300.0      2.65040E-06
  9340.0      2.62740E-06
  9380.0      2.59560E-06
  9420.0      2.58050E-06
  9460.0      2.56050E-06
  9500.0      2.53870E-06
  9540.0      2.51720E-06
  9580.0      2.49600E-06
  9620.0      2.47510E-06
  9660.0      2.45440E-06
  9700.0      2.43390E-06
  9740.0      2.41370E-06
  9780.0      2.39380E-06
  9820.0      2.37410E-06
  9860.0      2.35460E-06
  9900.0      2.33540E-06
  9940.0      2.31640E-06
  9980.0      2.29770E-06
  10020.      2.27920E-06
  20000.      5.58850E-07
  40000.      1.35550E-07
  60000.      5.91690E-08
  80000.      3.28800E-08
 1.00000E+05  2.08580E-08
 1.20000E+05  1.43870E-08
 1.40000E+05  1.05130E-08
 1.60000E+05  8.01280E-09
