 Castelli and Kurucz 2004-2012 Atmosphere
 T     36000.     G    4.50000 [0.0a] VTURB=2  L/H=1.25 NOVER NEW ODF          
 Wavelength  Eddington Hnu
   (nm)    (ergs/s/cm2/Hz/sr)
  9.0900      8.63660E-29
  9.3500      3.98990E-28
  9.6100      1.69780E-27
  9.7700      4.04840E-27
  9.9600      1.09020E-26
  10.200      3.63380E-26
  10.380      8.68310E-26
  10.560      2.01940E-25
  10.770      5.23440E-25
  11.040      1.69610E-24
  11.400      7.50980E-24
  11.780      3.30180E-23
  12.130      1.19760E-22
  12.480      4.05690E-22
  12.710      8.74040E-22
  12.840      1.33330E-21
  13.050      2.59220E-21
  13.240      4.65220E-21
  13.390      7.30490E-21
  13.660      1.60490E-20
  13.980      3.94770E-20
  14.330      1.00840E-19
  14.720      2.70560E-19
  15.100      6.88450E-19
  15.520      1.81930E-18
  15.880      4.02950E-18
  16.200      7.91310E-18
  16.600      1.79300E-17
  17.030      4.11530E-17
  17.340      7.35760E-17
  17.680      1.36840E-16
  18.020      2.46760E-16
  18.170      3.21080E-16
  18.610      6.62220E-16
  19.100      1.43000E-15
  19.390      2.21530E-15
  19.840      4.28780E-15
  20.180      6.89420E-15
  20.500      1.06410E-14
  21.050      2.18150E-14
  21.620      4.38230E-14
  21.980      6.79450E-14
  22.300      9.83890E-14
  22.680      1.53920E-13
  23.000      1.01800E-10
  23.400      2.53640E-10
  24.000      3.77440E-10
  24.650      5.95560E-10
  25.240      1.03210E-09
  25.680      1.40830E-09
  26.000      2.18010E-09
  26.400      3.85500E-09
  26.850      6.14420E-09
  27.350      8.04650E-09
  27.850      9.03080E-09
  28.400      1.83810E-08
  29.000      2.58920E-08
  29.600      3.17390E-08
  30.100      5.53870E-08
  30.800      1.13950E-07
  31.800      2.38220E-07
  32.800      3.45090E-07
  33.800      6.22620E-07
  34.800      9.39000E-07
  35.700      1.89290E-06
  36.600      4.43160E-06
  37.500      5.25500E-06
  38.500      7.28160E-06
  39.500      1.44090E-05
  40.500      2.00070E-05
  41.400      2.30270E-05
  42.200      2.46430E-05
  43.000      2.46380E-05
  44.100      2.94100E-05
  45.100      3.26830E-05
  46.000      3.08070E-05
  47.000      3.49950E-05
  48.000      4.10800E-05
  49.000      3.68350E-05
  50.000      4.90060E-05
  50.600      5.41810E-05
  51.200      2.55550E-04
  52.000      2.42150E-04
  53.000      2.23560E-04
  54.000      2.16500E-04
  55.000      2.20490E-04
  56.000      3.06890E-04
  57.000      3.56860E-04
  58.000      3.45950E-04
  59.000      3.67310E-04
  60.000      2.70060E-04
  61.000      3.34090E-04
  62.000      4.36240E-04
  63.000      4.30460E-04
  64.000      4.63680E-04
  65.000      4.46410E-04
  65.800      3.44570E-04
  66.500      4.48840E-04
  67.500      5.31400E-04
  68.500      4.28490E-04
  69.500      5.49810E-04
  70.500      4.13310E-04
  71.600      6.10010E-04
  72.600      6.16160E-04
  73.500      6.33850E-04
  74.500      5.80130E-04
  75.500      5.95070E-04
  76.500      6.11780E-04
  77.500      6.53490E-04
  78.500      6.36690E-04
  79.500      6.87170E-04
  80.500      6.67850E-04
  81.500      6.83320E-04
  82.500      7.30350E-04
  83.500      5.87320E-04
  84.500      7.29010E-04
  85.500      7.25940E-04
  86.500      7.65760E-04
  87.500      7.78280E-04
  88.500      7.91060E-04
  89.500      8.04060E-04
  90.500      7.92630E-04
  91.500      7.42910E-04
  92.500      1.57990E-03
  93.500      2.33300E-03
  94.500      2.93300E-03
  95.500      3.33350E-03
  96.500      3.79840E-03
  97.500      2.22290E-03
  98.500      3.35430E-03
  99.500      3.03030E-03
  100.50      3.10990E-03
  101.50      3.32220E-03
  102.50      2.79780E-03
  103.50      3.40890E-03
  104.50      3.78160E-03
  105.50      3.69580E-03
  106.50      3.34710E-03
  107.50      3.48140E-03
  108.50      3.25930E-03
  109.50      3.51390E-03
  110.50      3.41030E-03
  111.50      3.40580E-03
  112.50      2.92700E-03
  113.50      3.37620E-03
  114.50      3.33100E-03
  115.50      3.13520E-03
  116.50      3.12600E-03
  117.50      2.40000E-03
  118.50      2.97210E-03
  119.50      2.88620E-03
  120.50      2.84740E-03
  121.50      2.33730E-03
  122.50      2.80960E-03
  123.50      2.98710E-03
  124.50      2.94350E-03
  125.50      2.97350E-03
  126.50      3.05060E-03
  127.50      3.15310E-03
  128.50      3.17600E-03
  129.50      3.06340E-03
  130.50      3.05880E-03
  131.50      3.19450E-03
  132.50      3.14300E-03
  133.50      3.10140E-03
  134.50      3.10330E-03
  135.50      3.06530E-03
  136.50      2.99380E-03
  137.50      2.94090E-03
  138.50      2.90970E-03
  139.50      2.47100E-03
  140.50      2.49580E-03
  141.50      2.90510E-03
  142.50      2.65650E-03
  143.50      2.83530E-03
  144.20      2.80360E-03
  144.70      2.81030E-03
  145.50      2.71270E-03
  146.50      2.70960E-03
  147.50      2.73200E-03
  148.50      2.76830E-03
  149.50      2.71440E-03
  150.50      2.70650E-03
  151.20      2.70920E-03
  151.70      2.71260E-03
  152.50      2.65410E-03
  153.50      2.40960E-03
  154.50      2.05140E-03
  155.50      2.10430E-03
  156.50      2.33530E-03
  157.50      2.44720E-03
  158.50      2.44820E-03
  159.50      2.48110E-03
  160.50      2.36320E-03
  161.50      2.29550E-03
  162.50      2.35270E-03
  163.50      2.36900E-03
  164.50      2.35580E-03
  165.50      2.42660E-03
  166.50      2.38210E-03
  167.20      2.25260E-03
  167.70      2.55650E-03
  168.50      2.48440E-03
  169.50      2.44220E-03
  170.50      2.42400E-03
  171.50      2.35720E-03
  172.50      2.29890E-03
  173.50      2.39250E-03
  174.50      2.39430E-03
  175.50      2.36590E-03
  176.50      2.35200E-03
  177.50      2.31310E-03
  178.50      2.35330E-03
  179.50      2.31140E-03
  180.50      2.31940E-03
  181.50      2.29840E-03
  182.50      2.27320E-03
  183.50      2.29260E-03
  184.50      2.24780E-03
  185.50      2.26260E-03
  186.50      2.26790E-03
  187.50      2.22220E-03
  188.50      2.18480E-03
  189.50      2.19630E-03
  190.50      2.22380E-03
  191.50      2.19280E-03
  192.50      2.09730E-03
  193.50      2.19310E-03
  194.50      2.20740E-03
  195.50      2.08730E-03
  196.70      2.15450E-03
  197.60      2.17200E-03
  198.40      2.14930E-03
  199.50      2.11570E-03
  200.50      2.15290E-03
  201.50      2.14770E-03
  202.50      2.13800E-03
  203.50      2.10740E-03
  204.50      2.08830E-03
  205.50      1.63690E-03
  206.50      1.58240E-03
  207.40      1.64020E-03
  207.80      1.65860E-03
  208.50      1.77580E-03
  209.50      1.94100E-03
  210.50      2.00730E-03
  211.50      2.03470E-03
  212.50      1.99680E-03
  213.50      2.00800E-03
  214.50      1.99620E-03
  215.50      2.00670E-03
  216.50      1.91890E-03
  217.50      1.99300E-03
  218.50      1.93070E-03
  219.50      1.98870E-03
  220.50      1.97440E-03
  221.50      1.89760E-03
  222.50      1.94780E-03
  223.50      1.93850E-03
  224.50      1.92120E-03
  225.50      1.86030E-03
  226.50      1.90160E-03
  227.50      1.89810E-03
  228.50      1.85690E-03
  229.50      1.76120E-03
  230.50      1.80010E-03
  231.50      1.82080E-03
  232.50      1.82960E-03
  233.50      1.82210E-03
  234.50      1.80730E-03
  235.50      1.78780E-03
  236.50      1.77290E-03
  237.50      1.74960E-03
  238.50      1.67710E-03
  239.50      1.71370E-03
  240.50      1.72600E-03
  241.50      1.71140E-03
  242.50      1.71530E-03
  243.50      1.69860E-03
  244.50      1.69240E-03
  245.50      1.67720E-03
  246.50      1.67360E-03
  247.50      1.66570E-03
  248.50      1.62930E-03
  249.50      1.26020E-03
  250.50      1.58130E-03
  251.30      1.52540E-03
  251.80      1.56690E-03
  252.50      1.61180E-03
  253.50      1.61340E-03
  254.50      1.59600E-03
  255.50      1.58890E-03
  256.50      1.57960E-03
  257.50      1.57590E-03
  258.50      1.56840E-03
  259.50      1.54310E-03
  260.50      1.55230E-03
  261.50      1.53210E-03
  262.50      1.53410E-03
  263.50      1.52900E-03
  264.50      1.51440E-03
  265.50      1.51120E-03
  266.50      1.49440E-03
  267.50      1.46650E-03
  268.50      1.47890E-03
  269.50      1.46710E-03
  270.50      1.46860E-03
  271.50      1.45600E-03
  272.50      1.44560E-03
  273.50      1.41040E-03
  274.50      1.43990E-03
  275.50      1.42820E-03
  276.50      1.41800E-03
  277.50      1.41720E-03
  278.50      1.40070E-03
  279.50      1.37100E-03
  280.50      1.38630E-03
  281.50      1.38470E-03
  282.50      1.37490E-03
  283.50      1.36590E-03
  284.50      1.36770E-03
  285.50      1.35680E-03
  286.50      1.34480E-03
  287.50      1.33850E-03
  288.50      1.33410E-03
  289.50      1.32480E-03
  291.00      1.30780E-03
  293.00      1.30410E-03
  295.00      1.28720E-03
  297.00      1.27340E-03
  299.00      1.25190E-03
  301.00      1.23410E-03
  303.00      1.21460E-03
  305.00      1.21420E-03
  307.00      1.20600E-03
  309.00      1.19030E-03
  311.00      1.18610E-03
  313.00      1.16950E-03
  315.00      1.16370E-03
  317.00      1.15070E-03
  319.00      1.14110E-03
  321.00      1.11670E-03
  323.00      1.11830E-03
  325.00      1.11190E-03
  327.00      1.08910E-03
  329.00      1.08630E-03
  331.00      1.07460E-03
  333.00      1.06210E-03
  335.00      1.04670E-03
  337.00      1.04100E-03
  339.00      1.03700E-03
  341.00      1.02650E-03
  343.00      1.02090E-03
  345.00      1.00340E-03
  347.00      1.00040E-03
  349.00      9.92600E-04
  351.00      9.84560E-04
  353.00      9.76070E-04
  355.00      9.66280E-04
  357.00      9.59240E-04
  359.00      9.48600E-04
  361.00      9.39980E-04
  363.00      9.30870E-04
  364.00      9.19330E-04
  365.00      8.62720E-04
  367.00      8.57600E-04
  369.00      8.50610E-04
  371.00      8.35990E-04
  373.00      8.38490E-04
  375.00      8.46390E-04
  377.00      8.43340E-04
  379.00      8.72830E-04
  381.00      8.94160E-04
  383.00      8.33210E-04
  385.00      9.02650E-04
  387.00      8.89230E-04
  389.00      8.06320E-04
  391.00      9.00290E-04
  393.00      8.84440E-04
  395.00      8.70860E-04
  397.00      7.72310E-04
  399.00      8.69000E-04
  401.00      8.61750E-04
  403.00      8.38220E-04
  405.00      8.53360E-04
  407.00      8.29620E-04
  409.00      7.94650E-04
  411.00      7.45480E-04
  413.00      8.13580E-04
  415.00      8.10890E-04
  417.00      8.12620E-04
  419.00      8.02090E-04
  421.00      7.90460E-04
  423.00      7.94320E-04
  425.00      7.81970E-04
  427.00      7.74250E-04
  429.00      7.66540E-04
  431.00      7.55140E-04
  433.00      7.22920E-04
  435.00      6.84590E-04
  437.00      7.42150E-04
  439.00      7.31280E-04
  441.00      7.29330E-04
  443.00      7.29350E-04
  445.00      7.22610E-04
  447.00      7.06410E-04
  449.00      7.13000E-04
  451.00      7.03960E-04
  453.00      7.01730E-04
  455.00      6.88180E-04
  457.00      6.93290E-04
  459.00      6.85430E-04
  461.00      6.79560E-04
  463.00      6.70370E-04
  465.00      6.46120E-04
  467.00      6.61930E-04
  469.00      6.46330E-04
  471.00      6.50210E-04
  473.00      6.57170E-04
  475.00      6.51690E-04
  477.00      6.48060E-04
  479.00      6.43300E-04
  481.00      6.37500E-04
  483.00      6.30840E-04
  485.00      6.07540E-04
  487.00      5.64440E-04
  489.00      6.16160E-04
  491.00      6.13280E-04
  493.00      6.02950E-04
  495.00      6.03440E-04
  497.00      6.03030E-04
  499.00      5.98830E-04
  501.00      5.87280E-04
  503.00      5.87710E-04
  505.00      5.83660E-04
  507.00      5.82190E-04
  509.00      5.77940E-04
  511.00      5.73880E-04
  513.00      5.69740E-04
  515.00      5.65870E-04
  517.00      5.61400E-04
  519.00      5.58080E-04
  521.00      5.54520E-04
  523.00      5.51000E-04
  525.00      5.46070E-04
  527.00      5.41820E-04
  529.00      5.39920E-04
  531.00      5.36110E-04
  533.00      5.32630E-04
  535.00      5.29210E-04
  537.00      5.25660E-04
  539.00      5.21870E-04
  541.00      5.11130E-04
  543.00      5.15380E-04
  545.00      5.11980E-04
  547.00      5.08520E-04
  549.00      5.05290E-04
  551.00      5.01460E-04
  553.00      4.98770E-04
  555.00      4.95690E-04
  557.00      4.92270E-04
  559.00      4.87520E-04
  561.00      4.86230E-04
  563.00      4.83140E-04
  565.00      4.80000E-04
  567.00      4.76690E-04
  569.00      4.67530E-04
  571.00      4.52310E-04
  573.00      4.49830E-04
  575.00      4.46770E-04
  577.00      4.44720E-04
  579.00      4.42080E-04
  581.00      4.38540E-04
  583.00      4.36750E-04
  585.00      4.36070E-04
  587.00      4.27430E-04
  589.00      4.32890E-04
  591.00      4.32110E-04
  593.00      4.31170E-04
  595.00      4.30420E-04
  597.00      4.30060E-04
  599.00      4.29310E-04
  601.00      4.28150E-04
  603.00      4.25990E-04
  605.00      4.24330E-04
  607.00      4.22000E-04
  609.00      4.19650E-04
  611.00      4.16830E-04
  613.00      4.14510E-04
  615.00      4.11820E-04
  617.00      4.09020E-04
  619.00      4.07440E-04
  621.00      4.05210E-04
  623.00      4.02130E-04
  625.00      4.00140E-04
  627.00      3.98110E-04
  629.00      3.95770E-04
  631.00      3.92330E-04
  633.00      3.91280E-04
  635.00      3.88810E-04
  637.00      3.86870E-04
  639.00      3.84640E-04
  641.00      3.81330E-04
  643.00      3.80330E-04
  645.00      3.77950E-04
  647.00      3.75540E-04
  649.00      3.73450E-04
  651.00      3.70630E-04
  653.00      3.66950E-04
  655.00      3.60290E-04
  657.00      3.31390E-04
  659.00      3.61630E-04
  661.00      3.61400E-04
  663.00      3.59590E-04
  665.00      3.57470E-04
  667.00      3.52130E-04
  669.00      3.49130E-04
  671.00      3.50740E-04
  673.00      3.48980E-04
  675.00      3.47520E-04
  677.00      3.46060E-04
  679.00      3.44100E-04
  681.00      3.42460E-04
  683.00      3.40550E-04
  685.00      3.38710E-04
  687.00      3.36760E-04
  689.00      3.32530E-04
  691.00      3.32570E-04
  693.00      3.31690E-04
  695.00      3.29920E-04
  697.00      3.28200E-04
  699.00      3.26430E-04
  701.00      3.24310E-04
  703.00      3.22390E-04
  705.00      3.20800E-04
  707.00      3.16000E-04
  709.00      3.18020E-04
  711.00      3.16230E-04
  713.00      3.14660E-04
  715.00      3.13150E-04
  717.00      3.10010E-04
  719.00      3.09100E-04
  721.00      3.08370E-04
  723.00      3.06130E-04
  725.00      3.04990E-04
  727.00      3.03680E-04
  729.00      3.00610E-04
  731.00      3.00400E-04
  733.00      2.99090E-04
  735.00      2.97570E-04
  737.00      2.96020E-04
  739.00      2.94640E-04
  741.00      2.93060E-04
  743.00      2.91710E-04
  745.00      2.90010E-04
  747.00      2.88500E-04
  749.00      2.86630E-04
  751.00      2.85840E-04
  753.00      2.84460E-04
  755.00      2.83150E-04
  757.00      2.81720E-04
  759.00      2.77930E-04
  761.00      2.78520E-04
  763.00      2.77510E-04
  765.00      2.76120E-04
  767.00      2.74990E-04
  769.00      2.72870E-04
  771.00      2.72070E-04
  773.00      2.70030E-04
  775.00      2.69640E-04
  777.00      2.68480E-04
  779.00      2.67200E-04
  781.00      2.65890E-04
  783.00      2.64650E-04
  785.00      2.63140E-04
  787.00      2.61770E-04
  789.00      2.60650E-04
  791.00      2.59770E-04
  793.00      2.58530E-04
  795.00      2.57410E-04
  797.00      2.55920E-04
  799.00      2.54920E-04
  801.00      2.53780E-04
  803.00      2.52460E-04
  805.00      2.51470E-04
  807.00      2.50310E-04
  809.00      2.49060E-04
  811.00      2.47360E-04
  813.00      2.46860E-04
  815.00      2.45580E-04
  817.00      2.44440E-04
  819.00      2.42530E-04
  821.00      2.37300E-04
  823.00      2.35200E-04
  825.00      2.35210E-04
  827.00      2.33760E-04
  829.00      2.33370E-04
  831.00      2.32530E-04
  833.00      2.31000E-04
  835.00      2.29650E-04
  837.00      2.29170E-04
  839.00      2.28530E-04
  841.00      2.27500E-04
  843.00      2.26630E-04
  845.00      2.25150E-04
  847.00      2.24800E-04
  849.00      2.23800E-04
  851.00      2.22330E-04
  853.00      2.22100E-04
  855.00      2.20840E-04
  857.00      2.21040E-04
  859.00      2.18160E-04
  861.00      2.18130E-04
  863.00      2.19370E-04
  865.00      2.16960E-04
  867.00      2.12690E-04
  869.00      2.17070E-04
  871.00      2.17340E-04
  873.00      2.14600E-04
  875.00      2.06290E-04
  877.00      2.11810E-04
  879.00      2.14880E-04
  881.00      2.14710E-04
  883.00      2.13190E-04
  885.00      2.06330E-04
  887.00      1.98570E-04
  889.00      2.09540E-04
  891.00      2.10640E-04
  893.00      2.09950E-04
  895.00      2.09100E-04
  897.00      2.08260E-04
  899.00      2.04970E-04
  901.00      1.91580E-04
  903.00      1.96970E-04
  905.00      2.03940E-04
  907.00      2.03050E-04
  909.00      2.03220E-04
  911.00      2.02920E-04
  913.00      2.02230E-04
  915.00      2.01500E-04
  917.00      2.00100E-04
  919.00      1.98760E-04
  921.00      1.93420E-04
  923.00      1.78860E-04
  925.00      1.91690E-04
  927.00      1.95370E-04
  929.00      1.95300E-04
  931.00      1.94380E-04
  933.00      1.93860E-04
  935.00      1.90740E-04
  937.00      1.92150E-04
  939.00      1.91690E-04
  941.00      1.90720E-04
  943.00      1.90080E-04
  945.00      1.89340E-04
  947.00      1.88070E-04
  949.00      1.87510E-04
  951.00      1.85120E-04
  953.00      1.80020E-04
  955.00      1.66700E-04
  957.00      1.80920E-04
  959.00      1.83410E-04
  961.00      1.82990E-04
  963.00      1.82000E-04
  965.00      1.82110E-04
  967.00      1.81480E-04
  969.00      1.80690E-04
  971.00      1.77360E-04
  973.00      1.78930E-04
  975.00      1.78630E-04
  977.00      1.77620E-04
  979.00      1.77240E-04
  981.00      1.76510E-04
  983.00      1.75820E-04
  985.00      1.75140E-04
  987.00      1.74520E-04
  989.00      1.73670E-04
  991.00      1.72830E-04
  993.00      1.72520E-04
  995.00      1.71880E-04
  997.00      1.71190E-04
  999.00      1.70350E-04
  1002.5      1.64290E-04
  1007.5      1.60920E-04
  1012.5      1.63940E-04
  1017.5      1.64720E-04
  1022.5      1.63110E-04
  1027.5      1.61610E-04
  1032.5      1.59690E-04
  1037.5      1.58720E-04
  1042.5      1.57040E-04
  1047.5      1.55840E-04
  1052.5      1.54410E-04
  1057.5      1.53040E-04
  1062.5      1.51660E-04
  1067.5      1.50180E-04
  1072.5      1.48980E-04
  1077.5      1.47650E-04
  1082.5      1.45270E-04
  1087.5      1.44750E-04
  1092.5      1.35430E-04
  1097.5      1.40240E-04
  1102.5      1.40870E-04
  1107.5      1.40040E-04
  1112.5      1.38870E-04
  1117.5      1.37730E-04
  1122.5      1.36510E-04
  1127.5      1.35370E-04
  1132.5      1.34150E-04
  1137.5      1.33060E-04
  1142.5      1.31980E-04
  1147.5      1.30880E-04
  1152.5      1.29820E-04
  1157.5      1.28720E-04
  1162.5      1.26960E-04
  1167.5      1.26160E-04
  1172.5      1.25600E-04
  1177.5      1.24580E-04
  1182.5      1.23490E-04
  1187.5      1.22530E-04
  1192.5      1.21550E-04
  1197.5      1.19660E-04
  1202.5      1.19650E-04
  1207.5      1.18660E-04
  1212.5      1.17670E-04
  1217.5      1.16820E-04
  1222.5      1.15900E-04
  1227.5      1.15000E-04
  1232.5      1.14080E-04
  1237.5      1.13210E-04
  1242.5      1.12340E-04
  1247.5      1.11470E-04
  1252.5      1.10440E-04
  1257.5      1.09740E-04
  1262.5      1.08920E-04
  1267.5      1.08110E-04
  1272.5      1.07280E-04
  1277.5      1.05130E-04
  1282.5      9.93820E-05
  1287.5      1.04430E-04
  1292.5      1.04110E-04
  1297.5      1.02920E-04
  1302.5      1.02510E-04
  1307.5      1.01820E-04
  1312.5      1.01070E-04
  1317.5      1.00330E-04
  1322.5      9.96000E-05
  1327.5      9.88760E-05
  1332.5      9.81520E-05
  1337.5      9.74250E-05
  1342.5      9.66910E-05
  1347.5      9.60410E-05
  1352.5      9.53310E-05
  1357.5      9.46890E-05
  1362.5      9.39720E-05
  1367.5      9.33560E-05
  1372.5      9.26270E-05
  1377.5      9.20500E-05
  1382.5      9.14080E-05
  1387.5      9.07700E-05
  1392.5      9.01040E-05
  1397.5      8.95150E-05
  1402.5      8.88560E-05
  1407.5      8.82890E-05
  1412.5      8.76740E-05
  1417.5      8.70790E-05
  1422.5      8.64930E-05
  1427.5      8.59000E-05
  1432.5      8.53250E-05
  1437.5      8.47490E-05
  1442.5      8.41830E-05
  1447.5      8.36210E-05
  1452.5      8.30620E-05
  1457.0      8.25620E-05
  1462.0      8.20290E-05
  1467.5      8.14370E-05
  1472.5      8.08900E-05
  1477.5      8.00560E-05
  1482.5      7.98490E-05
  1487.5      7.93340E-05
  1492.5      7.88220E-05
  1497.5      7.83140E-05
  1502.5      7.78010E-05
  1507.5      7.72290E-05
  1512.5      7.68160E-05
  1517.5      7.63260E-05
  1522.5      7.58410E-05
  1527.5      7.53530E-05
  1532.5      7.48690E-05
  1537.5      7.44040E-05
  1542.5      7.39010E-05
  1547.5      7.34680E-05
  1552.5      7.29940E-05
  1557.5      7.24630E-05
  1562.5      7.21430E-05
  1567.5      7.15620E-05
  1572.5      7.10430E-05
  1577.5      7.08450E-05
  1582.5      7.03740E-05
  1587.5      6.94570E-05
  1592.5      6.93980E-05
  1597.5      6.91910E-05
  1605.0      6.83910E-05
  1615.0      6.72100E-05
  1625.0      6.70860E-05
  1635.0      6.58610E-05
  1645.0      6.45520E-05
  1655.0      6.47570E-05
  1665.0      6.40040E-05
  1675.0      6.27210E-05
  1685.0      6.13280E-05
  1695.0      6.18010E-05
  1705.0      6.08600E-05
  1715.0      6.04120E-05
  1725.0      5.96710E-05
  1735.0      5.73850E-05
  1745.0      5.81820E-05
  1755.0      5.77450E-05
  1765.0      5.71070E-05
  1775.0      5.64730E-05
  1785.0      5.58530E-05
  1795.0      5.52510E-05
  1805.0      5.46290E-05
  1815.0      5.24580E-05
  1825.0      5.31390E-05
  1835.0      5.29130E-05
  1845.0      5.23490E-05
  1855.0      5.17600E-05
  1865.0      5.06960E-05
  1875.0      4.89860E-05
  1885.0      5.01570E-05
  1895.0      4.96680E-05
  1905.0      4.90380E-05
  1915.0      4.86610E-05
  1925.0      4.81690E-05
  1935.0      4.75910E-05
  1945.0      4.54810E-05
  1955.0      4.65950E-05
  1965.0      4.62610E-05
  1975.0      4.58020E-05
  1985.0      4.53460E-05
  1995.0      4.48990E-05
  2005.0      4.44640E-05
  2015.0      4.40310E-05
  2025.0      4.36040E-05
  2035.0      4.31840E-05
  2045.0      4.27610E-05
  2055.0      4.23070E-05
  2065.0      4.19580E-05
  2075.0      4.15570E-05
  2085.0      4.11680E-05
  2095.0      4.07820E-05
  2105.0      4.03980E-05
  2115.0      3.99250E-05
  2125.0      3.96560E-05
  2135.0      3.92900E-05
  2145.0      3.89240E-05
  2155.0      3.85140E-05
  2165.0      3.67410E-05
  2175.0      3.77470E-05
  2185.0      3.75240E-05
  2195.0      3.72020E-05
  2205.0      3.68700E-05
  2215.0      3.65420E-05
  2225.0      3.62160E-05
  2235.0      3.59000E-05
  2245.0      3.55850E-05
  2255.0      3.52750E-05
  2265.0      3.49680E-05
  2275.0      3.46650E-05
  2285.0      3.43670E-05
  2295.0      3.40730E-05
  2305.0      3.37780E-05
  2315.0      3.34950E-05
  2325.0      3.32120E-05
  2335.0      3.29320E-05
  2345.0      3.27150E-05
  2355.0      3.24400E-05
  2365.0      3.21630E-05
  2375.0      3.19020E-05
  2385.0      3.16440E-05
  2395.0      3.13780E-05
  2405.0      3.11140E-05
  2415.0      3.08660E-05
  2425.0      3.05960E-05
  2435.0      3.03700E-05
  2445.0      3.01030E-05
  2455.0      2.98730E-05
  2465.0      2.96140E-05
  2475.0      2.93450E-05
  2485.0      2.91700E-05
  2495.0      2.88740E-05
  2505.0      2.87050E-05
  2515.0      2.84790E-05
  2525.0      2.81810E-05
  2535.0      2.80220E-05
  2545.0      2.78290E-05
  2555.0      2.75800E-05
  2565.0      2.72820E-05
  2575.0      2.71660E-05
  2585.0      2.69820E-05
  2595.0      2.67760E-05
  2605.0      2.64820E-05
  2615.0      2.60980E-05
  2625.0      2.50990E-05
  2635.0      2.58540E-05
  2645.0      2.57810E-05
  2655.0      2.55740E-05
  2665.0      2.53390E-05
  2675.0      2.49330E-05
  2685.0      2.49540E-05
  2695.0      2.48430E-05
  2705.0      2.46610E-05
  2715.0      2.44810E-05
  2725.0      2.43030E-05
  2735.0      2.41270E-05
  2745.0      2.39210E-05
  2755.0      2.34270E-05
  2765.0      2.34400E-05
  2775.0      2.34370E-05
  2785.0      2.32740E-05
  2795.0      2.31100E-05
  2805.0      2.29460E-05
  2815.0      2.27850E-05
  2825.0      2.26250E-05
  2835.0      2.24670E-05
  2845.0      2.23110E-05
  2855.0      2.21480E-05
  2865.0      2.18610E-05
  2875.0      2.13710E-05
  2885.0      2.16500E-05
  2895.0      2.15520E-05
  2905.0      2.14050E-05
  2915.0      2.12590E-05
  2925.0      2.11150E-05
  2935.0      2.09720E-05
  2945.0      2.08310E-05
  2955.0      2.06910E-05
  2965.0      2.05530E-05
  2975.0      2.04160E-05
  2985.0      2.02800E-05
  2995.0      2.01450E-05
  3005.0      2.00120E-05
  3015.0      1.98790E-05
  3025.0      1.97230E-05
  3035.0      1.91850E-05
  3045.0      1.92300E-05
  3055.0      1.93520E-05
  3065.0      1.92390E-05
  3075.0      1.91130E-05
  3085.0      1.89880E-05
  3095.0      1.88720E-05
  3105.0      1.87500E-05
  3115.0      1.86310E-05
  3125.0      1.85130E-05
  3135.0      1.83960E-05
  3145.0      1.82790E-05
  3155.0      1.81650E-05
  3165.0      1.80500E-05
  3175.0      1.79380E-05
  3185.0      1.78260E-05
  3195.0      1.77150E-05
  3210.0      1.75500E-05
  3230.0      1.73340E-05
  3250.0      1.71230E-05
  3270.0      1.69140E-05
  3290.0      1.63640E-05
  3310.0      1.64280E-05
  3330.0      1.63250E-05
  3350.0      1.61350E-05
  3370.0      1.59450E-05
  3390.0      1.57580E-05
  3410.0      1.55740E-05
  3430.0      1.53940E-05
  3450.0      1.52160E-05
  3470.0      1.50420E-05
  3490.0      1.48700E-05
  3510.0      1.47020E-05
  3530.0      1.45360E-05
  3550.0      1.43730E-05
  3570.0      1.42130E-05
  3590.0      1.40550E-05
  3610.0      1.39000E-05
  3630.0      1.37480E-05
  3650.0      1.35980E-05
  3670.0      1.34500E-05
  3690.0      1.33050E-05
  3710.0      1.31490E-05
  3730.0      1.28670E-05
  3750.0      1.26630E-05
  3770.0      1.27450E-05
  3790.0      1.26130E-05
  3810.0      1.24720E-05
  3830.0      1.23430E-05
  3850.0      1.22230E-05
  3870.0      1.20970E-05
  3890.0      1.19720E-05
  3910.0      1.18200E-05
  3930.0      1.17310E-05
  3950.0      1.16130E-05
  3970.0      1.14960E-05
  3990.0      1.13810E-05
  4010.0      1.12420E-05
  4030.0      1.10990E-05
  4050.0      1.07940E-05
  4070.0      1.09330E-05
  4090.0      1.08310E-05
  4110.0      1.07260E-05
  4130.0      1.06170E-05
  4150.0      1.05130E-05
  4170.0      1.03390E-05
  4190.0      1.03120E-05
  4210.0      1.02220E-05
  4230.0      1.01250E-05
  4250.0      1.00280E-05
  4270.0      9.93640E-06
  4290.0      9.83390E-06
  4310.0      9.75250E-06
  4330.0      9.66240E-06
  4350.0      9.57340E-06
  4370.0      9.38850E-06
  4390.0      9.36610E-06
  4410.0      9.31440E-06
  4430.0      9.23040E-06
  4450.0      9.14750E-06
  4470.0      9.07070E-06
  4490.0      8.98990E-06
  4510.0      8.90970E-06
  4530.0      8.83140E-06
  4550.0      8.75380E-06
  4570.0      8.67720E-06
  4590.0      8.60150E-06
  4610.0      8.52520E-06
  4630.0      8.44470E-06
  4650.0      8.13320E-06
  4670.0      8.15560E-06
  4690.0      8.20500E-06
  4710.0      8.16750E-06
  4730.0      8.09840E-06
  4750.0      8.03000E-06
  4770.0      7.96280E-06
  4790.0      7.89620E-06
  4810.0      7.83050E-06
  4830.0      7.76550E-06
  4850.0      7.70140E-06
  4870.0      7.63810E-06
  4890.0      7.57550E-06
  4910.0      7.51370E-06
  4930.0      7.45260E-06
  4950.0      7.39230E-06
  4970.0      7.33270E-06
  4990.0      7.27380E-06
  5010.0      7.21560E-06
  5030.0      7.15800E-06
  5050.0      7.10130E-06
  5070.0      7.04510E-06
  5090.0      6.98950E-06
  5110.0      6.91530E-06
  5130.0      6.73130E-06
  5150.0      6.81410E-06
  5170.0      6.77390E-06
  5190.0      6.72160E-06
  5210.0      6.66980E-06
  5230.0      6.61870E-06
  5250.0      6.56800E-06
  5270.0      6.51800E-06
  5290.0      6.46860E-06
  5310.0      6.41970E-06
  5330.0      6.37130E-06
  5350.0      6.32350E-06
  5370.0      6.27610E-06
  5390.0      6.22930E-06
  5410.0      6.18320E-06
  5430.0      6.13750E-06
  5450.0      6.09230E-06
  5470.0      6.04750E-06
  5490.0      6.00320E-06
  5510.0      5.95940E-06
  5530.0      5.91260E-06
  5550.0      5.87330E-06
  5570.0      5.83100E-06
  5590.0      5.78910E-06
  5610.0      5.74760E-06
  5630.0      5.70660E-06
  5650.0      5.66600E-06
  5670.0      5.62580E-06
  5690.0      5.58590E-06
  5710.0      5.53300E-06
  5730.0      5.50760E-06
  5750.0      5.46930E-06
  5770.0      5.43120E-06
  5790.0      5.39340E-06
  5810.0      5.35610E-06
  5830.0      5.31910E-06
  5850.0      5.28440E-06
  5870.0      5.24810E-06
  5890.0      5.19190E-06
  5910.0      5.03390E-06
  5930.0      5.12460E-06
  5950.0      5.08200E-06
  5970.0      5.05960E-06
  5990.0      5.03840E-06
  6010.0      5.00480E-06
  6030.0      4.97140E-06
  6050.0      4.93830E-06
  6070.0      4.90560E-06
  6090.0      4.87320E-06
  6110.0      4.84110E-06
  6130.0      4.80930E-06
  6150.0      4.77780E-06
  6170.0      4.74660E-06
  6190.0      4.71580E-06
  6210.0      4.68520E-06
  6230.0      4.65490E-06
  6250.0      4.62490E-06
  6270.0      4.58900E-06
  6290.0      4.52510E-06
  6310.0      4.52630E-06
  6330.0      4.50780E-06
  6350.0      4.47920E-06
  6370.0      4.45090E-06
  6390.0      4.42290E-06
  6420.0      4.38130E-06
  6460.0      4.32670E-06
  6500.0      4.27320E-06
  6540.0      4.22060E-06
  6580.0      4.16900E-06
  6620.0      4.11830E-06
  6660.0      4.06850E-06
  6700.0      4.01960E-06
  6740.0      3.96680E-06
  6780.0      3.89020E-06
  6820.0      3.87800E-06
  6860.0      3.83260E-06
  6900.0      3.78790E-06
  6940.0      3.74390E-06
  6980.0      3.70070E-06
  7020.0      3.65820E-06
  7060.0      3.61650E-06
  7100.0      3.57540E-06
  7140.0      3.53510E-06
  7180.0      3.49540E-06
  7220.0      3.45640E-06
  7260.0      3.41800E-06
  7300.0      3.38020E-06
  7340.0      3.34310E-06
  7380.0      3.30660E-06
  7420.0      3.26570E-06
  7460.0      3.16490E-06
  7500.0      3.11260E-06
  7540.0      3.15770E-06
  7580.0      3.13270E-06
  7620.0      3.09960E-06
  7660.0      3.06700E-06
  7700.0      3.03480E-06
  7740.0      3.00320E-06
  7780.0      2.97090E-06
  7820.0      2.94140E-06
  7860.0      2.91130E-06
  7900.0      2.88150E-06
  7940.0      2.85230E-06
  7980.0      2.82340E-06
  8020.0      2.79500E-06
  8060.0      2.76700E-06
  8100.0      2.73950E-06
  8140.0      2.70850E-06
  8180.0      2.68440E-06
  8220.0      2.65920E-06
  8260.0      2.63320E-06
  8300.0      2.60760E-06
  8340.0      2.58230E-06
  8380.0      2.55750E-06
  8420.0      2.53290E-06
  8460.0      2.50880E-06
  8500.0      2.48490E-06
  8540.0      2.46140E-06
  8580.0      2.43820E-06
  8620.0      2.41540E-06
  8660.0      2.38300E-06
  8700.0      2.36920E-06
  8740.0      2.32590E-06
  8780.0      2.30480E-06
  8820.0      2.30580E-06
  8860.0      2.28480E-06
  8900.0      2.26400E-06
  8940.0      2.24360E-06
  8980.0      2.22340E-06
  9020.0      2.20340E-06
  9060.0      2.18380E-06
  9100.0      2.16440E-06
  9140.0      2.14520E-06
  9180.0      2.12630E-06
  9220.0      2.10770E-06
  9260.0      2.08930E-06
  9300.0      2.07110E-06
  9340.0      2.05320E-06
  9380.0      2.02170E-06
  9420.0      2.01370E-06
  9460.0      2.00070E-06
  9500.0      1.98370E-06
  9540.0      1.96690E-06
  9580.0      1.95030E-06
  9620.0      1.93390E-06
  9660.0      1.91770E-06
  9700.0      1.90170E-06
  9740.0      1.88590E-06
  9780.0      1.87030E-06
  9820.0      1.85490E-06
  9860.0      1.83970E-06
  9900.0      1.82460E-06
  9940.0      1.80980E-06
  9980.0      1.79510E-06
  10020.      1.78060E-06
  20000.      4.36230E-07
  40000.      1.05620E-07
  60000.      4.59870E-08
  80000.      2.54840E-08
 1.00000E+05  1.61230E-08
 1.20000E+05  1.10930E-08
 1.40000E+05  8.08780E-09
 1.60000E+05  6.15170E-09
