 Castelli and Kurucz 2004-2012 Atmosphere
 T     39000.     G    5.00000 [-2.0a] N(He)/Ntot=0.0784 VTURB=2.0  L/H=1.25 OD
 Wavelength  Eddington Hnu
   (nm)    (ergs/s/cm2/Hz/sr)
  9.0900      2.27470E-24
  9.3500      8.81390E-24
  9.6100      3.18590E-23
  9.7700      6.80600E-23
  9.9600      1.62670E-22
  10.200      4.68230E-22
  10.380      1.00500E-21
  10.560      2.10520E-21
  10.770      4.84550E-21
  11.040      1.35510E-20
  11.400      4.97740E-20
  11.780      1.81740E-19
  12.130      5.60840E-19
  12.480      1.63300E-18
  12.710      3.20050E-18
  12.840      4.63600E-18
  13.050      8.31480E-18
  13.240      1.39040E-17
  13.390      2.06700E-17
  13.660      4.13880E-17
  13.980      9.13240E-17
  14.330      2.09110E-16
  14.720      5.04200E-16
  15.100      1.14280E-15
  15.520      2.70320E-15
  15.880      5.46910E-15
  16.200      9.99070E-15
  16.600      2.05830E-14
  17.030      4.32000E-14
  17.340      7.21580E-14
  17.680      1.24230E-13
  18.020      2.09760E-13
  18.170      2.62690E-13
  18.610      4.98880E-13
  19.100      9.85420E-13
  19.390      1.45140E-12
  19.840      2.59000E-12
  20.180      3.94560E-12
  20.500      5.79140E-12
  21.050      1.09100E-11
  21.620      2.03370E-11
  21.980      2.96440E-11
  22.300      4.10180E-11
  22.680      5.95930E-11
  23.000      3.87990E-09
  23.400      1.71380E-08
  24.000      5.34550E-08
  24.650      2.83660E-07
  25.240      9.82170E-07
  25.680      7.68760E-07
  26.000      3.48760E-06
  26.400      7.42790E-06
  26.850      1.26180E-05
  27.350      1.78080E-05
  27.850      1.94380E-05
  28.400      2.87900E-05
  29.000      3.33300E-05
  29.600      2.45660E-05
  30.100      4.69210E-06
  30.800      1.49800E-05
  31.800      3.45650E-05
  32.800      4.24990E-05
  33.800      4.40190E-05
  34.800      4.99920E-05
  35.700      5.99450E-05
  36.600      6.97750E-05
  37.500      7.36500E-05
  38.500      7.51760E-05
  39.500      8.50260E-05
  40.500      9.18880E-05
  41.400      9.74560E-05
  42.200      9.87900E-05
  43.000      1.01870E-04
  44.100      1.12210E-04
  45.100      1.19690E-04
  46.000      1.23880E-04
  47.000      1.33090E-04
  48.000      1.43220E-04
  49.000      1.48130E-04
  50.000      1.63690E-04
  50.600      2.79460E-04
  51.200      5.68820E-04
  52.000      5.69440E-04
  53.000      5.88430E-04
  54.000      5.63230E-04
  55.000      5.91800E-04
  56.000      6.56120E-04
  57.000      6.79720E-04
  58.000      6.73940E-04
  59.000      7.10100E-04
  60.000      7.04640E-04
  61.000      7.13670E-04
  62.000      7.67250E-04
  63.000      7.80610E-04
  64.000      8.03140E-04
  65.000      8.09220E-04
  65.800      7.98710E-04
  66.500      8.31670E-04
  67.500      8.65540E-04
  68.500      8.51570E-04
  69.500      8.96010E-04
  70.500      8.75260E-04
  71.600      9.33460E-04
  72.600      9.51780E-04
  73.500      9.70870E-04
  74.500      9.73880E-04
  75.500      9.86060E-04
  76.500      9.94680E-04
  77.500      1.01820E-03
  78.500      1.03130E-03
  79.500      1.04830E-03
  80.500      1.06160E-03
  81.500      1.08020E-03
  82.500      1.10310E-03
  83.500      1.06730E-03
  84.500      1.12500E-03
  85.500      1.13400E-03
  86.500      1.15810E-03
  87.500      1.17210E-03
  88.500      1.18390E-03
  89.500      1.19550E-03
  90.500      1.19830E-03
  91.500      1.04380E-03
  92.500      1.85180E-03
  93.500      2.52930E-03
  94.500      3.48320E-03
  95.500      3.89310E-03
  96.500      4.71000E-03
  97.500      3.43710E-03
  98.500      4.76800E-03
  99.500      4.42230E-03
  100.50      4.75830E-03
  101.50      4.72950E-03
  102.50      3.42170E-03
  103.50      4.63270E-03
  104.50      4.72550E-03
  105.50      4.70370E-03
  106.50      4.58680E-03
  107.50      4.56980E-03
  108.50      4.28870E-03
  109.50      4.56440E-03
  110.50      4.50610E-03
  111.50      4.45660E-03
  112.50      4.34590E-03
  113.50      4.42290E-03
  114.50      4.38770E-03
  115.50      4.31740E-03
  116.50      4.29970E-03
  117.50      3.98610E-03
  118.50      4.21210E-03
  119.50      4.18340E-03
  120.50      4.09740E-03
  121.50      3.08760E-03
  122.50      4.04130E-03
  123.50      4.06610E-03
  124.50      4.02160E-03
  125.50      4.04060E-03
  126.50      4.01440E-03
  127.50      3.98760E-03
  128.50      3.96020E-03
  129.50      3.90860E-03
  130.50      3.88960E-03
  131.50      3.87180E-03
  132.50      3.83750E-03
  133.50      3.80890E-03
  134.50      3.78510E-03
  135.50      3.75320E-03
  136.50      3.71950E-03
  137.50      3.68040E-03
  138.50      3.66300E-03
  139.50      3.57960E-03
  140.50      3.54500E-03
  141.50      3.58330E-03
  142.50      3.54020E-03
  143.50      3.53040E-03
  144.20      3.50750E-03
  144.70      3.49550E-03
  145.50      3.47020E-03
  146.50      3.44840E-03
  147.50      3.42370E-03
  148.50      3.40760E-03
  149.50      3.37820E-03
  150.50      3.35780E-03
  151.20      3.34390E-03
  151.70      3.32700E-03
  152.50      3.30340E-03
  153.50      3.25280E-03
  154.50      3.14960E-03
  155.50      3.14710E-03
  156.50      3.17540E-03
  157.50      3.16990E-03
  158.50      3.15320E-03
  159.50      3.13090E-03
  160.50      3.08330E-03
  161.50      3.05860E-03
  162.50      3.02610E-03
  163.50      2.95590E-03
  164.50      2.82790E-03
  165.50      2.99510E-03
  166.50      2.97470E-03
  167.20      2.94640E-03
  167.70      2.96470E-03
  168.50      2.94510E-03
  169.50      2.92560E-03
  170.50      2.90170E-03
  171.50      2.85240E-03
  172.50      2.84130E-03
  173.50      2.85060E-03
  174.50      2.82780E-03
  175.50      2.80370E-03
  176.50      2.79100E-03
  177.50      2.77380E-03
  178.50      2.75630E-03
  179.50      2.73460E-03
  180.50      2.71820E-03
  181.50      2.69980E-03
  182.50      2.68050E-03
  183.50      2.66500E-03
  184.50      2.64580E-03
  185.50      2.62640E-03
  186.50      2.60830E-03
  187.50      2.59110E-03
  188.50      2.57410E-03
  189.50      2.55940E-03
  190.50      2.54380E-03
  191.50      2.52600E-03
  192.50      2.50050E-03
  193.50      2.49360E-03
  194.50      2.47770E-03
  195.50      2.45970E-03
  196.70      2.44200E-03
  197.60      2.42800E-03
  198.40      2.41530E-03
  199.50      2.39770E-03
  200.50      2.38310E-03
  201.50      2.36790E-03
  202.50      2.35250E-03
  203.50      2.33750E-03
  204.50      2.32230E-03
  205.50      1.82920E-03
  206.50      1.77000E-03
  207.40      1.79030E-03
  207.80      1.82300E-03
  208.50      1.90730E-03
  209.50      2.09410E-03
  210.50      2.21980E-03
  211.50      2.22850E-03
  212.50      2.21410E-03
  213.50      2.19780E-03
  214.50      2.18700E-03
  215.50      2.19720E-03
  216.50      2.13930E-03
  217.50      2.18540E-03
  218.50      2.11050E-03
  219.50      2.15930E-03
  220.50      2.15050E-03
  221.50      2.06490E-03
  222.50      2.12350E-03
  223.50      2.11270E-03
  224.50      2.09600E-03
  225.50      2.01440E-03
  226.50      2.07330E-03
  227.50      2.06100E-03
  228.50      2.04650E-03
  229.50      2.01820E-03
  230.50      1.95510E-03
  231.50      2.00750E-03
  232.50      1.99860E-03
  233.50      1.98670E-03
  234.50      1.97460E-03
  235.50      1.96270E-03
  236.50      1.95090E-03
  237.50      1.93880E-03
  238.50      1.86290E-03
  239.50      1.91150E-03
  240.50      1.90460E-03
  241.50      1.89300E-03
  242.50      1.88220E-03
  243.50      1.87090E-03
  244.50      1.86000E-03
  245.50      1.84830E-03
  246.50      1.83830E-03
  247.50      1.82770E-03
  248.50      1.81690E-03
  249.50      1.75720E-03
  250.50      1.78760E-03
  251.30      1.67130E-03
  251.80      1.77100E-03
  252.50      1.77490E-03
  253.50      1.76520E-03
  254.50      1.75510E-03
  255.50      1.74490E-03
  256.50      1.73520E-03
  257.50      1.72540E-03
  258.50      1.71570E-03
  259.50      1.70520E-03
  260.50      1.69820E-03
  261.50      1.68840E-03
  262.50      1.67930E-03
  263.50      1.66990E-03
  264.50      1.66040E-03
  265.50      1.65090E-03
  266.50      1.64100E-03
  267.50      1.63050E-03
  268.50      1.62390E-03
  269.50      1.61250E-03
  270.50      1.60630E-03
  271.50      1.59740E-03
  272.50      1.58460E-03
  273.50      1.53460E-03
  274.50      1.57150E-03
  275.50      1.56290E-03
  276.50      1.55020E-03
  277.50      1.54610E-03
  278.50      1.53770E-03
  279.50      1.52830E-03
  280.50      1.52110E-03
  281.50      1.51310E-03
  282.50      1.50060E-03
  283.50      1.49480E-03
  284.50      1.48930E-03
  285.50      1.48140E-03
  286.50      1.47350E-03
  287.50      1.46580E-03
  288.50      1.45810E-03
  289.50      1.45040E-03
  291.00      1.43900E-03
  293.00      1.42420E-03
  295.00      1.40560E-03
  297.00      1.39490E-03
  299.00      1.38010E-03
  301.00      1.36650E-03
  303.00      1.35200E-03
  305.00      1.33850E-03
  307.00      1.32580E-03
  309.00      1.31230E-03
  311.00      1.29940E-03
  313.00      1.28670E-03
  315.00      1.27420E-03
  317.00      1.26160E-03
  319.00      1.24430E-03
  321.00      1.22010E-03
  323.00      1.22550E-03
  325.00      1.21360E-03
  327.00      1.20110E-03
  329.00      1.19030E-03
  331.00      1.17950E-03
  333.00      1.16840E-03
  335.00      1.15640E-03
  337.00      1.14670E-03
  339.00      1.13610E-03
  341.00      1.12550E-03
  343.00      1.11410E-03
  345.00      1.10230E-03
  347.00      1.09360E-03
  349.00      1.08370E-03
  351.00      1.07500E-03
  353.00      1.06520E-03
  355.00      1.05500E-03
  357.00      1.04800E-03
  359.00      1.03520E-03
  361.00      1.02780E-03
  363.00      1.01670E-03
  364.00      1.00280E-03
  365.00      9.41730E-04
  367.00      9.35150E-04
  369.00      9.28570E-04
  371.00      9.21430E-04
  373.00      9.21140E-04
  375.00      9.24980E-04
  377.00      9.22900E-04
  379.00      9.38260E-04
  381.00      9.59000E-04
  383.00      9.00380E-04
  385.00      9.65220E-04
  387.00      9.75120E-04
  389.00      8.68500E-04
  391.00      9.64890E-04
  393.00      9.58360E-04
  395.00      9.51070E-04
  397.00      8.36620E-04
  399.00      9.32480E-04
  401.00      9.32120E-04
  403.00      9.01300E-04
  405.00      9.22350E-04
  407.00      9.11810E-04
  409.00      8.69660E-04
  411.00      8.10590E-04
  413.00      8.85350E-04
  415.00      8.81760E-04
  417.00      8.78010E-04
  419.00      8.67120E-04
  421.00      8.53960E-04
  423.00      8.57350E-04
  425.00      8.50370E-04
  427.00      8.43450E-04
  429.00      8.36550E-04
  431.00      8.26730E-04
  433.00      7.82180E-04
  435.00      7.46050E-04
  437.00      8.06340E-04
  439.00      7.95110E-04
  441.00      7.97820E-04
  443.00      7.91050E-04
  445.00      7.85670E-04
  447.00      7.63490E-04
  449.00      7.73470E-04
  451.00      7.67640E-04
  453.00      7.60510E-04
  455.00      7.43880E-04
  457.00      7.50300E-04
  459.00      7.44550E-04
  461.00      7.38960E-04
  463.00      7.33180E-04
  465.00      7.26360E-04
  467.00      7.21790E-04
  469.00      6.95880E-04
  471.00      7.07980E-04
  473.00      7.06700E-04
  475.00      7.01510E-04
  477.00      6.96380E-04
  479.00      6.91310E-04
  481.00      6.86230E-04
  483.00      6.78550E-04
  485.00      6.48900E-04
  487.00      6.10630E-04
  489.00      6.62600E-04
  491.00      6.61220E-04
  493.00      6.49500E-04
  495.00      6.52580E-04
  497.00      6.48040E-04
  499.00      6.43490E-04
  501.00      6.35490E-04
  503.00      6.34500E-04
  505.00      6.28920E-04
  507.00      6.25730E-04
  509.00      6.21400E-04
  511.00      6.17120E-04
  513.00      6.12880E-04
  515.00      6.08690E-04
  517.00      6.04530E-04
  519.00      6.00420E-04
  521.00      5.96350E-04
  523.00      5.92320E-04
  525.00      5.88330E-04
  527.00      5.84360E-04
  529.00      5.80480E-04
  531.00      5.76610E-04
  533.00      5.72780E-04
  535.00      5.68980E-04
  537.00      5.65230E-04
  539.00      5.61500E-04
  541.00      5.48560E-04
  543.00      5.54120E-04
  545.00      5.50560E-04
  547.00      5.46990E-04
  549.00      5.43440E-04
  551.00      5.39920E-04
  553.00      5.36460E-04
  555.00      5.33020E-04
  557.00      5.29610E-04
  559.00      5.26140E-04
  561.00      5.22890E-04
  563.00      5.19580E-04
  565.00      5.16300E-04
  567.00      5.13050E-04
  569.00      5.06000E-04
  571.00      4.86380E-04
  573.00      4.83540E-04
  575.00      4.80720E-04
  577.00      4.77940E-04
  579.00      4.75210E-04
  581.00      4.72560E-04
  583.00      4.70160E-04
  585.00      4.68110E-04
  587.00      4.59960E-04
  589.00      4.64440E-04
  591.00      4.63510E-04
  593.00      4.62400E-04
  595.00      4.61410E-04
  597.00      4.60550E-04
  599.00      4.59880E-04
  601.00      4.58840E-04
  603.00      4.57450E-04
  605.00      4.56640E-04
  607.00      4.54500E-04
  609.00      4.51820E-04
  611.00      4.49150E-04
  613.00      4.46520E-04
  615.00      4.43900E-04
  617.00      4.41300E-04
  619.00      4.38730E-04
  621.00      4.36180E-04
  623.00      4.33380E-04
  625.00      4.31140E-04
  627.00      4.28670E-04
  629.00      4.26200E-04
  631.00      4.23100E-04
  633.00      4.21330E-04
  635.00      4.18940E-04
  637.00      4.16560E-04
  639.00      4.14190E-04
  641.00      4.10740E-04
  643.00      4.09530E-04
  645.00      4.07230E-04
  647.00      4.04950E-04
  649.00      4.02690E-04
  651.00      4.00070E-04
  653.00      3.95260E-04
  655.00      3.86730E-04
  657.00      3.61130E-04
  659.00      3.89320E-04
  661.00      3.89270E-04
  663.00      3.87360E-04
  665.00      3.85310E-04
  667.00      3.80680E-04
  669.00      3.76920E-04
  671.00      3.79010E-04
  673.00      3.77010E-04
  675.00      3.74980E-04
  677.00      3.72960E-04
  679.00      3.70960E-04
  681.00      3.68980E-04
  683.00      3.67010E-04
  685.00      3.65050E-04
  687.00      3.63110E-04
  689.00      3.58750E-04
  691.00      3.59210E-04
  693.00      3.57400E-04
  695.00      3.55520E-04
  697.00      3.53660E-04
  699.00      3.51810E-04
  701.00      3.49970E-04
  703.00      3.48150E-04
  705.00      3.46350E-04
  707.00      3.41890E-04
  709.00      3.42780E-04
  711.00      3.41020E-04
  713.00      3.39270E-04
  715.00      3.37530E-04
  717.00      3.34040E-04
  719.00      3.33000E-04
  721.00      3.32400E-04
  723.00      3.30720E-04
  725.00      3.29050E-04
  727.00      3.27390E-04
  729.00      3.24520E-04
  731.00      3.24100E-04
  733.00      3.22490E-04
  735.00      3.20880E-04
  737.00      3.19280E-04
  739.00      3.17690E-04
  741.00      3.16120E-04
  743.00      3.14550E-04
  745.00      3.13010E-04
  747.00      3.11470E-04
  749.00      3.09940E-04
  751.00      3.08410E-04
  753.00      3.06920E-04
  755.00      3.05430E-04
  757.00      3.03940E-04
  759.00      2.99510E-04
  761.00      3.00860E-04
  763.00      2.99550E-04
  765.00      2.98110E-04
  767.00      2.96680E-04
  769.00      2.95250E-04
  771.00      2.93850E-04
  773.00      2.92430E-04
  775.00      2.91060E-04
  777.00      2.89670E-04
  779.00      2.88300E-04
  781.00      2.86910E-04
  783.00      2.85590E-04
  785.00      2.84330E-04
  787.00      2.83000E-04
  789.00      2.81670E-04
  791.00      2.80360E-04
  793.00      2.79060E-04
  795.00      2.77760E-04
  797.00      2.76470E-04
  799.00      2.75190E-04
  801.00      2.73920E-04
  803.00      2.72660E-04
  805.00      2.71410E-04
  807.00      2.70160E-04
  809.00      2.68910E-04
  811.00      2.67700E-04
  813.00      2.66480E-04
  815.00      2.65270E-04
  817.00      2.64070E-04
  819.00      2.62190E-04
  821.00      2.55960E-04
  823.00      2.53490E-04
  825.00      2.53460E-04
  827.00      2.52560E-04
  829.00      2.51700E-04
  831.00      2.50660E-04
  833.00      2.49530E-04
  835.00      2.48220E-04
  837.00      2.47350E-04
  839.00      2.46370E-04
  841.00      2.45350E-04
  843.00      2.44300E-04
  845.00      2.42930E-04
  847.00      2.42340E-04
  849.00      2.41330E-04
  851.00      2.40500E-04
  853.00      2.39450E-04
  855.00      2.38560E-04
  857.00      2.37940E-04
  859.00      2.36020E-04
  861.00      2.35830E-04
  863.00      2.35720E-04
  865.00      2.33980E-04
  867.00      2.32090E-04
  869.00      2.33320E-04
  871.00      2.33160E-04
  873.00      2.30940E-04
  875.00      2.26740E-04
  877.00      2.28580E-04
  879.00      2.30380E-04
  881.00      2.30140E-04
  883.00      2.28830E-04
  885.00      2.23350E-04
  887.00      2.18910E-04
  889.00      2.25070E-04
  891.00      2.26230E-04
  893.00      2.25810E-04
  895.00      2.25210E-04
  897.00      2.23840E-04
  899.00      2.20220E-04
  901.00      2.10580E-04
  903.00      2.13490E-04
  905.00      2.18930E-04
  907.00      2.18640E-04
  909.00      2.18840E-04
  911.00      2.18200E-04
  913.00      2.17790E-04
  915.00      2.16740E-04
  917.00      2.15210E-04
  919.00      2.13570E-04
  921.00      2.08160E-04
  923.00      1.97540E-04
  925.00      2.06200E-04
  927.00      2.09910E-04
  929.00      2.10120E-04
  931.00      2.09430E-04
  933.00      2.08840E-04
  935.00      2.04800E-04
  937.00      2.07080E-04
  939.00      2.06600E-04
  941.00      2.05770E-04
  943.00      2.04950E-04
  945.00      2.04130E-04
  947.00      2.02710E-04
  949.00      2.01860E-04
  951.00      1.99300E-04
  953.00      1.93810E-04
  955.00      1.83840E-04
  957.00      1.94290E-04
  959.00      1.97140E-04
  961.00      1.97100E-04
  963.00      1.96550E-04
  965.00      1.96230E-04
  967.00      1.95460E-04
  969.00      1.94660E-04
  971.00      1.93710E-04
  973.00      1.93190E-04
  975.00      1.92430E-04
  977.00      1.91400E-04
  979.00      1.90960E-04
  981.00      1.90230E-04
  983.00      1.89500E-04
  985.00      1.88780E-04
  987.00      1.88050E-04
  989.00      1.87330E-04
  991.00      1.86620E-04
  993.00      1.85910E-04
  995.00      1.85200E-04
  997.00      1.84500E-04
  999.00      1.83290E-04
  1002.5      1.77370E-04
  1007.5      1.74320E-04
  1012.5      1.76750E-04
  1017.5      1.77530E-04
  1022.5      1.75870E-04
  1027.5      1.74280E-04
  1032.5      1.72330E-04
  1037.5      1.71110E-04
  1042.5      1.69290E-04
  1047.5      1.68030E-04
  1052.5      1.66520E-04
  1057.5      1.65030E-04
  1062.5      1.63560E-04
  1067.5      1.62000E-04
  1072.5      1.60670E-04
  1077.5      1.59260E-04
  1082.5      1.57100E-04
  1087.5      1.56010E-04
  1092.5      1.47440E-04
  1097.5      1.51120E-04
  1102.5      1.52030E-04
  1107.5      1.51090E-04
  1112.5      1.49870E-04
  1117.5      1.48630E-04
  1122.5      1.47350E-04
  1127.5      1.46130E-04
  1132.5      1.44900E-04
  1137.5      1.43690E-04
  1142.5      1.42500E-04
  1147.5      1.41320E-04
  1152.5      1.40150E-04
  1157.5      1.39000E-04
  1162.5      1.36920E-04
  1167.5      1.36310E-04
  1172.5      1.35630E-04
  1177.5      1.34530E-04
  1182.5      1.33450E-04
  1187.5      1.32380E-04
  1192.5      1.31320E-04
  1197.5      1.29590E-04
  1202.5      1.29240E-04
  1207.5      1.28220E-04
  1212.5      1.27220E-04
  1217.5      1.26220E-04
  1222.5      1.25240E-04
  1227.5      1.24260E-04
  1232.5      1.23300E-04
  1237.5      1.22350E-04
  1242.5      1.21410E-04
  1247.5      1.20480E-04
  1252.5      1.19470E-04
  1257.5      1.18650E-04
  1262.5      1.17760E-04
  1267.5      1.16870E-04
  1272.5      1.15940E-04
  1277.5      1.13740E-04
  1282.5      1.08450E-04
  1287.5      1.12750E-04
  1292.5      1.12580E-04
  1297.5      1.11440E-04
  1302.5      1.10930E-04
  1307.5      1.10120E-04
  1312.5      1.09310E-04
  1317.5      1.08520E-04
  1322.5      1.07730E-04
  1327.5      1.06960E-04
  1332.5      1.06190E-04
  1337.5      1.05430E-04
  1342.5      1.04650E-04
  1347.5      1.03930E-04
  1352.5      1.03200E-04
  1357.5      1.02470E-04
  1362.5      1.01750E-04
  1367.5      1.01030E-04
  1372.5      1.00330E-04
  1377.5      9.96290E-05
  1382.5      9.89380E-05
  1387.5      9.82540E-05
  1392.5      9.75770E-05
  1397.5      9.69070E-05
  1402.5      9.62430E-05
  1407.5      9.55870E-05
  1412.5      9.49370E-05
  1417.5      9.42940E-05
  1422.5      9.36580E-05
  1427.5      9.30270E-05
  1432.5      9.24040E-05
  1437.5      9.17860E-05
  1442.5      9.11740E-05
  1447.5      9.05690E-05
  1452.5      8.99690E-05
  1457.0      8.94350E-05
  1462.0      8.88590E-05
  1467.5      8.82190E-05
  1472.5      8.76220E-05
  1477.5      8.66150E-05
  1482.5      8.65080E-05
  1487.5      8.59560E-05
  1492.5      8.54050E-05
  1497.5      8.48580E-05
  1502.5      8.43160E-05
  1507.5      8.37180E-05
  1512.5      8.32470E-05
  1517.5      8.27200E-05
  1522.5      8.21990E-05
  1527.5      8.16790E-05
  1532.5      8.11640E-05
  1537.5      8.06580E-05
  1542.5      8.01450E-05
  1547.5      7.96550E-05
  1552.5      7.91550E-05
  1557.5      7.86420E-05
  1562.5      7.81910E-05
  1567.5      7.76610E-05
  1572.5      7.71640E-05
  1577.5      7.67710E-05
  1582.5      7.62800E-05
  1587.5      7.56420E-05
  1592.5      7.53050E-05
  1597.5      7.49530E-05
  1605.0      7.41780E-05
  1615.0      7.31450E-05
  1625.0      7.26640E-05
  1635.0      7.14760E-05
  1645.0      7.03870E-05
  1655.0      7.01510E-05
  1665.0      6.93610E-05
  1675.0      6.80780E-05
  1685.0      6.69320E-05
  1695.0      6.69710E-05
  1705.0      6.60360E-05
  1715.0      6.54930E-05
  1725.0      6.46690E-05
  1735.0      6.27840E-05
  1745.0      6.30700E-05
  1755.0      6.26250E-05
  1765.0      6.19390E-05
  1775.0      6.12630E-05
  1785.0      6.05970E-05
  1795.0      5.99430E-05
  1805.0      5.92530E-05
  1815.0      5.73960E-05
  1825.0      5.76600E-05
  1835.0      5.74280E-05
  1845.0      5.68250E-05
  1855.0      5.62270E-05
  1865.0      5.50520E-05
  1875.0      5.35140E-05
  1885.0      5.44470E-05
  1895.0      5.39460E-05
  1905.0      5.32960E-05
  1915.0      5.28500E-05
  1925.0      5.23210E-05
  1935.0      5.16680E-05
  1945.0      4.98640E-05
  1955.0      5.06100E-05
  1965.0      5.02660E-05
  1975.0      4.97720E-05
  1985.0      4.92840E-05
  1995.0      4.88040E-05
  2005.0      4.83300E-05
  2015.0      4.78640E-05
  2025.0      4.74040E-05
  2035.0      4.69500E-05
  2045.0      4.64990E-05
  2055.0      4.60330E-05
  2065.0      4.56290E-05
  2075.0      4.52000E-05
  2085.0      4.47780E-05
  2095.0      4.43620E-05
  2105.0      4.39510E-05
  2115.0      4.34820E-05
  2125.0      4.31470E-05
  2135.0      4.27530E-05
  2145.0      4.23600E-05
  2155.0      4.18950E-05
  2165.0      4.03750E-05
  2175.0      4.10620E-05
  2185.0      4.08520E-05
  2195.0      4.04990E-05
  2205.0      4.01410E-05
  2215.0      3.97880E-05
  2225.0      3.94380E-05
  2235.0      3.90940E-05
  2245.0      3.87550E-05
  2255.0      3.84190E-05
  2265.0      3.80880E-05
  2275.0      3.77610E-05
  2285.0      3.74890E-05
  2295.0      3.71700E-05
  2305.0      3.68510E-05
  2315.0      3.65430E-05
  2325.0      3.62360E-05
  2335.0      3.59330E-05
  2345.0      3.56330E-05
  2355.0      3.53380E-05
  2365.0      3.50460E-05
  2375.0      3.47570E-05
  2385.0      3.44720E-05
  2395.0      3.41900E-05
  2405.0      3.39120E-05
  2415.0      3.36380E-05
  2425.0      3.33660E-05
  2435.0      3.30980E-05
  2445.0      3.28330E-05
  2455.0      3.25710E-05
  2465.0      3.23130E-05
  2475.0      3.20280E-05
  2485.0      3.18050E-05
  2495.0      3.15550E-05
  2505.0      3.13080E-05
  2515.0      3.10640E-05
  2525.0      3.08230E-05
  2535.0      3.05850E-05
  2545.0      3.03500E-05
  2555.0      3.01170E-05
  2565.0      2.98550E-05
  2575.0      2.96590E-05
  2585.0      2.94350E-05
  2595.0      2.92120E-05
  2605.0      2.89410E-05
  2615.0      2.85900E-05
  2625.0      2.76630E-05
  2635.0      2.82120E-05
  2645.0      2.81370E-05
  2655.0      2.79190E-05
  2665.0      2.76890E-05
  2675.0      2.73860E-05
  2685.0      2.72820E-05
  2695.0      2.71200E-05
  2705.0      2.69240E-05
  2715.0      2.67290E-05
  2725.0      2.65370E-05
  2735.0      2.63460E-05
  2745.0      2.61350E-05
  2755.0      2.57820E-05
  2765.0      2.56750E-05
  2775.0      2.56040E-05
  2785.0      2.54240E-05
  2795.0      2.52460E-05
  2805.0      2.50690E-05
  2815.0      2.48940E-05
  2825.0      2.47210E-05
  2835.0      2.45500E-05
  2845.0      2.43800E-05
  2855.0      2.42060E-05
  2865.0      2.39320E-05
  2875.0      2.35970E-05
  2885.0      2.36710E-05
  2895.0      2.35580E-05
  2905.0      2.33990E-05
  2915.0      2.32410E-05
  2925.0      2.30850E-05
  2935.0      2.29300E-05
  2945.0      2.27770E-05
  2955.0      2.26250E-05
  2965.0      2.24750E-05
  2975.0      2.23270E-05
  2985.0      2.21800E-05
  2995.0      2.20340E-05
  3005.0      2.18900E-05
  3015.0      2.17470E-05
  3025.0      2.15760E-05
  3035.0      2.11760E-05
  3045.0      2.11310E-05
  3055.0      2.11710E-05
  3065.0      2.10530E-05
  3075.0      2.09190E-05
  3085.0      2.07850E-05
  3095.0      2.06530E-05
  3105.0      2.05220E-05
  3115.0      2.03920E-05
  3125.0      2.02640E-05
  3135.0      2.01360E-05
  3145.0      2.00100E-05
  3155.0      1.98850E-05
  3165.0      1.97620E-05
  3175.0      1.96390E-05
  3185.0      1.95180E-05
  3195.0      1.93970E-05
  3210.0      1.92190E-05
  3230.0      1.89850E-05
  3250.0      1.87550E-05
  3270.0      1.85280E-05
  3290.0      1.80530E-05
  3310.0      1.80210E-05
  3330.0      1.78840E-05
  3350.0      1.76750E-05
  3370.0      1.74690E-05
  3390.0      1.72660E-05
  3410.0      1.70660E-05
  3430.0      1.68700E-05
  3450.0      1.66770E-05
  3470.0      1.64880E-05
  3490.0      1.63010E-05
  3510.0      1.61180E-05
  3530.0      1.59380E-05
  3550.0      1.57610E-05
  3570.0      1.55870E-05
  3590.0      1.54160E-05
  3610.0      1.52470E-05
  3630.0      1.50810E-05
  3650.0      1.49180E-05
  3670.0      1.47580E-05
  3690.0      1.46000E-05
  3710.0      1.44350E-05
  3730.0      1.41660E-05
  3750.0      1.39680E-05
  3770.0      1.39920E-05
  3790.0      1.38470E-05
  3810.0      1.37030E-05
  3830.0      1.35620E-05
  3850.0      1.34230E-05
  3870.0      1.32860E-05
  3890.0      1.31500E-05
  3910.0      1.30170E-05
  3930.0      1.28870E-05
  3950.0      1.27580E-05
  3970.0      1.26300E-05
  3990.0      1.25050E-05
  4010.0      1.23730E-05
  4030.0      1.22330E-05
  4050.0      1.19220E-05
  4070.0      1.20170E-05
  4090.0      1.19060E-05
  4110.0      1.17910E-05
  4130.0      1.16750E-05
  4150.0      1.15670E-05
  4170.0      1.14170E-05
  4190.0      1.13480E-05
  4210.0      1.12420E-05
  4230.0      1.11370E-05
  4250.0      1.10310E-05
  4270.0      1.09310E-05
  4290.0      1.08240E-05
  4310.0      1.07300E-05
  4330.0      1.06320E-05
  4350.0      1.05350E-05
  4370.0      1.03850E-05
  4390.0      1.03240E-05
  4410.0      1.02520E-05
  4430.0      1.01600E-05
  4450.0      1.00700E-05
  4470.0      9.98370E-06
  4490.0      9.89550E-06
  4510.0      9.80840E-06
  4530.0      9.72250E-06
  4550.0      9.63770E-06
  4570.0      9.55400E-06
  4590.0      9.47140E-06
  4610.0      9.38890E-06
  4630.0      9.30090E-06
  4650.0      9.02270E-06
  4670.0      9.04820E-06
  4690.0      9.05060E-06
  4710.0      8.99740E-06
  4730.0      8.92190E-06
  4750.0      8.84740E-06
  4770.0      8.77370E-06
  4790.0      8.70090E-06
  4810.0      8.62910E-06
  4830.0      8.55810E-06
  4850.0      8.48790E-06
  4870.0      8.41870E-06
  4890.0      8.35020E-06
  4910.0      8.28260E-06
  4930.0      8.21580E-06
  4950.0      8.14980E-06
  4970.0      8.08460E-06
  4990.0      8.02020E-06
  5010.0      7.95650E-06
  5030.0      7.89360E-06
  5050.0      7.83140E-06
  5070.0      7.76990E-06
  5090.0      7.70910E-06
  5110.0      7.63330E-06
  5130.0      7.48790E-06
  5150.0      7.52060E-06
  5170.0      7.47310E-06
  5190.0      7.41580E-06
  5210.0      7.35920E-06
  5230.0      7.30310E-06
  5250.0      7.24770E-06
  5270.0      7.19300E-06
  5290.0      7.13880E-06
  5310.0      7.08530E-06
  5330.0      7.03240E-06
  5350.0      6.98000E-06
  5370.0      6.92820E-06
  5390.0      6.87700E-06
  5410.0      6.82640E-06
  5430.0      6.77630E-06
  5450.0      6.72670E-06
  5470.0      6.67770E-06
  5490.0      6.62920E-06
  5510.0      6.58120E-06
  5530.0      6.53380E-06
  5550.0      6.48690E-06
  5570.0      6.44050E-06
  5590.0      6.39460E-06
  5610.0      6.34910E-06
  5630.0      6.30410E-06
  5650.0      6.25960E-06
  5670.0      6.21560E-06
  5690.0      6.17200E-06
  5710.0      6.12880E-06
  5730.0      6.08620E-06
  5750.0      6.04400E-06
  5770.0      6.00230E-06
  5790.0      5.96090E-06
  5810.0      5.92000E-06
  5830.0      5.87950E-06
  5850.0      5.84050E-06
  5870.0      5.80070E-06
  5890.0      5.74320E-06
  5910.0      5.61270E-06
  5930.0      5.67030E-06
  5950.0      5.63480E-06
  5970.0      5.60450E-06
  5990.0      5.57080E-06
  6010.0      5.53380E-06
  6030.0      5.49720E-06
  6050.0      5.46090E-06
  6070.0      5.42500E-06
  6090.0      5.38940E-06
  6110.0      5.35420E-06
  6130.0      5.31930E-06
  6150.0      5.28480E-06
  6170.0      5.25050E-06
  6190.0      5.21670E-06
  6210.0      5.18310E-06
  6230.0      5.14980E-06
  6250.0      5.11690E-06
  6270.0      5.08230E-06
  6290.0      5.03100E-06
  6310.0      5.01540E-06
  6330.0      4.98830E-06
  6350.0      4.95690E-06
  6370.0      4.92580E-06
  6390.0      4.89500E-06
  6420.0      4.84930E-06
  6460.0      4.78940E-06
  6500.0      4.73050E-06
  6540.0      4.67280E-06
  6580.0      4.61600E-06
  6620.0      4.56030E-06
  6660.0      4.50560E-06
  6700.0      4.45190E-06
  6740.0      4.39600E-06
  6780.0      4.32660E-06
  6820.0      4.29620E-06
  6860.0      4.24620E-06
  6900.0      4.19700E-06
  6940.0      4.14870E-06
  6980.0      4.10110E-06
  7020.0      4.05440E-06
  7060.0      4.00850E-06
  7100.0      3.96330E-06
  7140.0      3.91890E-06
  7180.0      3.87520E-06
  7220.0      3.83230E-06
  7260.0      3.79000E-06
  7300.0      3.74850E-06
  7340.0      3.70760E-06
  7380.0      3.66740E-06
  7420.0      3.62390E-06
  7460.0      3.52140E-06
  7500.0      3.47680E-06
  7540.0      3.50500E-06
  7580.0      3.47580E-06
  7620.0      3.43930E-06
  7660.0      3.40330E-06
  7700.0      3.36790E-06
  7740.0      3.33300E-06
  7780.0      3.29870E-06
  7820.0      3.26490E-06
  7860.0      3.23160E-06
  7900.0      3.19890E-06
  7940.0      3.16660E-06
  7980.0      3.13480E-06
  8020.0      3.10340E-06
  8060.0      3.07260E-06
  8100.0      3.04210E-06
  8140.0      3.01210E-06
  8180.0      2.98260E-06
  8220.0      2.95350E-06
  8260.0      2.92490E-06
  8300.0      2.89660E-06
  8340.0      2.86870E-06
  8380.0      2.84130E-06
  8420.0      2.81420E-06
  8460.0      2.78750E-06
  8500.0      2.76120E-06
  8540.0      2.73520E-06
  8580.0      2.70960E-06
  8620.0      2.68440E-06
  8660.0      2.65550E-06
  8700.0      2.63490E-06
  8740.0      2.59220E-06
  8780.0      2.56890E-06
  8820.0      2.56330E-06
  8860.0      2.54010E-06
  8900.0      2.51720E-06
  8940.0      2.49460E-06
  8980.0      2.47220E-06
  9020.0      2.45020E-06
  9060.0      2.42850E-06
  9100.0      2.40700E-06
  9140.0      2.38590E-06
  9180.0      2.36500E-06
  9220.0      2.34440E-06
  9260.0      2.32400E-06
  9300.0      2.30390E-06
  9340.0      2.28410E-06
  9380.0      2.25710E-06
  9420.0      2.24290E-06
  9460.0      2.22610E-06
  9500.0      2.20730E-06
  9540.0      2.18870E-06
  9580.0      2.17030E-06
  9620.0      2.15220E-06
  9660.0      2.13420E-06
  9700.0      2.11660E-06
  9740.0      2.09910E-06
  9780.0      2.08180E-06
  9820.0      2.06470E-06
  9860.0      2.04790E-06
  9900.0      2.03120E-06
  9940.0      2.01480E-06
  9980.0      1.99860E-06
  10020.      1.98250E-06
  20000.      4.89140E-07
  40000.      1.19360E-07
  60000.      5.22410E-08
  80000.      2.90560E-08
 1.00000E+05  1.84330E-08
 1.20000E+05  1.27100E-08
 1.40000E+05  9.28220E-09
 1.60000E+05  7.07040E-09
