 Castelli and Kurucz 2004-2012 Atmosphere
 T     40000.     G    4.50000 [-2.0a] N(He)/Ntot=0.0784 VTURB=2.0  L/H=1.25 OD
 Wavelength  Eddington Hnu
   (nm)    (ergs/s/cm2/Hz/sr)
  9.0900      8.19970E-24
  9.3500      2.98040E-23
  9.6100      1.01730E-22
  9.7700      2.10570E-22
  9.9600      4.85330E-22
  10.200      1.34050E-21
  10.380      2.79700E-21
  10.560      5.70920E-21
  10.770      1.27820E-20
  11.040      3.46320E-20
  11.400      1.22700E-19
  11.780      4.33880E-19
  12.130      1.30640E-18
  12.480      3.72320E-18
  12.710      7.20670E-18
  12.840      1.03720E-17
  13.050      1.84230E-17
  13.240      3.05480E-17
  13.390      4.51290E-17
  13.660      8.93810E-17
  13.980      1.94940E-16
  14.330      4.41070E-16
  14.720      1.04960E-15
  15.100      2.35200E-15
  15.520      5.49470E-15
  15.880      1.10030E-14
  16.200      1.99150E-14
  16.600      4.05550E-14
  17.030      8.41000E-14
  17.340      1.39270E-13
  17.680      2.37570E-13
  18.020      3.97410E-13
  18.170      4.95380E-13
  18.610      9.30000E-13
  19.100      1.81280E-12
  19.390      2.64960E-12
  19.840      4.67250E-12
  20.180      7.05690E-12
  20.500      1.02750E-11
  21.050      1.90910E-11
  21.620      3.50930E-11
  21.980      5.07200E-11
  22.300      6.96560E-11
  22.680      1.00310E-10
  23.000      1.01840E-08
  23.400      4.23050E-08
  24.000      1.17620E-07
  24.650      1.26030E-06
  25.240      4.75840E-06
  25.680      3.26590E-06
  26.000      1.41410E-05
  26.400      2.72390E-05
  26.850      4.05140E-05
  27.350      5.37620E-05
  27.850      5.59350E-05
  28.400      7.88690E-05
  29.000      9.04470E-05
  29.600      6.54510E-05
  30.100      1.06440E-05
  30.800      3.71270E-05
  31.800      8.19620E-05
  32.800      1.03070E-04
  33.800      1.04370E-04
  34.800      1.15740E-04
  35.700      1.52800E-04
  36.600      1.83520E-04
  37.500      1.98280E-04
  38.500      1.96560E-04
  39.500      2.30030E-04
  40.500      2.53550E-04
  41.400      2.66460E-04
  42.200      2.66830E-04
  43.000      2.70400E-04
  44.100      2.96950E-04
  45.100      3.11510E-04
  46.000      3.12940E-04
  47.000      3.25760E-04
  48.000      3.45800E-04
  49.000      3.43370E-04
  50.000      3.77230E-04
  50.600      4.83950E-04
  51.200      7.39210E-04
  52.000      7.41550E-04
  53.000      7.57010E-04
  54.000      7.31090E-04
  55.000      7.40060E-04
  56.000      8.39420E-04
  57.000      8.75910E-04
  58.000      8.75120E-04
  59.000      9.17140E-04
  60.000      9.06920E-04
  61.000      9.07980E-04
  62.000      9.83880E-04
  63.000      9.95790E-04
  64.000      1.03320E-03
  65.000      1.03630E-03
  65.800      1.01930E-03
  66.500      1.06890E-03
  67.500      1.10970E-03
  68.500      1.09020E-03
  69.500      1.14650E-03
  70.500      1.11310E-03
  71.600      1.19180E-03
  72.600      1.21720E-03
  73.500      1.23690E-03
  74.500      1.23980E-03
  75.500      1.25250E-03
  76.500      1.25780E-03
  77.500      1.29200E-03
  78.500      1.29730E-03
  79.500      1.32270E-03
  80.500      1.34030E-03
  81.500      1.36310E-03
  82.500      1.38820E-03
  83.500      1.34160E-03
  84.500      1.41220E-03
  85.500      1.41810E-03
  86.500      1.44940E-03
  87.500      1.46720E-03
  88.500      1.47860E-03
  89.500      1.48990E-03
  90.500      1.48940E-03
  91.500      1.26700E-03
  92.500      2.26660E-03
  93.500      2.98090E-03
  94.500      3.71440E-03
  95.500      4.03960E-03
  96.500      4.56270E-03
  97.500      3.66150E-03
  98.500      4.50540E-03
  99.500      4.26250E-03
  100.50      4.48880E-03
  101.50      4.49280E-03
  102.50      3.68590E-03
  103.50      4.44740E-03
  104.50      4.47900E-03
  105.50      4.45940E-03
  106.50      4.36430E-03
  107.50      4.35720E-03
  108.50      4.17610E-03
  109.50      4.35590E-03
  110.50      4.30920E-03
  111.50      4.26800E-03
  112.50      4.18420E-03
  113.50      4.24450E-03
  114.50      4.21930E-03
  115.50      4.15660E-03
  116.50      4.14030E-03
  117.50      3.89500E-03
  118.50      4.08060E-03
  119.50      4.05250E-03
  120.50      4.02020E-03
  121.50      3.33140E-03
  122.50      3.97210E-03
  123.50      3.94900E-03
  124.50      3.91170E-03
  125.50      3.93180E-03
  126.50      3.90840E-03
  127.50      3.88560E-03
  128.50      3.86200E-03
  129.50      3.82960E-03
  130.50      3.80410E-03
  131.50      3.78470E-03
  132.50      3.75390E-03
  133.50      3.73390E-03
  134.50      3.71220E-03
  135.50      3.67980E-03
  136.50      3.64550E-03
  137.50      3.60450E-03
  138.50      3.59870E-03
  139.50      3.53470E-03
  140.50      3.49200E-03
  141.50      3.53120E-03
  142.50      3.49500E-03
  143.50      3.48520E-03
  144.20      3.45750E-03
  144.70      3.44860E-03
  145.50      3.42550E-03
  146.50      3.40660E-03
  147.50      3.38830E-03
  148.50      3.37680E-03
  149.50      3.34890E-03
  150.50      3.33210E-03
  151.20      3.32010E-03
  151.70      3.30260E-03
  152.50      3.28420E-03
  153.50      3.24070E-03
  154.50      3.13550E-03
  155.50      3.13260E-03
  156.50      3.16950E-03
  157.50      3.16440E-03
  158.50      3.14380E-03
  159.50      3.12490E-03
  160.50      3.08350E-03
  161.50      3.06340E-03
  162.50      3.02990E-03
  163.50      2.96730E-03
  164.50      2.84330E-03
  165.50      3.00000E-03
  166.50      2.98090E-03
  167.20      2.95300E-03
  167.70      2.96930E-03
  168.50      2.95170E-03
  169.50      2.93390E-03
  170.50      2.91150E-03
  171.50      2.86150E-03
  172.50      2.85720E-03
  173.50      2.86240E-03
  174.50      2.84090E-03
  175.50      2.81900E-03
  176.50      2.80570E-03
  177.50      2.78930E-03
  178.50      2.77250E-03
  179.50      2.75220E-03
  180.50      2.73600E-03
  181.50      2.71850E-03
  182.50      2.70040E-03
  183.50      2.68500E-03
  184.50      2.66710E-03
  185.50      2.64910E-03
  186.50      2.63190E-03
  187.50      2.61490E-03
  188.50      2.59870E-03
  189.50      2.58470E-03
  190.50      2.56880E-03
  191.50      2.55220E-03
  192.50      2.52990E-03
  193.50      2.52070E-03
  194.50      2.50510E-03
  195.50      2.48830E-03
  196.70      2.47070E-03
  197.60      2.45680E-03
  198.40      2.44480E-03
  199.50      2.42800E-03
  200.50      2.41330E-03
  201.50      2.39840E-03
  202.50      2.38350E-03
  203.50      2.36890E-03
  204.50      2.35380E-03
  205.50      1.83450E-03
  206.50      1.78170E-03
  207.40      1.82790E-03
  207.80      1.87500E-03
  208.50      2.00640E-03
  209.50      2.22020E-03
  210.50      2.27150E-03
  211.50      2.26600E-03
  212.50      2.25210E-03
  213.50      2.23590E-03
  214.50      2.22700E-03
  215.50      2.24780E-03
  216.50      2.18300E-03
  217.50      2.23590E-03
  218.50      2.15900E-03
  219.50      2.20890E-03
  220.50      2.19830E-03
  221.50      2.11900E-03
  222.50      2.17150E-03
  223.50      2.15950E-03
  224.50      2.14490E-03
  225.50      2.07130E-03
  226.50      2.12100E-03
  227.50      2.10860E-03
  228.50      2.09480E-03
  229.50      2.06940E-03
  230.50      2.01350E-03
  231.50      2.05740E-03
  232.50      2.04710E-03
  233.50      2.03530E-03
  234.50      2.02340E-03
  235.50      2.01160E-03
  236.50      1.99990E-03
  237.50      1.98810E-03
  238.50      1.92130E-03
  239.50      1.96170E-03
  240.50      1.95380E-03
  241.50      1.94230E-03
  242.50      1.93190E-03
  243.50      1.92060E-03
  244.50      1.90980E-03
  245.50      1.89790E-03
  246.50      1.88830E-03
  247.50      1.87770E-03
  248.50      1.86700E-03
  249.50      1.80980E-03
  250.50      1.84050E-03
  251.30      1.73110E-03
  251.80      1.82470E-03
  252.50      1.82470E-03
  253.50      1.81550E-03
  254.50      1.80540E-03
  255.50      1.79530E-03
  256.50      1.78550E-03
  257.50      1.77570E-03
  258.50      1.76590E-03
  259.50      1.75480E-03
  260.50      1.74740E-03
  261.50      1.73740E-03
  262.50      1.72840E-03
  263.50      1.71900E-03
  264.50      1.70960E-03
  265.50      1.70020E-03
  266.50      1.69070E-03
  267.50      1.68040E-03
  268.50      1.67290E-03
  269.50      1.66290E-03
  270.50      1.65530E-03
  271.50      1.64640E-03
  272.50      1.63580E-03
  273.50      1.58730E-03
  274.50      1.62040E-03
  275.50      1.61180E-03
  276.50      1.60140E-03
  277.50      1.59490E-03
  278.50      1.58640E-03
  279.50      1.57750E-03
  280.50      1.56990E-03
  281.50      1.56170E-03
  282.50      1.55140E-03
  283.50      1.54480E-03
  284.50      1.53770E-03
  285.50      1.52980E-03
  286.50      1.52190E-03
  287.50      1.51410E-03
  288.50      1.50630E-03
  289.50      1.49860E-03
  291.00      1.48710E-03
  293.00      1.47210E-03
  295.00      1.45550E-03
  297.00      1.44250E-03
  299.00      1.42740E-03
  301.00      1.41370E-03
  303.00      1.39880E-03
  305.00      1.38520E-03
  307.00      1.37230E-03
  309.00      1.35900E-03
  311.00      1.34580E-03
  313.00      1.33270E-03
  315.00      1.32020E-03
  317.00      1.30750E-03
  319.00      1.29210E-03
  321.00      1.26550E-03
  323.00      1.27070E-03
  325.00      1.25870E-03
  327.00      1.24540E-03
  329.00      1.23500E-03
  331.00      1.22370E-03
  333.00      1.21250E-03
  335.00      1.20050E-03
  337.00      1.19030E-03
  339.00      1.17950E-03
  341.00      1.16870E-03
  343.00      1.15900E-03
  345.00      1.14740E-03
  347.00      1.13810E-03
  349.00      1.12760E-03
  351.00      1.11740E-03
  353.00      1.10720E-03
  355.00      1.09710E-03
  357.00      1.08870E-03
  359.00      1.07750E-03
  361.00      1.06890E-03
  363.00      1.05850E-03
  364.00      1.03810E-03
  365.00      9.62390E-04
  367.00      9.55510E-04
  369.00      9.50240E-04
  371.00      9.49570E-04
  373.00      9.53650E-04
  375.00      9.66470E-04
  377.00      9.73240E-04
  379.00      9.87820E-04
  381.00      1.00180E-03
  383.00      9.55410E-04
  385.00      1.00050E-03
  387.00      1.00410E-03
  389.00      9.26360E-04
  391.00      9.91860E-04
  393.00      9.78340E-04
  395.00      9.76970E-04
  397.00      8.94200E-04
  399.00      9.59870E-04
  401.00      9.55800E-04
  403.00      9.29790E-04
  405.00      9.42440E-04
  407.00      9.33820E-04
  409.00      9.06600E-04
  411.00      8.58240E-04
  413.00      9.09360E-04
  415.00      9.03150E-04
  417.00      8.97460E-04
  419.00      8.87220E-04
  421.00      8.72460E-04
  423.00      8.76490E-04
  425.00      8.69570E-04
  427.00      8.62710E-04
  429.00      8.55990E-04
  431.00      8.48470E-04
  433.00      8.18560E-04
  435.00      7.88080E-04
  437.00      8.28530E-04
  439.00      8.19590E-04
  441.00      8.16980E-04
  443.00      8.10510E-04
  445.00      8.04660E-04
  447.00      7.90610E-04
  449.00      7.92500E-04
  451.00      7.86540E-04
  453.00      7.79810E-04
  455.00      7.63490E-04
  457.00      7.69100E-04
  459.00      7.63370E-04
  461.00      7.57730E-04
  463.00      7.51960E-04
  465.00      7.45620E-04
  467.00      7.40590E-04
  469.00      7.13810E-04
  471.00      7.28360E-04
  473.00      7.25220E-04
  475.00      7.20000E-04
  477.00      7.14830E-04
  479.00      7.09710E-04
  481.00      7.04650E-04
  483.00      6.99000E-04
  485.00      6.79720E-04
  487.00      6.46720E-04
  489.00      6.83630E-04
  491.00      6.80140E-04
  493.00      6.71530E-04
  495.00      6.70690E-04
  497.00      6.66050E-04
  499.00      6.61450E-04
  501.00      6.54920E-04
  503.00      6.52380E-04
  505.00      6.47380E-04
  507.00      6.43510E-04
  509.00      6.39140E-04
  511.00      6.34810E-04
  513.00      6.30520E-04
  515.00      6.26280E-04
  517.00      6.22080E-04
  519.00      6.17920E-04
  521.00      6.13800E-04
  523.00      6.09720E-04
  525.00      6.05680E-04
  527.00      6.01650E-04
  529.00      5.97720E-04
  531.00      5.93800E-04
  533.00      5.89920E-04
  535.00      5.86070E-04
  537.00      5.82260E-04
  539.00      5.78490E-04
  541.00      5.65880E-04
  543.00      5.71040E-04
  545.00      5.67390E-04
  547.00      5.63760E-04
  549.00      5.60170E-04
  551.00      5.56590E-04
  553.00      5.53080E-04
  555.00      5.49590E-04
  557.00      5.46130E-04
  559.00      5.42570E-04
  561.00      5.39300E-04
  563.00      5.35940E-04
  565.00      5.32600E-04
  567.00      5.29300E-04
  569.00      5.20840E-04
  571.00      4.95060E-04
  573.00      4.92230E-04
  575.00      4.89430E-04
  577.00      4.86710E-04
  579.00      4.84160E-04
  581.00      4.81910E-04
  583.00      4.80230E-04
  585.00      4.79110E-04
  587.00      4.74400E-04
  589.00      4.77410E-04
  591.00      4.77000E-04
  593.00      4.76820E-04
  595.00      4.76910E-04
  597.00      4.77050E-04
  599.00      4.77450E-04
  601.00      4.76160E-04
  603.00      4.74060E-04
  605.00      4.72570E-04
  607.00      4.69560E-04
  609.00      4.67340E-04
  611.00      4.64170E-04
  613.00      4.61500E-04
  615.00      4.59260E-04
  617.00      4.55490E-04
  619.00      4.53980E-04
  621.00      4.51380E-04
  623.00      4.47500E-04
  625.00      4.46040E-04
  627.00      4.43710E-04
  629.00      4.41180E-04
  631.00      4.36780E-04
  633.00      4.36180E-04
  635.00      4.33770E-04
  637.00      4.31330E-04
  639.00      4.28880E-04
  641.00      4.24090E-04
  643.00      4.24150E-04
  645.00      4.21800E-04
  647.00      4.19470E-04
  649.00      4.17150E-04
  651.00      4.14700E-04
  653.00      4.09000E-04
  655.00      4.05200E-04
  657.00      3.82480E-04
  659.00      4.05050E-04
  661.00      4.03650E-04
  663.00      4.01470E-04
  665.00      3.99330E-04
  667.00      3.95570E-04
  669.00      3.90250E-04
  671.00      3.92890E-04
  673.00      3.90830E-04
  675.00      3.88740E-04
  677.00      3.86680E-04
  679.00      3.84630E-04
  681.00      3.82590E-04
  683.00      3.80570E-04
  685.00      3.78570E-04
  687.00      3.76580E-04
  689.00      3.70710E-04
  691.00      3.72580E-04
  693.00      3.70720E-04
  695.00      3.68790E-04
  697.00      3.66880E-04
  699.00      3.64980E-04
  701.00      3.63100E-04
  703.00      3.61230E-04
  705.00      3.59380E-04
  707.00      3.55740E-04
  709.00      3.55720E-04
  711.00      3.53910E-04
  713.00      3.52110E-04
  715.00      3.50330E-04
  717.00      3.45940E-04
  719.00      3.45380E-04
  721.00      3.45060E-04
  723.00      3.43330E-04
  725.00      3.41620E-04
  727.00      3.39910E-04
  729.00      3.37490E-04
  731.00      3.36540E-04
  733.00      3.34870E-04
  735.00      3.33220E-04
  737.00      3.31580E-04
  739.00      3.29950E-04
  741.00      3.28330E-04
  743.00      3.26720E-04
  745.00      3.25130E-04
  747.00      3.23550E-04
  749.00      3.21970E-04
  751.00      3.20410E-04
  753.00      3.18870E-04
  755.00      3.17330E-04
  757.00      3.15800E-04
  759.00      3.10540E-04
  761.00      3.12640E-04
  763.00      3.11290E-04
  765.00      3.09810E-04
  767.00      3.08340E-04
  769.00      3.06870E-04
  771.00      3.05420E-04
  773.00      3.03970E-04
  775.00      3.02550E-04
  777.00      3.01130E-04
  779.00      2.99720E-04
  781.00      2.98310E-04
  783.00      2.96920E-04
  785.00      2.95580E-04
  787.00      2.94210E-04
  789.00      2.92850E-04
  791.00      2.91490E-04
  793.00      2.90150E-04
  795.00      2.88810E-04
  797.00      2.87480E-04
  799.00      2.86170E-04
  801.00      2.84860E-04
  803.00      2.83560E-04
  805.00      2.82270E-04
  807.00      2.80990E-04
  809.00      2.79710E-04
  811.00      2.78450E-04
  813.00      2.77190E-04
  815.00      2.75940E-04
  817.00      2.74700E-04
  819.00      2.72540E-04
  821.00      2.63760E-04
  823.00      2.61230E-04
  825.00      2.61280E-04
  827.00      2.60360E-04
  829.00      2.59370E-04
  831.00      2.58280E-04
  833.00      2.57170E-04
  835.00      2.55990E-04
  837.00      2.55030E-04
  839.00      2.54030E-04
  841.00      2.53070E-04
  843.00      2.52110E-04
  845.00      2.51010E-04
  847.00      2.50280E-04
  849.00      2.49460E-04
  851.00      2.48630E-04
  853.00      2.47870E-04
  855.00      2.46840E-04
  857.00      2.46610E-04
  859.00      2.44970E-04
  861.00      2.44470E-04
  863.00      2.44720E-04
  865.00      2.43310E-04
  867.00      2.40860E-04
  869.00      2.42710E-04
  871.00      2.42630E-04
  873.00      2.41050E-04
  875.00      2.35990E-04
  877.00      2.38940E-04
  879.00      2.40360E-04
  881.00      2.39960E-04
  883.00      2.39030E-04
  885.00      2.34360E-04
  887.00      2.28850E-04
  889.00      2.35380E-04
  891.00      2.35770E-04
  893.00      2.34930E-04
  895.00      2.34500E-04
  897.00      2.33080E-04
  899.00      2.30590E-04
  901.00      2.21370E-04
  903.00      2.24480E-04
  905.00      2.28650E-04
  907.00      2.28130E-04
  909.00      2.27770E-04
  911.00      2.26650E-04
  913.00      2.26110E-04
  915.00      2.25190E-04
  917.00      2.24130E-04
  919.00      2.22680E-04
  921.00      2.19010E-04
  923.00      2.08670E-04
  925.00      2.16960E-04
  927.00      2.19020E-04
  929.00      2.18910E-04
  931.00      2.17870E-04
  933.00      2.17020E-04
  935.00      2.12560E-04
  937.00      2.14710E-04
  939.00      2.14580E-04
  941.00      2.13730E-04
  943.00      2.12890E-04
  945.00      2.12040E-04
  947.00      2.10990E-04
  949.00      2.10370E-04
  951.00      2.08360E-04
  953.00      2.04580E-04
  955.00      1.94960E-04
  957.00      2.04410E-04
  959.00      2.05730E-04
  961.00      2.05390E-04
  963.00      2.04520E-04
  965.00      2.03910E-04
  967.00      2.03120E-04
  969.00      2.02320E-04
  971.00      2.01440E-04
  973.00      2.00780E-04
  975.00      1.99860E-04
  977.00      1.98390E-04
  979.00      1.98480E-04
  981.00      1.97730E-04
  983.00      1.96970E-04
  985.00      1.96230E-04
  987.00      1.95480E-04
  989.00      1.94740E-04
  991.00      1.94010E-04
  993.00      1.93280E-04
  995.00      1.92550E-04
  997.00      1.91820E-04
  999.00      1.91100E-04
  1002.5      1.86550E-04
  1007.5      1.83500E-04
  1012.5      1.83860E-04
  1017.5      1.84640E-04
  1022.5      1.82940E-04
  1027.5      1.81280E-04
  1032.5      1.79430E-04
  1037.5      1.78010E-04
  1042.5      1.75800E-04
  1047.5      1.74830E-04
  1052.5      1.73270E-04
  1057.5      1.71730E-04
  1062.5      1.70210E-04
  1067.5      1.68670E-04
  1072.5      1.67240E-04
  1077.5      1.65780E-04
  1082.5      1.63780E-04
  1087.5      1.62800E-04
  1092.5      1.55880E-04
  1097.5      1.58710E-04
  1102.5      1.58630E-04
  1107.5      1.57400E-04
  1112.5      1.56080E-04
  1117.5      1.54820E-04
  1122.5      1.53510E-04
  1127.5      1.52240E-04
  1132.5      1.50970E-04
  1137.5      1.49720E-04
  1142.5      1.48480E-04
  1147.5      1.47260E-04
  1152.5      1.46050E-04
  1157.5      1.44860E-04
  1162.5      1.42580E-04
  1167.5      1.41800E-04
  1172.5      1.41370E-04
  1177.5      1.40230E-04
  1182.5      1.39110E-04
  1187.5      1.38000E-04
  1192.5      1.36910E-04
  1197.5      1.35480E-04
  1202.5      1.34750E-04
  1207.5      1.33700E-04
  1212.5      1.32650E-04
  1217.5      1.31620E-04
  1222.5      1.30600E-04
  1227.5      1.29590E-04
  1232.5      1.28590E-04
  1237.5      1.27610E-04
  1242.5      1.26630E-04
  1247.5      1.25670E-04
  1252.5      1.24670E-04
  1257.5      1.23780E-04
  1262.5      1.22850E-04
  1267.5      1.21930E-04
  1272.5      1.21010E-04
  1277.5      1.19370E-04
  1282.5      1.14840E-04
  1287.5      1.18100E-04
  1292.5      1.17470E-04
  1297.5      1.16460E-04
  1302.5      1.15760E-04
  1307.5      1.14920E-04
  1312.5      1.14090E-04
  1317.5      1.13260E-04
  1322.5      1.12450E-04
  1327.5      1.11640E-04
  1332.5      1.10840E-04
  1337.5      1.10050E-04
  1342.5      1.09260E-04
  1347.5      1.08500E-04
  1352.5      1.07730E-04
  1357.5      1.06980E-04
  1362.5      1.06230E-04
  1367.5      1.05490E-04
  1372.5      1.04750E-04
  1377.5      1.04030E-04
  1382.5      1.03310E-04
  1387.5      1.02600E-04
  1392.5      1.01890E-04
  1397.5      1.01200E-04
  1402.5      1.00510E-04
  1407.5      9.98260E-05
  1412.5      9.91510E-05
  1417.5      9.84820E-05
  1422.5      9.78200E-05
  1427.5      9.71640E-05
  1432.5      9.65150E-05
  1437.5      9.58730E-05
  1442.5      9.52370E-05
  1447.5      9.46070E-05
  1452.5      9.39830E-05
  1457.0      9.34270E-05
  1462.0      9.28380E-05
  1467.5      9.21700E-05
  1472.5      9.15470E-05
  1477.5      9.03700E-05
  1482.5      9.03880E-05
  1487.5      8.98140E-05
  1492.5      8.92400E-05
  1497.5      8.86700E-05
  1502.5      8.81060E-05
  1507.5      8.75130E-05
  1512.5      8.69910E-05
  1517.5      8.64420E-05
  1522.5      8.58990E-05
  1527.5      8.53550E-05
  1532.5      8.48170E-05
  1537.5      8.42920E-05
  1542.5      8.37490E-05
  1547.5      8.32460E-05
  1552.5      8.27230E-05
  1557.5      8.21730E-05
  1562.5      8.17350E-05
  1567.5      8.11630E-05
  1572.5      8.06260E-05
  1577.5      8.03090E-05
  1582.5      7.97700E-05
  1587.5      7.90090E-05
  1592.5      7.87290E-05
  1597.5      7.84980E-05
  1605.0      7.76200E-05
  1615.0      7.64610E-05
  1625.0      7.59560E-05
  1635.0      7.48250E-05
  1645.0      7.36180E-05
  1655.0      7.33210E-05
  1665.0      7.24740E-05
  1675.0      7.13360E-05
  1685.0      7.01070E-05
  1695.0      7.00150E-05
  1705.0      6.91070E-05
  1715.0      6.84470E-05
  1725.0      6.76750E-05
  1735.0      6.59030E-05
  1745.0      6.60750E-05
  1755.0      6.54610E-05
  1765.0      6.47460E-05
  1775.0      6.40410E-05
  1785.0      6.33480E-05
  1795.0      6.26670E-05
  1805.0      6.19940E-05
  1815.0      6.03240E-05
  1825.0      6.04920E-05
  1835.0      6.00460E-05
  1845.0      5.94170E-05
  1855.0      5.88000E-05
  1865.0      5.76190E-05
  1875.0      5.63360E-05
  1885.0      5.69910E-05
  1895.0      5.64190E-05
  1905.0      5.57880E-05
  1915.0      5.52800E-05
  1925.0      5.47240E-05
  1935.0      5.41350E-05
  1945.0      5.25410E-05
  1955.0      5.30440E-05
  1965.0      5.25810E-05
  1975.0      5.20640E-05
  1985.0      5.15560E-05
  1995.0      5.10540E-05
  2005.0      5.05600E-05
  2015.0      5.00730E-05
  2025.0      4.95930E-05
  2035.0      4.91200E-05
  2045.0      4.86510E-05
  2055.0      4.81740E-05
  2065.0      4.77410E-05
  2075.0      4.72940E-05
  2085.0      4.68530E-05
  2095.0      4.64180E-05
  2105.0      4.59900E-05
  2115.0      4.55280E-05
  2125.0      4.51500E-05
  2135.0      4.47390E-05
  2145.0      4.43310E-05
  2155.0      4.39130E-05
  2165.0      4.25710E-05
  2175.0      4.30800E-05
  2185.0      4.27600E-05
  2195.0      4.23860E-05
  2205.0      4.20120E-05
  2215.0      4.16420E-05
  2225.0      4.12770E-05
  2235.0      4.09180E-05
  2245.0      4.05630E-05
  2255.0      4.02130E-05
  2265.0      3.98670E-05
  2275.0      3.95250E-05
  2285.0      3.92290E-05
  2295.0      3.88960E-05
  2305.0      3.85640E-05
  2315.0      3.82420E-05
  2325.0      3.79210E-05
  2335.0      3.76040E-05
  2345.0      3.72910E-05
  2355.0      3.69820E-05
  2365.0      3.66770E-05
  2375.0      3.63750E-05
  2385.0      3.60780E-05
  2395.0      3.57830E-05
  2405.0      3.54930E-05
  2415.0      3.52060E-05
  2425.0      3.49220E-05
  2435.0      3.46420E-05
  2445.0      3.43650E-05
  2455.0      3.40910E-05
  2465.0      3.38210E-05
  2475.0      3.35370E-05
  2485.0      3.32900E-05
  2495.0      3.30290E-05
  2505.0      3.27710E-05
  2515.0      3.25160E-05
  2525.0      3.22580E-05
  2535.0      3.20150E-05
  2545.0      3.17690E-05
  2555.0      3.15260E-05
  2565.0      3.12400E-05
  2575.0      3.10470E-05
  2585.0      3.08130E-05
  2595.0      3.05800E-05
  2605.0      3.03210E-05
  2615.0      2.99720E-05
  2625.0      2.91680E-05
  2635.0      2.96240E-05
  2645.0      2.94560E-05
  2655.0      2.92330E-05
  2665.0      2.90040E-05
  2675.0      2.86520E-05
  2685.0      2.85800E-05
  2695.0      2.83930E-05
  2705.0      2.81870E-05
  2715.0      2.79840E-05
  2725.0      2.77830E-05
  2735.0      2.75830E-05
  2745.0      2.73860E-05
  2755.0      2.69850E-05
  2765.0      2.69100E-05
  2775.0      2.68070E-05
  2785.0      2.66190E-05
  2795.0      2.64320E-05
  2805.0      2.62470E-05
  2815.0      2.60640E-05
  2825.0      2.58830E-05
  2835.0      2.57040E-05
  2845.0      2.55270E-05
  2855.0      2.53490E-05
  2865.0      2.51060E-05
  2875.0      2.47150E-05
  2885.0      2.48180E-05
  2895.0      2.46670E-05
  2905.0      2.45000E-05
  2915.0      2.43350E-05
  2925.0      2.41710E-05
  2935.0      2.40100E-05
  2945.0      2.38490E-05
  2955.0      2.36910E-05
  2965.0      2.35340E-05
  2975.0      2.33780E-05
  2985.0      2.32240E-05
  2995.0      2.30720E-05
  3005.0      2.29210E-05
  3015.0      2.27710E-05
  3025.0      2.26210E-05
  3035.0      2.22010E-05
  3045.0      2.21740E-05
  3055.0      2.21870E-05
  3065.0      2.20450E-05
  3075.0      2.19040E-05
  3085.0      2.17640E-05
  3095.0      2.16260E-05
  3105.0      2.14890E-05
  3115.0      2.13530E-05
  3125.0      2.12180E-05
  3135.0      2.10850E-05
  3145.0      2.09530E-05
  3155.0      2.08220E-05
  3165.0      2.06930E-05
  3175.0      2.05640E-05
  3185.0      2.04370E-05
  3195.0      2.03110E-05
  3210.0      2.01240E-05
  3230.0      1.98790E-05
  3250.0      1.96380E-05
  3270.0      1.94020E-05
  3290.0      1.89460E-05
  3310.0      1.89060E-05
  3330.0      1.87260E-05
  3350.0      1.85070E-05
  3370.0      1.82900E-05
  3390.0      1.80780E-05
  3410.0      1.78690E-05
  3430.0      1.76640E-05
  3450.0      1.74620E-05
  3470.0      1.72630E-05
  3490.0      1.70680E-05
  3510.0      1.68760E-05
  3530.0      1.66880E-05
  3550.0      1.65020E-05
  3570.0      1.63200E-05
  3590.0      1.61410E-05
  3610.0      1.59640E-05
  3630.0      1.57910E-05
  3650.0      1.56200E-05
  3670.0      1.54520E-05
  3690.0      1.52860E-05
  3710.0      1.51170E-05
  3730.0      1.48710E-05
  3750.0      1.46580E-05
  3770.0      1.46500E-05
  3790.0      1.44980E-05
  3810.0      1.43470E-05
  3830.0      1.41990E-05
  3850.0      1.40530E-05
  3870.0      1.39100E-05
  3890.0      1.37680E-05
  3910.0      1.36200E-05
  3930.0      1.34920E-05
  3950.0      1.33560E-05
  3970.0      1.32230E-05
  3990.0      1.30920E-05
  4010.0      1.29530E-05
  4030.0      1.28080E-05
  4050.0      1.25270E-05
  4070.0      1.25860E-05
  4090.0      1.24640E-05
  4110.0      1.23440E-05
  4130.0      1.22230E-05
  4150.0      1.21090E-05
  4170.0      1.19470E-05
  4190.0      1.18800E-05
  4210.0      1.17690E-05
  4230.0      1.16580E-05
  4250.0      1.15490E-05
  4270.0      1.14420E-05
  4290.0      1.13330E-05
  4310.0      1.12320E-05
  4330.0      1.11290E-05
  4350.0      1.10280E-05
  4370.0      1.08690E-05
  4390.0      1.08120E-05
  4410.0      1.07320E-05
  4430.0      1.06350E-05
  4450.0      1.05410E-05
  4470.0      1.04500E-05
  4490.0      1.03580E-05
  4510.0      1.02660E-05
  4530.0      1.01760E-05
  4550.0      1.00880E-05
  4570.0      9.99980E-06
  4590.0      9.91330E-06
  4610.0      9.82720E-06
  4630.0      9.74320E-06
  4650.0      9.47880E-06
  4670.0      9.47820E-06
  4690.0      9.48280E-06
  4710.0      9.41650E-06
  4730.0      9.33740E-06
  4750.0      9.25930E-06
  4770.0      9.18200E-06
  4790.0      9.10580E-06
  4810.0      9.03050E-06
  4830.0      8.95610E-06
  4850.0      8.88260E-06
  4870.0      8.81000E-06
  4890.0      8.73830E-06
  4910.0      8.66740E-06
  4930.0      8.59740E-06
  4950.0      8.52830E-06
  4970.0      8.45990E-06
  4990.0      8.39240E-06
  5010.0      8.32570E-06
  5030.0      8.25980E-06
  5050.0      8.19460E-06
  5070.0      8.13020E-06
  5090.0      8.06650E-06
  5110.0      7.99510E-06
  5130.0      7.83870E-06
  5150.0      7.87640E-06
  5170.0      7.81920E-06
  5190.0      7.75920E-06
  5210.0      7.69980E-06
  5230.0      7.64110E-06
  5250.0      7.58310E-06
  5270.0      7.52570E-06
  5290.0      7.46900E-06
  5310.0      7.41290E-06
  5330.0      7.35740E-06
  5350.0      7.30260E-06
  5370.0      7.24830E-06
  5390.0      7.19460E-06
  5410.0      7.14160E-06
  5430.0      7.08920E-06
  5450.0      7.03730E-06
  5470.0      6.98590E-06
  5490.0      6.93510E-06
  5510.0      6.88480E-06
  5530.0      6.83510E-06
  5550.0      6.78600E-06
  5570.0      6.73740E-06
  5590.0      6.68930E-06
  5610.0      6.64170E-06
  5630.0      6.59460E-06
  5650.0      6.54800E-06
  5670.0      6.50180E-06
  5690.0      6.45610E-06
  5710.0      6.40690E-06
  5730.0      6.36620E-06
  5750.0      6.32210E-06
  5770.0      6.27830E-06
  5790.0      6.23500E-06
  5810.0      6.19210E-06
  5830.0      6.14970E-06
  5850.0      6.10880E-06
  5870.0      6.06720E-06
  5890.0      6.01630E-06
  5910.0      5.87860E-06
  5930.0      5.93940E-06
  5950.0      5.89110E-06
  5970.0      5.86000E-06
  5990.0      5.82620E-06
  6010.0      5.78750E-06
  6030.0      5.74910E-06
  6050.0      5.71110E-06
  6070.0      5.67350E-06
  6090.0      5.63620E-06
  6110.0      5.59930E-06
  6130.0      5.56280E-06
  6150.0      5.52660E-06
  6170.0      5.49070E-06
  6190.0      5.45520E-06
  6210.0      5.42010E-06
  6230.0      5.38530E-06
  6250.0      5.35080E-06
  6270.0      5.31560E-06
  6290.0      5.25500E-06
  6310.0      5.24550E-06
  6330.0      5.21600E-06
  6350.0      5.18320E-06
  6370.0      5.15060E-06
  6390.0      5.11830E-06
  6420.0      5.07050E-06
  6460.0      5.00770E-06
  6500.0      4.94600E-06
  6540.0      4.88550E-06
  6580.0      4.82610E-06
  6620.0      4.76780E-06
  6660.0      4.71050E-06
  6700.0      4.65420E-06
  6740.0      4.59700E-06
  6780.0      4.52210E-06
  6820.0      4.49120E-06
  6860.0      4.43880E-06
  6900.0      4.38730E-06
  6940.0      4.33670E-06
  6980.0      4.28690E-06
  7020.0      4.23800E-06
  7060.0      4.18990E-06
  7100.0      4.14260E-06
  7140.0      4.09610E-06
  7180.0      4.05040E-06
  7220.0      4.00540E-06
  7260.0      3.96110E-06
  7300.0      3.91760E-06
  7340.0      3.87480E-06
  7380.0      3.83270E-06
  7420.0      3.78940E-06
  7460.0      3.69210E-06
  7500.0      3.64010E-06
  7540.0      3.66650E-06
  7580.0      3.63210E-06
  7620.0      3.59390E-06
  7660.0      3.55620E-06
  7700.0      3.51920E-06
  7740.0      3.48270E-06
  7780.0      3.44670E-06
  7820.0      3.41140E-06
  7860.0      3.37650E-06
  7900.0      3.34220E-06
  7940.0      3.30840E-06
  7980.0      3.27510E-06
  8020.0      3.24230E-06
  8060.0      3.21000E-06
  8100.0      3.17810E-06
  8140.0      3.14480E-06
  8180.0      3.11580E-06
  8220.0      3.08540E-06
  8260.0      3.05540E-06
  8300.0      3.02580E-06
  8340.0      2.99660E-06
  8380.0      2.96790E-06
  8420.0      2.93950E-06
  8460.0      2.91160E-06
  8500.0      2.88410E-06
  8540.0      2.85690E-06
  8580.0      2.83010E-06
  8620.0      2.80370E-06
  8660.0      2.77170E-06
  8700.0      2.75190E-06
  8740.0      2.70980E-06
  8780.0      2.68480E-06
  8820.0      2.67700E-06
  8860.0      2.65270E-06
  8900.0      2.62870E-06
  8940.0      2.60510E-06
  8980.0      2.58170E-06
  9020.0      2.55870E-06
  9060.0      2.53590E-06
  9100.0      2.51350E-06
  9140.0      2.49140E-06
  9180.0      2.46950E-06
  9220.0      2.44790E-06
  9260.0      2.42670E-06
  9300.0      2.40560E-06
  9340.0      2.38490E-06
  9380.0      2.35480E-06
  9420.0      2.34170E-06
  9460.0      2.32420E-06
  9500.0      2.30450E-06
  9540.0      2.28510E-06
  9580.0      2.26580E-06
  9620.0      2.24690E-06
  9660.0      2.22810E-06
  9700.0      2.20960E-06
  9740.0      2.19130E-06
  9780.0      2.17330E-06
  9820.0      2.15540E-06
  9860.0      2.13780E-06
  9900.0      2.12040E-06
  9940.0      2.10320E-06
  9980.0      2.08620E-06
  10020.      2.06940E-06
  20000.      5.09140E-07
  40000.      1.23840E-07
  60000.      5.40630E-08
  80000.      3.00120E-08
 1.00000E+05  1.90120E-08
 1.20000E+05  1.30940E-08
 1.40000E+05  9.55450E-09
 1.60000E+05  7.27300E-09
