 Castelli and Kurucz 2004-2012 Atmosphere
 T     48000.     G    5.00000 [-2.0a] N(He)/Ntot=0.0784 VTURB=2.0  L/H=1.25 OD
 Wavelength  Eddington Hnu
   (nm)    (ergs/s/cm2/Hz/sr)
  9.0900      6.28750E-19
  9.3500      1.72260E-18
  9.6100      4.46210E-18
  9.7700      7.84680E-18
  9.9600      1.49390E-17
  10.200      3.26290E-17
  10.380      5.73160E-17
  10.560      9.88410E-17
  10.770      1.82600E-16
  11.040      3.89050E-16
  11.400      1.01230E-15
  11.780      2.62210E-15
  12.130      6.00330E-15
  12.480      1.31630E-14
  12.710      2.15900E-14
  12.840      2.83660E-14
  13.050      4.35800E-14
  13.240      6.36140E-14
  13.390      8.51810E-14
  13.660      1.41990E-13
  13.980      2.54640E-13
  14.330      4.69320E-13
  14.720      8.95940E-13
  15.100      1.64860E-12
  15.520      3.12190E-12
  15.880      5.27030E-12
  16.200      8.27310E-12
  16.600      1.41910E-11
  17.030      2.46290E-11
  17.340      3.61310E-11
  17.680      5.44100E-11
  18.020      8.06380E-11
  18.170      9.49380E-11
  18.610      1.54590E-10
  19.100      2.57770E-10
  19.390      3.45770E-10
  19.840      5.35120E-10
  20.180      7.35660E-10
  20.500      9.83660E-10
  21.050      1.58870E-09
  21.620      2.54650E-09
  21.980      3.39170E-09
  22.300      4.33830E-09
  22.680      5.75090E-09
  23.000      2.25920E-07
  23.400      1.27920E-06
  24.000      1.33200E-05
  24.650      9.85660E-05
  25.240      2.23120E-04
  25.680      1.66490E-04
  26.000      3.59090E-04
  26.400      4.92690E-04
  26.850      5.64640E-04
  27.350      6.65820E-04
  27.850      6.77950E-04
  28.400      7.90390E-04
  29.000      8.81410E-04
  29.600      7.99860E-04
  30.100      3.79390E-04
  30.800      5.32290E-04
  31.800      7.16770E-04
  32.800      8.06410E-04
  33.800      7.72620E-04
  34.800      8.02460E-04
  35.700      1.02590E-03
  36.600      1.17860E-03
  37.500      1.25440E-03
  38.500      1.19590E-03
  39.500      1.38540E-03
  40.500      1.51160E-03
  41.400      1.55860E-03
  42.200      1.54930E-03
  43.000      1.57820E-03
  44.100      1.69670E-03
  45.100      1.74880E-03
  46.000      1.72820E-03
  47.000      1.76720E-03
  48.000      1.84290E-03
  49.000      1.81050E-03
  50.000      1.93590E-03
  50.600      1.89360E-03
  51.200      2.13780E-03
  52.000      2.13930E-03
  53.000      2.19250E-03
  54.000      2.12000E-03
  55.000      2.07830E-03
  56.000      2.27980E-03
  57.000      2.35190E-03
  58.000      2.35590E-03
  59.000      2.41870E-03
  60.000      2.39520E-03
  61.000      2.33970E-03
  62.000      2.46710E-03
  63.000      2.46060E-03
  64.000      2.54270E-03
  65.000      2.52750E-03
  65.800      2.48030E-03
  66.500      2.58500E-03
  67.500      2.62730E-03
  68.500      2.57420E-03
  69.500      2.67390E-03
  70.500      2.59150E-03
  71.600      2.71170E-03
  72.600      2.74990E-03
  73.500      2.76710E-03
  74.500      2.76290E-03
  75.500      2.76270E-03
  76.500      2.74160E-03
  77.500      2.80770E-03
  78.500      2.78570E-03
  79.500      2.81800E-03
  80.500      2.84930E-03
  81.500      2.86750E-03
  82.500      2.89190E-03
  83.500      2.81320E-03
  84.500      2.90600E-03
  85.500      2.88990E-03
  86.500      2.93500E-03
  87.500      2.95440E-03
  88.500      2.95370E-03
  89.500      2.95990E-03
  90.500      2.93880E-03
  91.500      2.29380E-03
  92.500      3.61860E-03
  93.500      4.54890E-03
  94.500      5.61210E-03
  95.500      6.14370E-03
  96.500      7.00490E-03
  97.500      5.67180E-03
  98.500      6.94930E-03
  99.500      6.50100E-03
  100.50      6.92180E-03
  101.50      6.84820E-03
  102.50      5.54080E-03
  103.50      6.74960E-03
  104.50      6.79280E-03
  105.50      6.75040E-03
  106.50      6.59530E-03
  107.50      6.59560E-03
  108.50      6.22410E-03
  109.50      6.52730E-03
  110.50      6.44430E-03
  111.50      6.38420E-03
  112.50      6.27460E-03
  113.50      6.31090E-03
  114.50      6.26100E-03
  115.50      6.16430E-03
  116.50      6.10070E-03
  117.50      5.86780E-03
  118.50      6.03280E-03
  119.50      5.95420E-03
  120.50      5.90020E-03
  121.50      4.84470E-03
  122.50      5.79110E-03
  123.50      5.72540E-03
  124.50      5.67800E-03
  125.50      5.69930E-03
  126.50      5.65140E-03
  127.50      5.60560E-03
  128.50      5.55900E-03
  129.50      5.51240E-03
  130.50      5.45970E-03
  131.50      5.41670E-03
  132.50      5.36280E-03
  133.50      5.32710E-03
  134.50      5.28700E-03
  135.50      5.23000E-03
  136.50      5.16820E-03
  137.50      5.08550E-03
  138.50      5.08760E-03
  139.50      5.01080E-03
  140.50      4.93600E-03
  141.50      4.97430E-03
  142.50      4.92820E-03
  143.50      4.89920E-03
  144.20      4.84560E-03
  144.70      4.83280E-03
  145.50      4.79730E-03
  146.50      4.76190E-03
  147.50      4.73620E-03
  148.50      4.71370E-03
  149.50      4.67260E-03
  150.50      4.63960E-03
  151.20      4.61720E-03
  151.70      4.59160E-03
  152.50      4.56670E-03
  153.50      4.51800E-03
  154.50      4.38050E-03
  155.50      4.36140E-03
  156.50      4.40860E-03
  157.50      4.38240E-03
  158.50      4.34210E-03
  159.50      4.31180E-03
  160.50      4.26930E-03
  161.50      4.23680E-03
  162.50      4.19230E-03
  163.50      4.08450E-03
  164.50      3.90670E-03
  165.50      4.11640E-03
  166.50      4.08790E-03
  167.20      4.05470E-03
  167.70      4.05330E-03
  168.50      4.02920E-03
  169.50      3.99990E-03
  170.50      3.96760E-03
  171.50      3.90180E-03
  172.50      3.89190E-03
  173.50      3.88210E-03
  174.50      3.85160E-03
  175.50      3.82160E-03
  176.50      3.79470E-03
  177.50      3.76780E-03
  178.50      3.74120E-03
  179.50      3.71250E-03
  180.50      3.68560E-03
  181.50      3.65890E-03
  182.50      3.63210E-03
  183.50      3.60610E-03
  184.50      3.57980E-03
  185.50      3.55320E-03
  186.50      3.52770E-03
  187.50      3.50210E-03
  188.50      3.47680E-03
  189.50      3.45340E-03
  190.50      3.42890E-03
  191.50      3.40400E-03
  192.50      3.37560E-03
  193.50      3.35650E-03
  194.50      3.33300E-03
  195.50      3.30940E-03
  196.70      3.28180E-03
  197.60      3.26060E-03
  198.40      3.24320E-03
  199.50      3.21810E-03
  200.50      3.19630E-03
  201.50      3.17430E-03
  202.50      3.15250E-03
  203.50      3.13090E-03
  204.50      3.10840E-03
  205.50      2.40630E-03
  206.50      2.32440E-03
  207.40      2.35860E-03
  207.80      2.40300E-03
  208.50      2.52690E-03
  209.50      2.79910E-03
  210.50      2.96540E-03
  211.50      2.97300E-03
  212.50      2.95420E-03
  213.50      2.92830E-03
  214.50      2.91420E-03
  215.50      2.93920E-03
  216.50      2.84630E-03
  217.50      2.92510E-03
  218.50      2.80680E-03
  219.50      2.88770E-03
  220.50      2.87560E-03
  221.50      2.74550E-03
  222.50      2.83820E-03
  223.50      2.82300E-03
  224.50      2.79960E-03
  225.50      2.67760E-03
  226.50      2.76730E-03
  227.50      2.75050E-03
  228.50      2.73150E-03
  229.50      2.70250E-03
  230.50      2.59660E-03
  231.50      2.67530E-03
  232.50      2.66340E-03
  233.50      2.64650E-03
  234.50      2.62970E-03
  235.50      2.61310E-03
  236.50      2.59660E-03
  237.50      2.57960E-03
  238.50      2.47010E-03
  239.50      2.54310E-03
  240.50      2.53140E-03
  241.50      2.51520E-03
  242.50      2.50080E-03
  243.50      2.48510E-03
  244.50      2.47000E-03
  245.50      2.45320E-03
  246.50      2.43970E-03
  247.50      2.42500E-03
  248.50      2.41010E-03
  249.50      2.35610E-03
  250.50      2.36740E-03
  251.30      2.20020E-03
  251.80      2.35140E-03
  252.50      2.35000E-03
  253.50      2.33820E-03
  254.50      2.32430E-03
  255.50      2.31030E-03
  256.50      2.29670E-03
  257.50      2.28310E-03
  258.50      2.26950E-03
  259.50      2.25390E-03
  260.50      2.24310E-03
  261.50      2.22910E-03
  262.50      2.21700E-03
  263.50      2.20410E-03
  264.50      2.19120E-03
  265.50      2.17860E-03
  266.50      2.16580E-03
  267.50      2.15210E-03
  268.50      2.14080E-03
  269.50      2.12820E-03
  270.50      2.11670E-03
  271.50      2.10450E-03
  272.50      2.09080E-03
  273.50      2.01250E-03
  274.50      2.06890E-03
  275.50      2.05720E-03
  276.50      2.04500E-03
  277.50      2.03410E-03
  278.50      2.02260E-03
  279.50      2.01100E-03
  280.50      2.00020E-03
  281.50      1.98910E-03
  282.50      1.97730E-03
  283.50      1.96690E-03
  284.50      1.95640E-03
  285.50      1.94570E-03
  286.50      1.93500E-03
  287.50      1.92440E-03
  288.50      1.91390E-03
  289.50      1.90340E-03
  291.00      1.88800E-03
  293.00      1.86770E-03
  295.00      1.84710E-03
  297.00      1.82780E-03
  299.00      1.80780E-03
  301.00      1.78920E-03
  303.00      1.76970E-03
  305.00      1.75130E-03
  307.00      1.73310E-03
  309.00      1.71600E-03
  311.00      1.69830E-03
  313.00      1.68080E-03
  315.00      1.66400E-03
  317.00      1.64710E-03
  319.00      1.62870E-03
  321.00      1.58710E-03
  323.00      1.59830E-03
  325.00      1.58240E-03
  327.00      1.56510E-03
  329.00      1.55120E-03
  331.00      1.53600E-03
  333.00      1.52110E-03
  335.00      1.50580E-03
  337.00      1.49190E-03
  339.00      1.47740E-03
  341.00      1.46310E-03
  343.00      1.44970E-03
  345.00      1.43550E-03
  347.00      1.42250E-03
  349.00      1.40910E-03
  351.00      1.39600E-03
  353.00      1.38280E-03
  355.00      1.36980E-03
  357.00      1.35760E-03
  359.00      1.34460E-03
  361.00      1.33260E-03
  363.00      1.31990E-03
  364.00      1.28890E-03
  365.00      1.18150E-03
  367.00      1.17240E-03
  369.00      1.16470E-03
  371.00      1.16240E-03
  373.00      1.16720E-03
  375.00      1.17980E-03
  377.00      1.19190E-03
  379.00      1.21000E-03
  381.00      1.22780E-03
  383.00      1.17970E-03
  385.00      1.22240E-03
  387.00      1.22910E-03
  389.00      1.13500E-03
  391.00      1.21190E-03
  393.00      1.19840E-03
  395.00      1.19420E-03
  397.00      1.09370E-03
  399.00      1.17200E-03
  401.00      1.16900E-03
  403.00      1.13870E-03
  405.00      1.15290E-03
  407.00      1.14150E-03
  409.00      1.10310E-03
  411.00      1.04760E-03
  413.00      1.11100E-03
  415.00      1.10480E-03
  417.00      1.09640E-03
  419.00      1.08070E-03
  421.00      1.06130E-03
  423.00      1.06960E-03
  425.00      1.06090E-03
  427.00      1.05220E-03
  429.00      1.04370E-03
  431.00      1.03340E-03
  433.00      9.92670E-04
  435.00      9.58590E-04
  437.00      1.00780E-03
  439.00      1.00090E-03
  441.00      9.94630E-04
  443.00      9.86710E-04
  445.00      9.79050E-04
  447.00      9.65720E-04
  449.00      9.63780E-04
  451.00      9.56320E-04
  453.00      9.46560E-04
  455.00      9.23100E-04
  457.00      9.34380E-04
  459.00      9.27240E-04
  461.00      9.20170E-04
  463.00      9.13010E-04
  465.00      9.05680E-04
  467.00      8.98260E-04
  469.00      8.62250E-04
  471.00      8.84920E-04
  473.00      8.79430E-04
  475.00      8.72910E-04
  477.00      8.66450E-04
  479.00      8.60060E-04
  481.00      8.53730E-04
  483.00      8.46000E-04
  485.00      8.19830E-04
  487.00      7.82550E-04
  489.00      8.26390E-04
  491.00      8.23170E-04
  493.00      8.15010E-04
  495.00      8.11420E-04
  497.00      8.05640E-04
  499.00      7.99910E-04
  501.00      7.93240E-04
  503.00      7.88640E-04
  505.00      7.82900E-04
  507.00      7.77600E-04
  509.00      7.72170E-04
  511.00      7.66800E-04
  513.00      7.61480E-04
  515.00      7.56220E-04
  517.00      7.51010E-04
  519.00      7.45860E-04
  521.00      7.40750E-04
  523.00      7.35700E-04
  525.00      7.30700E-04
  527.00      7.25720E-04
  529.00      7.20850E-04
  531.00      7.16000E-04
  533.00      7.11200E-04
  535.00      7.06440E-04
  537.00      7.01740E-04
  539.00      6.97070E-04
  541.00      6.78240E-04
  543.00      6.87570E-04
  545.00      6.83370E-04
  547.00      6.78890E-04
  549.00      6.74460E-04
  551.00      6.70050E-04
  553.00      6.65720E-04
  555.00      6.61410E-04
  557.00      6.57140E-04
  559.00      6.52810E-04
  561.00      6.48730E-04
  563.00      6.44590E-04
  565.00      6.40480E-04
  567.00      6.36420E-04
  569.00      6.25070E-04
  571.00      5.89170E-04
  573.00      5.85740E-04
  575.00      5.82340E-04
  577.00      5.79010E-04
  579.00      5.75850E-04
  581.00      5.72830E-04
  583.00      5.70580E-04
  585.00      5.68700E-04
  587.00      5.64980E-04
  589.00      5.66140E-04
  591.00      5.65530E-04
  593.00      5.65220E-04
  595.00      5.65340E-04
  597.00      5.65740E-04
  599.00      5.66880E-04
  601.00      5.66380E-04
  603.00      5.66070E-04
  605.00      5.65400E-04
  607.00      5.62020E-04
  609.00      5.59210E-04
  611.00      5.56260E-04
  613.00      5.53300E-04
  615.00      5.50730E-04
  617.00      5.45770E-04
  619.00      5.44070E-04
  621.00      5.41090E-04
  623.00      5.36000E-04
  625.00      5.34260E-04
  627.00      5.31710E-04
  629.00      5.28620E-04
  631.00      5.22820E-04
  633.00      5.22180E-04
  635.00      5.19560E-04
  637.00      5.16590E-04
  639.00      5.13260E-04
  641.00      5.07110E-04
  643.00      5.07730E-04
  645.00      5.04950E-04
  647.00      5.02100E-04
  649.00      4.99270E-04
  651.00      4.95840E-04
  653.00      4.88340E-04
  655.00      4.83470E-04
  657.00      4.57530E-04
  659.00      4.83910E-04
  661.00      4.82810E-04
  663.00      4.80150E-04
  665.00      4.77520E-04
  667.00      4.73140E-04
  669.00      4.66010E-04
  671.00      4.69680E-04
  673.00      4.67170E-04
  675.00      4.64630E-04
  677.00      4.62120E-04
  679.00      4.59620E-04
  681.00      4.57150E-04
  683.00      4.54690E-04
  685.00      4.52260E-04
  687.00      4.49830E-04
  689.00      4.41030E-04
  691.00      4.44590E-04
  693.00      4.42710E-04
  695.00      4.40370E-04
  697.00      4.38050E-04
  699.00      4.35750E-04
  701.00      4.33460E-04
  703.00      4.31190E-04
  705.00      4.28940E-04
  707.00      4.25690E-04
  709.00      4.24500E-04
  711.00      4.22300E-04
  713.00      4.20120E-04
  715.00      4.17950E-04
  717.00      4.11480E-04
  719.00      4.10850E-04
  721.00      4.11560E-04
  723.00      4.09470E-04
  725.00      4.07390E-04
  727.00      4.05320E-04
  729.00      4.02970E-04
  731.00      4.01230E-04
  733.00      3.99220E-04
  735.00      3.97210E-04
  737.00      3.95220E-04
  739.00      3.93250E-04
  741.00      3.91290E-04
  743.00      3.89350E-04
  745.00      3.87410E-04
  747.00      3.85500E-04
  749.00      3.83600E-04
  751.00      3.81710E-04
  753.00      3.79840E-04
  755.00      3.77980E-04
  757.00      3.76120E-04
  759.00      3.67890E-04
  761.00      3.71920E-04
  763.00      3.70670E-04
  765.00      3.68880E-04
  767.00      3.67100E-04
  769.00      3.65330E-04
  771.00      3.63580E-04
  773.00      3.61830E-04
  775.00      3.60110E-04
  777.00      3.58390E-04
  779.00      3.56680E-04
  781.00      3.54990E-04
  783.00      3.53310E-04
  785.00      3.51650E-04
  787.00      3.49990E-04
  789.00      3.48350E-04
  791.00      3.46720E-04
  793.00      3.45090E-04
  795.00      3.43480E-04
  797.00      3.41880E-04
  799.00      3.40290E-04
  801.00      3.38710E-04
  803.00      3.37150E-04
  805.00      3.35590E-04
  807.00      3.34040E-04
  809.00      3.32510E-04
  811.00      3.30980E-04
  813.00      3.29470E-04
  815.00      3.27970E-04
  817.00      3.26470E-04
  819.00      3.23670E-04
  821.00      3.11150E-04
  823.00      3.07950E-04
  825.00      3.07980E-04
  827.00      3.07140E-04
  829.00      3.05850E-04
  831.00      3.04550E-04
  833.00      3.03250E-04
  835.00      3.01960E-04
  837.00      3.00710E-04
  839.00      2.99480E-04
  841.00      2.98310E-04
  843.00      2.97140E-04
  845.00      2.95960E-04
  847.00      2.94920E-04
  849.00      2.93960E-04
  851.00      2.92960E-04
  853.00      2.92050E-04
  855.00      2.90980E-04
  857.00      2.90290E-04
  859.00      2.89140E-04
  861.00      2.88340E-04
  863.00      2.87940E-04
  865.00      2.86870E-04
  867.00      2.85270E-04
  869.00      2.85670E-04
  871.00      2.85240E-04
  873.00      2.84090E-04
  875.00      2.81010E-04
  877.00      2.82220E-04
  879.00      2.82760E-04
  881.00      2.82400E-04
  883.00      2.81560E-04
  885.00      2.77940E-04
  887.00      2.73930E-04
  889.00      2.77890E-04
  891.00      2.78240E-04
  893.00      2.77610E-04
  895.00      2.76780E-04
  897.00      2.75350E-04
  899.00      2.72660E-04
  901.00      2.64820E-04
  903.00      2.66650E-04
  905.00      2.70050E-04
  907.00      2.69770E-04
  909.00      2.69180E-04
  911.00      2.67770E-04
  913.00      2.67320E-04
  915.00      2.66220E-04
  917.00      2.64820E-04
  919.00      2.62950E-04
  921.00      2.59140E-04
  923.00      2.49490E-04
  925.00      2.56400E-04
  927.00      2.58560E-04
  929.00      2.58420E-04
  931.00      2.57560E-04
  933.00      2.56050E-04
  935.00      2.49710E-04
  937.00      2.53480E-04
  939.00      2.53390E-04
  941.00      2.52520E-04
  943.00      2.51510E-04
  945.00      2.50510E-04
  947.00      2.49410E-04
  949.00      2.48250E-04
  951.00      2.46200E-04
  953.00      2.41860E-04
  955.00      2.32230E-04
  957.00      2.41100E-04
  959.00      2.42700E-04
  961.00      2.42540E-04
  963.00      2.41690E-04
  965.00      2.40800E-04
  967.00      2.39860E-04
  969.00      2.38920E-04
  971.00      2.37970E-04
  973.00      2.37070E-04
  975.00      2.35750E-04
  977.00      2.33970E-04
  979.00      2.34320E-04
  981.00      2.33430E-04
  983.00      2.32530E-04
  985.00      2.31640E-04
  987.00      2.30750E-04
  989.00      2.29870E-04
  991.00      2.28990E-04
  993.00      2.28120E-04
  995.00      2.27250E-04
  997.00      2.26390E-04
  999.00      2.25390E-04
  1002.5      2.20240E-04
  1007.5      2.16660E-04
  1012.5      2.16320E-04
  1017.5      2.17820E-04
  1022.5      2.15810E-04
  1027.5      2.13820E-04
  1032.5      2.11780E-04
  1037.5      2.09930E-04
  1042.5      2.06980E-04
  1047.5      2.06140E-04
  1052.5      2.04290E-04
  1057.5      2.02460E-04
  1062.5      2.00650E-04
  1067.5      1.98870E-04
  1072.5      1.97110E-04
  1077.5      1.95380E-04
  1082.5      1.93350E-04
  1087.5      1.91760E-04
  1092.5      1.83980E-04
  1097.5      1.86800E-04
  1102.5      1.86990E-04
  1107.5      1.85430E-04
  1112.5      1.83840E-04
  1117.5      1.82380E-04
  1122.5      1.80830E-04
  1127.5      1.79310E-04
  1132.5      1.77800E-04
  1137.5      1.76310E-04
  1142.5      1.74840E-04
  1147.5      1.73390E-04
  1152.5      1.71960E-04
  1157.5      1.70540E-04
  1162.5      1.67280E-04
  1167.5      1.66420E-04
  1172.5      1.66400E-04
  1177.5      1.65050E-04
  1182.5      1.63720E-04
  1187.5      1.62410E-04
  1192.5      1.61110E-04
  1197.5      1.59710E-04
  1202.5      1.58550E-04
  1207.5      1.57300E-04
  1212.5      1.56060E-04
  1217.5      1.54830E-04
  1222.5      1.53620E-04
  1227.5      1.52430E-04
  1232.5      1.51250E-04
  1237.5      1.50080E-04
  1242.5      1.48920E-04
  1247.5      1.47780E-04
  1252.5      1.46640E-04
  1257.5      1.45530E-04
  1262.5      1.44430E-04
  1267.5      1.43340E-04
  1272.5      1.42260E-04
  1277.5      1.40450E-04
  1282.5      1.34930E-04
  1287.5      1.38730E-04
  1292.5      1.38060E-04
  1297.5      1.37010E-04
  1302.5      1.36040E-04
  1307.5      1.35040E-04
  1312.5      1.34050E-04
  1317.5      1.33080E-04
  1322.5      1.32110E-04
  1327.5      1.31160E-04
  1332.5      1.30210E-04
  1337.5      1.29280E-04
  1342.5      1.28350E-04
  1347.5      1.27440E-04
  1352.5      1.26530E-04
  1357.5      1.25640E-04
  1362.5      1.24750E-04
  1367.5      1.23870E-04
  1372.5      1.23010E-04
  1377.5      1.22150E-04
  1382.5      1.21300E-04
  1387.5      1.20460E-04
  1392.5      1.19630E-04
  1397.5      1.18800E-04
  1402.5      1.17990E-04
  1407.5      1.17180E-04
  1412.5      1.16380E-04
  1417.5      1.15590E-04
  1422.5      1.14810E-04
  1427.5      1.14040E-04
  1432.5      1.13270E-04
  1437.5      1.12510E-04
  1442.5      1.11760E-04
  1447.5      1.11020E-04
  1452.5      1.10280E-04
  1457.0      1.09620E-04
  1462.0      1.08950E-04
  1467.5      1.08140E-04
  1472.5      1.07370E-04
  1477.5      1.05700E-04
  1482.5      1.06020E-04
  1487.5      1.05560E-04
  1492.5      1.04880E-04
  1497.5      1.04200E-04
  1502.5      1.03530E-04
  1507.5      1.02820E-04
  1512.5      1.02210E-04
  1517.5      1.01560E-04
  1522.5      1.00910E-04
  1527.5      1.00280E-04
  1532.5      9.96430E-05
  1537.5      9.90170E-05
  1542.5      9.83890E-05
  1547.5      9.77810E-05
  1552.5      9.71560E-05
  1557.5      9.64500E-05
  1562.5      9.59710E-05
  1567.5      9.52550E-05
  1572.5      9.46350E-05
  1577.5      9.42110E-05
  1582.5      9.35990E-05
  1587.5      9.27720E-05
  1592.5      9.23690E-05
  1597.5      9.19380E-05
  1605.0      9.09830E-05
  1615.0      8.97450E-05
  1625.0      8.89450E-05
  1635.0      8.76940E-05
  1645.0      8.64520E-05
  1655.0      8.58420E-05
  1665.0      8.48440E-05
  1675.0      8.35750E-05
  1685.0      8.23060E-05
  1695.0      8.19510E-05
  1705.0      8.09660E-05
  1715.0      8.01040E-05
  1725.0      7.91870E-05
  1735.0      7.73750E-05
  1745.0      7.73120E-05
  1755.0      7.65910E-05
  1765.0      7.57490E-05
  1775.0      7.49200E-05
  1785.0      7.41050E-05
  1795.0      7.33030E-05
  1805.0      7.25120E-05
  1815.0      7.07150E-05
  1825.0      7.07460E-05
  1835.0      7.02210E-05
  1845.0      6.94820E-05
  1855.0      6.87640E-05
  1865.0      6.72750E-05
  1875.0      6.58100E-05
  1885.0      6.66220E-05
  1895.0      6.59630E-05
  1905.0      6.52690E-05
  1915.0      6.46250E-05
  1925.0      6.39710E-05
  1935.0      6.32610E-05
  1945.0      6.14940E-05
  1955.0      6.19980E-05
  1965.0      6.14520E-05
  1975.0      6.08460E-05
  1985.0      6.02490E-05
  1995.0      5.96600E-05
  2005.0      5.90800E-05
  2015.0      5.85080E-05
  2025.0      5.79440E-05
  2035.0      5.73890E-05
  2045.0      5.68410E-05
  2055.0      5.62950E-05
  2065.0      5.57690E-05
  2075.0      5.52440E-05
  2085.0      5.47270E-05
  2095.0      5.42170E-05
  2105.0      5.37140E-05
  2115.0      5.32050E-05
  2125.0      5.27280E-05
  2135.0      5.22450E-05
  2145.0      5.17680E-05
  2155.0      5.12630E-05
  2165.0      4.97100E-05
  2175.0      5.02840E-05
  2185.0      4.99270E-05
  2195.0      4.94830E-05
  2205.0      4.90440E-05
  2215.0      4.86100E-05
  2225.0      4.81830E-05
  2235.0      4.77610E-05
  2245.0      4.73440E-05
  2255.0      4.69330E-05
  2265.0      4.65270E-05
  2275.0      4.61270E-05
  2285.0      4.57660E-05
  2295.0      4.53750E-05
  2305.0      4.49890E-05
  2315.0      4.46090E-05
  2325.0      4.42330E-05
  2335.0      4.38610E-05
  2345.0      4.34940E-05
  2355.0      4.31320E-05
  2365.0      4.27750E-05
  2375.0      4.24210E-05
  2385.0      4.20720E-05
  2395.0      4.17280E-05
  2405.0      4.13870E-05
  2415.0      4.10510E-05
  2425.0      4.07190E-05
  2435.0      4.03910E-05
  2445.0      4.00660E-05
  2455.0      3.97460E-05
  2465.0      3.94290E-05
  2475.0      3.91110E-05
  2485.0      3.88070E-05
  2495.0      3.85020E-05
  2505.0      3.82000E-05
  2515.0      3.79010E-05
  2525.0      3.76060E-05
  2535.0      3.73150E-05
  2545.0      3.70270E-05
  2555.0      3.67420E-05
  2565.0      3.64600E-05
  2575.0      3.61820E-05
  2585.0      3.59070E-05
  2595.0      3.56350E-05
  2605.0      3.53520E-05
  2615.0      3.49720E-05
  2625.0      3.39210E-05
  2635.0      3.44990E-05
  2645.0      3.43190E-05
  2655.0      3.40630E-05
  2665.0      3.38100E-05
  2675.0      3.34510E-05
  2685.0      3.33120E-05
  2695.0      3.30750E-05
  2705.0      3.28340E-05
  2715.0      3.25960E-05
  2725.0      3.23600E-05
  2735.0      3.21270E-05
  2745.0      3.18960E-05
  2755.0      3.15060E-05
  2765.0      3.13690E-05
  2775.0      3.12190E-05
  2785.0      3.09980E-05
  2795.0      3.07800E-05
  2805.0      3.05630E-05
  2815.0      3.03490E-05
  2825.0      3.01380E-05
  2835.0      2.99280E-05
  2845.0      2.97200E-05
  2855.0      2.95140E-05
  2865.0      2.92370E-05
  2875.0      2.88600E-05
  2885.0      2.88920E-05
  2895.0      2.87140E-05
  2905.0      2.85190E-05
  2915.0      2.83260E-05
  2925.0      2.81350E-05
  2935.0      2.79460E-05
  2945.0      2.77580E-05
  2955.0      2.75730E-05
  2965.0      2.73890E-05
  2975.0      2.72070E-05
  2985.0      2.70270E-05
  2995.0      2.68490E-05
  3005.0      2.66730E-05
  3015.0      2.64980E-05
  3025.0      2.63140E-05
  3035.0      2.58880E-05
  3045.0      2.58180E-05
  3055.0      2.58150E-05
  3065.0      2.56490E-05
  3075.0      2.54840E-05
  3085.0      2.53210E-05
  3095.0      2.51590E-05
  3105.0      2.49990E-05
  3115.0      2.48400E-05
  3125.0      2.46830E-05
  3135.0      2.45280E-05
  3145.0      2.43730E-05
  3155.0      2.42200E-05
  3165.0      2.40690E-05
  3175.0      2.39190E-05
  3185.0      2.37710E-05
  3195.0      2.36230E-05
  3210.0      2.34050E-05
  3230.0      2.31190E-05
  3250.0      2.28380E-05
  3270.0      2.25610E-05
  3290.0      2.20420E-05
  3310.0      2.19740E-05
  3330.0      2.17700E-05
  3350.0      2.15130E-05
  3370.0      2.12610E-05
  3390.0      2.10130E-05
  3410.0      2.07690E-05
  3430.0      2.05290E-05
  3450.0      2.02930E-05
  3470.0      2.00610E-05
  3490.0      1.98340E-05
  3510.0      1.96100E-05
  3530.0      1.93900E-05
  3550.0      1.91730E-05
  3570.0      1.89600E-05
  3590.0      1.87510E-05
  3610.0      1.85450E-05
  3630.0      1.83420E-05
  3650.0      1.81430E-05
  3670.0      1.79470E-05
  3690.0      1.77540E-05
  3710.0      1.75620E-05
  3730.0      1.72640E-05
  3750.0      1.70180E-05
  3770.0      1.70120E-05
  3790.0      1.68340E-05
  3810.0      1.66580E-05
  3830.0      1.64860E-05
  3850.0      1.63160E-05
  3870.0      1.61480E-05
  3890.0      1.59830E-05
  3910.0      1.58200E-05
  3930.0      1.56610E-05
  3950.0      1.55030E-05
  3970.0      1.53480E-05
  3990.0      1.51950E-05
  4010.0      1.50380E-05
  4030.0      1.48810E-05
  4050.0      1.45070E-05
  4070.0      1.46040E-05
  4090.0      1.44630E-05
  4110.0      1.43230E-05
  4130.0      1.41840E-05
  4150.0      1.40490E-05
  4170.0      1.38810E-05
  4190.0      1.37820E-05
  4210.0      1.36520E-05
  4230.0      1.35240E-05
  4250.0      1.33970E-05
  4270.0      1.32720E-05
  4290.0      1.31470E-05
  4310.0      1.30270E-05
  4330.0      1.29070E-05
  4350.0      1.27890E-05
  4370.0      1.26220E-05
  4390.0      1.25400E-05
  4410.0      1.24430E-05
  4430.0      1.23310E-05
  4450.0      1.22210E-05
  4470.0      1.21150E-05
  4490.0      1.20070E-05
  4510.0      1.19010E-05
  4530.0      1.17960E-05
  4550.0      1.16930E-05
  4570.0      1.15900E-05
  4590.0      1.14900E-05
  4610.0      1.13900E-05
  4630.0      1.12900E-05
  4650.0      1.09620E-05
  4670.0      1.09970E-05
  4690.0      1.09890E-05
  4710.0      1.09110E-05
  4730.0      1.08190E-05
  4750.0      1.07280E-05
  4770.0      1.06380E-05
  4790.0      1.05500E-05
  4810.0      1.04620E-05
  4830.0      1.03760E-05
  4850.0      1.02900E-05
  4870.0      1.02060E-05
  4890.0      1.01220E-05
  4910.0      1.00400E-05
  4930.0      9.95830E-06
  4950.0      9.87790E-06
  4970.0      9.79840E-06
  4990.0      9.71990E-06
  5010.0      9.64230E-06
  5030.0      9.56560E-06
  5050.0      9.48990E-06
  5070.0      9.41500E-06
  5090.0      9.34090E-06
  5110.0      9.25510E-06
  5130.0      9.08910E-06
  5150.0      9.11760E-06
  5170.0      9.05340E-06
  5190.0      8.98360E-06
  5210.0      8.91460E-06
  5230.0      8.84640E-06
  5250.0      8.77890E-06
  5270.0      8.71220E-06
  5290.0      8.64630E-06
  5310.0      8.58110E-06
  5330.0      8.51660E-06
  5350.0      8.45280E-06
  5370.0      8.38970E-06
  5390.0      8.32740E-06
  5410.0      8.26570E-06
  5430.0      8.20480E-06
  5450.0      8.14440E-06
  5470.0      8.08470E-06
  5490.0      8.02570E-06
  5510.0      7.96730E-06
  5530.0      7.90950E-06
  5550.0      7.85240E-06
  5570.0      7.79590E-06
  5590.0      7.74000E-06
  5610.0      7.68470E-06
  5630.0      7.63000E-06
  5650.0      7.57580E-06
  5670.0      7.52220E-06
  5690.0      7.46910E-06
  5710.0      7.41650E-06
  5730.0      7.36470E-06
  5750.0      7.31340E-06
  5770.0      7.26250E-06
  5790.0      7.21220E-06
  5810.0      7.16240E-06
  5830.0      7.11300E-06
  5850.0      7.06530E-06
  5870.0      7.01700E-06
  5890.0      6.95420E-06
  5910.0      6.79910E-06
  5930.0      6.86570E-06
  5950.0      6.81850E-06
  5970.0      6.78010E-06
  5990.0      6.73720E-06
  6010.0      6.69220E-06
  6030.0      6.64770E-06
  6050.0      6.60350E-06
  6070.0      6.55980E-06
  6090.0      6.51660E-06
  6110.0      6.47370E-06
  6130.0      6.43130E-06
  6150.0      6.38930E-06
  6170.0      6.34770E-06
  6190.0      6.30650E-06
  6210.0      6.26570E-06
  6230.0      6.22530E-06
  6250.0      6.18520E-06
  6270.0      6.14540E-06
  6290.0      6.08430E-06
  6310.0      6.06490E-06
  6330.0      6.02890E-06
  6350.0      5.99070E-06
  6370.0      5.95290E-06
  6390.0      5.91550E-06
  6420.0      5.85990E-06
  6460.0      5.78710E-06
  6500.0      5.71560E-06
  6540.0      5.64540E-06
  6580.0      5.57650E-06
  6620.0      5.50880E-06
  6660.0      5.44230E-06
  6700.0      5.37700E-06
  6740.0      5.31060E-06
  6780.0      5.22910E-06
  6820.0      5.18800E-06
  6860.0      5.12720E-06
  6900.0      5.06750E-06
  6940.0      5.00880E-06
  6980.0      4.95100E-06
  7020.0      4.89430E-06
  7060.0      4.83850E-06
  7100.0      4.78370E-06
  7140.0      4.72980E-06
  7180.0      4.67670E-06
  7220.0      4.62460E-06
  7260.0      4.57330E-06
  7300.0      4.52280E-06
  7340.0      4.47320E-06
  7380.0      4.42440E-06
  7420.0      4.37520E-06
  7460.0      4.24710E-06
  7500.0      4.19620E-06
  7540.0      4.22990E-06
  7580.0      4.19190E-06
  7620.0      4.14760E-06
  7660.0      4.10390E-06
  7700.0      4.06100E-06
  7740.0      4.01870E-06
  7780.0      3.97700E-06
  7820.0      3.93610E-06
  7860.0      3.89570E-06
  7900.0      3.85600E-06
  7940.0      3.81680E-06
  7980.0      3.77820E-06
  8020.0      3.74030E-06
  8060.0      3.70280E-06
  8100.0      3.66590E-06
  8140.0      3.62950E-06
  8180.0      3.59380E-06
  8220.0      3.55850E-06
  8260.0      3.52380E-06
  8300.0      3.48950E-06
  8340.0      3.45580E-06
  8380.0      3.42250E-06
  8420.0      3.38970E-06
  8460.0      3.35730E-06
  8500.0      3.32540E-06
  8540.0      3.29400E-06
  8580.0      3.26300E-06
  8620.0      3.23240E-06
  8660.0      3.19850E-06
  8700.0      3.17250E-06
  8740.0      3.12340E-06
  8780.0      3.09500E-06
  8820.0      3.08570E-06
  8860.0      3.05760E-06
  8900.0      3.02990E-06
  8940.0      3.00250E-06
  8980.0      2.97540E-06
  9020.0      2.94880E-06
  9060.0      2.92250E-06
  9100.0      2.89650E-06
  9140.0      2.87090E-06
  9180.0      2.84560E-06
  9220.0      2.82060E-06
  9260.0      2.79600E-06
  9300.0      2.77170E-06
  9340.0      2.74760E-06
  9380.0      2.71630E-06
  9420.0      2.69860E-06
  9460.0      2.67750E-06
  9500.0      2.65470E-06
  9540.0      2.63220E-06
  9580.0      2.61000E-06
  9620.0      2.58800E-06
  9660.0      2.56630E-06
  9700.0      2.54490E-06
  9740.0      2.52380E-06
  9780.0      2.50290E-06
  9820.0      2.48220E-06
  9860.0      2.46190E-06
  9900.0      2.44170E-06
  9940.0      2.42180E-06
  9980.0      2.40220E-06
  10020.      2.38280E-06
  20000.      5.82690E-07
  40000.      1.40940E-07
  60000.      6.13830E-08
  80000.      3.40430E-08
 1.00000E+05  2.15600E-08
 1.20000E+05  1.48500E-08
 1.40000E+05  1.08390E-08
 1.60000E+05  8.25420E-09
