 Castelli and Kurucz 2004-2012 Atmosphere
 T     41000.     G    5.00000 [-2.0a] N(He)/Ntot=0.0784 VTURB=2.0  L/H=1.25 OD
 Wavelength  Eddington Hnu
   (nm)    (ergs/s/cm2/Hz/sr)
  9.0900      7.58140E-23
  9.3500      2.64100E-22
  9.6100      8.63600E-22
  9.7700      1.73930E-21
  9.9600      3.88530E-21
  10.200      1.03130E-20
  10.380      2.08860E-20
  10.560      4.13730E-20
  10.770      8.94840E-20
  11.040      2.31980E-19
  11.400      7.75900E-19
  11.780      2.58730E-18
  12.130      7.39620E-18
  12.480      2.00690E-17
  12.710      3.76660E-17
  12.840      5.32970E-17
  13.050      9.21760E-17
  13.240      1.49320E-16
  13.390      2.16730E-16
  13.660      4.16380E-16
  13.980      8.77100E-16
  14.330      1.91480E-15
  14.720      4.39300E-15
  15.100      9.51410E-15
  15.520      2.14630E-14
  15.880      4.17750E-14
  16.200      7.38460E-14
  16.600      1.46150E-13
  17.030      2.94270E-13
  17.340      4.77850E-13
  17.680      7.98410E-13
  18.020      1.30880E-12
  18.170      1.61760E-12
  18.610      2.95990E-12
  19.100      5.61800E-12
  19.390      8.09140E-12
  19.840      1.39560E-11
  20.180      2.07230E-11
  20.500      2.97100E-11
  21.050      5.38080E-11
  21.620      9.64840E-11
  21.980      1.37360E-10
  22.300      1.86190E-10
  22.680      2.63990E-10
  23.000      1.40890E-08
  23.400      5.82640E-08
  24.000      1.75000E-07
  24.650      1.39940E-06
  25.240      5.43600E-06
  25.680      4.15950E-06
  26.000      1.68680E-05
  26.400      3.21380E-05
  26.850      4.89140E-05
  27.350      6.59300E-05
  27.850      7.04620E-05
  28.400      9.73650E-05
  29.000      1.12280E-04
  29.600      8.78040E-05
  30.100      1.91410E-05
  30.800      5.27640E-05
  31.800      1.04570E-04
  32.800      1.27480E-04
  33.800      1.27930E-04
  34.800      1.41480E-04
  35.700      1.77740E-04
  36.600      2.07450E-04
  37.500      2.20890E-04
  38.500      2.19460E-04
  39.500      2.51190E-04
  40.500      2.71750E-04
  41.400      2.83830E-04
  42.200      2.83480E-04
  43.000      2.87890E-04
  44.100      3.12260E-04
  45.100      3.26290E-04
  46.000      3.28780E-04
  47.000      3.43170E-04
  48.000      3.62660E-04
  49.000      3.63380E-04
  50.000      3.95190E-04
  50.600      5.19500E-04
  51.200      8.46060E-04
  52.000      8.48620E-04
  53.000      8.73750E-04
  54.000      8.41250E-04
  55.000      8.64300E-04
  56.000      9.58430E-04
  57.000      9.93310E-04
  58.000      9.89490E-04
  59.000      1.03520E-03
  60.000      1.02680E-03
  61.000      1.02920E-03
  62.000      1.10220E-03
  63.000      1.11680E-03
  64.000      1.15220E-03
  65.000      1.15580E-03
  65.800      1.13850E-03
  66.500      1.18750E-03
  67.500      1.22950E-03
  68.500      1.20940E-03
  69.500      1.26720E-03
  70.500      1.23460E-03
  71.600      1.31210E-03
  72.600      1.33710E-03
  73.500      1.35740E-03
  74.500      1.36050E-03
  75.500      1.37390E-03
  76.500      1.38060E-03
  77.500      1.41280E-03
  78.500      1.42140E-03
  79.500      1.44380E-03
  80.500      1.46180E-03
  81.500      1.48380E-03
  82.500      1.51020E-03
  83.500      1.46300E-03
  84.500      1.53360E-03
  85.500      1.54020E-03
  86.500      1.57080E-03
  87.500      1.58760E-03
  88.500      1.59940E-03
  89.500      1.61070E-03
  90.500      1.60970E-03
  91.500      1.33770E-03
  92.500      2.24990E-03
  93.500      2.97980E-03
  94.500      3.94940E-03
  95.500      4.38320E-03
  96.500      5.21620E-03
  97.500      3.94620E-03
  98.500      5.24880E-03
  99.500      4.87580E-03
  100.50      5.23760E-03
  101.50      5.20160E-03
  102.50      3.90950E-03
  103.50      5.10920E-03
  104.50      5.18190E-03
  105.50      5.15530E-03
  106.50      5.03330E-03
  107.50      5.01530E-03
  108.50      4.71420E-03
  109.50      4.99900E-03
  110.50      4.93810E-03
  111.50      4.88590E-03
  112.50      4.77830E-03
  113.50      4.84200E-03
  114.50      4.80550E-03
  115.50      4.72690E-03
  116.50      4.70140E-03
  117.50      4.40960E-03
  118.50      4.61920E-03
  119.50      4.58040E-03
  120.50      4.51040E-03
  121.50      3.50390E-03
  122.50      4.43700E-03
  123.50      4.44000E-03
  124.50      4.39560E-03
  125.50      4.41350E-03
  126.50      4.38240E-03
  127.50      4.35190E-03
  128.50      4.32070E-03
  129.50      4.27650E-03
  130.50      4.24700E-03
  131.50      4.22140E-03
  132.50      4.18360E-03
  133.50      4.15510E-03
  134.50      4.12620E-03
  135.50      4.08920E-03
  136.50      4.05000E-03
  137.50      4.00310E-03
  138.50      3.98830E-03
  139.50      3.91060E-03
  140.50      3.86610E-03
  141.50      3.90170E-03
  142.50      3.85900E-03
  143.50      3.84390E-03
  144.20      3.81450E-03
  144.70      3.80240E-03
  145.50      3.77510E-03
  146.50      3.75050E-03
  147.50      3.72540E-03
  148.50      3.70780E-03
  149.50      3.67590E-03
  150.50      3.65330E-03
  151.20      3.63720E-03
  151.70      3.61860E-03
  152.50      3.59510E-03
  153.50      3.54630E-03
  154.50      3.43260E-03
  155.50      3.42800E-03
  156.50      3.46190E-03
  157.50      3.45160E-03
  158.50      3.42900E-03
  159.50      3.40530E-03
  160.50      3.35960E-03
  161.50      3.33380E-03
  162.50      3.29750E-03
  163.50      3.21450E-03
  164.50      3.07500E-03
  165.50      3.25700E-03
  166.50      3.23530E-03
  167.20      3.20560E-03
  167.70      3.21900E-03
  168.50      3.19870E-03
  169.50      3.17720E-03
  170.50      3.15170E-03
  171.50      3.09780E-03
  172.50      3.08950E-03
  173.50      3.09300E-03
  174.50      3.06830E-03
  175.50      3.04330E-03
  176.50      3.02730E-03
  177.50      3.00790E-03
  178.50      2.98850E-03
  179.50      2.96550E-03
  180.50      2.94650E-03
  181.50      2.92640E-03
  182.50      2.90560E-03
  183.50      2.88760E-03
  184.50      2.86720E-03
  185.50      2.84660E-03
  186.50      2.82700E-03
  187.50      2.80760E-03
  188.50      2.78880E-03
  189.50      2.77260E-03
  190.50      2.75450E-03
  191.50      2.73560E-03
  192.50      2.70980E-03
  193.50      2.69960E-03
  194.50      2.68200E-03
  195.50      2.66300E-03
  196.70      2.64300E-03
  197.60      2.62740E-03
  198.40      2.61370E-03
  199.50      2.59460E-03
  200.50      2.57810E-03
  201.50      2.56140E-03
  202.50      2.54460E-03
  203.50      2.52810E-03
  204.50      2.51150E-03
  205.50      1.94680E-03
  206.50      1.88060E-03
  207.40      1.90810E-03
  207.80      1.94650E-03
  208.50      2.04640E-03
  209.50      2.26260E-03
  210.50      2.40110E-03
  211.50      2.41000E-03
  212.50      2.39480E-03
  213.50      2.37600E-03
  214.50      2.36480E-03
  215.50      2.38090E-03
  216.50      2.31140E-03
  217.50      2.37000E-03
  218.50      2.28020E-03
  219.50      2.34100E-03
  220.50      2.33190E-03
  221.50      2.23120E-03
  222.50      2.30230E-03
  223.50      2.29110E-03
  224.50      2.27260E-03
  225.50      2.17730E-03
  226.50      2.24810E-03
  227.50      2.23460E-03
  228.50      2.21910E-03
  229.50      2.19100E-03
  230.50      2.11360E-03
  231.50      2.17600E-03
  232.50      2.16660E-03
  233.50      2.15350E-03
  234.50      2.14040E-03
  235.50      2.12740E-03
  236.50      2.11450E-03
  237.50      2.10120E-03
  238.50      2.01390E-03
  239.50      2.07130E-03
  240.50      2.06390E-03
  241.50      2.05110E-03
  242.50      2.03950E-03
  243.50      2.02720E-03
  244.50      2.01530E-03
  245.50      2.00240E-03
  246.50      1.99160E-03
  247.50      1.98000E-03
  248.50      1.96830E-03
  249.50      1.91030E-03
  250.50      1.93510E-03
  251.30      1.80190E-03
  251.80      1.91930E-03
  252.50      1.92220E-03
  253.50      1.91190E-03
  254.50      1.90090E-03
  255.50      1.88980E-03
  256.50      1.87920E-03
  257.50      1.86850E-03
  258.50      1.85790E-03
  259.50      1.84610E-03
  260.50      1.83800E-03
  261.50      1.82730E-03
  262.50      1.81730E-03
  263.50      1.80720E-03
  264.50      1.79690E-03
  265.50      1.78680E-03
  266.50      1.77630E-03
  267.50      1.76520E-03
  268.50      1.75710E-03
  269.50      1.74580E-03
  270.50      1.73800E-03
  271.50      1.72830E-03
  272.50      1.71570E-03
  273.50      1.65620E-03
  274.50      1.70020E-03
  275.50      1.69090E-03
  276.50      1.67870E-03
  277.50      1.67250E-03
  278.50      1.66340E-03
  279.50      1.65360E-03
  280.50      1.64550E-03
  281.50      1.63670E-03
  282.50      1.62490E-03
  283.50      1.61770E-03
  284.50      1.61080E-03
  285.50      1.60220E-03
  286.50      1.59370E-03
  287.50      1.58530E-03
  288.50      1.57690E-03
  289.50      1.56850E-03
  291.00      1.55620E-03
  293.00      1.54010E-03
  295.00      1.52140E-03
  297.00      1.50810E-03
  299.00      1.49200E-03
  301.00      1.47730E-03
  303.00      1.46150E-03
  305.00      1.44680E-03
  307.00      1.43300E-03
  309.00      1.41860E-03
  311.00      1.40450E-03
  313.00      1.39060E-03
  315.00      1.37720E-03
  317.00      1.36350E-03
  319.00      1.34600E-03
  321.00      1.31650E-03
  323.00      1.32430E-03
  325.00      1.31150E-03
  327.00      1.29760E-03
  329.00      1.28620E-03
  331.00      1.27430E-03
  333.00      1.26230E-03
  335.00      1.24950E-03
  337.00      1.23870E-03
  339.00      1.22720E-03
  341.00      1.21570E-03
  343.00      1.20560E-03
  345.00      1.19300E-03
  347.00      1.18330E-03
  349.00      1.17230E-03
  351.00      1.16130E-03
  353.00      1.15050E-03
  355.00      1.13960E-03
  357.00      1.13110E-03
  359.00      1.11860E-03
  361.00      1.10990E-03
  363.00      1.09840E-03
  364.00      1.07840E-03
  365.00      1.00100E-03
  367.00      9.93730E-04
  369.00      9.87040E-04
  371.00      9.82360E-04
  373.00      9.84860E-04
  375.00      9.92510E-04
  377.00      9.95980E-04
  379.00      1.01160E-03
  381.00      1.03070E-03
  383.00      9.77340E-04
  385.00      1.03270E-03
  387.00      1.04130E-03
  389.00      9.42340E-04
  391.00      1.02900E-03
  393.00      1.02020E-03
  395.00      1.01430E-03
  397.00      9.08090E-04
  399.00      9.95030E-04
  401.00      9.93750E-04
  403.00      9.63490E-04
  405.00      9.82350E-04
  407.00      9.71380E-04
  409.00      9.31950E-04
  411.00      8.76020E-04
  413.00      9.44400E-04
  415.00      9.40040E-04
  417.00      9.34880E-04
  419.00      9.22460E-04
  421.00      9.07110E-04
  423.00      9.12680E-04
  425.00      9.05300E-04
  427.00      8.98010E-04
  429.00      8.90830E-04
  431.00      8.80920E-04
  433.00      8.39090E-04
  435.00      8.04810E-04
  437.00      8.59280E-04
  439.00      8.49920E-04
  441.00      8.49510E-04
  443.00      8.42550E-04
  445.00      8.36480E-04
  447.00      8.17610E-04
  449.00      8.23570E-04
  451.00      8.17290E-04
  453.00      8.09440E-04
  455.00      7.90330E-04
  457.00      7.98830E-04
  459.00      7.92760E-04
  461.00      7.86800E-04
  463.00      7.80680E-04
  465.00      7.73910E-04
  467.00      7.68400E-04
  469.00      7.38830E-04
  471.00      7.54980E-04
  473.00      7.52450E-04
  475.00      7.46930E-04
  477.00      7.41480E-04
  479.00      7.36080E-04
  481.00      7.30730E-04
  483.00      7.23170E-04
  485.00      6.95680E-04
  487.00      6.58950E-04
  489.00      7.06360E-04
  491.00      7.04610E-04
  493.00      6.94000E-04
  495.00      6.94920E-04
  497.00      6.90060E-04
  499.00      6.85220E-04
  501.00      6.77720E-04
  503.00      6.75660E-04
  505.00      6.70210E-04
  507.00      6.66330E-04
  509.00      6.61730E-04
  511.00      6.57180E-04
  513.00      6.52670E-04
  515.00      6.48210E-04
  517.00      6.43790E-04
  519.00      6.39430E-04
  521.00      6.35100E-04
  523.00      6.30820E-04
  525.00      6.26570E-04
  527.00      6.22350E-04
  529.00      6.18230E-04
  531.00      6.14110E-04
  533.00      6.10040E-04
  535.00      6.06000E-04
  537.00      6.02010E-04
  539.00      5.98050E-04
  541.00      5.82950E-04
  543.00      5.90030E-04
  545.00      5.86420E-04
  547.00      5.82610E-04
  549.00      5.78850E-04
  551.00      5.75100E-04
  553.00      5.71420E-04
  555.00      5.67760E-04
  557.00      5.64140E-04
  559.00      5.60430E-04
  561.00      5.56990E-04
  563.00      5.53470E-04
  565.00      5.49980E-04
  567.00      5.46520E-04
  569.00      5.37940E-04
  571.00      5.12000E-04
  573.00      5.09030E-04
  575.00      5.06100E-04
  577.00      5.03210E-04
  579.00      5.00410E-04
  581.00      4.97740E-04
  583.00      4.95480E-04
  585.00      4.93660E-04
  587.00      4.87400E-04
  589.00      4.90770E-04
  591.00      4.90060E-04
  593.00      4.89410E-04
  595.00      4.88960E-04
  597.00      4.88680E-04
  599.00      4.88750E-04
  601.00      4.88050E-04
  603.00      4.86960E-04
  605.00      4.86150E-04
  607.00      4.83530E-04
  609.00      4.81400E-04
  611.00      4.78530E-04
  613.00      4.75950E-04
  615.00      4.73260E-04
  617.00      4.69940E-04
  619.00      4.67760E-04
  621.00      4.65050E-04
  623.00      4.61540E-04
  625.00      4.59520E-04
  627.00      4.57050E-04
  629.00      4.54420E-04
  631.00      4.50410E-04
  633.00      4.49210E-04
  635.00      4.46700E-04
  637.00      4.44160E-04
  639.00      4.41560E-04
  641.00      4.37170E-04
  643.00      4.36680E-04
  645.00      4.34240E-04
  647.00      4.31810E-04
  649.00      4.29400E-04
  651.00      4.26580E-04
  653.00      4.20950E-04
  655.00      4.13940E-04
  657.00      3.88990E-04
  659.00      4.15620E-04
  661.00      4.15350E-04
  663.00      4.13080E-04
  665.00      4.10870E-04
  667.00      4.06360E-04
  669.00      4.01480E-04
  671.00      4.04170E-04
  673.00      4.02040E-04
  675.00      3.99870E-04
  677.00      3.97730E-04
  679.00      3.95600E-04
  681.00      3.93480E-04
  683.00      3.91390E-04
  685.00      3.89310E-04
  687.00      3.87240E-04
  689.00      3.81320E-04
  691.00      3.82920E-04
  693.00      3.81150E-04
  695.00      3.79150E-04
  697.00      3.77170E-04
  699.00      3.75200E-04
  701.00      3.73250E-04
  703.00      3.71310E-04
  705.00      3.69390E-04
  707.00      3.65330E-04
  709.00      3.65590E-04
  711.00      3.63710E-04
  713.00      3.61850E-04
  715.00      3.60000E-04
  717.00      3.55430E-04
  719.00      3.54620E-04
  721.00      3.54540E-04
  723.00      3.52740E-04
  725.00      3.50970E-04
  727.00      3.49200E-04
  729.00      3.46520E-04
  731.00      3.45700E-04
  733.00      3.43980E-04
  735.00      3.42270E-04
  737.00      3.40560E-04
  739.00      3.38880E-04
  741.00      3.37200E-04
  743.00      3.35530E-04
  745.00      3.33890E-04
  747.00      3.32250E-04
  749.00      3.30620E-04
  751.00      3.29000E-04
  753.00      3.27400E-04
  755.00      3.25810E-04
  757.00      3.24230E-04
  759.00      3.18390E-04
  761.00      3.20820E-04
  763.00      3.19560E-04
  765.00      3.18020E-04
  767.00      3.16500E-04
  769.00      3.14980E-04
  771.00      3.13480E-04
  773.00      3.11970E-04
  775.00      3.10510E-04
  777.00      3.09040E-04
  779.00      3.07580E-04
  781.00      3.06110E-04
  783.00      3.04690E-04
  785.00      3.03310E-04
  787.00      3.01890E-04
  789.00      3.00480E-04
  791.00      2.99080E-04
  793.00      2.97690E-04
  795.00      2.96310E-04
  797.00      2.94940E-04
  799.00      2.93580E-04
  801.00      2.92220E-04
  803.00      2.90880E-04
  805.00      2.89550E-04
  807.00      2.88220E-04
  809.00      2.86900E-04
  811.00      2.85600E-04
  813.00      2.84300E-04
  815.00      2.83010E-04
  817.00      2.81730E-04
  819.00      2.79530E-04
  821.00      2.70950E-04
  823.00      2.68140E-04
  825.00      2.68220E-04
  827.00      2.67420E-04
  829.00      2.66420E-04
  831.00      2.65300E-04
  833.00      2.64140E-04
  835.00      2.62890E-04
  837.00      2.61900E-04
  839.00      2.60840E-04
  841.00      2.59790E-04
  843.00      2.58730E-04
  845.00      2.57480E-04
  847.00      2.56710E-04
  849.00      2.55770E-04
  851.00      2.54900E-04
  853.00      2.53940E-04
  855.00      2.53020E-04
  857.00      2.52390E-04
  859.00      2.50860E-04
  861.00      2.50430E-04
  863.00      2.50220E-04
  865.00      2.48810E-04
  867.00      2.47110E-04
  869.00      2.47960E-04
  871.00      2.47700E-04
  873.00      2.45980E-04
  875.00      2.42370E-04
  877.00      2.43890E-04
  879.00      2.45140E-04
  881.00      2.44840E-04
  883.00      2.43760E-04
  885.00      2.39180E-04
  887.00      2.35020E-04
  889.00      2.40150E-04
  891.00      2.40940E-04
  893.00      2.40430E-04
  895.00      2.39770E-04
  897.00      2.38420E-04
  899.00      2.35240E-04
  901.00      2.26530E-04
  903.00      2.28960E-04
  905.00      2.33490E-04
  907.00      2.33180E-04
  909.00      2.33030E-04
  911.00      2.32200E-04
  913.00      2.31780E-04
  915.00      2.30830E-04
  917.00      2.29210E-04
  919.00      2.27600E-04
  921.00      2.22910E-04
  923.00      2.12960E-04
  925.00      2.20730E-04
  927.00      2.23760E-04
  929.00      2.23750E-04
  931.00      2.23080E-04
  933.00      2.22180E-04
  935.00      2.17220E-04
  937.00      2.20120E-04
  939.00      2.19880E-04
  941.00      2.19010E-04
  943.00      2.18140E-04
  945.00      2.17270E-04
  947.00      2.16070E-04
  949.00      2.15030E-04
  951.00      2.12720E-04
  953.00      2.07810E-04
  955.00      1.98260E-04
  957.00      2.07830E-04
  959.00      2.10140E-04
  961.00      2.10070E-04
  963.00      2.09410E-04
  965.00      2.08880E-04
  967.00      2.08060E-04
  969.00      2.07240E-04
  971.00      2.06300E-04
  973.00      2.05650E-04
  975.00      2.04720E-04
  977.00      2.03460E-04
  979.00      2.03280E-04
  981.00      2.02510E-04
  983.00      2.01730E-04
  985.00      2.00960E-04
  987.00      2.00190E-04
  989.00      1.99430E-04
  991.00      1.98670E-04
  993.00      1.97920E-04
  995.00      1.97170E-04
  997.00      1.96420E-04
  999.00      1.95340E-04
  1002.5      1.89830E-04
  1007.5      1.86660E-04
  1012.5      1.87930E-04
  1017.5      1.89020E-04
  1022.5      1.87270E-04
  1027.5      1.85560E-04
  1032.5      1.83610E-04
  1037.5      1.82200E-04
  1042.5      1.80010E-04
  1047.5      1.78920E-04
  1052.5      1.77320E-04
  1057.5      1.75730E-04
  1062.5      1.74170E-04
  1067.5      1.72570E-04
  1072.5      1.71110E-04
  1077.5      1.69610E-04
  1082.5      1.67480E-04
  1087.5      1.66280E-04
  1092.5      1.58230E-04
  1097.5      1.61500E-04
  1102.5      1.62120E-04
  1107.5      1.60970E-04
  1112.5      1.59630E-04
  1117.5      1.58330E-04
  1122.5      1.56980E-04
  1127.5      1.55670E-04
  1132.5      1.54370E-04
  1137.5      1.53080E-04
  1142.5      1.51810E-04
  1147.5      1.50560E-04
  1152.5      1.49320E-04
  1157.5      1.48090E-04
  1162.5      1.45600E-04
  1167.5      1.44940E-04
  1172.5      1.44510E-04
  1177.5      1.43340E-04
  1182.5      1.42190E-04
  1187.5      1.41050E-04
  1192.5      1.39930E-04
  1197.5      1.38340E-04
  1202.5      1.37720E-04
  1207.5      1.36630E-04
  1212.5      1.35560E-04
  1217.5      1.34500E-04
  1222.5      1.33450E-04
  1227.5      1.32420E-04
  1232.5      1.31390E-04
  1237.5      1.30380E-04
  1242.5      1.29380E-04
  1247.5      1.28400E-04
  1252.5      1.27350E-04
  1257.5      1.26450E-04
  1262.5      1.25500E-04
  1267.5      1.24550E-04
  1272.5      1.23610E-04
  1277.5      1.21530E-04
  1282.5      1.16360E-04
  1287.5      1.20340E-04
  1292.5      1.19980E-04
  1297.5      1.18910E-04
  1302.5      1.18230E-04
  1307.5      1.17370E-04
  1312.5      1.16510E-04
  1317.5      1.15670E-04
  1322.5      1.14830E-04
  1327.5      1.14000E-04
  1332.5      1.13180E-04
  1337.5      1.12370E-04
  1342.5      1.11550E-04
  1347.5      1.10780E-04
  1352.5      1.10000E-04
  1357.5      1.09220E-04
  1362.5      1.08450E-04
  1367.5      1.07690E-04
  1372.5      1.06940E-04
  1377.5      1.06200E-04
  1382.5      1.05460E-04
  1387.5      1.04730E-04
  1392.5      1.04010E-04
  1397.5      1.03300E-04
  1402.5      1.02590E-04
  1407.5      1.01890E-04
  1412.5      1.01200E-04
  1417.5      1.00520E-04
  1422.5      9.98380E-05
  1427.5      9.91670E-05
  1432.5      9.85030E-05
  1437.5      9.78450E-05
  1442.5      9.71930E-05
  1447.5      9.65490E-05
  1452.5      9.59100E-05
  1457.0      9.53410E-05
  1462.0      9.47340E-05
  1467.5      9.40490E-05
  1472.5      9.34000E-05
  1477.5      9.21440E-05
  1482.5      9.22230E-05
  1487.5      9.16390E-05
  1492.5      9.10530E-05
  1497.5      9.04700E-05
  1502.5      8.98920E-05
  1507.5      8.92790E-05
  1512.5      8.87530E-05
  1517.5      8.81910E-05
  1522.5      8.76360E-05
  1527.5      8.70820E-05
  1532.5      8.65340E-05
  1537.5      8.59950E-05
  1542.5      8.54500E-05
  1547.5      8.49270E-05
  1552.5      8.43960E-05
  1557.5      8.38520E-05
  1562.5      8.33660E-05
  1567.5      8.28120E-05
  1572.5      8.22850E-05
  1577.5      8.18520E-05
  1582.5      8.13340E-05
  1587.5      8.06860E-05
  1592.5      8.03070E-05
  1597.5      7.99560E-05
  1605.0      7.91200E-05
  1615.0      7.80320E-05
  1625.0      7.74730E-05
  1635.0      7.62710E-05
  1645.0      7.51300E-05
  1655.0      7.47780E-05
  1665.0      7.39110E-05
  1675.0      7.26620E-05
  1685.0      7.14900E-05
  1695.0      7.13910E-05
  1705.0      7.04340E-05
  1715.0      6.97930E-05
  1725.0      6.89560E-05
  1735.0      6.71370E-05
  1745.0      6.72810E-05
  1755.0      6.67400E-05
  1765.0      6.60080E-05
  1775.0      6.52890E-05
  1785.0      6.45800E-05
  1795.0      6.38830E-05
  1805.0      6.31700E-05
  1815.0      6.13770E-05
  1825.0      6.15440E-05
  1835.0      6.12050E-05
  1845.0      6.05630E-05
  1855.0      5.99310E-05
  1865.0      5.86360E-05
  1875.0      5.71870E-05
  1885.0      5.80520E-05
  1895.0      5.74990E-05
  1905.0      5.68400E-05
  1915.0      5.63360E-05
  1925.0      5.57680E-05
  1935.0      5.51110E-05
  1945.0      5.33580E-05
  1955.0      5.39920E-05
  1965.0      5.35790E-05
  1975.0      5.30530E-05
  1985.0      5.25330E-05
  1995.0      5.20220E-05
  2005.0      5.15170E-05
  2015.0      5.10200E-05
  2025.0      5.05300E-05
  2035.0      5.00470E-05
  2045.0      4.95680E-05
  2055.0      4.90800E-05
  2065.0      4.86390E-05
  2075.0      4.81830E-05
  2085.0      4.77330E-05
  2095.0      4.72890E-05
  2105.0      4.68520E-05
  2115.0      4.63730E-05
  2125.0      4.59950E-05
  2135.0      4.55750E-05
  2145.0      4.51580E-05
  2155.0      4.46870E-05
  2165.0      4.31870E-05
  2175.0      4.38150E-05
  2185.0      4.35540E-05
  2195.0      4.31730E-05
  2205.0      4.27910E-05
  2215.0      4.24140E-05
  2225.0      4.20420E-05
  2235.0      4.16750E-05
  2245.0      4.13130E-05
  2255.0      4.09550E-05
  2265.0      4.06020E-05
  2275.0      4.02540E-05
  2285.0      3.99530E-05
  2295.0      3.96130E-05
  2305.0      3.92750E-05
  2315.0      3.89460E-05
  2325.0      3.86190E-05
  2335.0      3.82950E-05
  2345.0      3.79760E-05
  2355.0      3.76610E-05
  2365.0      3.73500E-05
  2375.0      3.70420E-05
  2385.0      3.67390E-05
  2395.0      3.64390E-05
  2405.0      3.61420E-05
  2415.0      3.58490E-05
  2425.0      3.55600E-05
  2435.0      3.52750E-05
  2445.0      3.49920E-05
  2455.0      3.47130E-05
  2465.0      3.44380E-05
  2475.0      3.41470E-05
  2485.0      3.38960E-05
  2495.0      3.36300E-05
  2505.0      3.33670E-05
  2515.0      3.31070E-05
  2525.0      3.28500E-05
  2535.0      3.25970E-05
  2545.0      3.23460E-05
  2555.0      3.20980E-05
  2565.0      3.18400E-05
  2575.0      3.16100E-05
  2585.0      3.13710E-05
  2595.0      3.11330E-05
  2605.0      3.08640E-05
  2615.0      3.05060E-05
  2625.0      2.95540E-05
  2635.0      3.01050E-05
  2645.0      2.99870E-05
  2655.0      2.97580E-05
  2665.0      2.95260E-05
  2675.0      2.92070E-05
  2685.0      2.90940E-05
  2695.0      2.89040E-05
  2705.0      2.86940E-05
  2715.0      2.84870E-05
  2725.0      2.82820E-05
  2735.0      2.80780E-05
  2745.0      2.78660E-05
  2755.0      2.75040E-05
  2765.0      2.73870E-05
  2775.0      2.72870E-05
  2785.0      2.70950E-05
  2795.0      2.69050E-05
  2805.0      2.67170E-05
  2815.0      2.65300E-05
  2825.0      2.63450E-05
  2835.0      2.61630E-05
  2845.0      2.59820E-05
  2855.0      2.58000E-05
  2865.0      2.55300E-05
  2875.0      2.51850E-05
  2885.0      2.52440E-05
  2895.0      2.51050E-05
  2905.0      2.49360E-05
  2915.0      2.47680E-05
  2925.0      2.46010E-05
  2935.0      2.44360E-05
  2945.0      2.42730E-05
  2955.0      2.41110E-05
  2965.0      2.39510E-05
  2975.0      2.37930E-05
  2985.0      2.36360E-05
  2995.0      2.34810E-05
  3005.0      2.33270E-05
  3015.0      2.31740E-05
  3025.0      2.30020E-05
  3035.0      2.25990E-05
  3045.0      2.25460E-05
  3055.0      2.25710E-05
  3065.0      2.24350E-05
  3075.0      2.22910E-05
  3085.0      2.21490E-05
  3095.0      2.20080E-05
  3105.0      2.18680E-05
  3115.0      2.17300E-05
  3125.0      2.15930E-05
  3135.0      2.14570E-05
  3145.0      2.13230E-05
  3155.0      2.11900E-05
  3165.0      2.10580E-05
  3175.0      2.09270E-05
  3185.0      2.07980E-05
  3195.0      2.06690E-05
  3210.0      2.04790E-05
  3230.0      2.02290E-05
  3250.0      1.99840E-05
  3270.0      1.97430E-05
  3290.0      1.92590E-05
  3310.0      1.92150E-05
  3330.0      1.90550E-05
  3350.0      1.88320E-05
  3370.0      1.86110E-05
  3390.0      1.83950E-05
  3410.0      1.81820E-05
  3430.0      1.79730E-05
  3450.0      1.77670E-05
  3470.0      1.75650E-05
  3490.0      1.73660E-05
  3510.0      1.71710E-05
  3530.0      1.69790E-05
  3550.0      1.67900E-05
  3570.0      1.66040E-05
  3590.0      1.64220E-05
  3610.0      1.62420E-05
  3630.0      1.60650E-05
  3650.0      1.58910E-05
  3670.0      1.57200E-05
  3690.0      1.55520E-05
  3710.0      1.53790E-05
  3730.0      1.51040E-05
  3750.0      1.48920E-05
  3770.0      1.49040E-05
  3790.0      1.47490E-05
  3810.0      1.45960E-05
  3830.0      1.44450E-05
  3850.0      1.42960E-05
  3870.0      1.41500E-05
  3890.0      1.40060E-05
  3910.0      1.38640E-05
  3930.0      1.37250E-05
  3950.0      1.35870E-05
  3970.0      1.34520E-05
  3990.0      1.33180E-05
  4010.0      1.31810E-05
  4030.0      1.30340E-05
  4050.0      1.27040E-05
  4070.0      1.27980E-05
  4090.0      1.26790E-05
  4110.0      1.25570E-05
  4130.0      1.24340E-05
  4150.0      1.23180E-05
  4170.0      1.21640E-05
  4190.0      1.20850E-05
  4210.0      1.19710E-05
  4230.0      1.18590E-05
  4250.0      1.17470E-05
  4270.0      1.16390E-05
  4290.0      1.15270E-05
  4310.0      1.14250E-05
  4330.0      1.13210E-05
  4350.0      1.12170E-05
  4370.0      1.10640E-05
  4390.0      1.09970E-05
  4410.0      1.09160E-05
  4430.0      1.08180E-05
  4450.0      1.07210E-05
  4470.0      1.06290E-05
  4490.0      1.05350E-05
  4510.0      1.04420E-05
  4530.0      1.03510E-05
  4550.0      1.02600E-05
  4570.0      1.01710E-05
  4590.0      1.00830E-05
  4610.0      9.99510E-06
  4630.0      9.90370E-06
  4650.0      9.61010E-06
  4670.0      9.63910E-06
  4690.0      9.63730E-06
  4710.0      9.57730E-06
  4730.0      9.49680E-06
  4750.0      9.41730E-06
  4770.0      9.33870E-06
  4790.0      9.26110E-06
  4810.0      9.18450E-06
  4830.0      9.10880E-06
  4850.0      9.03400E-06
  4870.0      8.96020E-06
  4890.0      8.88720E-06
  4910.0      8.81520E-06
  4930.0      8.74390E-06
  4950.0      8.67360E-06
  4970.0      8.60410E-06
  4990.0      8.53540E-06
  5010.0      8.46750E-06
  5030.0      8.40040E-06
  5050.0      8.33420E-06
  5070.0      8.26860E-06
  5090.0      8.20380E-06
  5110.0      8.12480E-06
  5130.0      7.97340E-06
  5150.0      8.00550E-06
  5170.0      7.95230E-06
  5190.0      7.89120E-06
  5210.0      7.83080E-06
  5230.0      7.77110E-06
  5250.0      7.71210E-06
  5270.0      7.65370E-06
  5290.0      7.59600E-06
  5310.0      7.53890E-06
  5330.0      7.48250E-06
  5350.0      7.42660E-06
  5370.0      7.37140E-06
  5390.0      7.31680E-06
  5410.0      7.26290E-06
  5430.0      7.20950E-06
  5450.0      7.15670E-06
  5470.0      7.10450E-06
  5490.0      7.05280E-06
  5510.0      7.00170E-06
  5530.0      6.95110E-06
  5550.0      6.90110E-06
  5570.0      6.85160E-06
  5590.0      6.80270E-06
  5610.0      6.75430E-06
  5630.0      6.70630E-06
  5650.0      6.65890E-06
  5670.0      6.61200E-06
  5690.0      6.56550E-06
  5710.0      6.51950E-06
  5730.0      6.47410E-06
  5750.0      6.42910E-06
  5770.0      6.38460E-06
  5790.0      6.34050E-06
  5810.0      6.29690E-06
  5830.0      6.25370E-06
  5850.0      6.21210E-06
  5870.0      6.16970E-06
  5890.0      6.11100E-06
  5910.0      5.97220E-06
  5930.0      6.03320E-06
  5950.0      5.99370E-06
  5970.0      5.96090E-06
  5990.0      5.92470E-06
  6010.0      5.88530E-06
  6030.0      5.84630E-06
  6050.0      5.80760E-06
  6070.0      5.76940E-06
  6090.0      5.73150E-06
  6110.0      5.69390E-06
  6130.0      5.65680E-06
  6150.0      5.62000E-06
  6170.0      5.58350E-06
  6190.0      5.54740E-06
  6210.0      5.51160E-06
  6230.0      5.47620E-06
  6250.0      5.44110E-06
  6270.0      5.40540E-06
  6290.0      5.35070E-06
  6310.0      5.33430E-06
  6330.0      5.30410E-06
  6350.0      5.27070E-06
  6370.0      5.23760E-06
  6390.0      5.20470E-06
  6420.0      5.15610E-06
  6460.0      5.09220E-06
  6500.0      5.02950E-06
  6540.0      4.96800E-06
  6580.0      4.90760E-06
  6620.0      4.84820E-06
  6660.0      4.78990E-06
  6700.0      4.73270E-06
  6740.0      4.67340E-06
  6780.0      4.60030E-06
  6820.0      4.56690E-06
  6860.0      4.51370E-06
  6900.0      4.46130E-06
  6940.0      4.40980E-06
  6980.0      4.35910E-06
  7020.0      4.30940E-06
  7060.0      4.26040E-06
  7100.0      4.21230E-06
  7140.0      4.16500E-06
  7180.0      4.11850E-06
  7220.0      4.07280E-06
  7260.0      4.02780E-06
  7300.0      3.98360E-06
  7340.0      3.94000E-06
  7380.0      3.89720E-06
  7420.0      3.85210E-06
  7460.0      3.74120E-06
  7500.0      3.69490E-06
  7540.0      3.72480E-06
  7580.0      3.69320E-06
  7620.0      3.65430E-06
  7660.0      3.61600E-06
  7700.0      3.57830E-06
  7740.0      3.54120E-06
  7780.0      3.50460E-06
  7820.0      3.46870E-06
  7860.0      3.43330E-06
  7900.0      3.39840E-06
  7940.0      3.36400E-06
  7980.0      3.33010E-06
  8020.0      3.29680E-06
  8060.0      3.26390E-06
  8100.0      3.23150E-06
  8140.0      3.19960E-06
  8180.0      3.16820E-06
  8220.0      3.13720E-06
  8260.0      3.10670E-06
  8300.0      3.07660E-06
  8340.0      3.04700E-06
  8380.0      3.01770E-06
  8420.0      2.98890E-06
  8460.0      2.96050E-06
  8500.0      2.93250E-06
  8540.0      2.90490E-06
  8580.0      2.87770E-06
  8620.0      2.85080E-06
  8660.0      2.82070E-06
  8700.0      2.79810E-06
  8740.0      2.75370E-06
  8780.0      2.72850E-06
  8820.0      2.72190E-06
  8860.0      2.69720E-06
  8900.0      2.67280E-06
  8940.0      2.64880E-06
  8980.0      2.62500E-06
  9020.0      2.60160E-06
  9060.0      2.57850E-06
  9100.0      2.55570E-06
  9140.0      2.53320E-06
  9180.0      2.51090E-06
  9220.0      2.48900E-06
  9260.0      2.46740E-06
  9300.0      2.44600E-06
  9340.0      2.42490E-06
  9380.0      2.39640E-06
  9420.0      2.38110E-06
  9460.0      2.36320E-06
  9500.0      2.34320E-06
  9540.0      2.32340E-06
  9580.0      2.30380E-06
  9620.0      2.28450E-06
  9660.0      2.26550E-06
  9700.0      2.24660E-06
  9740.0      2.22810E-06
  9780.0      2.20970E-06
  9820.0      2.19150E-06
  9860.0      2.17360E-06
  9900.0      2.15590E-06
  9940.0      2.13840E-06
  9980.0      2.12120E-06
  10020.      2.10410E-06
  20000.      5.17710E-07
  40000.      1.25980E-07
  60000.      5.50320E-08
  80000.      3.05660E-08
 1.00000E+05  1.93710E-08
 1.20000E+05  1.33470E-08
 1.40000E+05  9.74210E-09
 1.60000E+05  7.41820E-09
