 Castelli and Kurucz 2004-2012 Atmosphere
 T     30000.     G    4.00000 [-0.5] N(He)/Ntot=0.0784 VTURB=2.0  L/H=1.25 NOV
 Wavelength  Eddington Hnu
   (nm)    (ergs/s/cm2/Hz/sr)
  9.0900      1.36370E-36
  9.3500      1.01170E-35
  9.6100      6.78040E-35
  9.7700      2.08880E-34
  9.9600      7.60890E-34
  10.200      3.65860E-33
  10.380      1.13910E-32
  10.560      3.42340E-32
  10.770      1.18520E-31
  11.040      5.49040E-31
  11.400      3.82630E-30
  11.780      2.64790E-29
  12.130      1.42620E-28
  12.480      7.04610E-28
  12.710      1.92670E-27
  12.840      3.35290E-27
  13.050      8.03020E-27
  13.240      1.73210E-26
  13.390      3.13280E-26
  13.660      8.84420E-26
  13.980      2.88580E-25
  14.330      9.95580E-25
  14.720      3.71120E-24
  15.100      1.25770E-23
  15.520      4.54200E-23
  15.880      1.29850E-22
  16.200      3.18660E-22
  16.600      9.35060E-22
  17.030      2.81840E-21
  17.340      6.05010E-21
  17.680      1.35750E-20
  18.020      2.95810E-20
  18.170      4.13480E-20
  18.610      1.07230E-19
  19.100      2.94960E-19
  19.390      5.24430E-19
  19.840      1.24030E-18
  20.180      2.31870E-18
  20.500      4.10150E-18
  21.050      1.05170E-17
  21.620      2.65520E-17
  21.980      4.65430E-17
  22.300      7.55120E-17
  22.680      1.32110E-16
  23.000      8.56710E-14
  23.400      2.11270E-13
  24.000      3.95670E-13
  24.650      7.90020E-13
  25.240      1.44530E-12
  25.680      1.98120E-12
  26.000      3.40630E-12
  26.400      5.12050E-12
  26.850      7.91780E-12
  27.350      1.20040E-11
  27.850      1.73100E-11
  28.400      3.42540E-11
  29.000      5.36240E-11
  29.600      7.95900E-11
  30.100      1.07340E-10
  30.800      1.95790E-10
  31.800      4.57390E-10
  32.800      7.74410E-10
  33.800      1.42570E-09
  34.800      2.41450E-09
  35.700      5.10590E-09
  36.600      8.89840E-09
  37.500      1.23180E-08
  38.500      1.90490E-08
  39.500      3.00110E-08
  40.500      4.14730E-08
  41.400      5.72100E-08
  42.200      7.06580E-08
  43.000      9.06630E-08
  44.100      1.24600E-07
  45.100      1.61450E-07
  46.000      1.97570E-07
  47.000      2.56560E-07
  48.000      3.25220E-07
  49.000      4.06020E-07
  50.000      5.14370E-07
  50.600      1.97800E-06
  51.200      1.06470E-05
  52.000      1.05550E-05
  53.000      1.06000E-05
  54.000      1.02770E-05
  55.000      1.30800E-05
  56.000      1.55910E-05
  57.000      1.71520E-05
  58.000      1.63740E-05
  59.000      1.89080E-05
  60.000      1.85480E-05
  61.000      2.15770E-05
  62.000      2.48510E-05
  63.000      2.57540E-05
  64.000      2.59810E-05
  65.000      2.74180E-05
  65.800      2.79780E-05
  66.500      3.10570E-05
  67.500      3.31530E-05
  68.500      3.16320E-05
  69.500      3.90860E-05
  70.500      3.73520E-05
  71.600      4.44910E-05
  72.600      4.55250E-05
  73.500      4.74040E-05
  74.500      5.06160E-05
  75.500      5.25150E-05
  76.500      5.56340E-05
  77.500      5.88410E-05
  78.500      6.30260E-05
  79.500      6.51690E-05
  80.500      6.66720E-05
  81.500      6.86390E-05
  82.500      7.37330E-05
  83.500      6.78400E-05
  84.500      7.71790E-05
  85.500      7.97110E-05
  86.500      8.41810E-05
  87.500      8.81840E-05
  88.500      9.29220E-05
  89.500      9.68520E-05
  90.500      9.81200E-05
  91.500      1.23630E-04
  92.500      5.77450E-04
  93.500      9.97860E-04
  94.500      1.47000E-03
  95.500      1.62610E-03
  96.500      1.88100E-03
  97.500      8.13470E-04
  98.500      1.69690E-03
  99.500      1.60500E-03
  100.50      1.71840E-03
  101.50      1.77440E-03
  102.50      1.31300E-03
  103.50      1.72320E-03
  104.50      2.02620E-03
  105.50      1.97170E-03
  106.50      1.77110E-03
  107.50      1.88160E-03
  108.50      1.76690E-03
  109.50      1.91880E-03
  110.50      1.86780E-03
  111.50      1.86750E-03
  112.50      1.63810E-03
  113.50      1.86850E-03
  114.50      1.78580E-03
  115.50      1.79860E-03
  116.50      1.78880E-03
  117.50      1.29820E-03
  118.50      1.70320E-03
  119.50      1.68410E-03
  120.50      1.58820E-03
  121.50      1.20040E-03
  122.50      1.63910E-03
  123.50      1.75530E-03
  124.50      1.71840E-03
  125.50      1.73750E-03
  126.50      1.77890E-03
  127.50      1.81230E-03
  128.50      1.82050E-03
  129.50      1.68810E-03
  130.50      1.72920E-03
  131.50      1.82140E-03
  132.50      1.77330E-03
  133.50      1.74350E-03
  134.50      1.76490E-03
  135.50      1.76390E-03
  136.50      1.72170E-03
  137.50      1.71090E-03
  138.50      1.69280E-03
  139.50      1.42180E-03
  140.50      1.47760E-03
  141.50      1.64280E-03
  142.50      1.54620E-03
  143.50      1.62060E-03
  144.20      1.64160E-03
  144.70      1.63070E-03
  145.50      1.59230E-03
  146.50      1.56920E-03
  147.50      1.58020E-03
  148.50      1.58830E-03
  149.50      1.56210E-03
  150.50      1.52570E-03
  151.20      1.48450E-03
  151.70      1.50250E-03
  152.50      1.48850E-03
  153.50      1.34300E-03
  154.50      1.27340E-03
  155.50      1.25790E-03
  156.50      1.35120E-03
  157.50      1.41640E-03
  158.50      1.43130E-03
  159.50      1.43180E-03
  160.50      1.37470E-03
  161.50      1.34280E-03
  162.50      1.37240E-03
  163.50      1.40140E-03
  164.50      1.38640E-03
  165.50      1.42110E-03
  166.50      1.41500E-03
  167.20      1.35720E-03
  167.70      1.49250E-03
  168.50      1.44830E-03
  169.50      1.41720E-03
  170.50      1.40230E-03
  171.50      1.36740E-03
  172.50      1.34460E-03
  173.50      1.39000E-03
  174.50      1.38170E-03
  175.50      1.37880E-03
  176.50      1.36970E-03
  177.50      1.34590E-03
  178.50      1.36370E-03
  179.50      1.36000E-03
  180.50      1.37220E-03
  181.50      1.33110E-03
  182.50      1.33820E-03
  183.50      1.33870E-03
  184.50      1.26480E-03
  185.50      1.28180E-03
  186.50      1.30000E-03
  187.50      1.30360E-03
  188.50      1.23450E-03
  189.50      1.19780E-03
  190.50      1.25230E-03
  191.50      1.22210E-03
  192.50      1.17630E-03
  193.50      1.23660E-03
  194.50      1.26220E-03
  195.50      1.17510E-03
  196.70      1.23200E-03
  197.60      1.27370E-03
  198.40      1.22120E-03
  199.50      1.20190E-03
  200.50      1.22760E-03
  201.50      1.23840E-03
  202.50      1.25180E-03
  203.50      1.20440E-03
  204.50      1.20380E-03
  205.50      1.07430E-03
  206.50      1.06070E-03
  207.40      1.10900E-03
  207.80      1.08290E-03
  208.50      1.12710E-03
  209.50      1.14740E-03
  210.50      1.18080E-03
  211.50      1.19020E-03
  212.50      1.19220E-03
  213.50      1.18500E-03
  214.50      1.16690E-03
  215.50      1.18100E-03
  216.50      1.16380E-03
  217.50      1.17020E-03
  218.50      1.15620E-03
  219.50      1.16760E-03
  220.50      1.16090E-03
  221.50      1.14480E-03
  222.50      1.14540E-03
  223.50      1.13540E-03
  224.50      1.13510E-03
  225.50      1.11730E-03
  226.50      1.12380E-03
  227.50      1.11930E-03
  228.50      1.10990E-03
  229.50      1.04640E-03
  230.50      1.08840E-03
  231.50      1.08840E-03
  232.50      1.08500E-03
  233.50      1.07600E-03
  234.50      1.07720E-03
  235.50      1.07040E-03
  236.50      1.06530E-03
  237.50      1.05610E-03
  238.50      1.03960E-03
  239.50      1.04110E-03
  240.50      1.04050E-03
  241.50      1.03380E-03
  242.50      1.03120E-03
  243.50      1.02100E-03
  244.50      1.01860E-03
  245.50      1.01480E-03
  246.50      1.00980E-03
  247.50      1.00310E-03
  248.50      9.93850E-04
  249.50      8.61600E-04
  250.50      9.77010E-04
  251.30      9.48660E-04
  251.80      9.67910E-04
  252.50      9.77750E-04
  253.50      9.74430E-04
  254.50      9.59800E-04
  255.50      9.58650E-04
  256.50      9.57160E-04
  257.50      9.52890E-04
  258.50      9.48800E-04
  259.50      9.43700E-04
  260.50      9.42970E-04
  261.50      9.36320E-04
  262.50      9.32910E-04
  263.50      9.28030E-04
  264.50      9.21860E-04
  265.50      9.17470E-04
  266.50      9.06880E-04
  267.50      9.01830E-04
  268.50      9.04700E-04
  269.50      8.89850E-04
  270.50      8.89400E-04
  271.50      8.86200E-04
  272.50      8.80510E-04
  273.50      8.73760E-04
  274.50      8.75570E-04
  275.50      8.72450E-04
  276.50      8.62730E-04
  277.50      8.66260E-04
  278.50      8.60110E-04
  279.50      8.43350E-04
  280.50      8.48160E-04
  281.50      8.49330E-04
  282.50      8.39880E-04
  283.50      8.30970E-04
  284.50      8.37150E-04
  285.50      8.31010E-04
  286.50      8.27280E-04
  287.50      8.23710E-04
  288.50      8.20160E-04
  289.50      8.15850E-04
  291.00      8.08180E-04
  293.00      8.02940E-04
  295.00      7.90020E-04
  297.00      7.86980E-04
  299.00      7.78040E-04
  301.00      7.68080E-04
  303.00      7.62950E-04
  305.00      7.57750E-04
  307.00      7.52640E-04
  309.00      7.39140E-04
  311.00      7.38270E-04
  313.00      7.30370E-04
  315.00      7.23990E-04
  317.00      7.17120E-04
  319.00      7.08070E-04
  321.00      7.03720E-04
  323.00      6.98210E-04
  325.00      6.93600E-04
  327.00      6.86410E-04
  329.00      6.80480E-04
  331.00      6.75430E-04
  333.00      6.68300E-04
  335.00      6.62180E-04
  337.00      6.57100E-04
  339.00      6.53060E-04
  341.00      6.47550E-04
  343.00      6.40400E-04
  345.00      6.32910E-04
  347.00      6.28790E-04
  349.00      6.23270E-04
  351.00      6.19650E-04
  353.00      6.15790E-04
  355.00      6.10480E-04
  357.00      6.07680E-04
  359.00      5.98830E-04
  361.00      5.95260E-04
  363.00      5.89630E-04
  364.00      5.90150E-04
  365.00      5.77770E-04
  367.00      5.75750E-04
  369.00      5.69950E-04
  371.00      5.57250E-04
  373.00      5.44230E-04
  375.00      5.61330E-04
  377.00      5.59900E-04
  379.00      5.81760E-04
  381.00      6.02110E-04
  383.00      5.48010E-04
  385.00      6.15160E-04
  387.00      6.12930E-04
  389.00      5.35630E-04
  391.00      6.14490E-04
  393.00      6.05110E-04
  395.00      6.01680E-04
  397.00      5.16010E-04
  399.00      5.93450E-04
  401.00      5.90690E-04
  403.00      5.71920E-04
  405.00      5.85210E-04
  407.00      5.71630E-04
  409.00      5.47650E-04
  411.00      5.02690E-04
  413.00      5.58330E-04
  415.00      5.57290E-04
  417.00      5.57350E-04
  419.00      5.52940E-04
  421.00      5.49640E-04
  423.00      5.46110E-04
  425.00      5.39170E-04
  427.00      5.31810E-04
  429.00      5.29850E-04
  431.00      5.22640E-04
  433.00      4.96150E-04
  435.00      4.63800E-04
  437.00      5.11380E-04
  439.00      5.03970E-04
  441.00      5.06010E-04
  443.00      5.04510E-04
  445.00      5.00890E-04
  447.00      4.84700E-04
  449.00      4.93640E-04
  451.00      4.90590E-04
  453.00      4.87570E-04
  455.00      4.82500E-04
  457.00      4.79880E-04
  459.00      4.75780E-04
  461.00      4.71960E-04
  463.00      4.67920E-04
  465.00      4.55870E-04
  467.00      4.61150E-04
  469.00      4.56540E-04
  471.00      4.49890E-04
  473.00      4.53580E-04
  475.00      4.49770E-04
  477.00      4.48510E-04
  479.00      4.45210E-04
  481.00      4.41470E-04
  483.00      4.36630E-04
  485.00      4.18950E-04
  487.00      3.85380E-04
  489.00      4.27720E-04
  491.00      4.26290E-04
  493.00      4.16540E-04
  495.00      4.19610E-04
  497.00      4.18450E-04
  499.00      4.15480E-04
  501.00      4.06960E-04
  503.00      4.09540E-04
  505.00      4.05150E-04
  507.00      4.04480E-04
  509.00      4.01600E-04
  511.00      3.98830E-04
  513.00      3.95760E-04
  515.00      3.93210E-04
  517.00      3.90870E-04
  519.00      3.88550E-04
  521.00      3.86050E-04
  523.00      3.83480E-04
  525.00      3.80870E-04
  527.00      3.78310E-04
  529.00      3.76110E-04
  531.00      3.73650E-04
  533.00      3.71320E-04
  535.00      3.68910E-04
  537.00      3.66610E-04
  539.00      3.64130E-04
  541.00      3.61080E-04
  543.00      3.59700E-04
  545.00      3.57370E-04
  547.00      3.55130E-04
  549.00      3.52910E-04
  551.00      3.50780E-04
  553.00      3.48480E-04
  555.00      3.46460E-04
  557.00      3.44280E-04
  559.00      3.42080E-04
  561.00      3.40100E-04
  563.00      3.38040E-04
  565.00      3.35830E-04
  567.00      3.33370E-04
  569.00      3.30000E-04
  571.00      3.28240E-04
  573.00      3.26410E-04
  575.00      3.24040E-04
  577.00      3.22680E-04
  579.00      3.20700E-04
  581.00      3.18810E-04
  583.00      3.16700E-04
  585.00      3.15190E-04
  587.00      3.06340E-04
  589.00      3.10920E-04
  591.00      3.09990E-04
  593.00      3.08310E-04
  595.00      3.06590E-04
  597.00      3.05300E-04
  599.00      3.03220E-04
  601.00      3.01680E-04
  603.00      2.99800E-04
  605.00      2.98160E-04
  607.00      2.96570E-04
  609.00      2.94870E-04
  611.00      2.93180E-04
  613.00      2.91550E-04
  615.00      2.89600E-04
  617.00      2.88050E-04
  619.00      2.86570E-04
  621.00      2.85010E-04
  623.00      2.83410E-04
  625.00      2.81720E-04
  627.00      2.80210E-04
  629.00      2.78690E-04
  631.00      2.77080E-04
  633.00      2.75620E-04
  635.00      2.74010E-04
  637.00      2.72590E-04
  639.00      2.71060E-04
  641.00      2.69580E-04
  643.00      2.68130E-04
  645.00      2.66660E-04
  647.00      2.64940E-04
  649.00      2.63600E-04
  651.00      2.62300E-04
  653.00      2.60250E-04
  655.00      2.54160E-04
  657.00      2.31430E-04
  659.00      2.54820E-04
  661.00      2.55250E-04
  663.00      2.54010E-04
  665.00      2.52660E-04
  667.00      2.49420E-04
  669.00      2.48090E-04
  671.00      2.48710E-04
  673.00      2.47200E-04
  675.00      2.46150E-04
  677.00      2.44910E-04
  679.00      2.43210E-04
  681.00      2.42310E-04
  683.00      2.41040E-04
  685.00      2.39860E-04
  687.00      2.38610E-04
  689.00      2.37200E-04
  691.00      2.35960E-04
  693.00      2.34970E-04
  695.00      2.33780E-04
  697.00      2.32590E-04
  699.00      2.31410E-04
  701.00      2.30220E-04
  703.00      2.28990E-04
  705.00      2.27890E-04
  707.00      2.23750E-04
  709.00      2.25630E-04
  711.00      2.24430E-04
  713.00      2.23350E-04
  715.00      2.22270E-04
  717.00      2.21100E-04
  719.00      2.20070E-04
  721.00      2.18980E-04
  723.00      2.16690E-04
  725.00      2.16650E-04
  727.00      2.15760E-04
  729.00      2.13230E-04
  731.00      2.13630E-04
  733.00      2.12600E-04
  735.00      2.11580E-04
  737.00      2.10560E-04
  739.00      2.09540E-04
  741.00      2.08530E-04
  743.00      2.07530E-04
  745.00      2.06540E-04
  747.00      2.05310E-04
  749.00      2.04510E-04
  751.00      2.03540E-04
  753.00      2.02590E-04
  755.00      2.01670E-04
  757.00      2.00710E-04
  759.00      1.99680E-04
  761.00      1.98710E-04
  763.00      1.97870E-04
  765.00      1.96950E-04
  767.00      1.96040E-04
  769.00      1.95100E-04
  771.00      1.94200E-04
  773.00      1.93250E-04
  775.00      1.92410E-04
  777.00      1.91490E-04
  779.00      1.90650E-04
  781.00      1.89680E-04
  783.00      1.88900E-04
  785.00      1.88160E-04
  787.00      1.87200E-04
  789.00      1.86230E-04
  791.00      1.85570E-04
  793.00      1.84670E-04
  795.00      1.83880E-04
  797.00      1.82930E-04
  799.00      1.82180E-04
  801.00      1.81230E-04
  803.00      1.80400E-04
  805.00      1.79640E-04
  807.00      1.78880E-04
  809.00      1.77850E-04
  811.00      1.76810E-04
  813.00      1.76510E-04
  815.00      1.75520E-04
  817.00      1.75000E-04
  819.00      1.73850E-04
  821.00      1.72610E-04
  823.00      1.72000E-04
  825.00      1.71560E-04
  827.00      1.69940E-04
  829.00      1.69930E-04
  831.00      1.69280E-04
  833.00      1.68470E-04
  835.00      1.67100E-04
  837.00      1.66780E-04
  839.00      1.66280E-04
  841.00      1.65530E-04
  843.00      1.64710E-04
  845.00      1.63160E-04
  847.00      1.63130E-04
  849.00      1.62340E-04
  851.00      1.61240E-04
  853.00      1.61080E-04
  855.00      1.58750E-04
  857.00      1.61060E-04
  859.00      1.56470E-04
  861.00      1.56530E-04
  863.00      1.60020E-04
  865.00      1.56900E-04
  867.00      1.49880E-04
  869.00      1.58090E-04
  871.00      1.58810E-04
  873.00      1.55530E-04
  875.00      1.44400E-04
  877.00      1.52780E-04
  879.00      1.56660E-04
  881.00      1.56340E-04
  883.00      1.55220E-04
  885.00      1.48290E-04
  887.00      1.39750E-04
  889.00      1.52250E-04
  891.00      1.53190E-04
  893.00      1.52680E-04
  895.00      1.52460E-04
  897.00      1.51550E-04
  899.00      1.48730E-04
  901.00      1.35920E-04
  903.00      1.41990E-04
  905.00      1.48410E-04
  907.00      1.47510E-04
  909.00      1.47880E-04
  911.00      1.47730E-04
  913.00      1.47200E-04
  915.00      1.46610E-04
  917.00      1.45610E-04
  919.00      1.44770E-04
  921.00      1.40250E-04
  923.00      1.27080E-04
  925.00      1.39430E-04
  927.00      1.42320E-04
  929.00      1.42370E-04
  931.00      1.41430E-04
  933.00      1.41230E-04
  935.00      1.40640E-04
  937.00      1.40280E-04
  939.00      1.39750E-04
  941.00      1.39170E-04
  943.00      1.38630E-04
  945.00      1.38090E-04
  947.00      1.36890E-04
  949.00      1.36850E-04
  951.00      1.34790E-04
  953.00      1.30710E-04
  955.00      1.19130E-04
  957.00      1.32010E-04
  959.00      1.33800E-04
  961.00      1.33420E-04
  963.00      1.32730E-04
  965.00      1.32860E-04
  967.00      1.32350E-04
  969.00      1.31740E-04
  971.00      1.30670E-04
  973.00      1.30800E-04
  975.00      1.30330E-04
  977.00      1.29840E-04
  979.00      1.29340E-04
  981.00      1.28820E-04
  983.00      1.28370E-04
  985.00      1.27870E-04
  987.00      1.27370E-04
  989.00      1.26850E-04
  991.00      1.26100E-04
  993.00      1.25970E-04
  995.00      1.25500E-04
  997.00      1.25000E-04
  999.00      1.24460E-04
  1002.5      1.19740E-04
  1007.5      1.17170E-04
  1012.5      1.21000E-04
  1017.5      1.20390E-04
  1022.5      1.19240E-04
  1027.5      1.18210E-04
  1032.5      1.16760E-04
  1037.5      1.16090E-04
  1042.5      1.15050E-04
  1047.5      1.14030E-04
  1052.5      1.13010E-04
  1057.5      1.12020E-04
  1062.5      1.11040E-04
  1067.5      1.09900E-04
  1072.5      1.09110E-04
  1077.5      1.08160E-04
  1082.5      1.06250E-04
  1087.5      1.06120E-04
  1092.5      9.86170E-05
  1097.5      1.02880E-04
  1102.5      1.03110E-04
  1107.5      1.02680E-04
  1112.5      1.01860E-04
  1117.5      1.01010E-04
  1122.5      1.00130E-04
  1127.5      9.93370E-05
  1132.5      9.84780E-05
  1137.5      9.76930E-05
  1142.5      9.68840E-05
  1147.5      9.61040E-05
  1152.5      9.53260E-05
  1157.5      9.45370E-05
  1162.5      9.37550E-05
  1167.5      9.29870E-05
  1172.5      9.22880E-05
  1177.5      9.15500E-05
  1182.5      9.08180E-05
  1187.5      9.01030E-05
  1192.5      8.93910E-05
  1197.5      8.79810E-05
  1202.5      8.79940E-05
  1207.5      8.73080E-05
  1212.5      8.66270E-05
  1217.5      8.59580E-05
  1222.5      8.52950E-05
  1227.5      8.46410E-05
  1232.5      8.39920E-05
  1237.5      8.33500E-05
  1242.5      8.27190E-05
  1247.5      8.20830E-05
  1252.5      8.13170E-05
  1257.5      8.08510E-05
  1262.5      8.02470E-05
  1267.5      7.96580E-05
  1272.5      7.90650E-05
  1277.5      7.73860E-05
  1282.5      7.29210E-05
  1287.5      7.70090E-05
  1292.5      7.67620E-05
  1297.5      7.57760E-05
  1302.5      7.56330E-05
  1307.5      7.51020E-05
  1312.5      7.45600E-05
  1317.5      7.40240E-05
  1322.5      7.34930E-05
  1327.5      7.29680E-05
  1332.5      7.24440E-05
  1337.5      7.19230E-05
  1342.5      7.13660E-05
  1347.5      7.09210E-05
  1352.5      7.04110E-05
  1357.5      6.99300E-05
  1362.5      6.94240E-05
  1367.5      6.89630E-05
  1372.5      6.84660E-05
  1377.5      6.80150E-05
  1382.5      6.75470E-05
  1387.5      6.70830E-05
  1392.5      6.66080E-05
  1397.5      6.61680E-05
  1402.5      6.57120E-05
  1407.5      6.52800E-05
  1412.5      6.48370E-05
  1417.5      6.44040E-05
  1422.5      6.39740E-05
  1427.5      6.35460E-05
  1432.5      6.31240E-05
  1437.5      6.27050E-05
  1442.5      6.22930E-05
  1447.5      6.18830E-05
  1452.5      6.14750E-05
  1457.0      6.11140E-05
  1462.0      6.06990E-05
  1467.5      6.02700E-05
  1472.5      5.98830E-05
  1477.5      5.94910E-05
  1482.5      5.91200E-05
  1487.5      5.87440E-05
  1492.5      5.83720E-05
  1497.5      5.80020E-05
  1502.5      5.76320E-05
  1507.5      5.71790E-05
  1512.5      5.69100E-05
  1517.5      5.65470E-05
  1522.5      5.61940E-05
  1527.5      5.58250E-05
  1532.5      5.54650E-05
  1537.5      5.51440E-05
  1542.5      5.47230E-05
  1547.5      5.44570E-05
  1552.5      5.41070E-05
  1557.5      5.36000E-05
  1562.5      5.35640E-05
  1567.5      5.29990E-05
  1572.5      5.25050E-05
  1577.5      5.26470E-05
  1582.5      5.22940E-05
  1587.5      5.11030E-05
  1592.5      5.14950E-05
  1597.5      5.14780E-05
  1605.0      5.08170E-05
  1615.0      4.96530E-05
  1625.0      4.99680E-05
  1635.0      4.89800E-05
  1645.0      4.77120E-05
  1655.0      4.82670E-05
  1665.0      4.77110E-05
  1675.0      4.66980E-05
  1685.0      4.54000E-05
  1695.0      4.60870E-05
  1705.0      4.53620E-05
  1715.0      4.50640E-05
  1725.0      4.45290E-05
  1735.0      4.25100E-05
  1745.0      4.34350E-05
  1755.0      4.31010E-05
  1765.0      4.26310E-05
  1775.0      4.21670E-05
  1785.0      4.17010E-05
  1795.0      4.12640E-05
  1805.0      4.08060E-05
  1815.0      3.89850E-05
  1825.0      3.97020E-05
  1835.0      3.95400E-05
  1845.0      3.91250E-05
  1855.0      3.86930E-05
  1865.0      3.80520E-05
  1875.0      3.65790E-05
  1885.0      3.75050E-05
  1895.0      3.71440E-05
  1905.0      3.66530E-05
  1915.0      3.63980E-05
  1925.0      3.60350E-05
  1935.0      3.56130E-05
  1945.0      3.38850E-05
  1955.0      3.48650E-05
  1965.0      3.46240E-05
  1975.0      3.42850E-05
  1985.0      3.39500E-05
  1995.0      3.36200E-05
  2005.0      3.32950E-05
  2015.0      3.29740E-05
  2025.0      3.26580E-05
  2035.0      3.23470E-05
  2045.0      3.20300E-05
  2055.0      3.16820E-05
  2065.0      3.14380E-05
  2075.0      3.11430E-05
  2085.0      3.08530E-05
  2095.0      3.05670E-05
  2105.0      3.02830E-05
  2115.0      2.99070E-05
  2125.0      2.97320E-05
  2135.0      2.94600E-05
  2145.0      2.91870E-05
  2155.0      2.88860E-05
  2165.0      2.74760E-05
  2175.0      2.83190E-05
  2185.0      2.81440E-05
  2195.0      2.79100E-05
  2205.0      2.76630E-05
  2215.0      2.74200E-05
  2225.0      2.71760E-05
  2235.0      2.69420E-05
  2245.0      2.67080E-05
  2255.0      2.64770E-05
  2265.0      2.62490E-05
  2275.0      2.60240E-05
  2285.0      2.57990E-05
  2295.0      2.55810E-05
  2305.0      2.53600E-05
  2315.0      2.51520E-05
  2325.0      2.49410E-05
  2335.0      2.47330E-05
  2345.0      2.45280E-05
  2355.0      2.43250E-05
  2365.0      2.41250E-05
  2375.0      2.39270E-05
  2385.0      2.37310E-05
  2395.0      2.35370E-05
  2405.0      2.33460E-05
  2415.0      2.31560E-05
  2425.0      2.29700E-05
  2435.0      2.27840E-05
  2445.0      2.25990E-05
  2455.0      2.24230E-05
  2465.0      2.22380E-05
  2475.0      2.20310E-05
  2485.0      2.19010E-05
  2495.0      2.16890E-05
  2505.0      2.15620E-05
  2515.0      2.13960E-05
  2525.0      2.11560E-05
  2535.0      2.10590E-05
  2545.0      2.09490E-05
  2555.0      2.07340E-05
  2565.0      2.04570E-05
  2575.0      2.04360E-05
  2585.0      2.03250E-05
  2595.0      2.01640E-05
  2605.0      1.99200E-05
  2615.0      1.95430E-05
  2625.0      1.88840E-05
  2635.0      1.94810E-05
  2645.0      1.94280E-05
  2655.0      1.92680E-05
  2665.0      1.90790E-05
  2675.0      1.86200E-05
  2685.0      1.87920E-05
  2695.0      1.87260E-05
  2705.0      1.85900E-05
  2715.0      1.84560E-05
  2725.0      1.83230E-05
  2735.0      1.81910E-05
  2745.0      1.80360E-05
  2755.0      1.75180E-05
  2765.0      1.76330E-05
  2775.0      1.76770E-05
  2785.0      1.75530E-05
  2795.0      1.74300E-05
  2805.0      1.73070E-05
  2815.0      1.71870E-05
  2825.0      1.70670E-05
  2835.0      1.69490E-05
  2845.0      1.68310E-05
  2855.0      1.67080E-05
  2865.0      1.64790E-05
  2875.0      1.59860E-05
  2885.0      1.63400E-05
  2895.0      1.62630E-05
  2905.0      1.61530E-05
  2915.0      1.60440E-05
  2925.0      1.59360E-05
  2935.0      1.58290E-05
  2945.0      1.57230E-05
  2955.0      1.56180E-05
  2965.0      1.55140E-05
  2975.0      1.54120E-05
  2985.0      1.53100E-05
  2995.0      1.52090E-05
  3005.0      1.51090E-05
  3015.0      1.50090E-05
  3025.0      1.48970E-05
  3035.0      1.44160E-05
  3045.0      1.44880E-05
  3055.0      1.46160E-05
  3065.0      1.45310E-05
  3075.0      1.44360E-05
  3085.0      1.43440E-05
  3095.0      1.42540E-05
  3105.0      1.41640E-05
  3115.0      1.40740E-05
  3125.0      1.39850E-05
  3135.0      1.38970E-05
  3145.0      1.38100E-05
  3155.0      1.37240E-05
  3165.0      1.36380E-05
  3175.0      1.35530E-05
  3185.0      1.34690E-05
  3195.0      1.33860E-05
  3210.0      1.32630E-05
  3230.0      1.31010E-05
  3250.0      1.29420E-05
  3270.0      1.27860E-05
  3290.0      1.23440E-05
  3310.0      1.24180E-05
  3330.0      1.23230E-05
  3350.0      1.21820E-05
  3370.0      1.20400E-05
  3390.0      1.19230E-05
  3410.0      1.17860E-05
  3430.0      1.16500E-05
  3450.0      1.15170E-05
  3470.0      1.13860E-05
  3490.0      1.12570E-05
  3510.0      1.11300E-05
  3530.0      1.10050E-05
  3550.0      1.08830E-05
  3570.0      1.07610E-05
  3590.0      1.06440E-05
  3610.0      1.05210E-05
  3630.0      1.04120E-05
  3650.0      1.02890E-05
  3670.0      1.01880E-05
  3690.0      1.00600E-05
  3710.0      9.95500E-06
  3730.0      9.74250E-06
  3750.0      9.58530E-06
  3770.0      9.65290E-06
  3790.0      9.55810E-06
  3810.0      9.43720E-06
  3830.0      9.34350E-06
  3850.0      9.26470E-06
  3870.0      9.16980E-06
  3890.0      9.07000E-06
  3910.0      8.93840E-06
  3930.0      8.89370E-06
  3950.0      8.80460E-06
  3970.0      8.71670E-06
  3990.0      8.63010E-06
  4010.0      8.50940E-06
  4030.0      8.39620E-06
  4050.0      8.19720E-06
  4070.0      8.29240E-06
  4090.0      8.21580E-06
  4110.0      8.13660E-06
  4130.0      8.05300E-06
  4150.0      7.97550E-06
  4170.0      7.80750E-06
  4190.0      7.82190E-06
  4210.0      7.75680E-06
  4230.0      7.68400E-06
  4250.0      7.60940E-06
  4270.0      7.54150E-06
  4290.0      7.46200E-06
  4310.0      7.40290E-06
  4330.0      7.33500E-06
  4350.0      7.26780E-06
  4370.0      7.09870E-06
  4390.0      7.10570E-06
  4410.0      7.07250E-06
  4430.0      7.00910E-06
  4450.0      6.94650E-06
  4470.0      6.89030E-06
  4490.0      6.82930E-06
  4510.0      6.76910E-06
  4530.0      6.70970E-06
  4550.0      6.65110E-06
  4570.0      6.59320E-06
  4590.0      6.53610E-06
  4610.0      6.47790E-06
  4630.0      6.41630E-06
  4650.0      6.19290E-06
  4670.0      6.17610E-06
  4690.0      6.23420E-06
  4710.0      6.20830E-06
  4730.0      6.15620E-06
  4750.0      6.10460E-06
  4770.0      6.05370E-06
  4790.0      6.00340E-06
  4810.0      5.95370E-06
  4830.0      5.90470E-06
  4850.0      5.85620E-06
  4870.0      5.80830E-06
  4890.0      5.76100E-06
  4910.0      5.71430E-06
  4930.0      5.66820E-06
  4950.0      5.62260E-06
  4970.0      5.57750E-06
  4990.0      5.53300E-06
  5010.0      5.48900E-06
  5030.0      5.44560E-06
  5050.0      5.40260E-06
  5070.0      5.36020E-06
  5090.0      5.31820E-06
  5110.0      5.26230E-06
  5130.0      5.11230E-06
  5150.0      5.18580E-06
  5170.0      5.15520E-06
  5190.0      5.11570E-06
  5210.0      5.07660E-06
  5230.0      5.03790E-06
  5250.0      4.99960E-06
  5270.0      4.96170E-06
  5290.0      4.92440E-06
  5310.0      4.88750E-06
  5330.0      4.85090E-06
  5350.0      4.81480E-06
  5370.0      4.77600E-06
  5390.0      4.74080E-06
  5410.0      4.70870E-06
  5430.0      4.67420E-06
  5450.0      4.64000E-06
  5470.0      4.60610E-06
  5490.0      4.57260E-06
  5510.0      4.53680E-06
  5530.0      4.49610E-06
  5550.0      4.47440E-06
  5570.0      4.44240E-06
  5590.0      4.41070E-06
  5610.0      4.37930E-06
  5630.0      4.34830E-06
  5650.0      4.31760E-06
  5670.0      4.28720E-06
  5690.0      4.25630E-06
  5710.0      4.20790E-06
  5730.0      4.19520E-06
  5750.0      4.16880E-06
  5770.0      4.13990E-06
  5790.0      4.11140E-06
  5810.0      4.08320E-06
  5830.0      4.05520E-06
  5850.0      4.02940E-06
  5870.0      4.00190E-06
  5890.0      3.96100E-06
  5910.0      3.84250E-06
  5930.0      3.90870E-06
  5950.0      3.86600E-06
  5970.0      3.85430E-06
  5990.0      3.84320E-06
  6010.0      3.81770E-06
  6030.0      3.79240E-06
  6050.0      3.76730E-06
  6070.0      3.74250E-06
  6090.0      3.71800E-06
  6110.0      3.69370E-06
  6130.0      3.66960E-06
  6150.0      3.64580E-06
  6170.0      3.62210E-06
  6190.0      3.59880E-06
  6210.0      3.57560E-06
  6230.0      3.55260E-06
  6250.0      3.52990E-06
  6270.0      3.50120E-06
  6290.0      3.44000E-06
  6310.0      3.45270E-06
  6330.0      3.44110E-06
  6350.0      3.41950E-06
  6370.0      3.39810E-06
  6390.0      3.37680E-06
  6420.0      3.34530E-06
  6460.0      3.30400E-06
  6500.0      3.26340E-06
  6540.0      3.22350E-06
  6580.0      3.18440E-06
  6620.0      3.14600E-06
  6660.0      3.10820E-06
  6700.0      3.07120E-06
  6740.0      3.03100E-06
  6780.0      2.96720E-06
  6820.0      2.96380E-06
  6860.0      2.92930E-06
  6900.0      2.89540E-06
  6940.0      2.86200E-06
  6980.0      2.82920E-06
  7020.0      2.79700E-06
  7060.0      2.76530E-06
  7100.0      2.73410E-06
  7140.0      2.70350E-06
  7180.0      2.67340E-06
  7220.0      2.64380E-06
  7260.0      2.61460E-06
  7300.0      2.58590E-06
  7340.0      2.55780E-06
  7380.0      2.53000E-06
  7420.0      2.49910E-06
  7460.0      2.43170E-06
  7500.0      2.38840E-06
  7540.0      2.41790E-06
  7580.0      2.39790E-06
  7620.0      2.37270E-06
  7660.0      2.34790E-06
  7700.0      2.32350E-06
  7740.0      2.29940E-06
  7780.0      2.27220E-06
  7820.0      2.25250E-06
  7860.0      2.22960E-06
  7900.0      2.20700E-06
  7940.0      2.18470E-06
  7980.0      2.16280E-06
  8020.0      2.14120E-06
  8060.0      2.11990E-06
  8100.0      2.09890E-06
  8140.0      2.07330E-06
  8180.0      2.05590E-06
  8220.0      2.03790E-06
  8260.0      2.01810E-06
  8300.0      1.99860E-06
  8340.0      1.97940E-06
  8380.0      1.96050E-06
  8420.0      1.94180E-06
  8460.0      1.92340E-06
  8500.0      1.90530E-06
  8540.0      1.88740E-06
  8580.0      1.86980E-06
  8620.0      1.85230E-06
  8660.0      1.82470E-06
  8700.0      1.81710E-06
  8740.0      1.78580E-06
  8780.0      1.76940E-06
  8820.0      1.76890E-06
  8860.0      1.75290E-06
  8900.0      1.73720E-06
  8940.0      1.72160E-06
  8980.0      1.70620E-06
  9020.0      1.69100E-06
  9060.0      1.67600E-06
  9100.0      1.66130E-06
  9140.0      1.64670E-06
  9180.0      1.63230E-06
  9220.0      1.61810E-06
  9260.0      1.60410E-06
  9300.0      1.59020E-06
  9340.0      1.57650E-06
  9380.0      1.54990E-06
  9420.0      1.54620E-06
  9460.0      1.53660E-06
  9500.0      1.52360E-06
  9540.0      1.51080E-06
  9580.0      1.49810E-06
  9620.0      1.48560E-06
  9660.0      1.47330E-06
  9700.0      1.46110E-06
  9740.0      1.44900E-06
  9780.0      1.43710E-06
  9820.0      1.42540E-06
  9860.0      1.41380E-06
  9900.0      1.40230E-06
  9940.0      1.39100E-06
  9980.0      1.37980E-06
  10020.      1.36870E-06
  20000.      3.39210E-07
  40000.      8.30650E-08
  60000.      3.63660E-08
  80000.      2.02200E-08
 1.00000E+05  1.28200E-08
 1.20000E+05  8.83420E-09
 1.40000E+05  6.44850E-09
 1.60000E+05  4.90980E-09
