 Castelli and Kurucz 2004-2012 Atmosphere
 T     49000.     G    4.50000 [-0.5] N(He)/Ntot=0.0784 VTURB=2.0  L/H=1.25 NOV
 Wavelength  Eddington Hnu
   (nm)    (ergs/s/cm2/Hz/sr)
  9.0900      2.58320E-18
  9.3500      6.88580E-18
  9.6100      1.70770E-17
  9.7700      2.99640E-17
  9.9600      5.60030E-17
  10.200      1.19470E-16
  10.380      2.06320E-16
  10.560      3.49860E-16
  10.770      6.33900E-16
  11.040      1.31720E-15
  11.400      3.31480E-15
  11.780      8.22430E-15
  12.130      1.82930E-14
  12.480      3.85060E-14
  12.710      6.18680E-14
  12.840      8.37470E-14
  13.050      1.25410E-13
  13.240      1.79600E-13
  13.390      2.37000E-13
  13.660      3.82160E-13
  13.980      6.61540E-13
  14.330      1.16270E-12
  14.720      2.02950E-12
  15.100      3.66390E-12
  15.520      6.58030E-12
  15.880      1.07050E-11
  16.200      1.82920E-11
  16.600      3.00500E-11
  17.030      4.77500E-11
  17.340      6.65630E-11
  17.680      9.65530E-11
  18.020      1.38720E-10
  18.170      1.52830E-10
  18.610      2.45220E-10
  19.100      3.77150E-10
  19.390      5.08920E-10
  19.840      7.45060E-10
  20.180      9.43540E-10
  20.500      1.26380E-09
  21.050      1.91020E-09
  21.620      2.86790E-09
  21.980      3.72790E-09
  22.300      4.51040E-09
  22.680      5.67470E-09
  23.000      3.70110E-07
  23.400      4.87700E-06
  24.000      1.73860E-05
  24.650      4.92670E-05
  25.240      1.23320E-04
  25.680      1.80940E-04
  26.000      2.05030E-04
  26.400      3.85360E-04
  26.850      4.14650E-04
  27.350      4.81090E-04
  27.850      4.13300E-04
  28.400      6.17200E-04
  29.000      7.89510E-04
  29.600      7.09380E-04
  30.100      4.61630E-04
  30.800      5.02090E-04
  31.800      2.87280E-04
  32.800      3.30060E-04
  33.800      2.53370E-04
  34.800      2.70050E-04
  35.700      5.45610E-04
  36.600      8.99260E-04
  37.500      1.08130E-03
  38.500      9.25560E-04
  39.500      1.38830E-03
  40.500      1.85860E-03
  41.400      1.93910E-03
  42.200      1.84670E-03
  43.000      1.82080E-03
  44.100      2.25770E-03
  45.100      2.35780E-03
  46.000      2.21490E-03
  47.000      2.40130E-03
  48.000      2.65870E-03
  49.000      2.50730E-03
  50.000      2.99760E-03
  50.600      2.70290E-03
  51.200      3.04910E-03
  52.000      3.01320E-03
  53.000      2.94860E-03
  54.000      2.60470E-03
  55.000      2.31230E-03
  56.000      2.91980E-03
  57.000      3.19900E-03
  58.000      3.28020E-03
  59.000      3.34370E-03
  60.000      3.17020E-03
  61.000      2.79130E-03
  62.000      3.33560E-03
  63.000      3.08360E-03
  64.000      3.48850E-03
  65.000      3.38900E-03
  65.800      3.22120E-03
  66.500      3.54570E-03
  67.500      3.57630E-03
  68.500      3.37760E-03
  69.500      3.63960E-03
  70.500      3.41540E-03
  71.600      3.63440E-03
  72.600      3.73300E-03
  73.500      3.72450E-03
  74.500      3.66450E-03
  75.500      3.62570E-03
  76.500      3.39650E-03
  77.500      3.65850E-03
  78.500      3.46130E-03
  79.500      3.65000E-03
  80.500      3.74040E-03
  81.500      3.74750E-03
  82.500      3.77100E-03
  83.500      3.57610E-03
  84.500      3.75570E-03
  85.500      3.65600E-03
  86.500      3.77960E-03
  87.500      3.80360E-03
  88.500      3.75460E-03
  89.500      3.75230E-03
  90.500      3.70260E-03
  91.500      2.87440E-03
  92.500      4.36770E-03
  93.500      5.27060E-03
  94.500      5.78120E-03
  95.500      6.42790E-03
  96.500      6.66150E-03
  97.500      5.72200E-03
  98.500      6.36840E-03
  99.500      5.90300E-03
  100.50      6.13640E-03
  101.50      6.17970E-03
  102.50      5.81150E-03
  103.50      6.45440E-03
  104.50      6.53880E-03
  105.50      6.50490E-03
  106.50      6.31640E-03
  107.50      6.46100E-03
  108.50      6.18140E-03
  109.50      6.35830E-03
  110.50      6.32110E-03
  111.50      6.28930E-03
  112.50      6.20290E-03
  113.50      6.30140E-03
  114.50      6.29830E-03
  115.50      6.19210E-03
  116.50      6.01570E-03
  117.50      5.76580E-03
  118.50      6.01510E-03
  119.50      5.85790E-03
  120.50      5.86120E-03
  121.50      5.18810E-03
  122.50      5.77600E-03
  123.50      5.54500E-03
  124.50      5.46800E-03
  125.50      5.63280E-03
  126.50      5.61280E-03
  127.50      5.57850E-03
  128.50      5.54390E-03
  129.50      5.55680E-03
  130.50      5.42900E-03
  131.50      5.39680E-03
  132.50      5.33630E-03
  133.50      5.31920E-03
  134.50      5.28160E-03
  135.50      5.14920E-03
  136.50      4.99150E-03
  137.50      4.86090E-03
  138.50      4.97050E-03
  139.50      4.91110E-03
  140.50      4.76220E-03
  141.50      5.02410E-03
  142.50      4.91230E-03
  143.50      4.97470E-03
  144.20      4.81290E-03
  144.70      4.82600E-03
  145.50      4.77020E-03
  146.50      4.75530E-03
  147.50      4.77450E-03
  148.50      4.80900E-03
  149.50      4.74380E-03
  150.50      4.70540E-03
  151.20      4.70700E-03
  151.70      4.62520E-03
  152.50      4.67200E-03
  153.50      4.54890E-03
  154.50      4.25170E-03
  155.50      4.26070E-03
  156.50      4.44870E-03
  157.50      4.48410E-03
  158.50      4.41190E-03
  159.50      4.41620E-03
  160.50      4.33400E-03
  161.50      4.30660E-03
  162.50      4.28730E-03
  163.50      4.26890E-03
  164.50      4.09120E-03
  165.50      4.25540E-03
  166.50      4.24530E-03
  167.20      4.15250E-03
  167.70      4.23780E-03
  168.50      4.22320E-03
  169.50      4.21270E-03
  170.50      4.14780E-03
  171.50      4.03700E-03
  172.50      4.04320E-03
  173.50      4.10170E-03
  174.50      4.06220E-03
  175.50      4.02970E-03
  176.50      4.00780E-03
  177.50      3.97820E-03
  178.50      3.96140E-03
  179.50      3.91670E-03
  180.50      3.89240E-03
  181.50      3.85390E-03
  182.50      3.83830E-03
  183.50      3.81300E-03
  184.50      3.79460E-03
  185.50      3.76190E-03
  186.50      3.74310E-03
  187.50      3.71350E-03
  188.50      3.68450E-03
  189.50      3.67700E-03
  190.50      3.65320E-03
  191.50      3.62770E-03
  192.50      3.56650E-03
  193.50      3.57950E-03
  194.50      3.55680E-03
  195.50      3.52600E-03
  196.70      3.50110E-03
  197.60      3.47010E-03
  198.40      3.46550E-03
  199.50      3.43320E-03
  200.50      3.41660E-03
  201.50      3.39400E-03
  202.50      3.37220E-03
  203.50      3.34440E-03
  204.50      3.30690E-03
  205.50      2.62140E-03
  206.50      2.55490E-03
  207.40      2.62120E-03
  207.80      2.68740E-03
  208.50      2.87000E-03
  209.50      3.13620E-03
  210.50      3.17650E-03
  211.50      3.17360E-03
  212.50      3.14910E-03
  213.50      3.13120E-03
  214.50      3.10930E-03
  215.50      3.13190E-03
  216.50      3.02890E-03
  217.50      3.10500E-03
  218.50      3.01170E-03
  219.50      3.06900E-03
  220.50      3.05060E-03
  221.50      2.94960E-03
  222.50      3.01380E-03
  223.50      2.99510E-03
  224.50      2.97550E-03
  225.50      2.88270E-03
  226.50      2.93690E-03
  227.50      2.92310E-03
  228.50      2.89640E-03
  229.50      2.86270E-03
  230.50      2.79270E-03
  231.50      2.83940E-03
  232.50      2.83070E-03
  233.50      2.81280E-03
  234.50      2.79100E-03
  235.50      2.77100E-03
  236.50      2.75350E-03
  237.50      2.73410E-03
  238.50      2.64170E-03
  239.50      2.69190E-03
  240.50      2.66970E-03
  241.50      2.65870E-03
  242.50      2.65450E-03
  243.50      2.63450E-03
  244.50      2.61990E-03
  245.50      2.59190E-03
  246.50      2.58560E-03
  247.50      2.57650E-03
  248.50      2.55330E-03
  249.50      2.47480E-03
  250.50      2.52280E-03
  251.30      2.37920E-03
  251.80      2.48420E-03
  252.50      2.47860E-03
  253.50      2.48480E-03
  254.50      2.47290E-03
  255.50      2.45780E-03
  256.50      2.44500E-03
  257.50      2.42850E-03
  258.50      2.41300E-03
  259.50      2.38170E-03
  260.50      2.38810E-03
  261.50      2.36340E-03
  262.50      2.36070E-03
  263.50      2.34720E-03
  264.50      2.33140E-03
  265.50      2.31980E-03
  266.50      2.30630E-03
  267.50      2.28420E-03
  268.50      2.27860E-03
  269.50      2.26220E-03
  270.50      2.25530E-03
  271.50      2.24200E-03
  272.50      2.22890E-03
  273.50      2.16190E-03
  274.50      2.20470E-03
  275.50      2.19040E-03
  276.50      2.17920E-03
  277.50      2.16570E-03
  278.50      2.15010E-03
  279.50      2.13960E-03
  280.50      2.13010E-03
  281.50      2.11780E-03
  282.50      2.10390E-03
  283.50      2.09550E-03
  284.50      2.08460E-03
  285.50      2.07260E-03
  286.50      2.05580E-03
  287.50      2.04260E-03
  288.50      2.03710E-03
  289.50      2.02550E-03
  291.00      2.01100E-03
  293.00      1.99060E-03
  295.00      1.96890E-03
  297.00      1.94670E-03
  299.00      1.92300E-03
  301.00      1.90430E-03
  303.00      1.88020E-03
  305.00      1.86260E-03
  307.00      1.83800E-03
  309.00      1.82680E-03
  311.00      1.80790E-03
  313.00      1.78840E-03
  315.00      1.77240E-03
  317.00      1.75370E-03
  319.00      1.73700E-03
  321.00      1.69500E-03
  323.00      1.70350E-03
  325.00      1.68660E-03
  327.00      1.66300E-03
  329.00      1.65230E-03
  331.00      1.63590E-03
  333.00      1.61980E-03
  335.00      1.59990E-03
  337.00      1.58790E-03
  339.00      1.57010E-03
  341.00      1.55340E-03
  343.00      1.54390E-03
  345.00      1.52650E-03
  347.00      1.51340E-03
  349.00      1.49910E-03
  351.00      1.48710E-03
  353.00      1.47210E-03
  355.00      1.45890E-03
  357.00      1.44490E-03
  359.00      1.43190E-03
  361.00      1.41890E-03
  363.00      1.40480E-03
  364.00      1.37310E-03
  365.00      1.25920E-03
  367.00      1.24930E-03
  369.00      1.24300E-03
  371.00      1.24480E-03
  373.00      1.25410E-03
  375.00      1.27230E-03
  377.00      1.28540E-03
  379.00      1.29870E-03
  381.00      1.30930E-03
  383.00      1.26520E-03
  385.00      1.30020E-03
  387.00      1.30040E-03
  389.00      1.22340E-03
  391.00      1.28120E-03
  393.00      1.26190E-03
  395.00      1.26080E-03
  397.00      1.17870E-03
  399.00      1.23890E-03
  401.00      1.23180E-03
  403.00      1.20490E-03
  405.00      1.21110E-03
  407.00      1.20130E-03
  409.00      1.17270E-03
  411.00      1.12170E-03
  413.00      1.17080E-03
  415.00      1.16200E-03
  417.00      1.15260E-03
  419.00      1.13960E-03
  421.00      1.12000E-03
  423.00      1.12490E-03
  425.00      1.11570E-03
  427.00      1.10670E-03
  429.00      1.09790E-03
  431.00      1.08830E-03
  433.00      1.05770E-03
  435.00      1.02420E-03
  437.00      1.06150E-03
  439.00      1.05280E-03
  441.00      1.04430E-03
  443.00      1.03760E-03
  445.00      1.02890E-03
  447.00      1.01980E-03
  449.00      1.01380E-03
  451.00      1.00550E-03
  453.00      9.96850E-04
  455.00      9.76010E-04
  457.00      9.82870E-04
  459.00      9.75500E-04
  461.00      9.68200E-04
  463.00      9.59170E-04
  465.00      9.48130E-04
  467.00      9.45460E-04
  469.00      9.11690E-04
  471.00      9.32210E-04
  473.00      9.25790E-04
  475.00      9.18950E-04
  477.00      9.12090E-04
  479.00      9.04790E-04
  481.00      8.98730E-04
  483.00      8.91900E-04
  485.00      8.73220E-04
  487.00      8.35170E-04
  489.00      8.72080E-04
  491.00      8.66530E-04
  493.00      8.59920E-04
  495.00      8.54320E-04
  497.00      8.48150E-04
  499.00      8.42250E-04
  501.00      8.35740E-04
  503.00      8.30350E-04
  505.00      8.24310E-04
  507.00      8.18650E-04
  509.00      8.13070E-04
  511.00      8.07390E-04
  513.00      8.01650E-04
  515.00      7.96210E-04
  517.00      7.90870E-04
  519.00      7.85410E-04
  521.00      7.79880E-04
  523.00      7.74750E-04
  525.00      7.69260E-04
  527.00      7.64020E-04
  529.00      7.59130E-04
  531.00      7.54030E-04
  533.00      7.48910E-04
  535.00      7.43990E-04
  537.00      7.38990E-04
  539.00      7.34080E-04
  541.00      7.17550E-04
  543.00      7.24460E-04
  545.00      7.19710E-04
  547.00      7.14900E-04
  549.00      7.10320E-04
  551.00      7.05550E-04
  553.00      7.01140E-04
  555.00      6.96610E-04
  557.00      6.91870E-04
  559.00      6.86870E-04
  561.00      6.83260E-04
  563.00      6.78900E-04
  565.00      6.74570E-04
  567.00      6.70290E-04
  569.00      6.57890E-04
  571.00      6.21070E-04
  573.00      6.17410E-04
  575.00      6.13740E-04
  577.00      6.10380E-04
  579.00      6.07330E-04
  581.00      6.02590E-04
  583.00      6.03110E-04
  585.00      6.01970E-04
  587.00      5.99750E-04
  589.00      6.00560E-04
  591.00      6.00440E-04
  593.00      6.00740E-04
  595.00      6.01630E-04
  597.00      6.02350E-04
  599.00      6.03470E-04
  601.00      6.01240E-04
  603.00      5.99090E-04
  605.00      5.96820E-04
  607.00      5.92620E-04
  609.00      5.89950E-04
  611.00      5.85850E-04
  613.00      5.82410E-04
  615.00      5.79850E-04
  617.00      5.74350E-04
  619.00      5.72990E-04
  621.00      5.69730E-04
  623.00      5.63970E-04
  625.00      5.62660E-04
  627.00      5.59800E-04
  629.00      5.56590E-04
  631.00      5.50030E-04
  633.00      5.49970E-04
  635.00      5.47030E-04
  637.00      5.43890E-04
  639.00      5.40470E-04
  641.00      5.33450E-04
  643.00      5.34650E-04
  645.00      5.31590E-04
  647.00      5.28580E-04
  649.00      5.25640E-04
  651.00      5.22460E-04
  653.00      5.14340E-04
  655.00      5.12370E-04
  657.00      4.85030E-04
  659.00      5.10630E-04
  661.00      5.08290E-04
  663.00      5.05490E-04
  665.00      5.02700E-04
  667.00      4.98970E-04
  669.00      4.91240E-04
  671.00      4.94300E-04
  673.00      4.91770E-04
  675.00      4.89080E-04
  677.00      4.86450E-04
  679.00      4.83830E-04
  681.00      4.81220E-04
  683.00      4.78640E-04
  685.00      4.76060E-04
  687.00      4.73510E-04
  689.00      4.64850E-04
  691.00      4.68300E-04
  693.00      4.66000E-04
  695.00      4.63530E-04
  697.00      4.61080E-04
  699.00      4.58650E-04
  701.00      4.56210E-04
  703.00      4.53720E-04
  705.00      4.51400E-04
  707.00      4.48740E-04
  709.00      4.46790E-04
  711.00      4.44360E-04
  713.00      4.42040E-04
  715.00      4.39890E-04
  717.00      4.33530E-04
  719.00      4.33190E-04
  721.00      4.33150E-04
  723.00      4.30940E-04
  725.00      4.28750E-04
  727.00      4.26570E-04
  729.00      4.24330E-04
  731.00      4.22200E-04
  733.00      4.20130E-04
  735.00      4.18020E-04
  737.00      4.15900E-04
  739.00      4.13750E-04
  741.00      4.11740E-04
  743.00      4.09720E-04
  745.00      4.07590E-04
  747.00      4.05660E-04
  749.00      4.03580E-04
  751.00      4.01630E-04
  753.00      3.99690E-04
  755.00      3.97720E-04
  757.00      3.95770E-04
  759.00      3.88090E-04
  761.00      3.91610E-04
  763.00      3.90010E-04
  765.00      3.88110E-04
  767.00      3.86210E-04
  769.00      3.84270E-04
  771.00      3.82430E-04
  773.00      3.80550E-04
  775.00      3.78860E-04
  777.00      3.77050E-04
  779.00      3.75250E-04
  781.00      3.73460E-04
  783.00      3.71680E-04
  785.00      3.69840E-04
  787.00      3.68150E-04
  789.00      3.66430E-04
  791.00      3.64720E-04
  793.00      3.63010E-04
  795.00      3.61300E-04
  797.00      3.59550E-04
  799.00      3.57940E-04
  801.00      3.56270E-04
  803.00      3.54590E-04
  805.00      3.52980E-04
  807.00      3.51350E-04
  809.00      3.49730E-04
  811.00      3.48120E-04
  813.00      3.46520E-04
  815.00      3.44930E-04
  817.00      3.43280E-04
  819.00      3.40340E-04
  821.00      3.26250E-04
  823.00      3.22870E-04
  825.00      3.23070E-04
  827.00      3.22020E-04
  829.00      3.20650E-04
  831.00      3.19280E-04
  833.00      3.17850E-04
  835.00      3.16590E-04
  837.00      3.15320E-04
  839.00      3.14090E-04
  841.00      3.12990E-04
  843.00      3.11900E-04
  845.00      3.10820E-04
  847.00      3.09820E-04
  849.00      3.08980E-04
  851.00      3.07940E-04
  853.00      3.07260E-04
  855.00      3.06030E-04
  857.00      3.05680E-04
  859.00      3.04430E-04
  861.00      3.03550E-04
  863.00      3.03610E-04
  865.00      3.02550E-04
  867.00      3.00030E-04
  869.00      3.01600E-04
  871.00      3.01310E-04
  873.00      3.00300E-04
  875.00      2.95320E-04
  877.00      2.98250E-04
  879.00      2.98910E-04
  881.00      2.98450E-04
  883.00      2.97500E-04
  885.00      2.93400E-04
  887.00      2.87260E-04
  889.00      2.93230E-04
  891.00      2.93080E-04
  893.00      2.91970E-04
  895.00      2.91270E-04
  897.00      2.89890E-04
  899.00      2.87430E-04
  901.00      2.77920E-04
  903.00      2.81020E-04
  905.00      2.84380E-04
  907.00      2.84010E-04
  909.00      2.82930E-04
  911.00      2.81060E-04
  913.00      2.80610E-04
  915.00      2.79460E-04
  917.00      2.78280E-04
  919.00      2.76820E-04
  921.00      2.73610E-04
  923.00      2.61920E-04
  925.00      2.70730E-04
  927.00      2.72230E-04
  929.00      2.71550E-04
  931.00      2.70450E-04
  933.00      2.69150E-04
  935.00      2.62830E-04
  937.00      2.65850E-04
  939.00      2.66060E-04
  941.00      2.65020E-04
  943.00      2.63970E-04
  945.00      2.62910E-04
  947.00      2.61870E-04
  949.00      2.60800E-04
  951.00      2.59310E-04
  953.00      2.55640E-04
  955.00      2.44210E-04
  957.00      2.54560E-04
  959.00      2.55460E-04
  961.00      2.54690E-04
  963.00      2.53690E-04
  965.00      2.52700E-04
  967.00      2.51710E-04
  969.00      2.50730E-04
  971.00      2.49610E-04
  973.00      2.48760E-04
  975.00      2.47490E-04
  977.00      2.45120E-04
  979.00      2.45890E-04
  981.00      2.44940E-04
  983.00      2.43980E-04
  985.00      2.43060E-04
  987.00      2.42130E-04
  989.00      2.41200E-04
  991.00      2.40270E-04
  993.00      2.39360E-04
  995.00      2.38440E-04
  997.00      2.37540E-04
  999.00      2.36630E-04
  1002.5      2.32200E-04
  1007.5      2.28210E-04
  1012.5      2.27180E-04
  1017.5      2.28520E-04
  1022.5      2.26400E-04
  1027.5      2.24290E-04
  1032.5      2.22200E-04
  1037.5      2.20210E-04
  1042.5      2.17050E-04
  1047.5      2.16230E-04
  1052.5      2.14270E-04
  1057.5      2.12350E-04
  1062.5      2.10450E-04
  1067.5      2.08570E-04
  1072.5      2.06720E-04
  1077.5      2.04890E-04
  1082.5      2.02940E-04
  1087.5      2.01290E-04
  1092.5      1.93750E-04
  1097.5      1.96700E-04
  1102.5      1.96100E-04
  1107.5      1.94410E-04
  1112.5      1.92750E-04
  1117.5      1.91210E-04
  1122.5      1.89580E-04
  1127.5      1.87970E-04
  1132.5      1.86380E-04
  1137.5      1.84820E-04
  1142.5      1.83280E-04
  1147.5      1.81750E-04
  1152.5      1.80240E-04
  1157.5      1.78750E-04
  1162.5      1.75500E-04
  1167.5      1.74570E-04
  1172.5      1.74390E-04
  1177.5      1.72970E-04
  1182.5      1.71560E-04
  1187.5      1.70180E-04
  1192.5      1.68810E-04
  1197.5      1.67420E-04
  1202.5      1.66130E-04
  1207.5      1.64810E-04
  1212.5      1.63500E-04
  1217.5      1.62220E-04
  1222.5      1.60940E-04
  1227.5      1.59680E-04
  1232.5      1.58440E-04
  1237.5      1.57210E-04
  1242.5      1.55990E-04
  1247.5      1.54790E-04
  1252.5      1.53600E-04
  1257.5      1.52430E-04
  1262.5      1.51270E-04
  1267.5      1.50120E-04
  1272.5      1.48990E-04
  1277.5      1.47520E-04
  1282.5      1.41840E-04
  1287.5      1.45510E-04
  1292.5      1.44570E-04
  1297.5      1.43500E-04
  1302.5      1.42440E-04
  1307.5      1.41390E-04
  1312.5      1.40350E-04
  1317.5      1.39330E-04
  1322.5      1.38310E-04
  1327.5      1.37310E-04
  1332.5      1.36310E-04
  1337.5      1.35330E-04
  1342.5      1.34360E-04
  1347.5      1.33400E-04
  1352.5      1.32440E-04
  1357.5      1.31500E-04
  1362.5      1.30570E-04
  1367.5      1.29650E-04
  1372.5      1.28740E-04
  1377.5      1.27830E-04
  1382.5      1.26940E-04
  1387.5      1.26060E-04
  1392.5      1.25180E-04
  1397.5      1.24320E-04
  1402.5      1.23460E-04
  1407.5      1.22610E-04
  1412.5      1.21770E-04
  1417.5      1.20940E-04
  1422.5      1.20120E-04
  1427.5      1.19300E-04
  1432.5      1.18480E-04
  1437.5      1.17690E-04
  1442.5      1.16910E-04
  1447.5      1.16130E-04
  1452.5      1.15350E-04
  1457.0      1.14660E-04
  1462.0      1.14150E-04
  1467.5      1.13260E-04
  1472.5      1.12310E-04
  1477.5      1.10580E-04
  1482.5      1.11000E-04
  1487.5      1.10380E-04
  1492.5      1.09660E-04
  1497.5      1.08950E-04
  1502.5      1.08250E-04
  1507.5      1.07530E-04
  1512.5      1.06860E-04
  1517.5      1.06180E-04
  1522.5      1.05500E-04
  1527.5      1.04830E-04
  1532.5      1.04110E-04
  1537.5      1.03500E-04
  1542.5      1.02750E-04
  1547.5      1.02150E-04
  1552.5      1.01490E-04
  1557.5      1.00740E-04
  1562.5      1.00310E-04
  1567.5      9.95140E-05
  1572.5      9.88370E-05
  1577.5      9.84610E-05
  1582.5      9.78190E-05
  1587.5      9.68300E-05
  1592.5      9.65120E-05
  1597.5      9.60740E-05
  1605.0      9.50800E-05
  1615.0      9.36940E-05
  1625.0      9.29310E-05
  1635.0      9.16310E-05
  1645.0      9.02090E-05
  1655.0      8.96730E-05
  1665.0      8.86250E-05
  1675.0      8.73500E-05
  1685.0      8.58780E-05
  1695.0      8.55880E-05
  1705.0      8.45900E-05
  1715.0      8.36490E-05
  1725.0      8.27020E-05
  1735.0      8.07210E-05
  1745.0      8.07880E-05
  1755.0      7.99620E-05
  1765.0      7.90780E-05
  1775.0      7.82080E-05
  1785.0      7.73530E-05
  1795.0      7.65120E-05
  1805.0      7.56830E-05
  1815.0      7.37830E-05
  1825.0      7.39110E-05
  1835.0      7.32780E-05
  1845.0      7.25020E-05
  1855.0      7.17520E-05
  1865.0      7.02370E-05
  1875.0      6.87570E-05
  1885.0      6.95280E-05
  1895.0      6.88120E-05
  1905.0      6.80980E-05
  1915.0      6.74090E-05
  1925.0      6.67230E-05
  1935.0      6.60220E-05
  1945.0      6.41760E-05
  1955.0      6.47010E-05
  1965.0      6.40820E-05
  1975.0      6.34460E-05
  1985.0      6.28190E-05
  1995.0      6.22020E-05
  2005.0      6.15940E-05
  2015.0      6.09940E-05
  2025.0      6.04030E-05
  2035.0      5.98210E-05
  2045.0      5.92470E-05
  2055.0      5.86790E-05
  2065.0      5.81230E-05
  2075.0      5.75530E-05
  2085.0      5.70300E-05
  2095.0      5.64970E-05
  2105.0      5.59690E-05
  2115.0      5.54450E-05
  2125.0      5.49370E-05
  2135.0      5.44310E-05
  2145.0      5.39320E-05
  2155.0      5.34350E-05
  2165.0      5.18430E-05
  2175.0      5.24300E-05
  2185.0      5.20040E-05
  2195.0      5.15380E-05
  2205.0      5.10780E-05
  2215.0      5.06240E-05
  2225.0      5.01760E-05
  2235.0      4.97340E-05
  2245.0      4.92980E-05
  2255.0      4.88680E-05
  2265.0      4.84430E-05
  2275.0      4.80230E-05
  2285.0      4.76470E-05
  2295.0      4.72380E-05
  2305.0      4.68340E-05
  2315.0      4.64350E-05
  2325.0      4.60420E-05
  2335.0      4.56530E-05
  2345.0      4.52690E-05
  2355.0      4.48900E-05
  2365.0      4.45160E-05
  2375.0      4.41460E-05
  2385.0      4.37810E-05
  2395.0      4.34200E-05
  2405.0      4.30640E-05
  2415.0      4.27120E-05
  2425.0      4.23640E-05
  2435.0      4.20210E-05
  2445.0      4.16810E-05
  2455.0      4.13460E-05
  2465.0      4.10150E-05
  2475.0      4.06850E-05
  2485.0      4.03640E-05
  2495.0      4.00440E-05
  2505.0      3.97290E-05
  2515.0      3.94170E-05
  2525.0      3.91080E-05
  2535.0      3.88030E-05
  2545.0      3.85020E-05
  2555.0      3.82040E-05
  2565.0      3.78650E-05
  2575.0      3.76180E-05
  2585.0      3.73310E-05
  2595.0      3.70460E-05
  2605.0      3.67410E-05
  2615.0      3.63450E-05
  2625.0      3.53200E-05
  2635.0      3.58980E-05
  2645.0      3.56710E-05
  2655.0      3.54050E-05
  2665.0      3.51350E-05
  2675.0      3.47010E-05
  2685.0      3.46110E-05
  2695.0      3.43700E-05
  2705.0      3.41190E-05
  2715.0      3.38700E-05
  2725.0      3.36240E-05
  2735.0      3.33800E-05
  2745.0      3.31390E-05
  2755.0      3.26630E-05
  2765.0      3.25820E-05
  2775.0      3.24320E-05
  2785.0      3.22010E-05
  2795.0      3.19730E-05
  2805.0      3.17470E-05
  2815.0      3.15240E-05
  2825.0      3.13020E-05
  2835.0      3.10830E-05
  2845.0      3.08670E-05
  2855.0      3.06520E-05
  2865.0      3.03720E-05
  2875.0      2.98910E-05
  2885.0      3.00100E-05
  2895.0      2.98160E-05
  2905.0      2.96120E-05
  2915.0      2.94110E-05
  2925.0      2.92110E-05
  2935.0      2.90140E-05
  2945.0      2.88180E-05
  2955.0      2.86240E-05
  2965.0      2.84320E-05
  2975.0      2.82430E-05
  2985.0      2.80550E-05
  2995.0      2.78690E-05
  3005.0      2.76840E-05
  3015.0      2.75020E-05
  3025.0      2.73210E-05
  3035.0      2.68150E-05
  3045.0      2.67950E-05
  3055.0      2.67890E-05
  3065.0      2.66160E-05
  3075.0      2.64440E-05
  3085.0      2.62740E-05
  3095.0      2.61050E-05
  3105.0      2.59380E-05
  3115.0      2.57720E-05
  3125.0      2.56080E-05
  3135.0      2.54460E-05
  3145.0      2.52850E-05
  3155.0      2.51250E-05
  3165.0      2.49670E-05
  3175.0      2.48110E-05
  3185.0      2.46560E-05
  3195.0      2.45020E-05
  3210.0      2.42740E-05
  3230.0      2.39760E-05
  3250.0      2.36820E-05
  3270.0      2.33940E-05
  3290.0      2.28380E-05
  3310.0      2.27960E-05
  3330.0      2.25710E-05
  3350.0      2.23030E-05
  3370.0      2.20390E-05
  3390.0      2.17810E-05
  3410.0      2.15260E-05
  3430.0      2.12770E-05
  3450.0      2.10310E-05
  3470.0      2.07900E-05
  3490.0      2.05520E-05
  3510.0      2.03190E-05
  3530.0      2.00900E-05
  3550.0      1.98640E-05
  3570.0      1.96430E-05
  3590.0      1.94240E-05
  3610.0      1.92100E-05
  3630.0      1.89990E-05
  3650.0      1.87910E-05
  3670.0      1.85870E-05
  3690.0      1.83860E-05
  3710.0      1.81870E-05
  3730.0      1.78890E-05
  3750.0      1.76230E-05
  3770.0      1.76140E-05
  3790.0      1.74280E-05
  3810.0      1.72450E-05
  3830.0      1.70650E-05
  3850.0      1.68890E-05
  3870.0      1.67140E-05
  3890.0      1.65420E-05
  3910.0      1.63630E-05
  3930.0      1.62070E-05
  3950.0      1.60430E-05
  3970.0      1.58810E-05
  3990.0      1.57220E-05
  4010.0      1.55530E-05
  4030.0      1.53900E-05
  4050.0      1.50360E-05
  4070.0      1.51080E-05
  4090.0      1.49610E-05
  4110.0      1.48150E-05
  4130.0      1.46710E-05
  4150.0      1.45300E-05
  4170.0      1.43350E-05
  4190.0      1.42530E-05
  4210.0      1.41180E-05
  4230.0      1.39840E-05
  4250.0      1.38520E-05
  4270.0      1.37220E-05
  4290.0      1.35940E-05
  4310.0      1.34680E-05
  4330.0      1.33430E-05
  4350.0      1.32200E-05
  4370.0      1.30290E-05
  4390.0      1.29620E-05
  4410.0      1.28620E-05
  4430.0      1.27450E-05
  4450.0      1.26300E-05
  4470.0      1.25200E-05
  4490.0      1.24080E-05
  4510.0      1.22980E-05
  4530.0      1.21890E-05
  4550.0      1.20820E-05
  4570.0      1.19760E-05
  4590.0      1.18710E-05
  4610.0      1.17680E-05
  4630.0      1.16660E-05
  4650.0      1.13440E-05
  4670.0      1.13480E-05
  4690.0      1.13560E-05
  4710.0      1.12710E-05
  4730.0      1.11750E-05
  4750.0      1.10810E-05
  4770.0      1.09880E-05
  4790.0      1.08950E-05
  4810.0      1.08040E-05
  4830.0      1.07150E-05
  4850.0      1.06260E-05
  4870.0      1.05380E-05
  4890.0      1.04520E-05
  4910.0      1.03660E-05
  4930.0      1.02820E-05
  4950.0      1.01980E-05
  4970.0      1.01160E-05
  4990.0      1.00340E-05
  5010.0      9.95370E-06
  5030.0      9.87420E-06
  5050.0      9.79560E-06
  5070.0      9.71790E-06
  5090.0      9.64110E-06
  5110.0      9.55760E-06
  5130.0      9.36730E-06
  5150.0      9.41240E-06
  5170.0      9.34290E-06
  5190.0      9.27050E-06
  5210.0      9.19900E-06
  5230.0      9.12820E-06
  5250.0      9.05830E-06
  5270.0      8.98910E-06
  5290.0      8.92080E-06
  5310.0      8.85320E-06
  5330.0      8.78640E-06
  5350.0      8.72030E-06
  5370.0      8.65480E-06
  5390.0      8.59020E-06
  5410.0      8.52640E-06
  5430.0      8.46320E-06
  5450.0      8.40070E-06
  5470.0      8.33880E-06
  5490.0      8.27770E-06
  5510.0      8.21710E-06
  5530.0      8.15720E-06
  5550.0      8.09810E-06
  5570.0      8.03960E-06
  5590.0      7.98170E-06
  5610.0      7.92440E-06
  5630.0      7.86770E-06
  5650.0      7.81160E-06
  5670.0      7.75610E-06
  5690.0      7.70110E-06
  5710.0      7.64190E-06
  5730.0      7.59300E-06
  5750.0      7.53990E-06
  5770.0      7.48730E-06
  5790.0      7.43520E-06
  5810.0      7.38360E-06
  5830.0      7.33250E-06
  5850.0      7.28320E-06
  5870.0      7.23320E-06
  5890.0      7.17440E-06
  5910.0      7.00660E-06
  5930.0      7.08140E-06
  5950.0      7.02190E-06
  5970.0      6.98560E-06
  5990.0      6.94360E-06
  6010.0      6.89700E-06
  6030.0      6.85090E-06
  6050.0      6.80530E-06
  6070.0      6.76000E-06
  6090.0      6.71530E-06
  6110.0      6.67090E-06
  6130.0      6.62700E-06
  6150.0      6.58360E-06
  6170.0      6.54050E-06
  6190.0      6.49790E-06
  6210.0      6.45570E-06
  6230.0      6.41390E-06
  6250.0      6.37240E-06
  6270.0      6.33080E-06
  6290.0      6.25840E-06
  6310.0      6.24640E-06
  6330.0      6.21070E-06
  6350.0      6.17120E-06
  6370.0      6.13210E-06
  6390.0      6.09340E-06
  6420.0      6.03590E-06
  6460.0      5.96060E-06
  6500.0      5.88670E-06
  6540.0      5.81410E-06
  6580.0      5.74280E-06
  6620.0      5.67290E-06
  6660.0      5.60420E-06
  6700.0      5.53670E-06
  6740.0      5.46830E-06
  6780.0      5.37940E-06
  6820.0      5.34130E-06
  6860.0      5.27850E-06
  6900.0      5.21670E-06
  6940.0      5.15600E-06
  6980.0      5.09640E-06
  7020.0      5.03780E-06
  7060.0      4.98020E-06
  7100.0      4.92350E-06
  7140.0      4.86790E-06
  7180.0      4.81310E-06
  7220.0      4.75930E-06
  7260.0      4.70630E-06
  7300.0      4.65420E-06
  7340.0      4.60300E-06
  7380.0      4.55260E-06
  7420.0      4.50260E-06
  7460.0      4.38520E-06
  7500.0      4.32380E-06
  7540.0      4.35440E-06
  7580.0      4.31260E-06
  7620.0      4.26690E-06
  7660.0      4.22190E-06
  7700.0      4.17750E-06
  7740.0      4.13390E-06
  7780.0      4.09090E-06
  7820.0      4.04860E-06
  7860.0      4.00700E-06
  7900.0      3.96600E-06
  7940.0      3.92560E-06
  7980.0      3.88580E-06
  8020.0      3.84660E-06
  8060.0      3.80800E-06
  8100.0      3.77000E-06
  8140.0      3.73020E-06
  8180.0      3.69550E-06
  8220.0      3.65920E-06
  8260.0      3.62340E-06
  8300.0      3.58800E-06
  8340.0      3.55320E-06
  8380.0      3.51890E-06
  8420.0      3.48510E-06
  8460.0      3.45170E-06
  8500.0      3.41890E-06
  8540.0      3.38650E-06
  8580.0      3.35450E-06
  8620.0      3.32290E-06
  8660.0      3.28560E-06
  8700.0      3.26120E-06
  8740.0      3.21260E-06
  8780.0      3.18270E-06
  8820.0      3.17180E-06
  8860.0      3.14280E-06
  8900.0      3.11420E-06
  8940.0      3.08600E-06
  8980.0      3.05820E-06
  9020.0      3.03070E-06
  9060.0      3.00360E-06
  9100.0      2.97690E-06
  9140.0      2.95050E-06
  9180.0      2.92440E-06
  9220.0      2.89870E-06
  9260.0      2.87330E-06
  9300.0      2.84830E-06
  9340.0      2.82350E-06
  9380.0      2.78890E-06
  9420.0      2.77290E-06
  9460.0      2.75130E-06
  9500.0      2.72780E-06
  9540.0      2.70460E-06
  9580.0      2.68180E-06
  9620.0      2.65920E-06
  9660.0      2.63680E-06
  9700.0      2.61480E-06
  9740.0      2.59300E-06
  9780.0      2.57150E-06
  9820.0      2.55030E-06
  9860.0      2.52930E-06
  9900.0      2.50860E-06
  9940.0      2.48810E-06
  9980.0      2.46790E-06
  10020.      2.44790E-06
  20000.      5.98190E-07
  40000.      1.44790E-07
  60000.      6.30250E-08
  80000.      3.49080E-08
 1.00000E+05  2.20680E-08
 1.20000E+05  1.51690E-08
 1.40000E+05  1.10480E-08
 1.60000E+05  8.39380E-09
