 Castelli and Kurucz 2004-2012 Atmosphere
 T     39000.     G    4.50000 [-0.5] N(He)/Ntot=0.0784 VTURB=2.0  L/H=1.25 NOV
 Wavelength  Eddington Hnu
   (nm)    (ergs/s/cm2/Hz/sr)
  9.0900      1.43250E-25
  9.3500      5.41000E-25
  9.6100      1.90580E-24
  9.7700      4.03600E-24
  9.9600      9.52330E-24
  10.200      2.70280E-23
  10.380      5.75240E-23
  10.560      1.19630E-22
  10.770      2.73450E-22
  11.040      7.59850E-22
  11.400      2.77820E-21
  11.780      1.01480E-20
  12.130      3.14460E-20
  12.480      9.22120E-20
  12.710      1.82050E-19
  12.840      2.64840E-19
  13.050      4.78170E-19
  13.240      8.04800E-19
  13.390      1.20350E-18
  13.660      2.43400E-18
  13.980      5.45400E-18
  14.330      1.26840E-17
  14.720      3.09890E-17
  15.100      7.19560E-17
  15.520      1.73690E-16
  15.880      3.57550E-16
  16.200      6.62600E-16
  16.600      1.39370E-15
  17.030      2.98040E-15
  17.340      5.04870E-15
  17.680      8.83490E-15
  18.020      1.51370E-14
  18.170      1.90370E-14
  18.610      3.69160E-14
  19.100      7.44050E-14
  19.390      1.10950E-13
  19.840      2.01520E-13
  20.180      3.10670E-13
  20.500      4.61860E-13
  21.050      8.87990E-13
  21.620      1.68670E-12
  21.980      2.49570E-12
  22.300      3.49090E-12
  22.680      5.12530E-12
  23.000      3.04300E-09
  23.400      1.29990E-08
  24.000      2.27390E-08
  24.650      3.93240E-08
  25.240      7.41070E-08
  25.680      9.12220E-08
  26.000      1.78230E-07
  26.400      1.41510E-06
  26.850      2.13060E-06
  27.350      2.69440E-06
  27.850      1.80320E-06
  28.400      4.63410E-06
  29.000      6.42790E-06
  29.600      4.15590E-06
  30.100      2.39900E-06
  30.800      1.10860E-05
  31.800      1.24560E-05
  32.800      1.92770E-05
  33.800      1.86820E-05
  34.800      2.23540E-05
  35.700      4.84650E-05
  36.600      8.28230E-05
  37.500      1.00910E-04
  38.500      9.97370E-05
  39.500      1.43730E-04
  40.500      1.85120E-04
  41.400      1.89380E-04
  42.200      1.90990E-04
  43.000      1.83610E-04
  44.100      2.16860E-04
  45.100      2.32870E-04
  46.000      2.17280E-04
  47.000      2.28250E-04
  48.000      2.58150E-04
  49.000      2.30070E-04
  50.000      2.83070E-04
  50.600      3.03080E-04
  51.200      6.31570E-04
  52.000      6.01770E-04
  53.000      5.71270E-04
  54.000      5.28040E-04
  55.000      5.27010E-04
  56.000      6.92140E-04
  57.000      7.49330E-04
  58.000      7.35440E-04
  59.000      7.71860E-04
  60.000      6.94040E-04
  61.000      7.26980E-04
  62.000      8.77710E-04
  63.000      8.65200E-04
  64.000      9.30580E-04
  65.000      9.16890E-04
  65.800      8.52650E-04
  66.500      9.53250E-04
  67.500      1.02390E-03
  68.500      9.32240E-04
  69.500      1.04500E-03
  70.500      9.50480E-04
  71.600      1.11390E-03
  72.600      1.13630E-03
  73.500      1.16440E-03
  74.500      1.13730E-03
  75.500      1.14760E-03
  76.500      1.12380E-03
  77.500      1.18190E-03
  78.500      1.16630E-03
  79.500      1.22260E-03
  80.500      1.23130E-03
  81.500      1.25670E-03
  82.500      1.28650E-03
  83.500      1.17520E-03
  84.500      1.29950E-03
  85.500      1.29620E-03
  86.500      1.34190E-03
  87.500      1.35780E-03
  88.500      1.36500E-03
  89.500      1.37820E-03
  90.500      1.36990E-03
  91.500      1.15890E-03
  92.500      2.11570E-03
  93.500      2.91780E-03
  94.500      3.55590E-03
  95.500      3.93490E-03
  96.500      4.42370E-03
  97.500      3.23720E-03
  98.500      4.15960E-03
  99.500      3.85580E-03
  100.50      3.97820E-03
  101.50      4.11980E-03
  102.50      3.50830E-03
  103.50      4.20410E-03
  104.50      4.37560E-03
  105.50      4.33920E-03
  106.50      4.17140E-03
  107.50      4.21660E-03
  108.50      4.00220E-03
  109.50      4.20240E-03
  110.50      4.12180E-03
  111.50      4.10270E-03
  112.50      3.93150E-03
  113.50      4.10010E-03
  114.50      4.08720E-03
  115.50      3.94850E-03
  116.50      3.87750E-03
  117.50      3.38490E-03
  118.50      3.73720E-03
  119.50      3.70190E-03
  120.50      3.66490E-03
  121.50      3.05000E-03
  122.50      3.58430E-03
  123.50      3.66690E-03
  124.50      3.63370E-03
  125.50      3.66440E-03
  126.50      3.70470E-03
  127.50      3.72740E-03
  128.50      3.72970E-03
  129.50      3.67580E-03
  130.50      3.63800E-03
  131.50      3.67860E-03
  132.50      3.63810E-03
  133.50      3.61680E-03
  134.50      3.62490E-03
  135.50      3.54150E-03
  136.50      3.48080E-03
  137.50      3.43020E-03
  138.50      3.42760E-03
  139.50      3.31090E-03
  140.50      3.23400E-03
  141.50      3.40580E-03
  142.50      3.22690E-03
  143.50      3.33560E-03
  144.20      3.28820E-03
  144.70      3.28610E-03
  145.50      3.22160E-03
  146.50      3.23490E-03
  147.50      3.22120E-03
  148.50      3.25550E-03
  149.50      3.20240E-03
  150.50      3.22140E-03
  151.20      3.22040E-03
  151.70      3.18530E-03
  152.50      3.15910E-03
  153.50      2.98730E-03
  154.50      2.68640E-03
  155.50      2.72960E-03
  156.50      2.88670E-03
  157.50      2.96110E-03
  158.50      2.96180E-03
  159.50      2.95770E-03
  160.50      2.84440E-03
  161.50      2.79550E-03
  162.50      2.81480E-03
  163.50      2.80470E-03
  164.50      2.72790E-03
  165.50      2.86000E-03
  166.50      2.83770E-03
  167.20      2.72380E-03
  167.70      2.90810E-03
  168.50      2.86650E-03
  169.50      2.84950E-03
  170.50      2.81170E-03
  171.50      2.74510E-03
  172.50      2.72770E-03
  173.50      2.79610E-03
  174.50      2.77960E-03
  175.50      2.74100E-03
  176.50      2.74180E-03
  177.50      2.72150E-03
  178.50      2.72680E-03
  179.50      2.68520E-03
  180.50      2.67950E-03
  181.50      2.66170E-03
  182.50      2.63780E-03
  183.50      2.64440E-03
  184.50      2.62330E-03
  185.50      2.60870E-03
  186.50      2.59380E-03
  187.50      2.56360E-03
  188.50      2.54520E-03
  189.50      2.55890E-03
  190.50      2.55320E-03
  191.50      2.53430E-03
  192.50      2.46370E-03
  193.50      2.50930E-03
  194.50      2.49890E-03
  195.50      2.44900E-03
  196.70      2.45900E-03
  197.60      2.44800E-03
  198.40      2.43970E-03
  199.50      2.41780E-03
  200.50      2.41440E-03
  201.50      2.39960E-03
  202.50      2.38350E-03
  203.50      2.36620E-03
  204.50      2.34500E-03
  205.50      1.80190E-03
  206.50      1.74560E-03
  207.40      1.79790E-03
  207.80      1.84310E-03
  208.50      1.98360E-03
  209.50      2.20280E-03
  210.50      2.25830E-03
  211.50      2.26460E-03
  212.50      2.24100E-03
  213.50      2.23480E-03
  214.50      2.22440E-03
  215.50      2.24540E-03
  216.50      2.15720E-03
  217.50      2.23340E-03
  218.50      2.15250E-03
  219.50      2.21110E-03
  220.50      2.19930E-03
  221.50      2.11330E-03
  222.50      2.17140E-03
  223.50      2.16020E-03
  224.50      2.14280E-03
  225.50      2.06750E-03
  226.50      2.12030E-03
  227.50      2.11050E-03
  228.50      2.08830E-03
  229.50      2.03640E-03
  230.50      2.00720E-03
  231.50      2.04990E-03
  232.50      2.04550E-03
  233.50      2.03390E-03
  234.50      2.01880E-03
  235.50      2.00450E-03
  236.50      1.99170E-03
  237.50      1.97480E-03
  238.50      1.89630E-03
  239.50      1.94030E-03
  240.50      1.93920E-03
  241.50      1.92970E-03
  242.50      1.92570E-03
  243.50      1.91170E-03
  244.50      1.90140E-03
  245.50      1.88540E-03
  246.50      1.87920E-03
  247.50      1.87140E-03
  248.50      1.85460E-03
  249.50      1.70260E-03
  250.50      1.82570E-03
  251.30      1.71490E-03
  251.80      1.79350E-03
  252.50      1.80910E-03
  253.50      1.80740E-03
  254.50      1.79780E-03
  255.50      1.78610E-03
  256.50      1.77710E-03
  257.50      1.76660E-03
  258.50      1.75720E-03
  259.50      1.73750E-03
  260.50      1.73880E-03
  261.50      1.72430E-03
  262.50      1.72000E-03
  263.50      1.71130E-03
  264.50      1.69950E-03
  265.50      1.69200E-03
  266.50      1.68080E-03
  267.50      1.66290E-03
  268.50      1.66210E-03
  269.50      1.65090E-03
  270.50      1.64710E-03
  271.50      1.63560E-03
  272.50      1.62590E-03
  273.50      1.57530E-03
  274.50      1.61180E-03
  275.50      1.60250E-03
  276.50      1.59140E-03
  277.50      1.58570E-03
  278.50      1.57490E-03
  279.50      1.56020E-03
  280.50      1.55850E-03
  281.50      1.55170E-03
  282.50      1.54070E-03
  283.50      1.53430E-03
  284.50      1.52870E-03
  285.50      1.52040E-03
  286.50      1.51080E-03
  287.50      1.50370E-03
  288.50      1.49630E-03
  289.50      1.48810E-03
  291.00      1.47550E-03
  293.00      1.46200E-03
  295.00      1.44470E-03
  297.00      1.43000E-03
  299.00      1.41150E-03
  301.00      1.39860E-03
  303.00      1.38010E-03
  305.00      1.36920E-03
  307.00      1.35730E-03
  309.00      1.34490E-03
  311.00      1.33210E-03
  313.00      1.31860E-03
  315.00      1.30760E-03
  317.00      1.29400E-03
  319.00      1.28020E-03
  321.00      1.25200E-03
  323.00      1.25870E-03
  325.00      1.24720E-03
  327.00      1.22850E-03
  329.00      1.22210E-03
  331.00      1.21020E-03
  333.00      1.19900E-03
  335.00      1.18420E-03
  337.00      1.17630E-03
  339.00      1.16650E-03
  341.00      1.15540E-03
  343.00      1.14640E-03
  345.00      1.13240E-03
  347.00      1.12540E-03
  349.00      1.11530E-03
  351.00      1.10540E-03
  353.00      1.09460E-03
  355.00      1.08450E-03
  357.00      1.07650E-03
  359.00      1.06510E-03
  361.00      1.05550E-03
  363.00      1.04540E-03
  364.00      1.02550E-03
  365.00      9.45460E-04
  367.00      9.38760E-04
  369.00      9.33270E-04
  371.00      9.30270E-04
  373.00      9.35750E-04
  375.00      9.47710E-04
  377.00      9.53750E-04
  379.00      9.73300E-04
  381.00      9.90670E-04
  383.00      9.39430E-04
  385.00      9.91950E-04
  387.00      9.93340E-04
  389.00      9.10020E-04
  391.00      9.84840E-04
  393.00      9.69950E-04
  395.00      9.67100E-04
  397.00      8.76200E-04
  399.00      9.52410E-04
  401.00      9.46800E-04
  403.00      9.20900E-04
  405.00      9.34900E-04
  407.00      9.24040E-04
  409.00      8.92540E-04
  411.00      8.41940E-04
  413.00      8.99970E-04
  415.00      8.94070E-04
  417.00      8.89850E-04
  419.00      8.79380E-04
  421.00      8.64190E-04
  423.00      8.69620E-04
  425.00      8.62160E-04
  427.00      8.55100E-04
  429.00      8.48510E-04
  431.00      8.39900E-04
  433.00      8.07410E-04
  435.00      7.73770E-04
  437.00      8.20160E-04
  439.00      8.09630E-04
  441.00      8.07820E-04
  443.00      8.02850E-04
  445.00      7.96800E-04
  447.00      7.81460E-04
  449.00      7.84650E-04
  451.00      7.77030E-04
  453.00      7.71080E-04
  455.00      7.54450E-04
  457.00      7.61410E-04
  459.00      7.55180E-04
  461.00      7.49950E-04
  463.00      7.42060E-04
  465.00      7.27260E-04
  467.00      7.31920E-04
  469.00      7.05440E-04
  471.00      7.20090E-04
  473.00      7.18540E-04
  475.00      7.13290E-04
  477.00      7.08110E-04
  479.00      7.03010E-04
  481.00      6.97880E-04
  483.00      6.91960E-04
  485.00      6.71170E-04
  487.00      6.33770E-04
  489.00      6.76420E-04
  491.00      6.72980E-04
  493.00      6.63770E-04
  495.00      6.63630E-04
  497.00      6.59320E-04
  499.00      6.54790E-04
  501.00      6.47340E-04
  503.00      6.45420E-04
  505.00      6.40290E-04
  507.00      6.36780E-04
  509.00      6.32450E-04
  511.00      6.28150E-04
  513.00      6.23810E-04
  515.00      6.19570E-04
  517.00      6.15370E-04
  519.00      6.11230E-04
  521.00      6.07140E-04
  523.00      6.03100E-04
  525.00      5.98710E-04
  527.00      5.94600E-04
  529.00      5.91120E-04
  531.00      5.87210E-04
  533.00      5.83300E-04
  535.00      5.79510E-04
  537.00      5.75700E-04
  539.00      5.71910E-04
  541.00      5.58770E-04
  543.00      5.64490E-04
  545.00      5.60880E-04
  547.00      5.57220E-04
  549.00      5.53680E-04
  551.00      5.49920E-04
  553.00      5.46620E-04
  555.00      5.43140E-04
  557.00      5.39590E-04
  559.00      5.35350E-04
  561.00      5.32890E-04
  563.00      5.29540E-04
  565.00      5.26210E-04
  567.00      5.22900E-04
  569.00      5.13240E-04
  571.00      4.87770E-04
  573.00      4.84970E-04
  575.00      4.82160E-04
  577.00      4.79510E-04
  579.00      4.76970E-04
  581.00      4.73890E-04
  583.00      4.72890E-04
  585.00      4.72070E-04
  587.00      4.66360E-04
  589.00      4.70470E-04
  591.00      4.70170E-04
  593.00      4.70060E-04
  595.00      4.70260E-04
  597.00      4.70560E-04
  599.00      4.71020E-04
  601.00      4.69860E-04
  603.00      4.67770E-04
  605.00      4.66290E-04
  607.00      4.63410E-04
  609.00      4.61080E-04
  611.00      4.58020E-04
  613.00      4.55380E-04
  615.00      4.53110E-04
  617.00      4.49350E-04
  619.00      4.47920E-04
  621.00      4.45360E-04
  623.00      4.41470E-04
  625.00      4.39960E-04
  627.00      4.37720E-04
  629.00      4.35220E-04
  631.00      4.30780E-04
  633.00      4.30200E-04
  635.00      4.27830E-04
  637.00      4.25420E-04
  639.00      4.22940E-04
  641.00      4.18180E-04
  643.00      4.18280E-04
  645.00      4.15850E-04
  647.00      4.13500E-04
  649.00      4.11280E-04
  651.00      4.08830E-04
  653.00      4.03080E-04
  655.00      3.98750E-04
  657.00      3.72950E-04
  659.00      3.99070E-04
  661.00      3.97900E-04
  663.00      3.95740E-04
  665.00      3.93600E-04
  667.00      3.89220E-04
  669.00      3.84150E-04
  671.00      3.86920E-04
  673.00      3.85010E-04
  675.00      3.82930E-04
  677.00      3.81020E-04
  679.00      3.79020E-04
  681.00      3.77000E-04
  683.00      3.75000E-04
  685.00      3.73010E-04
  687.00      3.71000E-04
  689.00      3.65050E-04
  691.00      3.66970E-04
  693.00      3.65220E-04
  695.00      3.63310E-04
  697.00      3.61410E-04
  699.00      3.59530E-04
  701.00      3.57600E-04
  703.00      3.55550E-04
  705.00      3.53880E-04
  707.00      3.49770E-04
  709.00      3.50340E-04
  711.00      3.48530E-04
  713.00      3.46750E-04
  715.00      3.44990E-04
  717.00      3.40540E-04
  719.00      3.40030E-04
  721.00      3.39770E-04
  723.00      3.38020E-04
  725.00      3.36340E-04
  727.00      3.34660E-04
  729.00      3.32020E-04
  731.00      3.31240E-04
  733.00      3.29660E-04
  735.00      3.28020E-04
  737.00      3.26370E-04
  739.00      3.24770E-04
  741.00      3.23140E-04
  743.00      3.21580E-04
  745.00      3.19920E-04
  747.00      3.18430E-04
  749.00      3.16610E-04
  751.00      3.15280E-04
  753.00      3.13790E-04
  755.00      3.12260E-04
  757.00      3.10730E-04
  759.00      3.05280E-04
  761.00      3.07490E-04
  763.00      3.06250E-04
  765.00      3.04780E-04
  767.00      3.03350E-04
  769.00      3.01730E-04
  771.00      3.00390E-04
  773.00      2.98810E-04
  775.00      2.97610E-04
  777.00      2.96200E-04
  779.00      2.94800E-04
  781.00      2.93390E-04
  783.00      2.92030E-04
  785.00      2.90640E-04
  787.00      2.89300E-04
  789.00      2.87970E-04
  791.00      2.86670E-04
  793.00      2.85340E-04
  795.00      2.84020E-04
  797.00      2.82630E-04
  799.00      2.81400E-04
  801.00      2.80110E-04
  803.00      2.78760E-04
  805.00      2.77540E-04
  807.00      2.76270E-04
  809.00      2.75010E-04
  811.00      2.73740E-04
  813.00      2.72520E-04
  815.00      2.71260E-04
  817.00      2.69980E-04
  819.00      2.67860E-04
  821.00      2.58910E-04
  823.00      2.56290E-04
  825.00      2.56460E-04
  827.00      2.55510E-04
  829.00      2.54590E-04
  831.00      2.53550E-04
  833.00      2.52310E-04
  835.00      2.51110E-04
  837.00      2.50280E-04
  839.00      2.49330E-04
  841.00      2.48390E-04
  843.00      2.47440E-04
  845.00      2.46280E-04
  847.00      2.45640E-04
  849.00      2.44810E-04
  851.00      2.43780E-04
  853.00      2.43250E-04
  855.00      2.42160E-04
  857.00      2.42090E-04
  859.00      2.40180E-04
  861.00      2.39800E-04
  863.00      2.40360E-04
  865.00      2.38750E-04
  867.00      2.35750E-04
  869.00      2.38390E-04
  871.00      2.38440E-04
  873.00      2.36620E-04
  875.00      2.30520E-04
  877.00      2.34390E-04
  879.00      2.36260E-04
  881.00      2.35920E-04
  883.00      2.34930E-04
  885.00      2.29600E-04
  887.00      2.23140E-04
  889.00      2.31220E-04
  891.00      2.31790E-04
  893.00      2.30950E-04
  895.00      2.30300E-04
  897.00      2.29160E-04
  899.00      2.26420E-04
  901.00      2.15640E-04
  903.00      2.19650E-04
  905.00      2.24700E-04
  907.00      2.24100E-04
  909.00      2.23890E-04
  911.00      2.22820E-04
  913.00      2.22340E-04
  915.00      2.21450E-04
  917.00      2.20310E-04
  919.00      2.18860E-04
  921.00      2.14700E-04
  923.00      2.02570E-04
  925.00      2.12720E-04
  927.00      2.15220E-04
  929.00      2.15090E-04
  931.00      2.14110E-04
  933.00      2.13340E-04
  935.00      2.08730E-04
  937.00      2.11010E-04
  939.00      2.10930E-04
  941.00      2.10040E-04
  943.00      2.09240E-04
  945.00      2.08430E-04
  947.00      2.07290E-04
  949.00      2.06660E-04
  951.00      2.04520E-04
  953.00      2.00320E-04
  955.00      1.89000E-04
  957.00      2.00470E-04
  959.00      2.02070E-04
  961.00      2.01740E-04
  963.00      2.00880E-04
  965.00      2.00390E-04
  967.00      1.99610E-04
  969.00      1.98800E-04
  971.00      1.97090E-04
  973.00      1.97200E-04
  975.00      1.96380E-04
  977.00      1.94940E-04
  979.00      1.95020E-04
  981.00      1.94280E-04
  983.00      1.93520E-04
  985.00      1.92790E-04
  987.00      1.92060E-04
  989.00      1.91320E-04
  991.00      1.90570E-04
  993.00      1.89880E-04
  995.00      1.89160E-04
  997.00      1.88440E-04
  999.00      1.87730E-04
  1002.5      1.82610E-04
  1007.5      1.79320E-04
  1012.5      1.80340E-04
  1017.5      1.81340E-04
  1022.5      1.79650E-04
  1027.5      1.78000E-04
  1032.5      1.76100E-04
  1037.5      1.74790E-04
  1042.5      1.72610E-04
  1047.5      1.71640E-04
  1052.5      1.70100E-04
  1057.5      1.68580E-04
  1062.5      1.67090E-04
  1067.5      1.65540E-04
  1072.5      1.64150E-04
  1077.5      1.62700E-04
  1082.5      1.60530E-04
  1087.5      1.59720E-04
  1092.5      1.51770E-04
  1097.5      1.55460E-04
  1102.5      1.55570E-04
  1107.5      1.54430E-04
  1112.5      1.53130E-04
  1117.5      1.51880E-04
  1122.5      1.50580E-04
  1127.5      1.49330E-04
  1132.5      1.48070E-04
  1137.5      1.46840E-04
  1142.5      1.45630E-04
  1147.5      1.44420E-04
  1152.5      1.43230E-04
  1157.5      1.42050E-04
  1162.5      1.39750E-04
  1167.5      1.39020E-04
  1172.5      1.38610E-04
  1177.5      1.37490E-04
  1182.5      1.36380E-04
  1187.5      1.35290E-04
  1192.5      1.34210E-04
  1197.5      1.32620E-04
  1202.5      1.32090E-04
  1207.5      1.31050E-04
  1212.5      1.30010E-04
  1217.5      1.29000E-04
  1222.5      1.28000E-04
  1227.5      1.27000E-04
  1232.5      1.26020E-04
  1237.5      1.25050E-04
  1242.5      1.24090E-04
  1247.5      1.23140E-04
  1252.5      1.22130E-04
  1257.5      1.21270E-04
  1262.5      1.20350E-04
  1267.5      1.19450E-04
  1272.5      1.18550E-04
  1277.5      1.16710E-04
  1282.5      1.11560E-04
  1287.5      1.15610E-04
  1292.5      1.15060E-04
  1297.5      1.14000E-04
  1302.5      1.13370E-04
  1307.5      1.12540E-04
  1312.5      1.11720E-04
  1317.5      1.10910E-04
  1322.5      1.10110E-04
  1327.5      1.09310E-04
  1332.5      1.08530E-04
  1337.5      1.07750E-04
  1342.5      1.06960E-04
  1347.5      1.06220E-04
  1352.5      1.05460E-04
  1357.5      1.04720E-04
  1362.5      1.03980E-04
  1367.5      1.03250E-04
  1372.5      1.02530E-04
  1377.5      1.01820E-04
  1382.5      1.01110E-04
  1387.5      1.00410E-04
  1392.5      9.97180E-05
  1397.5      9.90340E-05
  1402.5      9.83530E-05
  1407.5      9.76840E-05
  1412.5      9.70190E-05
  1417.5      9.63590E-05
  1422.5      9.57100E-05
  1427.5      9.50650E-05
  1432.5      9.44260E-05
  1437.5      9.37940E-05
  1442.5      9.31690E-05
  1447.5      9.25500E-05
  1452.5      9.19360E-05
  1457.0      9.13890E-05
  1462.0      9.08010E-05
  1467.5      9.01450E-05
  1472.5      8.95320E-05
  1477.5      8.83540E-05
  1482.5      8.83940E-05
  1487.5      8.78300E-05
  1492.5      8.72660E-05
  1497.5      8.67060E-05
  1502.5      8.61510E-05
  1507.5      8.55550E-05
  1512.5      8.50560E-05
  1517.5      8.45150E-05
  1522.5      8.39830E-05
  1527.5      8.34460E-05
  1532.5      8.29160E-05
  1537.5      8.24010E-05
  1542.5      8.18610E-05
  1547.5      8.13730E-05
  1552.5      8.08570E-05
  1557.5      8.03000E-05
  1562.5      7.98960E-05
  1567.5      7.93090E-05
  1572.5      7.87650E-05
  1577.5      7.84550E-05
  1582.5      7.79500E-05
  1587.5      7.71250E-05
  1592.5      7.69220E-05
  1597.5      7.66790E-05
  1605.0      7.58210E-05
  1615.0      7.46260E-05
  1625.0      7.42590E-05
  1635.0      7.30740E-05
  1645.0      7.17890E-05
  1655.0      7.16680E-05
  1665.0      7.08350E-05
  1675.0      6.96430E-05
  1685.0      6.83040E-05
  1695.0      6.84180E-05
  1705.0      6.74810E-05
  1715.0      6.68770E-05
  1725.0      6.60990E-05
  1735.0      6.41040E-05
  1745.0      6.45230E-05
  1755.0      6.39440E-05
  1765.0      6.32410E-05
  1775.0      6.25490E-05
  1785.0      6.18680E-05
  1795.0      6.11980E-05
  1805.0      6.05380E-05
  1815.0      5.86290E-05
  1825.0      5.90110E-05
  1835.0      5.86250E-05
  1845.0      5.80080E-05
  1855.0      5.73990E-05
  1865.0      5.61530E-05
  1875.0      5.47100E-05
  1885.0      5.56150E-05
  1895.0      5.50650E-05
  1905.0      5.44200E-05
  1915.0      5.39480E-05
  1925.0      5.34020E-05
  1935.0      5.28070E-05
  1945.0      5.09640E-05
  1955.0      5.17370E-05
  1965.0      5.12990E-05
  1975.0      5.07930E-05
  1985.0      5.02940E-05
  1995.0      4.98020E-05
  2005.0      4.93180E-05
  2015.0      4.88400E-05
  2025.0      4.83700E-05
  2035.0      4.79060E-05
  2045.0      4.74440E-05
  2055.0      4.69680E-05
  2065.0      4.65530E-05
  2075.0      4.61130E-05
  2085.0      4.56820E-05
  2095.0      4.52560E-05
  2105.0      4.48360E-05
  2115.0      4.43620E-05
  2125.0      4.40130E-05
  2135.0      4.36100E-05
  2145.0      4.32090E-05
  2155.0      4.27870E-05
  2165.0      4.12180E-05
  2175.0      4.19660E-05
  2185.0      4.16670E-05
  2195.0      4.13030E-05
  2205.0      4.09360E-05
  2215.0      4.05740E-05
  2225.0      4.02160E-05
  2235.0      3.98650E-05
  2245.0      3.95170E-05
  2255.0      3.91740E-05
  2265.0      3.88350E-05
  2275.0      3.85000E-05
  2285.0      3.82220E-05
  2295.0      3.78950E-05
  2305.0      3.75690E-05
  2315.0      3.72550E-05
  2325.0      3.69400E-05
  2335.0      3.66300E-05
  2345.0      3.63240E-05
  2355.0      3.60210E-05
  2365.0      3.57220E-05
  2375.0      3.54270E-05
  2385.0      3.51350E-05
  2395.0      3.48470E-05
  2405.0      3.45630E-05
  2415.0      3.42820E-05
  2425.0      3.40010E-05
  2435.0      3.37300E-05
  2445.0      3.34590E-05
  2455.0      3.31910E-05
  2465.0      3.29260E-05
  2475.0      3.26400E-05
  2485.0      3.24070E-05
  2495.0      3.21490E-05
  2505.0      3.18990E-05
  2515.0      3.16500E-05
  2525.0      3.13610E-05
  2535.0      3.11590E-05
  2545.0      3.09190E-05
  2555.0      3.06750E-05
  2565.0      3.03570E-05
  2575.0      3.02120E-05
  2585.0      2.99830E-05
  2595.0      2.97550E-05
  2605.0      2.94810E-05
  2615.0      2.91060E-05
  2625.0      2.81770E-05
  2635.0      2.87940E-05
  2645.0      2.86560E-05
  2655.0      2.84330E-05
  2665.0      2.82010E-05
  2675.0      2.78120E-05
  2685.0      2.77800E-05
  2695.0      2.76160E-05
  2705.0      2.74150E-05
  2715.0      2.72160E-05
  2725.0      2.70190E-05
  2735.0      2.68240E-05
  2745.0      2.66200E-05
  2755.0      2.61670E-05
  2765.0      2.61300E-05
  2775.0      2.60650E-05
  2785.0      2.58810E-05
  2795.0      2.56980E-05
  2805.0      2.55170E-05
  2815.0      2.53390E-05
  2825.0      2.51620E-05
  2835.0      2.49860E-05
  2845.0      2.48130E-05
  2855.0      2.46380E-05
  2865.0      2.43740E-05
  2875.0      2.39240E-05
  2885.0      2.41110E-05
  2895.0      2.39720E-05
  2905.0      2.38100E-05
  2915.0      2.36480E-05
  2925.0      2.34890E-05
  2935.0      2.33310E-05
  2945.0      2.31740E-05
  2955.0      2.30190E-05
  2965.0      2.28660E-05
  2975.0      2.27140E-05
  2985.0      2.25630E-05
  2995.0      2.24140E-05
  3005.0      2.22670E-05
  3015.0      2.21210E-05
  3025.0      2.19630E-05
  3035.0      2.14790E-05
  3045.0      2.14860E-05
  3055.0      2.15500E-05
  3065.0      2.14120E-05
  3075.0      2.12740E-05
  3085.0      2.11380E-05
  3095.0      2.10030E-05
  3105.0      2.08690E-05
  3115.0      2.07360E-05
  3125.0      2.06050E-05
  3135.0      2.04750E-05
  3145.0      2.03460E-05
  3155.0      2.02190E-05
  3165.0      2.00920E-05
  3175.0      1.99670E-05
  3185.0      1.98430E-05
  3195.0      1.97200E-05
  3210.0      1.95370E-05
  3230.0      1.92980E-05
  3250.0      1.90630E-05
  3270.0      1.88320E-05
  3290.0      1.83160E-05
  3310.0      1.83290E-05
  3330.0      1.81750E-05
  3350.0      1.79620E-05
  3370.0      1.77510E-05
  3390.0      1.75430E-05
  3410.0      1.73390E-05
  3430.0      1.71390E-05
  3450.0      1.69420E-05
  3470.0      1.67490E-05
  3490.0      1.65580E-05
  3510.0      1.63710E-05
  3530.0      1.61870E-05
  3550.0      1.60070E-05
  3570.0      1.58290E-05
  3590.0      1.56540E-05
  3610.0      1.54820E-05
  3630.0      1.53120E-05
  3650.0      1.51460E-05
  3670.0      1.49820E-05
  3690.0      1.48210E-05
  3710.0      1.46530E-05
  3730.0      1.43840E-05
  3750.0      1.41650E-05
  3770.0      1.42010E-05
  3790.0      1.40520E-05
  3810.0      1.39030E-05
  3830.0      1.37600E-05
  3850.0      1.36200E-05
  3870.0      1.34800E-05
  3890.0      1.33420E-05
  3910.0      1.31890E-05
  3930.0      1.30730E-05
  3950.0      1.29410E-05
  3970.0      1.28120E-05
  3990.0      1.26840E-05
  4010.0      1.25400E-05
  4030.0      1.23940E-05
  4050.0      1.20860E-05
  4070.0      1.21890E-05
  4090.0      1.20730E-05
  4110.0      1.19560E-05
  4130.0      1.18370E-05
  4150.0      1.17270E-05
  4170.0      1.15500E-05
  4190.0      1.15000E-05
  4210.0      1.13960E-05
  4230.0      1.12880E-05
  4250.0      1.11810E-05
  4270.0      1.10780E-05
  4290.0      1.09690E-05
  4310.0      1.08740E-05
  4330.0      1.07740E-05
  4350.0      1.06750E-05
  4370.0      1.04990E-05
  4390.0      1.04560E-05
  4410.0      1.03870E-05
  4430.0      1.02930E-05
  4450.0      1.02010E-05
  4470.0      1.01140E-05
  4490.0      1.00240E-05
  4510.0      9.93520E-06
  4530.0      9.84770E-06
  4550.0      9.76130E-06
  4570.0      9.67600E-06
  4590.0      9.59180E-06
  4610.0      9.50770E-06
  4630.0      9.42300E-06
  4650.0      9.12500E-06
  4670.0      9.13820E-06
  4690.0      9.16620E-06
  4710.0      9.10900E-06
  4730.0      9.03210E-06
  4750.0      8.95620E-06
  4770.0      8.88110E-06
  4790.0      8.80710E-06
  4810.0      8.73390E-06
  4830.0      8.66160E-06
  4850.0      8.59020E-06
  4870.0      8.51970E-06
  4890.0      8.45000E-06
  4910.0      8.38120E-06
  4930.0      8.31320E-06
  4950.0      8.24610E-06
  4970.0      8.17970E-06
  4990.0      8.11410E-06
  5010.0      8.04930E-06
  5030.0      7.98530E-06
  5050.0      7.92200E-06
  5070.0      7.85950E-06
  5090.0      7.79760E-06
  5110.0      7.72380E-06
  5130.0      7.54780E-06
  5150.0      7.60880E-06
  5170.0      7.55750E-06
  5190.0      7.49930E-06
  5210.0      7.44160E-06
  5230.0      7.38470E-06
  5250.0      7.32830E-06
  5270.0      7.27260E-06
  5290.0      7.21750E-06
  5310.0      7.16310E-06
  5330.0      7.10920E-06
  5350.0      7.05600E-06
  5370.0      7.00320E-06
  5390.0      6.95120E-06
  5410.0      6.89980E-06
  5430.0      6.84880E-06
  5450.0      6.79850E-06
  5470.0      6.74870E-06
  5490.0      6.69940E-06
  5510.0      6.65050E-06
  5530.0      6.60220E-06
  5550.0      6.55470E-06
  5570.0      6.50750E-06
  5590.0      6.46080E-06
  5610.0      6.41460E-06
  5630.0      6.36890E-06
  5650.0      6.32370E-06
  5670.0      6.27890E-06
  5690.0      6.23460E-06
  5710.0      6.18320E-06
  5730.0      6.14740E-06
  5750.0      6.10460E-06
  5770.0      6.06220E-06
  5790.0      6.02020E-06
  5810.0      5.97860E-06
  5830.0      5.93740E-06
  5850.0      5.89810E-06
  5870.0      5.85770E-06
  5890.0      5.80410E-06
  5910.0      5.64990E-06
  5930.0      5.72960E-06
  5950.0      5.68060E-06
  5970.0      5.65410E-06
  5990.0      5.62410E-06
  6010.0      5.58660E-06
  6030.0      5.54940E-06
  6050.0      5.51260E-06
  6070.0      5.47610E-06
  6090.0      5.44000E-06
  6110.0      5.40420E-06
  6130.0      5.36880E-06
  6150.0      5.33370E-06
  6170.0      5.29900E-06
  6190.0      5.26460E-06
  6210.0      5.23050E-06
  6230.0      5.19680E-06
  6250.0      5.16330E-06
  6270.0      5.12680E-06
  6290.0      5.06290E-06
  6310.0      5.05820E-06
  6330.0      5.03280E-06
  6350.0      5.00100E-06
  6370.0      4.96940E-06
  6390.0      4.93820E-06
  6420.0      4.89180E-06
  6460.0      4.83100E-06
  6500.0      4.77140E-06
  6540.0      4.71280E-06
  6580.0      4.65520E-06
  6620.0      4.59870E-06
  6660.0      4.54330E-06
  6700.0      4.48880E-06
  6740.0      4.43200E-06
  6780.0      4.35400E-06
  6820.0      4.33100E-06
  6860.0      4.28030E-06
  6900.0      4.23040E-06
  6940.0      4.18140E-06
  6980.0      4.13320E-06
  7020.0      4.08580E-06
  7060.0      4.03930E-06
  7100.0      3.99350E-06
  7140.0      3.94850E-06
  7180.0      3.90430E-06
  7220.0      3.86070E-06
  7260.0      3.81790E-06
  7300.0      3.77590E-06
  7340.0      3.73450E-06
  7380.0      3.69370E-06
  7420.0      3.65030E-06
  7460.0      3.54720E-06
  7500.0      3.49350E-06
  7540.0      3.53110E-06
  7580.0      3.49970E-06
  7620.0      3.46270E-06
  7660.0      3.42640E-06
  7700.0      3.39050E-06
  7740.0      3.35520E-06
  7780.0      3.32040E-06
  7820.0      3.28630E-06
  7860.0      3.25260E-06
  7900.0      3.21950E-06
  7940.0      3.18680E-06
  7980.0      3.15460E-06
  8020.0      3.12290E-06
  8060.0      3.09170E-06
  8100.0      3.06090E-06
  8140.0      3.02770E-06
  8180.0      3.00050E-06
  8220.0      2.97130E-06
  8260.0      2.94230E-06
  8300.0      2.91380E-06
  8340.0      2.88560E-06
  8380.0      2.85780E-06
  8420.0      2.83040E-06
  8460.0      2.80350E-06
  8500.0      2.77690E-06
  8540.0      2.75060E-06
  8580.0      2.72480E-06
  8620.0      2.69920E-06
  8660.0      2.66630E-06
  8700.0      2.64900E-06
  8740.0      2.60500E-06
  8780.0      2.58090E-06
  8820.0      2.57690E-06
  8860.0      2.55340E-06
  8900.0      2.53030E-06
  8940.0      2.50740E-06
  8980.0      2.48490E-06
  9020.0      2.46260E-06
  9060.0      2.44070E-06
  9100.0      2.41900E-06
  9140.0      2.39760E-06
  9180.0      2.37650E-06
  9220.0      2.35570E-06
  9260.0      2.33520E-06
  9300.0      2.31490E-06
  9340.0      2.29480E-06
  9380.0      2.26320E-06
  9420.0      2.25220E-06
  9460.0      2.23630E-06
  9500.0      2.21730E-06
  9540.0      2.19850E-06
  9580.0      2.18000E-06
  9620.0      2.16170E-06
  9660.0      2.14360E-06
  9700.0      2.12570E-06
  9740.0      2.10810E-06
  9780.0      2.09060E-06
  9820.0      2.07340E-06
  9860.0      2.05640E-06
  9900.0      2.03960E-06
  9940.0      2.02300E-06
  9980.0      2.00660E-06
  10020.      1.99050E-06
  20000.      4.88010E-07
  40000.      1.18210E-07
  60000.      5.14660E-08
  80000.      2.85080E-08
 1.00000E+05  1.80270E-08
 1.20000E+05  1.23960E-08
 1.40000E+05  9.03210E-09
 1.60000E+05  6.86610E-09
