 Castelli and Kurucz 2004-2012 Atmosphere
 T     43000.     G    5.00000 [-0.5a] N(He)/Ntot=0.0784 VTURB=2.0  L/H=1.25 OD
 Wavelength  Eddington Hnu
   (nm)    (ergs/s/cm2/Hz/sr)
  9.0900      2.10230E-22
  9.3500      6.66370E-22
  9.6100      1.96970E-21
  9.7700      3.79530E-21
  9.9600      7.96820E-21
  10.200      1.96000E-20
  10.380      3.75700E-20
  10.560      7.05560E-20
  10.770      1.43610E-19
  11.040      3.45270E-19
  11.400      1.04840E-18
  11.780      3.17090E-18
  12.130      8.33180E-18
  12.480      2.08420E-17
  12.710      3.71690E-17
  12.840      5.10920E-17
  13.050      8.43510E-17
  13.240      1.31100E-16
  13.390      1.84600E-16
  13.660      3.34490E-16
  13.980      6.64970E-16
  14.330      1.35710E-15
  14.720      2.85640E-15
  15.100      5.90460E-15
  15.520      1.24440E-14
  15.880      2.29340E-14
  16.200      3.88110E-14
  16.600      7.31430E-14
  17.030      1.38560E-13
  17.340      2.16130E-13
  17.680      3.49280E-13
  18.020      5.51080E-13
  18.170      6.64640E-13
  18.610      1.17460E-12
  19.100      2.12480E-12
  19.390      2.98780E-12
  19.840      4.95310E-12
  20.180      7.14060E-12
  20.500      1.00010E-11
  21.050      1.74010E-11
  21.620      2.98390E-11
  21.980      4.17640E-11
  22.300      5.54160E-11
  22.680      7.65850E-11
  23.000      2.27240E-08
  23.400      1.05420E-07
  24.000      1.86420E-07
  24.650      3.94990E-07
  25.240      2.04480E-06
  25.680      3.41240E-06
  26.000      5.13950E-06
  26.400      2.17830E-05
  26.850      3.40190E-05
  27.350      4.33730E-05
  27.850      2.94520E-05
  28.400      6.88080E-05
  29.000      9.64470E-05
  29.600      7.02540E-05
  30.100      2.85700E-05
  30.800      8.05660E-05
  31.800      3.61070E-05
  32.800      5.71670E-05
  33.800      4.22600E-05
  34.800      4.85470E-05
  35.700      1.25200E-04
  36.600      2.37140E-04
  37.500      3.10950E-04
  38.500      3.30930E-04
  39.500      4.74760E-04
  40.500      6.52730E-04
  41.400      6.57670E-04
  42.200      6.41220E-04
  43.000      6.12350E-04
  44.100      7.02840E-04
  45.100      7.70910E-04
  46.000      6.87280E-04
  47.000      7.40520E-04
  48.000      8.29830E-04
  49.000      6.88600E-04
  50.000      9.01910E-04
  50.600      7.76030E-04
  51.200      1.30440E-03
  52.000      1.24110E-03
  53.000      1.18130E-03
  54.000      1.08800E-03
  55.000      1.00230E-03
  56.000      1.30820E-03
  57.000      1.45390E-03
  58.000      1.44150E-03
  59.000      1.49590E-03
  60.000      1.32340E-03
  61.000      1.29870E-03
  62.000      1.59160E-03
  63.000      1.54830E-03
  64.000      1.68320E-03
  65.000      1.62390E-03
  65.800      1.47110E-03
  66.500      1.68740E-03
  67.500      1.78530E-03
  68.500      1.65260E-03
  69.500      1.81260E-03
  70.500      1.60930E-03
  71.600      1.88490E-03
  72.600      1.92640E-03
  73.500      1.95710E-03
  74.500      1.90460E-03
  75.500      1.90070E-03
  76.500      1.86540E-03
  77.500      1.95340E-03
  78.500      1.84910E-03
  79.500      1.97330E-03
  80.500      1.99400E-03
  81.500      2.02620E-03
  82.500      2.06700E-03
  83.500      1.87920E-03
  84.500      2.07210E-03
  85.500      2.03760E-03
  86.500      2.11790E-03
  87.500      2.14030E-03
  88.500      2.13270E-03
  89.500      2.14890E-03
  90.500      2.12370E-03
  91.500      1.66460E-03
  92.500      2.74610E-03
  93.500      3.64680E-03
  94.500      4.51980E-03
  95.500      5.18600E-03
  96.500      5.97080E-03
  97.500      4.38540E-03
  98.500      5.65670E-03
  99.500      5.19540E-03
  100.50      5.41400E-03
  101.50      5.56950E-03
  102.50      4.56370E-03
  103.50      5.66810E-03
  104.50      5.89220E-03
  105.50      5.84460E-03
  106.50      5.51390E-03
  107.50      5.68120E-03
  108.50      5.25650E-03
  109.50      5.64950E-03
  110.50      5.52100E-03
  111.50      5.49680E-03
  112.50      5.25680E-03
  113.50      5.47630E-03
  114.50      5.45410E-03
  115.50      5.23840E-03
  116.50      5.11890E-03
  117.50      4.64760E-03
  118.50      5.00550E-03
  119.50      4.90720E-03
  120.50      4.85470E-03
  121.50      3.91600E-03
  122.50      4.76560E-03
  123.50      4.79910E-03
  124.50      4.74700E-03
  125.50      4.82050E-03
  126.50      4.82400E-03
  127.50      4.83940E-03
  128.50      4.83340E-03
  129.50      4.76540E-03
  130.50      4.70500E-03
  131.50      4.72850E-03
  132.50      4.67410E-03
  133.50      4.65500E-03
  134.50      4.61230E-03
  135.50      4.53000E-03
  136.50      4.42820E-03
  137.50      4.33870E-03
  138.50      4.36000E-03
  139.50      4.19260E-03
  140.50      4.08340E-03
  141.50      4.33220E-03
  142.50      4.14600E-03
  143.50      4.25660E-03
  144.20      4.17200E-03
  144.70      4.16800E-03
  145.50      4.09680E-03
  146.50      4.10020E-03
  147.50      4.07880E-03
  148.50      4.12020E-03
  149.50      4.05980E-03
  150.50      4.06580E-03
  151.20      4.06840E-03
  151.70      4.00990E-03
  152.50      3.99240E-03
  153.50      3.80420E-03
  154.50      3.45490E-03
  155.50      3.50110E-03
  156.50      3.66760E-03
  157.50      3.72820E-03
  158.50      3.69090E-03
  159.50      3.70370E-03
  160.50      3.59190E-03
  161.50      3.53180E-03
  162.50      3.53220E-03
  163.50      3.49980E-03
  164.50      3.38780E-03
  165.50      3.56740E-03
  166.50      3.52510E-03
  167.20      3.42300E-03
  167.70      3.58690E-03
  168.50      3.55320E-03
  169.50      3.53380E-03
  170.50      3.48050E-03
  171.50      3.39730E-03
  172.50      3.37210E-03
  173.50      3.44430E-03
  174.50      3.42130E-03
  175.50      3.38120E-03
  176.50      3.35910E-03
  177.50      3.34000E-03
  178.50      3.34650E-03
  179.50      3.29640E-03
  180.50      3.28140E-03
  181.50      3.26060E-03
  182.50      3.23130E-03
  183.50      3.22570E-03
  184.50      3.20190E-03
  185.50      3.17720E-03
  186.50      3.16000E-03
  187.50      3.11980E-03
  188.50      3.09850E-03
  189.50      3.10920E-03
  190.50      3.09210E-03
  191.50      3.06580E-03
  192.50      2.98610E-03
  193.50      3.03320E-03
  194.50      3.01720E-03
  195.50      2.97120E-03
  196.70      2.96580E-03
  197.60      2.94560E-03
  198.40      2.93690E-03
  199.50      2.91250E-03
  200.50      2.90060E-03
  201.50      2.88080E-03
  202.50      2.86140E-03
  203.50      2.83930E-03
  204.50      2.81130E-03
  205.50      2.12170E-03
  206.50      2.04250E-03
  207.40      2.08150E-03
  207.80      2.12660E-03
  208.50      2.25130E-03
  209.50      2.51320E-03
  210.50      2.67730E-03
  211.50      2.70010E-03
  212.50      2.66640E-03
  213.50      2.66150E-03
  214.50      2.64720E-03
  215.50      2.66590E-03
  216.50      2.54420E-03
  217.50      2.65610E-03
  218.50      2.54000E-03
  219.50      2.62950E-03
  220.50      2.61560E-03
  221.50      2.48430E-03
  222.50      2.58210E-03
  223.50      2.57130E-03
  224.50      2.54850E-03
  225.50      2.43000E-03
  226.50      2.51830E-03
  227.50      2.50920E-03
  228.50      2.47510E-03
  229.50      2.43260E-03
  230.50      2.35590E-03
  231.50      2.42350E-03
  232.50      2.42480E-03
  233.50      2.41250E-03
  234.50      2.39350E-03
  235.50      2.37570E-03
  236.50      2.35900E-03
  237.50      2.33460E-03
  238.50      2.21550E-03
  239.50      2.28970E-03
  240.50      2.29190E-03
  241.50      2.27380E-03
  242.50      2.27560E-03
  243.50      2.25560E-03
  244.50      2.24410E-03
  245.50      2.21970E-03
  246.50      2.21720E-03
  247.50      2.20860E-03
  248.50      2.18840E-03
  249.50      2.00330E-03
  250.50      2.14560E-03
  251.30      1.98510E-03
  251.80      2.10190E-03
  252.50      2.12690E-03
  253.50      2.12690E-03
  254.50      2.11450E-03
  255.50      2.09990E-03
  256.50      2.08880E-03
  257.50      2.07750E-03
  258.50      2.06580E-03
  259.50      2.03240E-03
  260.50      2.04090E-03
  261.50      2.01840E-03
  262.50      2.01830E-03
  263.50      2.00810E-03
  264.50      1.99180E-03
  265.50      1.98490E-03
  266.50      1.97050E-03
  267.50      1.94460E-03
  268.50      1.94390E-03
  269.50      1.93350E-03
  270.50      1.92960E-03
  271.50      1.91660E-03
  272.50      1.90190E-03
  273.50      1.82800E-03
  274.50      1.88550E-03
  275.50      1.87300E-03
  276.50      1.86220E-03
  277.50      1.85190E-03
  278.50      1.83600E-03
  279.50      1.81840E-03
  280.50      1.81890E-03
  281.50      1.81020E-03
  282.50      1.79690E-03
  283.50      1.78990E-03
  284.50      1.78360E-03
  285.50      1.77320E-03
  286.50      1.76200E-03
  287.50      1.75270E-03
  288.50      1.74410E-03
  289.50      1.73230E-03
  291.00      1.71750E-03
  293.00      1.70170E-03
  295.00      1.68230E-03
  297.00      1.66210E-03
  299.00      1.63940E-03
  301.00      1.62320E-03
  303.00      1.59880E-03
  305.00      1.58820E-03
  307.00      1.57160E-03
  309.00      1.55890E-03
  311.00      1.54370E-03
  313.00      1.52650E-03
  315.00      1.51440E-03
  317.00      1.49810E-03
  319.00      1.48300E-03
  321.00      1.44230E-03
  323.00      1.45600E-03
  325.00      1.44240E-03
  327.00      1.41700E-03
  329.00      1.41120E-03
  331.00      1.39680E-03
  333.00      1.38270E-03
  335.00      1.36410E-03
  337.00      1.35620E-03
  339.00      1.34330E-03
  341.00      1.32980E-03
  343.00      1.32080E-03
  345.00      1.30200E-03
  347.00      1.29590E-03
  349.00      1.28460E-03
  351.00      1.27330E-03
  353.00      1.25970E-03
  355.00      1.24780E-03
  357.00      1.23780E-03
  359.00      1.22560E-03
  361.00      1.21430E-03
  363.00      1.20190E-03
  364.00      1.17470E-03
  365.00      1.07120E-03
  367.00      1.06330E-03
  369.00      1.05590E-03
  371.00      1.04990E-03
  373.00      1.05810E-03
  375.00      1.06840E-03
  377.00      1.07640E-03
  379.00      1.09940E-03
  381.00      1.12150E-03
  383.00      1.06750E-03
  385.00      1.12220E-03
  387.00      1.12440E-03
  389.00      1.02620E-03
  391.00      1.11650E-03
  393.00      1.10340E-03
  395.00      1.09460E-03
  397.00      9.85360E-04
  399.00      1.07930E-03
  401.00      1.07510E-03
  403.00      1.04490E-03
  405.00      1.06310E-03
  407.00      1.04800E-03
  409.00      1.00510E-03
  411.00      9.48350E-04
  413.00      1.02160E-03
  415.00      1.01670E-03
  417.00      1.01160E-03
  419.00      9.96230E-04
  421.00      9.76990E-04
  423.00      9.87390E-04
  425.00      9.78480E-04
  427.00      9.70480E-04
  429.00      9.62440E-04
  431.00      9.51090E-04
  433.00      9.07580E-04
  435.00      8.70380E-04
  437.00      9.28240E-04
  439.00      9.18630E-04
  441.00      9.15100E-04
  443.00      9.09570E-04
  445.00      9.02140E-04
  447.00      8.85510E-04
  449.00      8.88270E-04
  451.00      8.80410E-04
  453.00      8.72020E-04
  455.00      8.49140E-04
  457.00      8.61410E-04
  459.00      8.54390E-04
  461.00      8.47880E-04
  463.00      8.37910E-04
  465.00      8.23110E-04
  467.00      8.26960E-04
  469.00      7.93030E-04
  471.00      8.14270E-04
  473.00      8.12120E-04
  475.00      8.06010E-04
  477.00      8.00000E-04
  479.00      7.94020E-04
  481.00      7.88050E-04
  483.00      7.80270E-04
  485.00      7.51910E-04
  487.00      7.10400E-04
  489.00      7.61730E-04
  491.00      7.59180E-04
  493.00      7.49690E-04
  495.00      7.48580E-04
  497.00      7.43790E-04
  499.00      7.38560E-04
  501.00      7.30470E-04
  503.00      7.27450E-04
  505.00      7.22120E-04
  507.00      7.17850E-04
  509.00      7.12870E-04
  511.00      7.07920E-04
  513.00      7.02940E-04
  515.00      6.98070E-04
  517.00      6.93210E-04
  519.00      6.88470E-04
  521.00      6.83760E-04
  523.00      6.79140E-04
  525.00      6.74200E-04
  527.00      6.69100E-04
  529.00      6.65390E-04
  531.00      6.60900E-04
  533.00      6.56410E-04
  535.00      6.52070E-04
  537.00      6.47710E-04
  539.00      6.43350E-04
  541.00      6.24700E-04
  543.00      6.34600E-04
  545.00      6.30730E-04
  547.00      6.26540E-04
  549.00      6.22480E-04
  551.00      6.17940E-04
  553.00      6.14390E-04
  555.00      6.10420E-04
  557.00      6.06380E-04
  559.00      6.01100E-04
  561.00      5.98700E-04
  563.00      5.94860E-04
  565.00      5.91070E-04
  567.00      5.87300E-04
  569.00      5.75690E-04
  571.00      5.41940E-04
  573.00      5.38800E-04
  575.00      5.35660E-04
  577.00      5.32650E-04
  579.00      5.29730E-04
  581.00      5.25920E-04
  583.00      5.24770E-04
  585.00      5.23370E-04
  587.00      5.17970E-04
  589.00      5.21310E-04
  591.00      5.21010E-04
  593.00      5.20910E-04
  595.00      5.21190E-04
  597.00      5.21710E-04
  599.00      5.22750E-04
  601.00      5.22490E-04
  603.00      5.21970E-04
  605.00      5.21570E-04
  607.00      5.18570E-04
  609.00      5.15930E-04
  611.00      5.13130E-04
  613.00      5.10450E-04
  615.00      5.07880E-04
  617.00      5.03500E-04
  619.00      5.01930E-04
  621.00      4.99180E-04
  623.00      4.94550E-04
  625.00      4.92860E-04
  627.00      4.90470E-04
  629.00      4.87610E-04
  631.00      4.82380E-04
  633.00      4.81700E-04
  635.00      4.79220E-04
  637.00      4.76510E-04
  639.00      4.73430E-04
  641.00      4.67890E-04
  643.00      4.68360E-04
  645.00      4.65660E-04
  647.00      4.63000E-04
  649.00      4.60460E-04
  651.00      4.57050E-04
  653.00      4.50250E-04
  655.00      4.44100E-04
  657.00      4.15440E-04
  659.00      4.45740E-04
  661.00      4.45250E-04
  663.00      4.42820E-04
  665.00      4.40370E-04
  667.00      4.35080E-04
  669.00      4.28980E-04
  671.00      4.32600E-04
  673.00      4.30680E-04
  675.00      4.28340E-04
  677.00      4.26120E-04
  679.00      4.23860E-04
  681.00      4.21570E-04
  683.00      4.19300E-04
  685.00      4.17030E-04
  687.00      4.14730E-04
  689.00      4.06660E-04
  691.00      4.09910E-04
  693.00      4.08230E-04
  695.00      4.06070E-04
  697.00      4.03920E-04
  699.00      4.01770E-04
  701.00      3.99540E-04
  703.00      3.97360E-04
  705.00      3.95290E-04
  707.00      3.91300E-04
  709.00      3.91400E-04
  711.00      3.89340E-04
  713.00      3.87330E-04
  715.00      3.85350E-04
  717.00      3.79280E-04
  719.00      3.78750E-04
  721.00      3.79450E-04
  723.00      3.77500E-04
  725.00      3.75580E-04
  727.00      3.73680E-04
  729.00      3.71050E-04
  731.00      3.69740E-04
  733.00      3.68040E-04
  735.00      3.66180E-04
  737.00      3.64270E-04
  739.00      3.62520E-04
  741.00      3.60620E-04
  743.00      3.58910E-04
  745.00      3.56920E-04
  747.00      3.55360E-04
  749.00      3.53360E-04
  751.00      3.51770E-04
  753.00      3.50120E-04
  755.00      3.48400E-04
  757.00      3.46670E-04
  759.00      3.38800E-04
  761.00      3.42670E-04
  763.00      3.41620E-04
  765.00      3.39940E-04
  767.00      3.38340E-04
  769.00      3.36380E-04
  771.00      3.34990E-04
  773.00      3.33020E-04
  775.00      3.31880E-04
  777.00      3.30300E-04
  779.00      3.28720E-04
  781.00      3.27150E-04
  783.00      3.25600E-04
  785.00      3.23900E-04
  787.00      3.22430E-04
  789.00      3.20970E-04
  791.00      3.19530E-04
  793.00      3.18030E-04
  795.00      3.16550E-04
  797.00      3.14890E-04
  799.00      3.13590E-04
  801.00      3.12140E-04
  803.00      3.10640E-04
  805.00      3.09250E-04
  807.00      3.07830E-04
  809.00      3.06410E-04
  811.00      3.04990E-04
  813.00      3.03600E-04
  815.00      3.02210E-04
  817.00      3.00650E-04
  819.00      2.98150E-04
  821.00      2.86230E-04
  823.00      2.82950E-04
  825.00      2.83240E-04
  827.00      2.82510E-04
  829.00      2.81400E-04
  831.00      2.80230E-04
  833.00      2.78830E-04
  835.00      2.77690E-04
  837.00      2.76630E-04
  839.00      2.75550E-04
  841.00      2.74460E-04
  843.00      2.73390E-04
  845.00      2.72210E-04
  847.00      2.71340E-04
  849.00      2.70460E-04
  851.00      2.69450E-04
  853.00      2.68720E-04
  855.00      2.67750E-04
  857.00      2.67170E-04
  859.00      2.65880E-04
  861.00      2.65340E-04
  863.00      2.65210E-04
  865.00      2.63980E-04
  867.00      2.62060E-04
  869.00      2.63170E-04
  871.00      2.62950E-04
  873.00      2.61520E-04
  875.00      2.57690E-04
  877.00      2.59600E-04
  879.00      2.60740E-04
  881.00      2.60490E-04
  883.00      2.59550E-04
  885.00      2.55090E-04
  887.00      2.50360E-04
  889.00      2.55930E-04
  891.00      2.56640E-04
  893.00      2.56010E-04
  895.00      2.55280E-04
  897.00      2.54010E-04
  899.00      2.50930E-04
  901.00      2.41380E-04
  903.00      2.44160E-04
  905.00      2.48870E-04
  907.00      2.48600E-04
  909.00      2.48190E-04
  911.00      2.47190E-04
  913.00      2.46680E-04
  915.00      2.45820E-04
  917.00      2.44150E-04
  919.00      2.42480E-04
  921.00      2.37860E-04
  923.00      2.26390E-04
  925.00      2.35360E-04
  927.00      2.38360E-04
  929.00      2.38230E-04
  931.00      2.37600E-04
  933.00      2.36320E-04
  935.00      2.30070E-04
  937.00      2.33990E-04
  939.00      2.33920E-04
  941.00      2.33020E-04
  943.00      2.32150E-04
  945.00      2.31250E-04
  947.00      2.30080E-04
  949.00      2.28930E-04
  951.00      2.26660E-04
  953.00      2.21630E-04
  955.00      2.10310E-04
  957.00      2.21480E-04
  959.00      2.23750E-04
  961.00      2.23610E-04
  963.00      2.22870E-04
  965.00      2.22270E-04
  967.00      2.21400E-04
  969.00      2.20530E-04
  971.00      2.18970E-04
  973.00      2.18740E-04
  975.00      2.17650E-04
  977.00      2.16000E-04
  979.00      2.16270E-04
  981.00      2.15450E-04
  983.00      2.14560E-04
  985.00      2.13790E-04
  987.00      2.12970E-04
  989.00      2.12140E-04
  991.00      2.11310E-04
  993.00      2.10530E-04
  995.00      2.09730E-04
  997.00      2.08920E-04
  999.00      2.07840E-04
  1002.5      2.01980E-04
  1007.5      1.98310E-04
  1012.5      1.99160E-04
  1017.5      2.00990E-04
  1022.5      1.99110E-04
  1027.5      1.97240E-04
  1032.5      1.95200E-04
  1037.5      1.93670E-04
  1042.5      1.91000E-04
  1047.5      1.90180E-04
  1052.5      1.88460E-04
  1057.5      1.86770E-04
  1062.5      1.85100E-04
  1067.5      1.83410E-04
  1072.5      1.81820E-04
  1077.5      1.80210E-04
  1082.5      1.77970E-04
  1087.5      1.76720E-04
  1092.5      1.67720E-04
  1097.5      1.71670E-04
  1102.5      1.72290E-04
  1107.5      1.70990E-04
  1112.5      1.69540E-04
  1117.5      1.68180E-04
  1122.5      1.66730E-04
  1127.5      1.65330E-04
  1132.5      1.63920E-04
  1137.5      1.62560E-04
  1142.5      1.61210E-04
  1147.5      1.59870E-04
  1152.5      1.58540E-04
  1157.5      1.57230E-04
  1162.5      1.54090E-04
  1167.5      1.53420E-04
  1172.5      1.53400E-04
  1177.5      1.52160E-04
  1182.5      1.50910E-04
  1187.5      1.49700E-04
  1192.5      1.48500E-04
  1197.5      1.46920E-04
  1202.5      1.46150E-04
  1207.5      1.44970E-04
  1212.5      1.43810E-04
  1217.5      1.42710E-04
  1222.5      1.41590E-04
  1227.5      1.40480E-04
  1232.5      1.39390E-04
  1237.5      1.38310E-04
  1242.5      1.37240E-04
  1247.5      1.36180E-04
  1252.5      1.35090E-04
  1257.5      1.34100E-04
  1262.5      1.33090E-04
  1267.5      1.32080E-04
  1272.5      1.31070E-04
  1277.5      1.28930E-04
  1282.5      1.22850E-04
  1287.5      1.27630E-04
  1292.5      1.27200E-04
  1297.5      1.26110E-04
  1302.5      1.25320E-04
  1307.5      1.24400E-04
  1312.5      1.23490E-04
  1317.5      1.22590E-04
  1322.5      1.21690E-04
  1327.5      1.20810E-04
  1332.5      1.19940E-04
  1337.5      1.19070E-04
  1342.5      1.18200E-04
  1347.5      1.17370E-04
  1352.5      1.16540E-04
  1357.5      1.15710E-04
  1362.5      1.14890E-04
  1367.5      1.14080E-04
  1372.5      1.13270E-04
  1377.5      1.12480E-04
  1382.5      1.11700E-04
  1387.5      1.10920E-04
  1392.5      1.10150E-04
  1397.5      1.09390E-04
  1402.5      1.08640E-04
  1407.5      1.07900E-04
  1412.5      1.07160E-04
  1417.5      1.06420E-04
  1422.5      1.05700E-04
  1427.5      1.04990E-04
  1432.5      1.04280E-04
  1437.5      1.03580E-04
  1442.5      1.02880E-04
  1447.5      1.02200E-04
  1452.5      1.01520E-04
  1457.0      1.00910E-04
  1462.0      1.00270E-04
  1467.5      9.95350E-05
  1472.5      9.88230E-05
  1477.5      9.72250E-05
  1482.5      9.75850E-05
  1487.5      9.69670E-05
  1492.5      9.63440E-05
  1497.5      9.57230E-05
  1502.5      9.51070E-05
  1507.5      9.44660E-05
  1512.5      9.38930E-05
  1517.5      9.32950E-05
  1522.5      9.27030E-05
  1527.5      9.21130E-05
  1532.5      9.15280E-05
  1537.5      9.09540E-05
  1542.5      9.03700E-05
  1547.5      8.98160E-05
  1552.5      8.92490E-05
  1557.5      8.86670E-05
  1562.5      8.81560E-05
  1567.5      8.75600E-05
  1572.5      8.69950E-05
  1577.5      8.65450E-05
  1582.5      8.59940E-05
  1587.5      8.52830E-05
  1592.5      8.48960E-05
  1597.5      8.45590E-05
  1605.0      8.36510E-05
  1615.0      8.24610E-05
  1625.0      8.18780E-05
  1635.0      8.06010E-05
  1645.0      7.93610E-05
  1655.0      7.90050E-05
  1665.0      7.80840E-05
  1675.0      7.67730E-05
  1685.0      7.54780E-05
  1695.0      7.54140E-05
  1705.0      7.44100E-05
  1715.0      7.37090E-05
  1725.0      7.28240E-05
  1735.0      7.08090E-05
  1745.0      7.10480E-05
  1755.0      7.04640E-05
  1765.0      6.96870E-05
  1775.0      6.89210E-05
  1785.0      6.81690E-05
  1795.0      6.74280E-05
  1805.0      6.66730E-05
  1815.0      6.46520E-05
  1825.0      6.49460E-05
  1835.0      6.45830E-05
  1845.0      6.39000E-05
  1855.0      6.32320E-05
  1865.0      6.16890E-05
  1875.0      6.01030E-05
  1885.0      6.12400E-05
  1895.0      6.06510E-05
  1905.0      5.99640E-05
  1915.0      5.94160E-05
  1925.0      5.88120E-05
  1935.0      5.81180E-05
  1945.0      5.60920E-05
  1955.0      5.69340E-05
  1965.0      5.64880E-05
  1975.0      5.59290E-05
  1985.0      5.53770E-05
  1995.0      5.48330E-05
  2005.0      5.42990E-05
  2015.0      5.37710E-05
  2025.0      5.32510E-05
  2035.0      5.27380E-05
  2045.0      5.22310E-05
  2055.0      5.17140E-05
  2065.0      5.12440E-05
  2075.0      5.07560E-05
  2085.0      5.02830E-05
  2095.0      4.98120E-05
  2105.0      4.93480E-05
  2115.0      4.88490E-05
  2125.0      4.84390E-05
  2135.0      4.79940E-05
  2145.0      4.75520E-05
  2155.0      4.70540E-05
  2165.0      4.52790E-05
  2175.0      4.61270E-05
  2185.0      4.58530E-05
  2195.0      4.54470E-05
  2205.0      4.50430E-05
  2215.0      4.46430E-05
  2225.0      4.42490E-05
  2235.0      4.38600E-05
  2245.0      4.34760E-05
  2255.0      4.30980E-05
  2265.0      4.27240E-05
  2275.0      4.23540E-05
  2285.0      4.20370E-05
  2295.0      4.16770E-05
  2305.0      4.13190E-05
  2315.0      4.09700E-05
  2325.0      4.06240E-05
  2335.0      4.02810E-05
  2345.0      3.99430E-05
  2355.0      3.96090E-05
  2365.0      3.92800E-05
  2375.0      3.89540E-05
  2385.0      3.86330E-05
  2395.0      3.83150E-05
  2405.0      3.80010E-05
  2415.0      3.76910E-05
  2425.0      3.73810E-05
  2435.0      3.70820E-05
  2445.0      3.67830E-05
  2455.0      3.64880E-05
  2465.0      3.61960E-05
  2475.0      3.58900E-05
  2485.0      3.56230E-05
  2495.0      3.53410E-05
  2505.0      3.50630E-05
  2515.0      3.47880E-05
  2525.0      3.45160E-05
  2535.0      3.42480E-05
  2545.0      3.39830E-05
  2555.0      3.37200E-05
  2565.0      3.34250E-05
  2575.0      3.32040E-05
  2585.0      3.29510E-05
  2595.0      3.27000E-05
  2605.0      3.24110E-05
  2615.0      3.20230E-05
  2625.0      3.08610E-05
  2635.0      3.16000E-05
  2645.0      3.14880E-05
  2655.0      3.12470E-05
  2665.0      3.09930E-05
  2675.0      3.06420E-05
  2685.0      3.05360E-05
  2695.0      3.03420E-05
  2705.0      3.01210E-05
  2715.0      2.99020E-05
  2725.0      2.96850E-05
  2735.0      2.94700E-05
  2745.0      2.92400E-05
  2755.0      2.88330E-05
  2765.0      2.87260E-05
  2775.0      2.86340E-05
  2785.0      2.84310E-05
  2795.0      2.82300E-05
  2805.0      2.80310E-05
  2815.0      2.78340E-05
  2825.0      2.76390E-05
  2835.0      2.74460E-05
  2845.0      2.72550E-05
  2855.0      2.70630E-05
  2865.0      2.67600E-05
  2875.0      2.63640E-05
  2885.0      2.64670E-05
  2895.0      2.63290E-05
  2905.0      2.61500E-05
  2915.0      2.59720E-05
  2925.0      2.57970E-05
  2935.0      2.56220E-05
  2945.0      2.54500E-05
  2955.0      2.52790E-05
  2965.0      2.51100E-05
  2975.0      2.49430E-05
  2985.0      2.47780E-05
  2995.0      2.46130E-05
  3005.0      2.44510E-05
  3015.0      2.42900E-05
  3025.0      2.41060E-05
  3035.0      2.36310E-05
  3045.0      2.35960E-05
  3055.0      2.36480E-05
  3065.0      2.35090E-05
  3075.0      2.33580E-05
  3085.0      2.32070E-05
  3095.0      2.30590E-05
  3105.0      2.29120E-05
  3115.0      2.27660E-05
  3125.0      2.26210E-05
  3135.0      2.24780E-05
  3145.0      2.23360E-05
  3155.0      2.21950E-05
  3165.0      2.20560E-05
  3175.0      2.19180E-05
  3185.0      2.17820E-05
  3195.0      2.16460E-05
  3210.0      2.14460E-05
  3230.0      2.11820E-05
  3250.0      2.09240E-05
  3270.0      2.06690E-05
  3290.0      2.01090E-05
  3310.0      2.01000E-05
  3330.0      1.99450E-05
  3350.0      1.97100E-05
  3370.0      1.94780E-05
  3390.0      1.92500E-05
  3410.0      1.90250E-05
  3430.0      1.88050E-05
  3450.0      1.85880E-05
  3470.0      1.83760E-05
  3490.0      1.81660E-05
  3510.0      1.79610E-05
  3530.0      1.77580E-05
  3550.0      1.75590E-05
  3570.0      1.73640E-05
  3590.0      1.71710E-05
  3610.0      1.69820E-05
  3630.0      1.67960E-05
  3650.0      1.66130E-05
  3670.0      1.64330E-05
  3690.0      1.62560E-05
  3710.0      1.60730E-05
  3730.0      1.57590E-05
  3750.0      1.55240E-05
  3770.0      1.55740E-05
  3790.0      1.54110E-05
  3810.0      1.52490E-05
  3830.0      1.50910E-05
  3850.0      1.49350E-05
  3870.0      1.47810E-05
  3890.0      1.46290E-05
  3910.0      1.44790E-05
  3930.0      1.43330E-05
  3950.0      1.41890E-05
  3970.0      1.40460E-05
  3990.0      1.39060E-05
  4010.0      1.37570E-05
  4030.0      1.36020E-05
  4050.0      1.32170E-05
  4070.0      1.33590E-05
  4090.0      1.32340E-05
  4110.0      1.31060E-05
  4130.0      1.29760E-05
  4150.0      1.28540E-05
  4170.0      1.26830E-05
  4190.0      1.26070E-05
  4210.0      1.24900E-05
  4230.0      1.23720E-05
  4250.0      1.22550E-05
  4270.0      1.21410E-05
  4290.0      1.20240E-05
  4310.0      1.19170E-05
  4330.0      1.18070E-05
  4350.0      1.16980E-05
  4370.0      1.15240E-05
  4390.0      1.14610E-05
  4410.0      1.13810E-05
  4430.0      1.12790E-05
  4450.0      1.11780E-05
  4470.0      1.10810E-05
  4490.0      1.09820E-05
  4510.0      1.08850E-05
  4530.0      1.07890E-05
  4550.0      1.06940E-05
  4570.0      1.06000E-05
  4590.0      1.05080E-05
  4610.0      1.04160E-05
  4630.0      1.03170E-05
  4650.0      9.97000E-06
  4670.0      1.00210E-05
  4690.0      1.00350E-05
  4710.0      9.97740E-06
  4730.0      9.89300E-06
  4750.0      9.80960E-06
  4770.0      9.72720E-06
  4790.0      9.64580E-06
  4810.0      9.56550E-06
  4830.0      9.48610E-06
  4850.0      9.40770E-06
  4870.0      9.33030E-06
  4890.0      9.25380E-06
  4910.0      9.17820E-06
  4930.0      9.10350E-06
  4950.0      9.02980E-06
  4970.0      8.95690E-06
  4990.0      8.88500E-06
  5010.0      8.81380E-06
  5030.0      8.74350E-06
  5050.0      8.67410E-06
  5070.0      8.60540E-06
  5090.0      8.53750E-06
  5110.0      8.45040E-06
  5130.0      8.27610E-06
  5150.0      8.32660E-06
  5170.0      8.27400E-06
  5190.0      8.21010E-06
  5210.0      8.14690E-06
  5230.0      8.08430E-06
  5250.0      8.02250E-06
  5270.0      7.96140E-06
  5290.0      7.90100E-06
  5310.0      7.84120E-06
  5330.0      7.78220E-06
  5350.0      7.72370E-06
  5370.0      7.66590E-06
  5390.0      7.60880E-06
  5410.0      7.55240E-06
  5430.0      7.49650E-06
  5450.0      7.44130E-06
  5470.0      7.38660E-06
  5490.0      7.33250E-06
  5510.0      7.27900E-06
  5530.0      7.22610E-06
  5550.0      7.17380E-06
  5570.0      7.12210E-06
  5590.0      7.07090E-06
  5610.0      7.02020E-06
  5630.0      6.97010E-06
  5650.0      6.92050E-06
  5670.0      6.87140E-06
  5690.0      6.82280E-06
  5710.0      6.77470E-06
  5730.0      6.72720E-06
  5750.0      6.68020E-06
  5770.0      6.63370E-06
  5790.0      6.58760E-06
  5810.0      6.54200E-06
  5830.0      6.49680E-06
  5850.0      6.45350E-06
  5870.0      6.40920E-06
  5890.0      6.34340E-06
  5910.0      6.18190E-06
  5930.0      6.26160E-06
  5950.0      6.22190E-06
  5970.0      6.18900E-06
  5990.0      6.15300E-06
  6010.0      6.11190E-06
  6030.0      6.07110E-06
  6050.0      6.03070E-06
  6070.0      5.99070E-06
  6090.0      5.95110E-06
  6110.0      5.91190E-06
  6130.0      5.87310E-06
  6150.0      5.83460E-06
  6170.0      5.79650E-06
  6190.0      5.75880E-06
  6210.0      5.72140E-06
  6230.0      5.68440E-06
  6250.0      5.64780E-06
  6270.0      5.60810E-06
  6290.0      5.54970E-06
  6310.0      5.53350E-06
  6330.0      5.50470E-06
  6350.0      5.46980E-06
  6370.0      5.43520E-06
  6390.0      5.40090E-06
  6420.0      5.35010E-06
  6460.0      5.28350E-06
  6500.0      5.21800E-06
  6540.0      5.15380E-06
  6580.0      5.09080E-06
  6620.0      5.02880E-06
  6660.0      4.96800E-06
  6700.0      4.90830E-06
  6740.0      4.84590E-06
  6780.0      4.76670E-06
  6820.0      4.73540E-06
  6860.0      4.67990E-06
  6900.0      4.62520E-06
  6940.0      4.57150E-06
  6980.0      4.51880E-06
  7020.0      4.46690E-06
  7060.0      4.41590E-06
  7100.0      4.36570E-06
  7140.0      4.31640E-06
  7180.0      4.26800E-06
  7220.0      4.22030E-06
  7260.0      4.17340E-06
  7300.0      4.12730E-06
  7340.0      4.08190E-06
  7380.0      4.03730E-06
  7420.0      3.98960E-06
  7460.0      3.86340E-06
  7500.0      3.81440E-06
  7540.0      3.85580E-06
  7580.0      3.82470E-06
  7620.0      3.78430E-06
  7660.0      3.74440E-06
  7700.0      3.70520E-06
  7740.0      3.66650E-06
  7780.0      3.62840E-06
  7820.0      3.59100E-06
  7860.0      3.55410E-06
  7900.0      3.51780E-06
  7940.0      3.48200E-06
  7980.0      3.44680E-06
  8020.0      3.41210E-06
  8060.0      3.37790E-06
  8100.0      3.34420E-06
  8140.0      3.31090E-06
  8180.0      3.27830E-06
  8220.0      3.24610E-06
  8260.0      3.21440E-06
  8300.0      3.18310E-06
  8340.0      3.15220E-06
  8380.0      3.12180E-06
  8420.0      3.09190E-06
  8460.0      3.06230E-06
  8500.0      3.03320E-06
  8540.0      3.00450E-06
  8580.0      2.97620E-06
  8620.0      2.94820E-06
  8660.0      2.91590E-06
  8700.0      2.89330E-06
  8740.0      2.84420E-06
  8780.0      2.81800E-06
  8820.0      2.81430E-06
  8860.0      2.78870E-06
  8900.0      2.76330E-06
  8940.0      2.73830E-06
  8980.0      2.71370E-06
  9020.0      2.68930E-06
  9060.0      2.66530E-06
  9100.0      2.64160E-06
  9140.0      2.61820E-06
  9180.0      2.59510E-06
  9220.0      2.57230E-06
  9260.0      2.54990E-06
  9300.0      2.52770E-06
  9340.0      2.50570E-06
  9380.0      2.47470E-06
  9420.0      2.45960E-06
  9460.0      2.44170E-06
  9500.0      2.42090E-06
  9540.0      2.40030E-06
  9580.0      2.38010E-06
  9620.0      2.36000E-06
  9660.0      2.34020E-06
  9700.0      2.32070E-06
  9740.0      2.30140E-06
  9780.0      2.28230E-06
  9820.0      2.26350E-06
  9860.0      2.24490E-06
  9900.0      2.22650E-06
  9940.0      2.20840E-06
  9980.0      2.19040E-06
  10020.      2.17270E-06
  20000.      5.31460E-07
  40000.      1.28560E-07
  60000.      5.59380E-08
  80000.      3.09770E-08
 1.00000E+05  1.95850E-08
 1.20000E+05  1.34670E-08
 1.40000E+05  9.81200E-09
 1.60000E+05  7.45910E-09
