 Castelli and Kurucz 2004-2012 Atmosphere
 T     35000.     G    5.00000 [-0.5a] N(He)/Ntot=0.0784 VTURB=2.0  L/H=1.25 OD
 Wavelength  Eddington Hnu
   (nm)    (ergs/s/cm2/Hz/sr)
  9.0900      2.45420E-29
  9.3500      1.18910E-28
  9.6100      5.32170E-28
  9.7700      1.29250E-27
  9.9600      3.57930E-27
  10.200      1.23310E-26
  10.380      3.01490E-26
  10.560      7.16680E-26
  10.770      1.90230E-25
  11.040      6.34190E-25
  11.400      2.90710E-24
  11.780      1.32210E-23
  12.130      4.93000E-23
  12.480      1.71450E-22
  12.710      3.75450E-22
  12.840      5.77940E-22
  13.050      1.14010E-21
  13.240      2.07230E-21
  13.390      3.28390E-21
  13.660      7.35080E-21
  13.980      1.84050E-20
  14.330      4.80420E-20
  14.720      1.32940E-19
  15.100      3.42710E-19
  15.520      9.26780E-19
  15.880      2.09180E-18
  16.200      4.19180E-18
  16.600      9.66010E-18
  17.030      2.27070E-17
  17.340      4.11180E-17
  17.680      7.71880E-17
  18.020      1.41370E-16
  18.170      1.83930E-16
  18.610      3.86130E-16
  19.100      8.49610E-16
  19.390      1.33040E-15
  19.840      2.60850E-15
  20.180      4.25130E-15
  20.500      6.63840E-15
  21.050      1.38680E-14
  21.620      2.85580E-14
  21.980      4.44900E-14
  22.300      6.50420E-14
  22.680      1.00700E-13
  23.000      5.24630E-11
  23.400      1.58090E-10
  24.000      2.57750E-10
  24.650      4.29640E-10
  25.240      7.08960E-10
  25.680      8.92450E-10
  26.000      1.40450E-09
  26.400      1.98320E-09
  26.850      2.93410E-09
  27.350      3.99900E-09
  27.850      4.95630E-09
  28.400      9.44310E-09
  29.000      1.33300E-08
  29.600      1.72370E-08
  30.100      2.27890E-08
  30.800      4.47630E-08
  31.800      9.60530E-08
  32.800      1.35890E-07
  33.800      2.26360E-07
  34.800      3.35110E-07
  35.700      5.93170E-07
  36.600      1.03990E-06
  37.500      1.23360E-06
  38.500      1.69160E-06
  39.500      2.49330E-06
  40.500      3.04580E-06
  41.400      3.84360E-06
  42.200      4.25550E-06
  43.000      4.85470E-06
  44.100      6.00540E-06
  45.100      7.12380E-06
  46.000      7.85000E-06
  47.000      9.26630E-06
  48.000      1.08390E-05
  49.000      1.20510E-05
  50.000      1.45920E-05
  50.600      2.65430E-05
  51.200      1.43490E-04
  52.000      1.37120E-04
  53.000      1.32410E-04
  54.000      1.25620E-04
  55.000      1.43990E-04
  56.000      1.75270E-04
  57.000      1.86190E-04
  58.000      1.78440E-04
  59.000      1.93980E-04
  60.000      1.72980E-04
  61.000      1.99140E-04
  62.000      2.29940E-04
  63.000      2.32330E-04
  64.000      2.36850E-04
  65.000      2.43280E-04
  65.800      2.21760E-04
  66.500      2.48100E-04
  67.500      2.68830E-04
  68.500      2.44040E-04
  69.500      2.86970E-04
  70.500      2.56420E-04
  71.600      3.13010E-04
  72.600      3.14920E-04
  73.500      3.25310E-04
  74.500      3.22820E-04
  75.500      3.28430E-04
  76.500      3.41460E-04
  77.500      3.53010E-04
  78.500      3.66640E-04
  79.500      3.73360E-04
  80.500      3.73160E-04
  81.500      3.82570E-04
  82.500      4.01820E-04
  83.500      3.62250E-04
  84.500      4.10320E-04
  85.500      4.16110E-04
  86.500      4.32650E-04
  87.500      4.41040E-04
  88.500      4.51450E-04
  89.500      4.61870E-04
  90.500      4.60790E-04
  91.500      4.54120E-04
  92.500      1.03700E-03
  93.500      1.64810E-03
  94.500      2.54750E-03
  95.500      2.96090E-03
  96.500      3.70340E-03
  97.500      1.95030E-03
  98.500      3.54680E-03
  99.500      3.22110E-03
  100.50      3.40550E-03
  101.50      3.48710E-03
  102.50      2.32730E-03
  103.50      3.44860E-03
  104.50      3.86720E-03
  105.50      3.81170E-03
  106.50      3.43780E-03
  107.50      3.58360E-03
  108.50      3.31540E-03
  109.50      3.64540E-03
  110.50      3.52560E-03
  111.50      3.51210E-03
  112.50      3.06190E-03
  113.50      3.48300E-03
  114.50      3.34210E-03
  115.50      3.27600E-03
  116.50      3.26650E-03
  117.50      2.58620E-03
  118.50      3.11240E-03
  119.50      3.05750E-03
  120.50      2.92740E-03
  121.50      2.03260E-03
  122.50      2.91740E-03
  123.50      3.11920E-03
  124.50      3.07390E-03
  125.50      3.09970E-03
  126.50      3.14340E-03
  127.50      3.17540E-03
  128.50      3.18450E-03
  129.50      3.00720E-03
  130.50      3.04830E-03
  131.50      3.15150E-03
  132.50      3.07760E-03
  133.50      3.04080E-03
  134.50      3.02970E-03
  135.50      3.03100E-03
  136.50      2.94960E-03
  137.50      2.93500E-03
  138.50      2.89590E-03
  139.50      2.48170E-03
  140.50      2.53670E-03
  141.50      2.83130E-03
  142.50      2.65550E-03
  143.50      2.77170E-03
  144.20      2.78740E-03
  144.70      2.77150E-03
  145.50      2.70350E-03
  146.50      2.69200E-03
  147.50      2.67700E-03
  148.50      2.69920E-03
  149.50      2.65160E-03
  150.50      2.61310E-03
  151.20      2.61630E-03
  151.70      2.60780E-03
  152.50      2.56830E-03
  153.50      2.37040E-03
  154.50      2.19100E-03
  155.50      2.19710E-03
  156.50      2.30670E-03
  157.50      2.37770E-03
  158.50      2.39210E-03
  159.50      2.40350E-03
  160.50      2.30080E-03
  161.50      2.23940E-03
  162.50      2.27440E-03
  163.50      2.27830E-03
  164.50      2.23720E-03
  165.50      2.33000E-03
  166.50      2.29740E-03
  167.20      2.21120E-03
  167.70      2.39590E-03
  168.50      2.34660E-03
  169.50      2.31270E-03
  170.50      2.28280E-03
  171.50      2.24350E-03
  172.50      2.18930E-03
  173.50      2.26180E-03
  174.50      2.25250E-03
  175.50      2.22610E-03
  176.50      2.21220E-03
  177.50      2.19090E-03
  178.50      2.20200E-03
  179.50      2.18020E-03
  180.50      2.18480E-03
  181.50      2.15770E-03
  182.50      2.14190E-03
  183.50      2.14910E-03
  184.50      2.08630E-03
  185.50      2.08260E-03
  186.50      2.08700E-03
  187.50      2.06630E-03
  188.50      2.02180E-03
  189.50      2.00670E-03
  190.50      2.03970E-03
  191.50      2.00130E-03
  192.50      1.93380E-03
  193.50      1.99580E-03
  194.50      2.01090E-03
  195.50      1.92360E-03
  196.70      1.96660E-03
  197.60      1.98730E-03
  198.40      1.94900E-03
  199.50      1.91650E-03
  200.50      1.94470E-03
  201.50      1.94290E-03
  202.50      1.93500E-03
  203.50      1.90630E-03
  204.50      1.89360E-03
  205.50      1.58090E-03
  206.50      1.53620E-03
  207.40      1.56250E-03
  207.80      1.55880E-03
  208.50      1.60910E-03
  209.50      1.69600E-03
  210.50      1.80540E-03
  211.50      1.83260E-03
  212.50      1.80750E-03
  213.50      1.80900E-03
  214.50      1.79640E-03
  215.50      1.79860E-03
  216.50      1.74970E-03
  217.50      1.78350E-03
  218.50      1.74130E-03
  219.50      1.77020E-03
  220.50      1.76080E-03
  221.50      1.70610E-03
  222.50      1.73710E-03
  223.50      1.72750E-03
  224.50      1.71470E-03
  225.50      1.66340E-03
  226.50      1.69600E-03
  227.50      1.68750E-03
  228.50      1.66280E-03
  229.50      1.59370E-03
  230.50      1.61010E-03
  231.50      1.63420E-03
  232.50      1.63150E-03
  233.50      1.62210E-03
  234.50      1.61390E-03
  235.50      1.60210E-03
  236.50      1.59180E-03
  237.50      1.57740E-03
  238.50      1.52260E-03
  239.50      1.54630E-03
  240.50      1.55190E-03
  241.50      1.53910E-03
  242.50      1.53450E-03
  243.50      1.52020E-03
  244.50      1.51460E-03
  245.50      1.50320E-03
  246.50      1.49860E-03
  247.50      1.48900E-03
  248.50      1.47380E-03
  249.50      1.26970E-03
  250.50      1.44320E-03
  251.30      1.37680E-03
  251.80      1.41120E-03
  252.50      1.44490E-03
  253.50      1.43980E-03
  254.50      1.42210E-03
  255.50      1.41670E-03
  256.50      1.41060E-03
  257.50      1.40540E-03
  258.50      1.39840E-03
  259.50      1.38610E-03
  260.50      1.38580E-03
  261.50      1.37480E-03
  262.50      1.36970E-03
  263.50      1.36200E-03
  264.50      1.35310E-03
  265.50      1.34550E-03
  266.50      1.33260E-03
  267.50      1.31910E-03
  268.50      1.32210E-03
  269.50      1.30740E-03
  270.50      1.30600E-03
  271.50      1.29830E-03
  272.50      1.28480E-03
  273.50      1.26000E-03
  274.50      1.27940E-03
  275.50      1.27190E-03
  276.50      1.25800E-03
  277.50      1.26080E-03
  278.50      1.25100E-03
  279.50      1.22570E-03
  280.50      1.23350E-03
  281.50      1.23290E-03
  282.50      1.21960E-03
  283.50      1.21110E-03
  284.50      1.21470E-03
  285.50      1.20540E-03
  286.50      1.19790E-03
  287.50      1.19170E-03
  288.50      1.18650E-03
  289.50      1.17910E-03
  291.00      1.16620E-03
  293.00      1.15890E-03
  295.00      1.13990E-03
  297.00      1.13330E-03
  299.00      1.11840E-03
  301.00      1.10400E-03
  303.00      1.09040E-03
  305.00      1.08440E-03
  307.00      1.07770E-03
  309.00      1.05920E-03
  311.00      1.05530E-03
  313.00      1.04220E-03
  315.00      1.03300E-03
  317.00      1.02270E-03
  319.00      1.00940E-03
  321.00      9.96510E-04
  323.00      9.93850E-04
  325.00      9.86590E-04
  327.00      9.72420E-04
  329.00      9.65970E-04
  331.00      9.57120E-04
  333.00      9.46230E-04
  335.00      9.35920E-04
  337.00      9.28760E-04
  339.00      9.23140E-04
  341.00      9.14220E-04
  343.00      9.05460E-04
  345.00      8.93250E-04
  347.00      8.87460E-04
  349.00      8.79540E-04
  351.00      8.72330E-04
  353.00      8.66170E-04
  355.00      8.57560E-04
  357.00      8.52900E-04
  359.00      8.40350E-04
  361.00      8.35930E-04
  363.00      8.25700E-04
  364.00      8.23350E-04
  365.00      7.95180E-04
  367.00      7.91060E-04
  369.00      7.84840E-04
  371.00      7.68950E-04
  373.00      7.63610E-04
  375.00      7.59210E-04
  377.00      7.44530E-04
  379.00      7.64520E-04
  381.00      7.88540E-04
  383.00      7.20930E-04
  385.00      8.05560E-04
  387.00      8.08960E-04
  389.00      6.94510E-04
  391.00      8.14290E-04
  393.00      8.10100E-04
  395.00      7.94190E-04
  397.00      6.67380E-04
  399.00      7.84940E-04
  401.00      7.86460E-04
  403.00      7.56300E-04
  405.00      7.81580E-04
  407.00      7.60580E-04
  409.00      7.12230E-04
  411.00      6.53290E-04
  413.00      7.42440E-04
  415.00      7.42570E-04
  417.00      7.44690E-04
  419.00      7.35660E-04
  421.00      7.29140E-04
  423.00      7.27890E-04
  425.00      7.17270E-04
  427.00      7.08810E-04
  429.00      7.03060E-04
  431.00      6.91760E-04
  433.00      6.43020E-04
  435.00      6.02940E-04
  437.00      6.77020E-04
  439.00      6.65040E-04
  441.00      6.70660E-04
  443.00      6.69100E-04
  445.00      6.63680E-04
  447.00      6.36680E-04
  449.00      6.53220E-04
  451.00      6.49280E-04
  453.00      6.45310E-04
  455.00      6.35050E-04
  457.00      6.35460E-04
  459.00      6.29080E-04
  461.00      6.23460E-04
  463.00      6.16350E-04
  465.00      5.99170E-04
  467.00      6.08430E-04
  469.00      5.96190E-04
  471.00      5.93030E-04
  473.00      5.99690E-04
  475.00      5.94640E-04
  477.00      5.91480E-04
  479.00      5.87030E-04
  481.00      5.81090E-04
  483.00      5.72630E-04
  485.00      5.38350E-04
  487.00      4.95930E-04
  489.00      5.59140E-04
  491.00      5.58600E-04
  493.00      5.45320E-04
  495.00      5.51250E-04
  497.00      5.50000E-04
  499.00      5.46040E-04
  501.00      5.35140E-04
  503.00      5.37140E-04
  505.00      5.32070E-04
  507.00      5.30860E-04
  509.00      5.26890E-04
  511.00      5.23250E-04
  513.00      5.19520E-04
  515.00      5.15920E-04
  517.00      5.12090E-04
  519.00      5.08960E-04
  521.00      5.05590E-04
  523.00      5.02240E-04
  525.00      4.98500E-04
  527.00      4.94980E-04
  529.00      4.92090E-04
  531.00      4.88730E-04
  533.00      4.85480E-04
  535.00      4.82240E-04
  537.00      4.79060E-04
  539.00      4.75700E-04
  541.00      4.68590E-04
  543.00      4.69610E-04
  545.00      4.66440E-04
  547.00      4.63370E-04
  549.00      4.60380E-04
  551.00      4.57340E-04
  553.00      4.54420E-04
  555.00      4.51540E-04
  557.00      4.48610E-04
  559.00      4.45200E-04
  561.00      4.42890E-04
  563.00      4.40080E-04
  565.00      4.37230E-04
  567.00      4.34240E-04
  569.00      4.28880E-04
  571.00      4.22900E-04
  573.00      4.20500E-04
  575.00      4.17520E-04
  577.00      4.15510E-04
  579.00      4.12950E-04
  581.00      4.10330E-04
  583.00      4.07660E-04
  585.00      4.05630E-04
  587.00      3.93540E-04
  589.00      4.00190E-04
  591.00      3.99040E-04
  593.00      3.97120E-04
  595.00      3.95180E-04
  597.00      3.93540E-04
  599.00      3.91550E-04
  601.00      3.89820E-04
  603.00      3.87900E-04
  605.00      3.86350E-04
  607.00      3.84170E-04
  609.00      3.81920E-04
  611.00      3.79620E-04
  613.00      3.77410E-04
  615.00      3.74960E-04
  617.00      3.72780E-04
  619.00      3.70780E-04
  621.00      3.68650E-04
  623.00      3.66480E-04
  625.00      3.64280E-04
  627.00      3.62230E-04
  629.00      3.60160E-04
  631.00      3.57990E-04
  633.00      3.56030E-04
  635.00      3.53890E-04
  637.00      3.51970E-04
  639.00      3.49940E-04
  641.00      3.47940E-04
  643.00      3.46000E-04
  645.00      3.44020E-04
  647.00      3.41840E-04
  649.00      3.39940E-04
  651.00      3.37640E-04
  653.00      3.34160E-04
  655.00      3.22690E-04
  657.00      2.94210E-04
  659.00      3.27140E-04
  661.00      3.28210E-04
  663.00      3.27110E-04
  665.00      3.25290E-04
  667.00      3.20200E-04
  669.00      3.18450E-04
  671.00      3.19690E-04
  673.00      3.18000E-04
  675.00      3.16570E-04
  677.00      3.14970E-04
  679.00      3.13040E-04
  681.00      3.11580E-04
  683.00      3.09830E-04
  685.00      3.08250E-04
  687.00      3.06570E-04
  689.00      3.04400E-04
  691.00      3.02950E-04
  693.00      3.01790E-04
  695.00      3.00200E-04
  697.00      2.98620E-04
  699.00      2.97040E-04
  701.00      2.95400E-04
  703.00      2.93760E-04
  705.00      2.92270E-04
  707.00      2.87200E-04
  709.00      2.89390E-04
  711.00      2.87820E-04
  713.00      2.86380E-04
  715.00      2.84950E-04
  717.00      2.83190E-04
  719.00      2.81880E-04
  721.00      2.80600E-04
  723.00      2.78450E-04
  725.00      2.77570E-04
  727.00      2.76350E-04
  729.00      2.73250E-04
  731.00      2.73540E-04
  733.00      2.72190E-04
  735.00      2.70820E-04
  737.00      2.69470E-04
  739.00      2.68130E-04
  741.00      2.66790E-04
  743.00      2.65470E-04
  745.00      2.64140E-04
  747.00      2.62580E-04
  749.00      2.61370E-04
  751.00      2.60230E-04
  753.00      2.58980E-04
  755.00      2.57750E-04
  757.00      2.56480E-04
  759.00      2.54710E-04
  761.00      2.53810E-04
  763.00      2.52750E-04
  765.00      2.51500E-04
  767.00      2.50340E-04
  769.00      2.48940E-04
  771.00      2.47890E-04
  773.00      2.46450E-04
  775.00      2.45560E-04
  777.00      2.44400E-04
  779.00      2.43250E-04
  781.00      2.42030E-04
  783.00      2.40950E-04
  785.00      2.39930E-04
  787.00      2.38590E-04
  789.00      2.37450E-04
  791.00      2.36570E-04
  793.00      2.35440E-04
  795.00      2.34380E-04
  797.00      2.33180E-04
  799.00      2.32160E-04
  801.00      2.31120E-04
  803.00      2.30020E-04
  805.00      2.29000E-04
  807.00      2.27930E-04
  809.00      2.26740E-04
  811.00      2.25170E-04
  813.00      2.24790E-04
  815.00      2.23590E-04
  817.00      2.22740E-04
  819.00      2.21100E-04
  821.00      2.18990E-04
  823.00      2.17760E-04
  825.00      2.17240E-04
  827.00      2.15650E-04
  829.00      2.15410E-04
  831.00      2.14580E-04
  833.00      2.13460E-04
  835.00      2.12000E-04
  837.00      2.11470E-04
  839.00      2.10800E-04
  841.00      2.09840E-04
  843.00      2.08920E-04
  845.00      2.07240E-04
  847.00      2.07150E-04
  849.00      2.06040E-04
  851.00      2.05080E-04
  853.00      2.04140E-04
  855.00      2.03300E-04
  857.00      2.02890E-04
  859.00      2.00030E-04
  861.00      2.00410E-04
  863.00      2.00810E-04
  865.00      1.98310E-04
  867.00      1.95700E-04
  869.00      1.98260E-04
  871.00      1.98420E-04
  873.00      1.95200E-04
  875.00      1.89200E-04
  877.00      1.92360E-04
  879.00      1.95540E-04
  881.00      1.95540E-04
  883.00      1.93700E-04
  885.00      1.86400E-04
  887.00      1.80840E-04
  889.00      1.89780E-04
  891.00      1.91750E-04
  893.00      1.91580E-04
  895.00      1.90990E-04
  897.00      1.89670E-04
  899.00      1.85290E-04
  901.00      1.73260E-04
  903.00      1.77450E-04
  905.00      1.84940E-04
  907.00      1.84760E-04
  909.00      1.85550E-04
  911.00      1.85400E-04
  913.00      1.84710E-04
  915.00      1.83880E-04
  917.00      1.82470E-04
  919.00      1.80770E-04
  921.00      1.74100E-04
  923.00      1.61250E-04
  925.00      1.72430E-04
  927.00      1.77540E-04
  929.00      1.78190E-04
  931.00      1.77420E-04
  933.00      1.77370E-04
  935.00      1.75860E-04
  937.00      1.76160E-04
  939.00      1.75490E-04
  941.00      1.74700E-04
  943.00      1.74030E-04
  945.00      1.73270E-04
  947.00      1.71570E-04
  949.00      1.71120E-04
  951.00      1.68110E-04
  953.00      1.61540E-04
  955.00      1.49790E-04
  957.00      1.62870E-04
  959.00      1.66810E-04
  961.00      1.66970E-04
  963.00      1.66250E-04
  965.00      1.66650E-04
  967.00      1.66060E-04
  969.00      1.65310E-04
  971.00      1.63650E-04
  973.00      1.64010E-04
  975.00      1.63480E-04
  977.00      1.62830E-04
  979.00      1.62200E-04
  981.00      1.61530E-04
  983.00      1.60950E-04
  985.00      1.60300E-04
  987.00      1.59710E-04
  989.00      1.59000E-04
  991.00      1.58190E-04
  993.00      1.57870E-04
  995.00      1.57270E-04
  997.00      1.56380E-04
  999.00      1.55400E-04
  1002.5      1.48410E-04
  1007.5      1.45350E-04
  1012.5      1.50590E-04
  1017.5      1.50750E-04
  1022.5      1.49290E-04
  1027.5      1.47970E-04
  1032.5      1.46100E-04
  1037.5      1.45270E-04
  1042.5      1.43950E-04
  1047.5      1.42640E-04
  1052.5      1.41350E-04
  1057.5      1.40080E-04
  1062.5      1.38830E-04
  1067.5      1.37420E-04
  1072.5      1.36370E-04
  1077.5      1.35160E-04
  1082.5      1.32910E-04
  1087.5      1.32070E-04
  1092.5      1.22080E-04
  1097.5      1.27030E-04
  1102.5      1.28580E-04
  1107.5      1.28130E-04
  1112.5      1.27150E-04
  1117.5      1.26080E-04
  1122.5      1.24960E-04
  1127.5      1.23950E-04
  1132.5      1.22860E-04
  1137.5      1.21850E-04
  1142.5      1.20840E-04
  1147.5      1.19840E-04
  1152.5      1.18860E-04
  1157.5      1.17870E-04
  1162.5      1.16670E-04
  1167.5      1.15840E-04
  1172.5      1.15010E-04
  1177.5      1.14080E-04
  1182.5      1.13140E-04
  1187.5      1.12240E-04
  1192.5      1.11330E-04
  1197.5      1.09360E-04
  1202.5      1.09570E-04
  1207.5      1.08700E-04
  1212.5      1.07830E-04
  1217.5      1.07000E-04
  1222.5      1.06160E-04
  1227.5      1.05330E-04
  1232.5      1.04510E-04
  1237.5      1.03700E-04
  1242.5      1.02900E-04
  1247.5      1.02100E-04
  1252.5      1.01150E-04
  1257.5      1.00540E-04
  1262.5      9.97800E-05
  1267.5      9.90370E-05
  1272.5      9.81340E-05
  1277.5      9.57110E-05
  1282.5      8.96790E-05
  1287.5      9.51990E-05
  1292.5      9.52770E-05
  1297.5      9.41200E-05
  1302.5      9.39510E-05
  1307.5      9.32930E-05
  1312.5      9.26110E-05
  1317.5      9.19350E-05
  1322.5      9.12670E-05
  1327.5      9.06060E-05
  1332.5      8.99500E-05
  1337.5      8.92850E-05
  1342.5      8.86050E-05
  1347.5      8.80260E-05
  1352.5      8.73840E-05
  1357.5      8.67830E-05
  1362.5      8.61320E-05
  1367.5      8.55670E-05
  1372.5      8.49330E-05
  1377.5      8.43740E-05
  1382.5      8.37870E-05
  1387.5      8.32050E-05
  1392.5      8.26100E-05
  1397.5      8.20580E-05
  1402.5      8.14760E-05
  1407.5      8.09390E-05
  1412.5      8.03820E-05
  1417.5      7.98390E-05
  1422.5      7.92990E-05
  1427.5      7.87600E-05
  1432.5      7.82330E-05
  1437.5      7.77070E-05
  1442.5      7.71890E-05
  1447.5      7.66750E-05
  1452.5      7.61650E-05
  1457.0      7.57100E-05
  1462.0      7.52010E-05
  1467.5      7.46610E-05
  1472.5      7.41710E-05
  1477.5      7.36190E-05
  1482.5      7.32150E-05
  1487.5      7.27430E-05
  1492.5      7.22760E-05
  1497.5      7.18130E-05
  1502.5      7.13480E-05
  1507.5      7.07980E-05
  1512.5      7.04480E-05
  1517.5      7.00020E-05
  1522.5      6.95590E-05
  1527.5      6.91180E-05
  1532.5      6.86800E-05
  1537.5      6.82520E-05
  1542.5      6.78090E-05
  1547.5      6.73980E-05
  1552.5      6.69690E-05
  1557.5      6.65210E-05
  1562.5      6.61650E-05
  1567.5      6.56790E-05
  1572.5      6.52430E-05
  1577.5      6.49670E-05
  1582.5      6.45340E-05
  1587.5      6.38720E-05
  1592.5      6.36720E-05
  1597.5      6.34460E-05
  1605.0      6.27220E-05
  1615.0      6.17470E-05
  1625.0      6.14590E-05
  1635.0      6.03770E-05
  1645.0      5.92990E-05
  1655.0      5.94090E-05
  1665.0      5.87650E-05
  1675.0      5.74310E-05
  1685.0      5.62520E-05
  1695.0      5.66970E-05
  1705.0      5.58440E-05
  1715.0      5.55100E-05
  1725.0      5.47370E-05
  1735.0      5.25340E-05
  1745.0      5.32830E-05
  1755.0      5.30690E-05
  1765.0      5.24850E-05
  1775.0      5.19080E-05
  1785.0      5.13370E-05
  1795.0      5.07860E-05
  1805.0      5.01400E-05
  1815.0      4.79850E-05
  1825.0      4.86200E-05
  1835.0      4.86270E-05
  1845.0      4.81310E-05
  1855.0      4.76020E-05
  1865.0      4.66320E-05
  1875.0      4.47130E-05
  1885.0      4.60540E-05
  1895.0      4.56760E-05
  1905.0      4.50560E-05
  1915.0      4.47410E-05
  1925.0      4.42970E-05
  1935.0      4.36410E-05
  1945.0      4.15370E-05
  1955.0      4.27290E-05
  1965.0      4.25490E-05
  1975.0      4.21290E-05
  1985.0      4.17140E-05
  1995.0      4.13060E-05
  2005.0      4.09030E-05
  2015.0      4.05070E-05
  2025.0      4.01160E-05
  2035.0      3.97300E-05
  2045.0      3.93420E-05
  2055.0      3.89250E-05
  2065.0      3.86070E-05
  2075.0      3.82420E-05
  2085.0      3.78840E-05
  2095.0      3.75290E-05
  2105.0      3.71780E-05
  2115.0      3.67300E-05
  2125.0      3.64980E-05
  2135.0      3.61620E-05
  2145.0      3.58250E-05
  2155.0      3.53600E-05
  2165.0      3.35950E-05
  2175.0      3.46130E-05
  2185.0      3.45390E-05
  2195.0      3.42480E-05
  2205.0      3.39440E-05
  2215.0      3.36430E-05
  2225.0      3.33440E-05
  2235.0      3.30550E-05
  2245.0      3.27660E-05
  2255.0      3.24810E-05
  2265.0      3.22000E-05
  2275.0      3.19230E-05
  2285.0      3.16470E-05
  2295.0      3.13770E-05
  2305.0      3.11060E-05
  2315.0      3.08480E-05
  2325.0      3.05880E-05
  2335.0      3.03320E-05
  2345.0      3.00780E-05
  2355.0      2.98280E-05
  2365.0      2.95810E-05
  2375.0      2.93370E-05
  2385.0      2.90960E-05
  2395.0      2.88570E-05
  2405.0      2.86220E-05
  2415.0      2.83900E-05
  2425.0      2.81580E-05
  2435.0      2.79330E-05
  2445.0      2.77080E-05
  2455.0      2.75040E-05
  2465.0      2.72770E-05
  2475.0      2.70210E-05
  2485.0      2.68640E-05
  2495.0      2.66180E-05
  2505.0      2.64480E-05
  2515.0      2.62350E-05
  2525.0      2.59890E-05
  2535.0      2.58160E-05
  2545.0      2.56550E-05
  2555.0      2.54090E-05
  2565.0      2.51730E-05
  2575.0      2.50290E-05
  2585.0      2.48780E-05
  2595.0      2.46620E-05
  2605.0      2.44030E-05
  2615.0      2.40460E-05
  2625.0      2.30100E-05
  2635.0      2.37560E-05
  2645.0      2.37370E-05
  2655.0      2.35730E-05
  2665.0      2.33410E-05
  2675.0      2.30510E-05
  2685.0      2.29940E-05
  2695.0      2.29130E-05
  2705.0      2.27470E-05
  2715.0      2.25820E-05
  2725.0      2.24180E-05
  2735.0      2.22560E-05
  2745.0      2.20410E-05
  2755.0      2.16610E-05
  2765.0      2.16130E-05
  2775.0      2.16020E-05
  2785.0      2.14740E-05
  2795.0      2.13230E-05
  2805.0      2.11730E-05
  2815.0      2.10240E-05
  2825.0      2.08780E-05
  2835.0      2.07320E-05
  2845.0      2.05880E-05
  2855.0      2.04130E-05
  2865.0      2.01360E-05
  2875.0      1.97600E-05
  2885.0      1.99410E-05
  2895.0      1.98910E-05
  2905.0      1.97560E-05
  2915.0      1.96230E-05
  2925.0      1.94900E-05
  2935.0      1.93590E-05
  2945.0      1.92290E-05
  2955.0      1.91010E-05
  2965.0      1.89740E-05
  2975.0      1.88480E-05
  2985.0      1.87230E-05
  2995.0      1.85990E-05
  3005.0      1.84770E-05
  3015.0      1.83540E-05
  3025.0      1.81740E-05
  3035.0      1.77170E-05
  3045.0      1.77210E-05
  3055.0      1.78390E-05
  3065.0      1.77660E-05
  3075.0      1.76520E-05
  3085.0      1.75390E-05
  3095.0      1.74290E-05
  3105.0      1.73170E-05
  3115.0      1.72070E-05
  3125.0      1.70980E-05
  3135.0      1.69910E-05
  3145.0      1.68840E-05
  3155.0      1.67780E-05
  3165.0      1.66730E-05
  3175.0      1.65700E-05
  3185.0      1.64670E-05
  3195.0      1.63650E-05
  3210.0      1.62130E-05
  3230.0      1.60150E-05
  3250.0      1.58200E-05
  3270.0      1.56190E-05
  3290.0      1.51040E-05
  3310.0      1.51480E-05
  3330.0      1.50740E-05
  3350.0      1.49130E-05
  3370.0      1.47380E-05
  3390.0      1.45660E-05
  3410.0      1.43970E-05
  3430.0      1.42310E-05
  3450.0      1.40680E-05
  3470.0      1.39070E-05
  3490.0      1.37490E-05
  3510.0      1.35940E-05
  3530.0      1.34420E-05
  3550.0      1.32920E-05
  3570.0      1.31450E-05
  3590.0      1.29990E-05
  3610.0      1.28570E-05
  3630.0      1.27170E-05
  3650.0      1.25780E-05
  3670.0      1.24430E-05
  3690.0      1.23090E-05
  3710.0      1.21540E-05
  3730.0      1.18770E-05
  3750.0      1.17000E-05
  3770.0      1.17850E-05
  3790.0      1.16720E-05
  3810.0      1.15480E-05
  3830.0      1.14310E-05
  3850.0      1.13130E-05
  3870.0      1.11970E-05
  3890.0      1.10830E-05
  3910.0      1.09530E-05
  3930.0      1.08600E-05
  3950.0      1.07510E-05
  3970.0      1.06430E-05
  3990.0      1.05370E-05
  4010.0      1.04110E-05
  4030.0      1.02790E-05
  4050.0      9.96810E-06
  4070.0      1.01160E-05
  4090.0      1.00310E-05
  4110.0      9.93380E-06
  4130.0      9.83250E-06
  4150.0      9.73730E-06
  4170.0      9.59550E-06
  4190.0      9.55010E-06
  4210.0      9.46950E-06
  4230.0      9.38060E-06
  4250.0      9.29030E-06
  4270.0      9.20640E-06
  4290.0      9.11210E-06
  4310.0      9.03700E-06
  4330.0      8.95390E-06
  4350.0      8.86670E-06
  4370.0      8.71650E-06
  4390.0      8.67590E-06
  4410.0      8.63310E-06
  4430.0      8.55570E-06
  4450.0      8.47930E-06
  4470.0      8.40840E-06
  4490.0      8.33390E-06
  4510.0      8.26040E-06
  4530.0      8.18780E-06
  4550.0      8.11620E-06
  4570.0      8.04550E-06
  4590.0      7.97580E-06
  4610.0      7.90460E-06
  4630.0      7.81940E-06
  4650.0      7.52710E-06
  4670.0      7.56950E-06
  4690.0      7.60010E-06
  4710.0      7.57410E-06
  4730.0      7.51170E-06
  4750.0      7.44870E-06
  4770.0      7.38660E-06
  4790.0      7.32520E-06
  4810.0      7.26450E-06
  4830.0      7.20460E-06
  4850.0      7.14540E-06
  4870.0      7.08690E-06
  4890.0      7.02920E-06
  4910.0      6.97210E-06
  4930.0      6.91570E-06
  4950.0      6.86000E-06
  4970.0      6.80500E-06
  4990.0      6.75060E-06
  5010.0      6.69690E-06
  5030.0      6.64380E-06
  5050.0      6.59140E-06
  5070.0      6.53950E-06
  5090.0      6.48820E-06
  5110.0      6.40890E-06
  5130.0      6.25820E-06
  5150.0      6.31720E-06
  5170.0      6.28910E-06
  5190.0      6.24090E-06
  5210.0      6.19310E-06
  5230.0      6.14590E-06
  5250.0      6.09920E-06
  5270.0      6.05300E-06
  5290.0      6.00730E-06
  5310.0      5.96220E-06
  5330.0      5.91760E-06
  5350.0      5.87340E-06
  5370.0      5.82970E-06
  5390.0      5.78660E-06
  5410.0      5.74390E-06
  5430.0      5.70170E-06
  5450.0      5.65990E-06
  5470.0      5.61860E-06
  5490.0      5.57770E-06
  5510.0      5.53720E-06
  5530.0      5.49720E-06
  5550.0      5.45770E-06
  5570.0      5.41860E-06
  5590.0      5.37990E-06
  5610.0      5.34160E-06
  5630.0      5.30370E-06
  5650.0      5.26620E-06
  5670.0      5.22910E-06
  5690.0      5.19230E-06
  5710.0      5.15170E-06
  5730.0      5.12000E-06
  5750.0      5.08440E-06
  5770.0      5.04920E-06
  5790.0      5.01440E-06
  5810.0      4.97990E-06
  5830.0      4.94570E-06
  5850.0      4.91350E-06
  5870.0      4.87810E-06
  5890.0      4.81940E-06
  5910.0      4.68350E-06
  5930.0      4.75960E-06
  5950.0      4.73080E-06
  5970.0      4.70720E-06
  5990.0      4.68600E-06
  6010.0      4.65490E-06
  6030.0      4.62400E-06
  6050.0      4.59340E-06
  6070.0      4.56310E-06
  6090.0      4.53310E-06
  6110.0      4.50340E-06
  6130.0      4.47400E-06
  6150.0      4.44490E-06
  6170.0      4.41610E-06
  6190.0      4.38750E-06
  6210.0      4.35920E-06
  6230.0      4.33120E-06
  6250.0      4.30340E-06
  6270.0      4.26950E-06
  6290.0      4.22170E-06
  6310.0      4.21190E-06
  6330.0      4.19500E-06
  6350.0      4.16860E-06
  6370.0      4.14240E-06
  6390.0      4.11640E-06
  6420.0      4.07790E-06
  6460.0      4.02740E-06
  6500.0      3.97790E-06
  6540.0      3.92920E-06
  6580.0      3.88140E-06
  6620.0      3.83450E-06
  6660.0      3.78840E-06
  6700.0      3.74310E-06
  6740.0      3.69290E-06
  6780.0      3.62790E-06
  6820.0      3.61170E-06
  6860.0      3.56990E-06
  6900.0      3.52850E-06
  6940.0      3.48770E-06
  6980.0      3.44770E-06
  7020.0      3.40840E-06
  7060.0      3.36970E-06
  7100.0      3.33170E-06
  7140.0      3.29430E-06
  7180.0      3.25750E-06
  7220.0      3.22140E-06
  7260.0      3.18580E-06
  7300.0      3.15080E-06
  7340.0      3.11640E-06
  7380.0      3.08250E-06
  7420.0      3.04330E-06
  7460.0      2.94280E-06
  7500.0      2.90130E-06
  7540.0      2.94050E-06
  7580.0      2.92120E-06
  7620.0      2.89050E-06
  7660.0      2.86020E-06
  7700.0      2.83040E-06
  7740.0      2.80110E-06
  7780.0      2.77220E-06
  7820.0      2.74370E-06
  7860.0      2.71580E-06
  7900.0      2.68820E-06
  7940.0      2.66100E-06
  7980.0      2.63420E-06
  8020.0      2.60790E-06
  8060.0      2.58190E-06
  8100.0      2.55630E-06
  8140.0      2.52950E-06
  8180.0      2.50620E-06
  8220.0      2.48170E-06
  8260.0      2.45760E-06
  8300.0      2.43380E-06
  8340.0      2.41040E-06
  8380.0      2.38730E-06
  8420.0      2.36450E-06
  8460.0      2.34210E-06
  8500.0      2.31990E-06
  8540.0      2.29810E-06
  8580.0      2.27660E-06
  8620.0      2.25530E-06
  8660.0      2.22790E-06
  8700.0      2.21190E-06
  8740.0      2.17110E-06
  8780.0      2.15130E-06
  8820.0      2.15350E-06
  8860.0      2.13400E-06
  8900.0      2.11470E-06
  8940.0      2.09570E-06
  8980.0      2.07690E-06
  9020.0      2.05840E-06
  9060.0      2.04010E-06
  9100.0      2.02210E-06
  9140.0      2.00430E-06
  9180.0      1.98670E-06
  9220.0      1.96940E-06
  9260.0      1.95230E-06
  9300.0      1.93540E-06
  9340.0      1.91870E-06
  9380.0      1.89230E-06
  9420.0      1.88190E-06
  9460.0      1.86990E-06
  9500.0      1.85410E-06
  9540.0      1.83850E-06
  9580.0      1.82300E-06
  9620.0      1.80780E-06
  9660.0      1.79270E-06
  9700.0      1.77780E-06
  9740.0      1.76310E-06
  9780.0      1.74860E-06
  9820.0      1.73420E-06
  9860.0      1.72010E-06
  9900.0      1.70610E-06
  9940.0      1.69230E-06
  9980.0      1.67860E-06
  10020.      1.66510E-06
  20000.      4.10070E-07
  40000.      9.96590E-08
  60000.      4.35000E-08
  80000.      2.41510E-08
 1.00000E+05  1.53000E-08
 1.20000E+05  1.05370E-08
 1.40000E+05  7.68750E-09
 1.60000E+05  5.85010E-09
