 Castelli and Kurucz 2004-2012 Atmosphere
 T     41000.     G    5.00000 [-0.5a] N(He)/Ntot=0.0784 VTURB=2.0  L/H=1.25 OD
 Wavelength  Eddington Hnu
   (nm)    (ergs/s/cm2/Hz/sr)
  9.0900      8.07750E-24
  9.3500      2.77140E-23
  9.6100      8.86050E-23
  9.7700      1.78260E-22
  9.9600      3.94520E-22
  10.200      1.03510E-21
  10.380      2.08030E-21
  10.560      4.09130E-21
  10.770      8.77740E-21
  11.040      2.25390E-20
  11.400      7.44800E-20
  11.780      2.45520E-19
  12.130      6.95320E-19
  12.480      1.86950E-18
  12.710      3.49160E-18
  12.840      4.92270E-18
  13.050      8.46070E-18
  13.240      1.36270E-17
  13.390      1.97070E-17
  13.660      3.74920E-17
  13.980      7.86200E-17
  14.330      1.69910E-16
  14.720      3.81330E-16
  15.100      8.29690E-16
  15.520      1.85370E-15
  15.880      3.58140E-15
  16.200      6.27820E-15
  16.600      1.24050E-14
  17.030      2.47650E-14
  17.340      4.00430E-14
  17.680      6.69010E-14
  18.020      1.09310E-13
  18.170      1.34430E-13
  18.610      2.46960E-13
  19.100      4.68070E-13
  19.390      6.74320E-13
  19.840      1.16310E-12
  20.180      1.72600E-12
  20.500      2.47830E-12
  21.050      4.49890E-12
  21.620      8.05460E-12
  21.980      1.15490E-11
  22.300      1.56800E-11
  22.680      2.22470E-11
  23.000      8.28140E-09
  23.400      3.70780E-08
  24.000      6.35540E-08
  24.650      1.10660E-07
  25.240      3.05660E-07
  25.680      4.32870E-07
  26.000      7.78010E-07
  26.400      4.12890E-06
  26.850      6.86470E-06
  27.350      8.92740E-06
  27.850      5.83110E-06
  28.400      1.58070E-05
  29.000      2.22540E-05
  29.600      1.50530E-05
  30.100      7.20110E-06
  30.800      2.86540E-05
  31.800      1.66050E-05
  32.800      2.68930E-05
  33.800      2.33590E-05
  34.800      2.81530E-05
  35.700      6.64550E-05
  36.600      1.24420E-04
  37.500      1.59310E-04
  38.500      1.74070E-04
  39.500      2.47440E-04
  40.500      3.29920E-04
  41.400      3.35240E-04
  42.200      3.29450E-04
  43.000      3.15400E-04
  44.100      3.57960E-04
  45.100      3.94410E-04
  46.000      3.57080E-04
  47.000      3.79500E-04
  48.000      4.24480E-04
  49.000      3.61190E-04
  50.000      4.58820E-04
  50.600      4.29850E-04
  51.200      9.11300E-04
  52.000      8.62620E-04
  53.000      8.17580E-04
  54.000      7.63720E-04
  55.000      7.30690E-04
  56.000      9.54470E-04
  57.000      1.04750E-03
  58.000      1.03120E-03
  59.000      1.07770E-03
  60.000      9.41400E-04
  61.000      9.70930E-04
  62.000      1.18170E-03
  63.000      1.16090E-03
  64.000      1.24790E-03
  65.000      1.21100E-03
  65.800      1.09010E-03
  66.500      1.25170E-03
  67.500      1.34500E-03
  68.500      1.23230E-03
  69.500      1.36840E-03
  70.500      1.20290E-03
  71.600      1.44160E-03
  72.600      1.46940E-03
  73.500      1.50180E-03
  74.500      1.45550E-03
  75.500      1.45950E-03
  76.500      1.44960E-03
  77.500      1.51180E-03
  78.500      1.45700E-03
  79.500      1.54250E-03
  80.500      1.55070E-03
  81.500      1.58050E-03
  82.500      1.62060E-03
  83.500      1.45910E-03
  84.500      1.63010E-03
  85.500      1.61330E-03
  86.500      1.67470E-03
  87.500      1.69340E-03
  88.500      1.69500E-03
  89.500      1.71020E-03
  90.500      1.69350E-03
  91.500      1.37030E-03
  92.500      2.32700E-03
  93.500      3.17290E-03
  94.500      4.05150E-03
  95.500      4.63880E-03
  96.500      5.44150E-03
  97.500      3.82860E-03
  98.500      5.15800E-03
  99.500      4.72590E-03
  100.50      4.92160E-03
  101.50      5.08380E-03
  102.50      4.04170E-03
  103.50      5.14780E-03
  104.50      5.40030E-03
  105.50      5.35150E-03
  106.50      5.03180E-03
  107.50      5.16860E-03
  108.50      4.78590E-03
  109.50      5.15960E-03
  110.50      5.02710E-03
  111.50      5.00920E-03
  112.50      4.72870E-03
  113.50      4.98540E-03
  114.50      4.95040E-03
  115.50      4.74250E-03
  116.50      4.65930E-03
  117.50      4.12530E-03
  118.50      4.51630E-03
  119.50      4.43990E-03
  120.50      4.37640E-03
  121.50      3.46640E-03
  122.50      4.29220E-03
  123.50      4.38750E-03
  124.50      4.34400E-03
  125.50      4.39360E-03
  126.50      4.41140E-03
  127.50      4.43650E-03
  128.50      4.43750E-03
  129.50      4.34580E-03
  130.50      4.31130E-03
  131.50      4.35630E-03
  132.50      4.30100E-03
  133.50      4.27680E-03
  134.50      4.24600E-03
  135.50      4.17780E-03
  136.50      4.09270E-03
  137.50      4.02220E-03
  138.50      4.02090E-03
  139.50      3.81970E-03
  140.50      3.73750E-03
  141.50      3.98040E-03
  142.50      3.78480E-03
  143.50      3.90390E-03
  144.20      3.84510E-03
  144.70      3.83850E-03
  145.50      3.76410E-03
  146.50      3.76990E-03
  147.50      3.74650E-03
  148.50      3.78590E-03
  149.50      3.72670E-03
  150.50      3.73600E-03
  151.20      3.73790E-03
  151.70      3.69230E-03
  152.50      3.66230E-03
  153.50      3.46840E-03
  154.50      3.14120E-03
  155.50      3.18590E-03
  156.50      3.33840E-03
  157.50      3.40680E-03
  158.50      3.38590E-03
  159.50      3.39870E-03
  160.50      3.28230E-03
  161.50      3.21980E-03
  162.50      3.22930E-03
  163.50      3.20260E-03
  164.50      3.11230E-03
  165.50      3.27670E-03
  166.50      3.23240E-03
  167.20      3.12840E-03
  167.70      3.31040E-03
  168.50      3.27110E-03
  169.50      3.24900E-03
  170.50      3.20200E-03
  171.50      3.13110E-03
  172.50      3.09740E-03
  173.50      3.17190E-03
  174.50      3.15440E-03
  175.50      3.11370E-03
  176.50      3.09810E-03
  177.50      3.07820E-03
  178.50      3.08780E-03
  179.50      3.03980E-03
  180.50      3.02980E-03
  181.50      3.01020E-03
  182.50      2.98170E-03
  183.50      2.98320E-03
  184.50      2.95730E-03
  185.50      2.93710E-03
  186.50      2.92120E-03
  187.50      2.88240E-03
  188.50      2.86240E-03
  189.50      2.87470E-03
  190.50      2.86410E-03
  191.50      2.83880E-03
  192.50      2.75950E-03
  193.50      2.81100E-03
  194.50      2.79850E-03
  195.50      2.74630E-03
  196.70      2.75030E-03
  197.60      2.73560E-03
  198.40      2.72500E-03
  199.50      2.70160E-03
  200.50      2.69460E-03
  201.50      2.67700E-03
  202.50      2.65830E-03
  203.50      2.63810E-03
  204.50      2.61360E-03
  205.50      1.98430E-03
  206.50      1.91050E-03
  207.40      1.94540E-03
  207.80      1.98470E-03
  208.50      2.09740E-03
  209.50      2.33340E-03
  210.50      2.48900E-03
  211.50      2.51300E-03
  212.50      2.47920E-03
  213.50      2.47710E-03
  214.50      2.46410E-03
  215.50      2.47980E-03
  216.50      2.37140E-03
  217.50      2.47010E-03
  218.50      2.36640E-03
  219.50      2.44590E-03
  220.50      2.43360E-03
  221.50      2.31500E-03
  222.50      2.40200E-03
  223.50      2.39230E-03
  224.50      2.37050E-03
  225.50      2.26340E-03
  226.50      2.34400E-03
  227.50      2.33460E-03
  228.50      2.30220E-03
  229.50      2.25360E-03
  230.50      2.19430E-03
  231.50      2.25590E-03
  232.50      2.25680E-03
  233.50      2.24560E-03
  234.50      2.22840E-03
  235.50      2.21170E-03
  236.50      2.19620E-03
  237.50      2.17350E-03
  238.50      2.06420E-03
  239.50      2.13090E-03
  240.50      2.13630E-03
  241.50      2.11980E-03
  242.50      2.11930E-03
  243.50      2.10100E-03
  244.50      2.09060E-03
  245.50      2.06940E-03
  246.50      2.06640E-03
  247.50      2.05760E-03
  248.50      2.03780E-03
  249.50      1.83390E-03
  250.50      1.99670E-03
  251.30      1.85330E-03
  251.80      1.95530E-03
  252.50      1.98500E-03
  253.50      1.98290E-03
  254.50      1.97050E-03
  255.50      1.95680E-03
  256.50      1.94680E-03
  257.50      1.93680E-03
  258.50      1.92610E-03
  259.50      1.89780E-03
  260.50      1.90370E-03
  261.50      1.88450E-03
  262.50      1.88240E-03
  263.50      1.87330E-03
  264.50      1.85860E-03
  265.50      1.85180E-03
  266.50      1.83780E-03
  267.50      1.81410E-03
  268.50      1.81410E-03
  269.50      1.80380E-03
  270.50      1.80040E-03
  271.50      1.78790E-03
  272.50      1.77380E-03
  273.50      1.70820E-03
  274.50      1.76000E-03
  275.50      1.74850E-03
  276.50      1.73710E-03
  277.50      1.72950E-03
  278.50      1.71530E-03
  279.50      1.69560E-03
  280.50      1.69790E-03
  281.50      1.69060E-03
  282.50      1.67800E-03
  283.50      1.67100E-03
  284.50      1.66600E-03
  285.50      1.65620E-03
  286.50      1.64560E-03
  287.50      1.63720E-03
  288.50      1.62930E-03
  289.50      1.61820E-03
  291.00      1.60390E-03
  293.00      1.59000E-03
  295.00      1.57090E-03
  297.00      1.55320E-03
  299.00      1.53200E-03
  301.00      1.51640E-03
  303.00      1.49370E-03
  305.00      1.48440E-03
  307.00      1.47070E-03
  309.00      1.45700E-03
  311.00      1.44340E-03
  313.00      1.42720E-03
  315.00      1.41590E-03
  317.00      1.40080E-03
  319.00      1.38610E-03
  321.00      1.35070E-03
  323.00      1.36190E-03
  325.00      1.34970E-03
  327.00      1.32590E-03
  329.00      1.32060E-03
  331.00      1.30720E-03
  333.00      1.29400E-03
  335.00      1.27680E-03
  337.00      1.26940E-03
  339.00      1.25830E-03
  341.00      1.24590E-03
  343.00      1.23710E-03
  345.00      1.21950E-03
  347.00      1.21400E-03
  349.00      1.20340E-03
  351.00      1.19270E-03
  353.00      1.18040E-03
  355.00      1.16890E-03
  357.00      1.16030E-03
  359.00      1.14790E-03
  361.00      1.13770E-03
  363.00      1.12600E-03
  364.00      1.10380E-03
  365.00      1.01420E-03
  367.00      1.00700E-03
  369.00      9.99680E-04
  371.00      9.91700E-04
  373.00      9.98050E-04
  375.00      1.00550E-03
  377.00      1.00920E-03
  379.00      1.03140E-03
  381.00      1.05400E-03
  383.00      9.97220E-04
  385.00      1.05760E-03
  387.00      1.05940E-03
  389.00      9.59340E-04
  391.00      1.05450E-03
  393.00      1.04330E-03
  395.00      1.03260E-03
  397.00      9.21020E-04
  399.00      1.01910E-03
  401.00      1.01540E-03
  403.00      9.85510E-04
  405.00      1.00510E-03
  407.00      9.88990E-04
  409.00      9.45450E-04
  411.00      8.88800E-04
  413.00      9.64270E-04
  415.00      9.60120E-04
  417.00      9.56550E-04
  419.00      9.42320E-04
  421.00      9.25230E-04
  423.00      9.34020E-04
  425.00      9.25140E-04
  427.00      9.17380E-04
  429.00      9.09710E-04
  431.00      8.98250E-04
  433.00      8.54390E-04
  435.00      8.16660E-04
  437.00      8.77460E-04
  439.00      8.66680E-04
  441.00      8.65220E-04
  443.00      8.60470E-04
  445.00      8.53580E-04
  447.00      8.34630E-04
  449.00      8.40390E-04
  451.00      8.32820E-04
  453.00      8.25410E-04
  455.00      8.04530E-04
  457.00      8.15390E-04
  459.00      8.08290E-04
  461.00      8.02190E-04
  463.00      7.92510E-04
  465.00      7.76550E-04
  467.00      7.82320E-04
  469.00      7.52000E-04
  471.00      7.69140E-04
  473.00      7.69000E-04
  475.00      7.63170E-04
  477.00      7.57590E-04
  479.00      7.51990E-04
  481.00      7.46260E-04
  483.00      7.38280E-04
  485.00      7.09160E-04
  487.00      6.67600E-04
  489.00      7.20810E-04
  491.00      7.18810E-04
  493.00      7.08090E-04
  495.00      7.08620E-04
  497.00      7.04520E-04
  499.00      6.99580E-04
  501.00      6.90960E-04
  503.00      6.88900E-04
  505.00      6.83680E-04
  507.00      6.80020E-04
  509.00      6.75290E-04
  511.00      6.70630E-04
  513.00      6.65930E-04
  515.00      6.61320E-04
  517.00      6.56650E-04
  519.00      6.52230E-04
  521.00      6.47800E-04
  523.00      6.43430E-04
  525.00      6.38710E-04
  527.00      6.33920E-04
  529.00      6.30440E-04
  531.00      6.26180E-04
  533.00      6.21960E-04
  535.00      6.17860E-04
  537.00      6.13740E-04
  539.00      6.09610E-04
  541.00      5.92710E-04
  543.00      6.01380E-04
  545.00      5.97690E-04
  547.00      5.93730E-04
  549.00      5.89890E-04
  551.00      5.85620E-04
  553.00      5.82240E-04
  555.00      5.78490E-04
  557.00      5.74680E-04
  559.00      5.69680E-04
  561.00      5.67410E-04
  563.00      5.63790E-04
  565.00      5.60200E-04
  567.00      5.56630E-04
  569.00      5.46140E-04
  571.00      5.17720E-04
  573.00      5.14720E-04
  575.00      5.11690E-04
  577.00      5.08830E-04
  579.00      5.05990E-04
  581.00      5.02430E-04
  583.00      5.00870E-04
  585.00      4.99380E-04
  587.00      4.92660E-04
  589.00      4.96810E-04
  591.00      4.96300E-04
  593.00      4.95880E-04
  595.00      4.95740E-04
  597.00      4.95820E-04
  599.00      4.96260E-04
  601.00      4.95840E-04
  603.00      4.94990E-04
  605.00      4.94420E-04
  607.00      4.91680E-04
  609.00      4.89370E-04
  611.00      4.86490E-04
  613.00      4.84010E-04
  615.00      4.81290E-04
  617.00      4.77590E-04
  619.00      4.75810E-04
  621.00      4.73060E-04
  623.00      4.69110E-04
  625.00      4.67240E-04
  627.00      4.64820E-04
  629.00      4.62150E-04
  631.00      4.57660E-04
  633.00      4.56660E-04
  635.00      4.54180E-04
  637.00      4.51620E-04
  639.00      4.48770E-04
  641.00      4.44100E-04
  643.00      4.43950E-04
  645.00      4.41350E-04
  647.00      4.38820E-04
  649.00      4.36400E-04
  651.00      4.33240E-04
  653.00      4.27320E-04
  655.00      4.20040E-04
  657.00      3.91540E-04
  659.00      4.22220E-04
  661.00      4.21920E-04
  663.00      4.19760E-04
  665.00      4.17440E-04
  667.00      4.12050E-04
  669.00      4.07020E-04
  671.00      4.10030E-04
  673.00      4.08220E-04
  675.00      4.06040E-04
  677.00      4.03970E-04
  679.00      4.01830E-04
  681.00      3.99670E-04
  683.00      3.97520E-04
  685.00      3.95370E-04
  687.00      3.93200E-04
  689.00      3.86470E-04
  691.00      3.88640E-04
  693.00      3.87040E-04
  695.00      3.85000E-04
  697.00      3.82970E-04
  699.00      3.80930E-04
  701.00      3.78800E-04
  703.00      3.76710E-04
  705.00      3.74770E-04
  707.00      3.70410E-04
  709.00      3.71110E-04
  711.00      3.69160E-04
  713.00      3.67260E-04
  715.00      3.65390E-04
  717.00      3.60240E-04
  719.00      3.59580E-04
  721.00      3.59800E-04
  723.00      3.57930E-04
  725.00      3.56130E-04
  727.00      3.54340E-04
  729.00      3.51520E-04
  731.00      3.50620E-04
  733.00      3.49000E-04
  735.00      3.47240E-04
  737.00      3.45440E-04
  739.00      3.43770E-04
  741.00      3.41990E-04
  743.00      3.40360E-04
  745.00      3.38490E-04
  747.00      3.36990E-04
  749.00      3.35050E-04
  751.00      3.33600E-04
  753.00      3.32040E-04
  755.00      3.30410E-04
  757.00      3.28770E-04
  759.00      3.22120E-04
  761.00      3.25100E-04
  763.00      3.23980E-04
  765.00      3.22390E-04
  767.00      3.20890E-04
  769.00      3.18990E-04
  771.00      3.17700E-04
  773.00      3.15790E-04
  775.00      3.14770E-04
  777.00      3.13270E-04
  779.00      3.11780E-04
  781.00      3.10270E-04
  783.00      3.08820E-04
  785.00      3.07260E-04
  787.00      3.05820E-04
  789.00      3.04430E-04
  791.00      3.03100E-04
  793.00      3.01680E-04
  795.00      3.00270E-04
  797.00      2.98720E-04
  799.00      2.97460E-04
  801.00      2.96100E-04
  803.00      2.94670E-04
  805.00      2.93370E-04
  807.00      2.92010E-04
  809.00      2.90670E-04
  811.00      2.89280E-04
  813.00      2.88010E-04
  815.00      2.86690E-04
  817.00      2.85230E-04
  819.00      2.82990E-04
  821.00      2.73160E-04
  823.00      2.70120E-04
  825.00      2.70340E-04
  827.00      2.69560E-04
  829.00      2.68580E-04
  831.00      2.67480E-04
  833.00      2.66100E-04
  835.00      2.64920E-04
  837.00      2.63980E-04
  839.00      2.62970E-04
  841.00      2.61900E-04
  843.00      2.60850E-04
  845.00      2.59590E-04
  847.00      2.58840E-04
  849.00      2.57900E-04
  851.00      2.56860E-04
  853.00      2.56110E-04
  855.00      2.55170E-04
  857.00      2.54580E-04
  859.00      2.53030E-04
  861.00      2.52640E-04
  863.00      2.52570E-04
  865.00      2.51120E-04
  867.00      2.49120E-04
  869.00      2.50400E-04
  871.00      2.50230E-04
  873.00      2.48470E-04
  875.00      2.44340E-04
  877.00      2.46370E-04
  879.00      2.47840E-04
  881.00      2.47620E-04
  883.00      2.46510E-04
  885.00      2.41580E-04
  887.00      2.36760E-04
  889.00      2.42870E-04
  891.00      2.43780E-04
  893.00      2.43230E-04
  895.00      2.42500E-04
  897.00      2.41270E-04
  899.00      2.37930E-04
  901.00      2.27960E-04
  903.00      2.31000E-04
  905.00      2.36220E-04
  907.00      2.35920E-04
  909.00      2.35780E-04
  911.00      2.34960E-04
  913.00      2.34450E-04
  915.00      2.33550E-04
  917.00      2.31890E-04
  919.00      2.30260E-04
  921.00      2.25210E-04
  923.00      2.13590E-04
  925.00      2.22930E-04
  927.00      2.26330E-04
  929.00      2.26340E-04
  931.00      2.25640E-04
  933.00      2.24690E-04
  935.00      2.19180E-04
  937.00      2.22560E-04
  939.00      2.22340E-04
  941.00      2.21460E-04
  943.00      2.20640E-04
  945.00      2.19770E-04
  947.00      2.18520E-04
  949.00      2.17430E-04
  951.00      2.15030E-04
  953.00      2.09710E-04
  955.00      1.98410E-04
  957.00      2.09900E-04
  959.00      2.12490E-04
  961.00      2.12390E-04
  963.00      2.11680E-04
  965.00      2.11270E-04
  967.00      2.10440E-04
  969.00      2.09590E-04
  971.00      2.07890E-04
  973.00      2.07890E-04
  975.00      2.06970E-04
  977.00      2.05600E-04
  979.00      2.05560E-04
  981.00      2.04780E-04
  983.00      2.03940E-04
  985.00      2.03210E-04
  987.00      2.02430E-04
  989.00      2.01630E-04
  991.00      2.00830E-04
  993.00      2.00110E-04
  995.00      1.99350E-04
  997.00      1.98590E-04
  999.00      1.97430E-04
  1002.5      1.91390E-04
  1007.5      1.87860E-04
  1012.5      1.89510E-04
  1017.5      1.91060E-04
  1022.5      1.89250E-04
  1027.5      1.87500E-04
  1032.5      1.85460E-04
  1037.5      1.84100E-04
  1042.5      1.81790E-04
  1047.5      1.80780E-04
  1052.5      1.79150E-04
  1057.5      1.77540E-04
  1062.5      1.75950E-04
  1067.5      1.74320E-04
  1072.5      1.72840E-04
  1077.5      1.71310E-04
  1082.5      1.69020E-04
  1087.5      1.67900E-04
  1092.5      1.58720E-04
  1097.5      1.62860E-04
  1102.5      1.63660E-04
  1107.5      1.62540E-04
  1112.5      1.61170E-04
  1117.5      1.59860E-04
  1122.5      1.58480E-04
  1127.5      1.57150E-04
  1132.5      1.55820E-04
  1137.5      1.54520E-04
  1142.5      1.53240E-04
  1147.5      1.51960E-04
  1152.5      1.50710E-04
  1157.5      1.49460E-04
  1162.5      1.46710E-04
  1167.5      1.46080E-04
  1172.5      1.45820E-04
  1177.5      1.44640E-04
  1182.5      1.43450E-04
  1187.5      1.42300E-04
  1192.5      1.41170E-04
  1197.5      1.39460E-04
  1202.5      1.38930E-04
  1207.5      1.37820E-04
  1212.5      1.36710E-04
  1217.5      1.35660E-04
  1222.5      1.34600E-04
  1227.5      1.33550E-04
  1232.5      1.32510E-04
  1237.5      1.31480E-04
  1242.5      1.30470E-04
  1247.5      1.29470E-04
  1252.5      1.28400E-04
  1257.5      1.27490E-04
  1262.5      1.26530E-04
  1267.5      1.25570E-04
  1272.5      1.24600E-04
  1277.5      1.22360E-04
  1282.5      1.16350E-04
  1287.5      1.21230E-04
  1292.5      1.20930E-04
  1297.5      1.19820E-04
  1302.5      1.19150E-04
  1307.5      1.18280E-04
  1312.5      1.17410E-04
  1317.5      1.16560E-04
  1322.5      1.15710E-04
  1327.5      1.14870E-04
  1332.5      1.14040E-04
  1337.5      1.13220E-04
  1342.5      1.12390E-04
  1347.5      1.11600E-04
  1352.5      1.10810E-04
  1357.5      1.10020E-04
  1362.5      1.09240E-04
  1367.5      1.08480E-04
  1372.5      1.07700E-04
  1377.5      1.06960E-04
  1382.5      1.06220E-04
  1387.5      1.05480E-04
  1392.5      1.04740E-04
  1397.5      1.04020E-04
  1402.5      1.03300E-04
  1407.5      1.02600E-04
  1412.5      1.01900E-04
  1417.5      1.01200E-04
  1422.5      1.00520E-04
  1427.5      9.98370E-05
  1432.5      9.91640E-05
  1437.5      9.84980E-05
  1442.5      9.78390E-05
  1447.5      9.71860E-05
  1452.5      9.65390E-05
  1457.0      9.59620E-05
  1462.0      9.53430E-05
  1467.5      9.46500E-05
  1472.5      9.39850E-05
  1477.5      9.26080E-05
  1482.5      9.28000E-05
  1487.5      9.22100E-05
  1492.5      9.16170E-05
  1497.5      9.10280E-05
  1502.5      9.04420E-05
  1507.5      8.98170E-05
  1512.5      8.92900E-05
  1517.5      8.87210E-05
  1522.5      8.81590E-05
  1527.5      8.75980E-05
  1532.5      8.70420E-05
  1537.5      8.64970E-05
  1542.5      8.59420E-05
  1547.5      8.54170E-05
  1552.5      8.48770E-05
  1557.5      8.43210E-05
  1562.5      8.38400E-05
  1567.5      8.32680E-05
  1572.5      8.27290E-05
  1577.5      8.23100E-05
  1582.5      8.17830E-05
  1587.5      8.10880E-05
  1592.5      8.07340E-05
  1597.5      8.03510E-05
  1605.0      7.95210E-05
  1615.0      7.84030E-05
  1625.0      7.78930E-05
  1635.0      7.66310E-05
  1645.0      7.54350E-05
  1655.0      7.51740E-05
  1665.0      7.42980E-05
  1675.0      7.29790E-05
  1685.0      7.17180E-05
  1695.0      7.17480E-05
  1705.0      7.07520E-05
  1715.0      7.01390E-05
  1725.0      6.92770E-05
  1735.0      6.72400E-05
  1745.0      6.75750E-05
  1755.0      6.70540E-05
  1765.0      6.63150E-05
  1775.0      6.55870E-05
  1785.0      6.48710E-05
  1795.0      6.41670E-05
  1805.0      6.34330E-05
  1815.0      6.13970E-05
  1825.0      6.17480E-05
  1835.0      6.14620E-05
  1845.0      6.08130E-05
  1855.0      6.01690E-05
  1865.0      5.87410E-05
  1875.0      5.70970E-05
  1885.0      5.82730E-05
  1895.0      5.77190E-05
  1905.0      5.70380E-05
  1915.0      5.65440E-05
  1925.0      5.59710E-05
  1935.0      5.52850E-05
  1945.0      5.32500E-05
  1955.0      5.41600E-05
  1965.0      5.37610E-05
  1975.0      5.32290E-05
  1985.0      5.27040E-05
  1995.0      5.21870E-05
  2005.0      5.16790E-05
  2015.0      5.11780E-05
  2025.0      5.06830E-05
  2035.0      5.01960E-05
  2045.0      4.97120E-05
  2055.0      4.92130E-05
  2065.0      4.87750E-05
  2075.0      4.83130E-05
  2085.0      4.78610E-05
  2095.0      4.74130E-05
  2105.0      4.69720E-05
  2115.0      4.64770E-05
  2125.0      4.61080E-05
  2135.0      4.56840E-05
  2145.0      4.52630E-05
  2155.0      4.47800E-05
  2165.0      4.29970E-05
  2175.0      4.38880E-05
  2185.0      4.36460E-05
  2195.0      4.32630E-05
  2205.0      4.28780E-05
  2215.0      4.24980E-05
  2225.0      4.21230E-05
  2235.0      4.17540E-05
  2245.0      4.13880E-05
  2255.0      4.10280E-05
  2265.0      4.06730E-05
  2275.0      4.03210E-05
  2285.0      4.00260E-05
  2295.0      3.96840E-05
  2305.0      3.93420E-05
  2315.0      3.90110E-05
  2325.0      3.86820E-05
  2335.0      3.83560E-05
  2345.0      3.80340E-05
  2355.0      3.77170E-05
  2365.0      3.74030E-05
  2375.0      3.70930E-05
  2385.0      3.67870E-05
  2395.0      3.64850E-05
  2405.0      3.61860E-05
  2415.0      3.58910E-05
  2425.0      3.55950E-05
  2435.0      3.53120E-05
  2445.0      3.50280E-05
  2455.0      3.47470E-05
  2465.0      3.44690E-05
  2475.0      3.41710E-05
  2485.0      3.39240E-05
  2495.0      3.36560E-05
  2505.0      3.33920E-05
  2515.0      3.31300E-05
  2525.0      3.28690E-05
  2535.0      3.26160E-05
  2545.0      3.23630E-05
  2555.0      3.21130E-05
  2565.0      3.18170E-05
  2575.0      3.16220E-05
  2585.0      3.13810E-05
  2595.0      3.11430E-05
  2605.0      3.08570E-05
  2615.0      3.04720E-05
  2625.0      2.93300E-05
  2635.0      3.00740E-05
  2645.0      2.99900E-05
  2655.0      2.97570E-05
  2665.0      2.95090E-05
  2675.0      2.91690E-05
  2685.0      2.90730E-05
  2695.0      2.89000E-05
  2705.0      2.86890E-05
  2715.0      2.84810E-05
  2725.0      2.82740E-05
  2735.0      2.80700E-05
  2745.0      2.78430E-05
  2755.0      2.74420E-05
  2765.0      2.73440E-05
  2775.0      2.72740E-05
  2785.0      2.70810E-05
  2795.0      2.68900E-05
  2805.0      2.67010E-05
  2815.0      2.65130E-05
  2825.0      2.63280E-05
  2835.0      2.61440E-05
  2845.0      2.59620E-05
  2855.0      2.57770E-05
  2865.0      2.54770E-05
  2875.0      2.50850E-05
  2885.0      2.52020E-05
  2895.0      2.50810E-05
  2905.0      2.49110E-05
  2915.0      2.47420E-05
  2925.0      2.45740E-05
  2935.0      2.44090E-05
  2945.0      2.42440E-05
  2955.0      2.40820E-05
  2965.0      2.39210E-05
  2975.0      2.37620E-05
  2985.0      2.36050E-05
  2995.0      2.34480E-05
  3005.0      2.32940E-05
  3015.0      2.31410E-05
  3025.0      2.29580E-05
  3035.0      2.24850E-05
  3045.0      2.24590E-05
  3055.0      2.25240E-05
  3065.0      2.23980E-05
  3075.0      2.22530E-05
  3085.0      2.21100E-05
  3095.0      2.19690E-05
  3105.0      2.18290E-05
  3115.0      2.16900E-05
  3125.0      2.15520E-05
  3135.0      2.14160E-05
  3145.0      2.12810E-05
  3155.0      2.11470E-05
  3165.0      2.10150E-05
  3175.0      2.08830E-05
  3185.0      2.07530E-05
  3195.0      2.06250E-05
  3210.0      2.04330E-05
  3230.0      2.01830E-05
  3250.0      1.99370E-05
  3270.0      1.96950E-05
  3290.0      1.91390E-05
  3310.0      1.91420E-05
  3330.0      1.90060E-05
  3350.0      1.87830E-05
  3370.0      1.85620E-05
  3390.0      1.83450E-05
  3410.0      1.81310E-05
  3430.0      1.79210E-05
  3450.0      1.77150E-05
  3470.0      1.75130E-05
  3490.0      1.73130E-05
  3510.0      1.71170E-05
  3530.0      1.69250E-05
  3550.0      1.67360E-05
  3570.0      1.65490E-05
  3590.0      1.63660E-05
  3610.0      1.61860E-05
  3630.0      1.60090E-05
  3650.0      1.58340E-05
  3670.0      1.56630E-05
  3690.0      1.54940E-05
  3710.0      1.53180E-05
  3730.0      1.50060E-05
  3750.0      1.47830E-05
  3770.0      1.48450E-05
  3790.0      1.46890E-05
  3810.0      1.45360E-05
  3830.0      1.43850E-05
  3850.0      1.42360E-05
  3870.0      1.40900E-05
  3890.0      1.39450E-05
  3910.0      1.37980E-05
  3930.0      1.36640E-05
  3950.0      1.35260E-05
  3970.0      1.33900E-05
  3990.0      1.32560E-05
  4010.0      1.31120E-05
  4030.0      1.29590E-05
  4050.0      1.25850E-05
  4070.0      1.27330E-05
  4090.0      1.26170E-05
  4110.0      1.24950E-05
  4130.0      1.23700E-05
  4150.0      1.22550E-05
  4170.0      1.20870E-05
  4190.0      1.20180E-05
  4210.0      1.19080E-05
  4230.0      1.17960E-05
  4250.0      1.16840E-05
  4270.0      1.15760E-05
  4290.0      1.14620E-05
  4310.0      1.13620E-05
  4330.0      1.12570E-05
  4350.0      1.11540E-05
  4370.0      1.09830E-05
  4390.0      1.09230E-05
  4410.0      1.08530E-05
  4430.0      1.07550E-05
  4450.0      1.06580E-05
  4470.0      1.05670E-05
  4490.0      1.04730E-05
  4510.0      1.03800E-05
  4530.0      1.02880E-05
  4550.0      1.01980E-05
  4570.0      1.01090E-05
  4590.0      1.00210E-05
  4610.0      9.93270E-06
  4630.0      9.83780E-06
  4650.0      9.49260E-06
  4670.0      9.54670E-06
  4690.0      9.56650E-06
  4710.0      9.51540E-06
  4730.0      9.43500E-06
  4750.0      9.35540E-06
  4770.0      9.27700E-06
  4790.0      9.19940E-06
  4810.0      9.12290E-06
  4830.0      9.04720E-06
  4850.0      8.97250E-06
  4870.0      8.89870E-06
  4890.0      8.82590E-06
  4910.0      8.75390E-06
  4930.0      8.68270E-06
  4950.0      8.61250E-06
  4970.0      8.54300E-06
  4990.0      8.47450E-06
  5010.0      8.40670E-06
  5030.0      8.33970E-06
  5050.0      8.27350E-06
  5070.0      8.20810E-06
  5090.0      8.14330E-06
  5110.0      8.05820E-06
  5130.0      7.88420E-06
  5150.0      7.93950E-06
  5170.0      7.89220E-06
  5190.0      7.83130E-06
  5210.0      7.77110E-06
  5230.0      7.71150E-06
  5250.0      7.65250E-06
  5270.0      7.59430E-06
  5290.0      7.53670E-06
  5310.0      7.47980E-06
  5330.0      7.42350E-06
  5350.0      7.36780E-06
  5370.0      7.31270E-06
  5390.0      7.25830E-06
  5410.0      7.20450E-06
  5430.0      7.15120E-06
  5450.0      7.09860E-06
  5470.0      7.04650E-06
  5490.0      6.99490E-06
  5510.0      6.94390E-06
  5530.0      6.89350E-06
  5550.0      6.84370E-06
  5570.0      6.79430E-06
  5590.0      6.74550E-06
  5610.0      6.69720E-06
  5630.0      6.64950E-06
  5650.0      6.60220E-06
  5670.0      6.55540E-06
  5690.0      6.50900E-06
  5710.0      6.46310E-06
  5730.0      6.41790E-06
  5750.0      6.37310E-06
  5770.0      6.32870E-06
  5790.0      6.28480E-06
  5810.0      6.24130E-06
  5830.0      6.19820E-06
  5850.0      6.15710E-06
  5870.0      6.11480E-06
  5890.0      6.04870E-06
  5910.0      5.88880E-06
  5930.0      5.97100E-06
  5950.0      5.93380E-06
  5970.0      5.90330E-06
  5990.0      5.87060E-06
  6010.0      5.83140E-06
  6030.0      5.79250E-06
  6050.0      5.75400E-06
  6070.0      5.71590E-06
  6090.0      5.67810E-06
  6110.0      5.64070E-06
  6130.0      5.60370E-06
  6150.0      5.56710E-06
  6170.0      5.53070E-06
  6190.0      5.49480E-06
  6210.0      5.45920E-06
  6230.0      5.42390E-06
  6250.0      5.38890E-06
  6270.0      5.35080E-06
  6290.0      5.29310E-06
  6310.0      5.27930E-06
  6330.0      5.25250E-06
  6350.0      5.21920E-06
  6370.0      5.18620E-06
  6390.0      5.15360E-06
  6420.0      5.10510E-06
  6460.0      5.04160E-06
  6500.0      4.97920E-06
  6540.0      4.91790E-06
  6580.0      4.85780E-06
  6620.0      4.79880E-06
  6660.0      4.74080E-06
  6700.0      4.68380E-06
  6740.0      4.62310E-06
  6780.0      4.54580E-06
  6820.0      4.51890E-06
  6860.0      4.46600E-06
  6900.0      4.41390E-06
  6940.0      4.36270E-06
  6980.0      4.31230E-06
  7020.0      4.26290E-06
  7060.0      4.21420E-06
  7100.0      4.16640E-06
  7140.0      4.11940E-06
  7180.0      4.07310E-06
  7220.0      4.02770E-06
  7260.0      3.98290E-06
  7300.0      3.93900E-06
  7340.0      3.89570E-06
  7380.0      3.85310E-06
  7420.0      3.80670E-06
  7460.0      3.68290E-06
  7500.0      3.63480E-06
  7540.0      3.67900E-06
  7580.0      3.65040E-06
  7620.0      3.61180E-06
  7660.0      3.57380E-06
  7700.0      3.53630E-06
  7740.0      3.49950E-06
  7780.0      3.46310E-06
  7820.0      3.42750E-06
  7860.0      3.39230E-06
  7900.0      3.35760E-06
  7940.0      3.32350E-06
  7980.0      3.28990E-06
  8020.0      3.25680E-06
  8060.0      3.22420E-06
  8100.0      3.19200E-06
  8140.0      3.15980E-06
  8180.0      3.12910E-06
  8220.0      3.09850E-06
  8260.0      3.06820E-06
  8300.0      3.03830E-06
  8340.0      3.00890E-06
  8380.0      2.97990E-06
  8420.0      2.95130E-06
  8460.0      2.92310E-06
  8500.0      2.89540E-06
  8540.0      2.86800E-06
  8580.0      2.84100E-06
  8620.0      2.81430E-06
  8660.0      2.78240E-06
  8700.0      2.76110E-06
  8740.0      2.71320E-06
  8780.0      2.68820E-06
  8820.0      2.68650E-06
  8860.0      2.66210E-06
  8900.0      2.63790E-06
  8940.0      2.61400E-06
  8980.0      2.59050E-06
  9020.0      2.56730E-06
  9060.0      2.54440E-06
  9100.0      2.52170E-06
  9140.0      2.49940E-06
  9180.0      2.47740E-06
  9220.0      2.45570E-06
  9260.0      2.43420E-06
  9300.0      2.41300E-06
  9340.0      2.39210E-06
  9380.0      2.36160E-06
  9420.0      2.34770E-06
  9460.0      2.33100E-06
  9500.0      2.31110E-06
  9540.0      2.29150E-06
  9580.0      2.27220E-06
  9620.0      2.25300E-06
  9660.0      2.23420E-06
  9700.0      2.21550E-06
  9740.0      2.19710E-06
  9780.0      2.17890E-06
  9820.0      2.16090E-06
  9860.0      2.14320E-06
  9900.0      2.12570E-06
  9940.0      2.10830E-06
  9980.0      2.09120E-06
  10020.      2.07430E-06
  20000.      5.07670E-07
  40000.      1.22850E-07
  60000.      5.34560E-08
  80000.      2.96010E-08
 1.00000E+05  1.87160E-08
 1.20000E+05  1.28700E-08
 1.40000E+05  9.37790E-09
 1.60000E+05  7.12990E-09
