 Castelli and Kurucz 2004-2012 Atmosphere
 T     49000.     G    5.00000 [-0.5a] N(He)/Ntot=0.0784 VTURB=2.0  L/H=1.25 OD
 Wavelength  Eddington Hnu
   (nm)    (ergs/s/cm2/Hz/sr)
  9.0900      1.25900E-18
  9.3500      3.39080E-18
  9.6100      8.48960E-18
  9.7700      1.49910E-17
  9.9600      2.82030E-17
  10.200      6.06420E-17
  10.380      1.05330E-16
  10.560      1.79590E-16
  10.770      3.27380E-16
  11.040      6.85500E-16
  11.400      1.74080E-15
  11.780      4.36430E-15
  12.130      9.77820E-15
  12.480      2.07930E-14
  12.710      3.35330E-14
  12.840      4.47270E-14
  13.050      6.73400E-14
  13.240      9.64390E-14
  13.390      1.27650E-13
  13.660      2.06160E-13
  13.980      3.60490E-13
  14.330      6.35870E-13
  14.720      1.11920E-12
  15.100      2.04460E-12
  15.520      3.69920E-12
  15.880      6.06740E-12
  16.200      1.03330E-11
  16.600      1.71330E-11
  17.030      2.75920E-11
  17.340      3.88080E-11
  17.680      5.71910E-11
  18.020      8.22340E-11
  18.170      9.35640E-11
  18.610      1.48680E-10
  19.100      2.30820E-10
  19.390      3.09660E-10
  19.840      4.57210E-10
  20.180      5.97590E-10
  20.500      7.84630E-10
  21.050      1.19520E-09
  21.620      1.79640E-09
  21.980      2.34680E-09
  22.300      2.87640E-09
  22.680      3.64400E-09
  23.000      2.74500E-07
  23.400      2.20220E-06
  24.000      5.84240E-06
  24.650      2.27410E-05
  25.240      9.29900E-05
  25.680      1.53830E-04
  26.000      1.48510E-04
  26.400      3.41950E-04
  26.850      4.07580E-04
  27.350      4.86990E-04
  27.850      3.87460E-04
  28.400      6.27870E-04
  29.000      8.14790E-04
  29.600      7.13320E-04
  30.100      4.03590E-04
  30.800      5.00430E-04
  31.800      1.80570E-04
  32.800      2.35150E-04
  33.800      1.48870E-04
  34.800      1.58810E-04
  35.700      4.12200E-04
  36.600      7.69610E-04
  37.500      9.95540E-04
  38.500      9.75490E-04
  39.500      1.41670E-03
  40.500      1.97830E-03
  41.400      1.98620E-03
  42.200      1.89680E-03
  43.000      1.83620E-03
  44.100      2.17000E-03
  45.100      2.30560E-03
  46.000      2.04740E-03
  47.000      2.26870E-03
  48.000      2.51640E-03
  49.000      2.19990E-03
  50.000      2.84110E-03
  50.600      2.46490E-03
  51.200      2.96940E-03
  52.000      2.88920E-03
  53.000      2.81150E-03
  54.000      2.49290E-03
  55.000      2.16820E-03
  56.000      2.75110E-03
  57.000      3.10330E-03
  58.000      3.14620E-03
  59.000      3.21220E-03
  60.000      2.95940E-03
  61.000      2.60050E-03
  62.000      3.16490E-03
  63.000      2.96940E-03
  64.000      3.35040E-03
  65.000      3.20460E-03
  65.800      2.95810E-03
  66.500      3.35740E-03
  67.500      3.42610E-03
  68.500      3.21440E-03
  69.500      3.47610E-03
  70.500      3.17850E-03
  71.600      3.49150E-03
  72.600      3.58640E-03
  73.500      3.59040E-03
  74.500      3.51750E-03
  75.500      3.46510E-03
  76.500      3.31680E-03
  77.500      3.51390E-03
  78.500      3.24520E-03
  79.500      3.48080E-03
  80.500      3.55910E-03
  81.500      3.57800E-03
  82.500      3.61720E-03
  83.500      3.37600E-03
  84.500      3.59500E-03
  85.500      3.48240E-03
  86.500      3.62650E-03
  87.500      3.65730E-03
  88.500      3.60610E-03
  89.500      3.61980E-03
  90.500      3.56140E-03
  91.500      2.68540E-03
  92.500      4.13710E-03
  93.500      5.11460E-03
  94.500      5.97830E-03
  95.500      6.91520E-03
  96.500      7.56060E-03
  97.500      6.04110E-03
  98.500      7.15370E-03
  99.500      6.59980E-03
  100.50      6.90560E-03
  101.50      6.98340E-03
  102.50      6.12890E-03
  103.50      7.18430E-03
  104.50      7.38710E-03
  105.50      7.33610E-03
  106.50      6.94100E-03
  107.50      7.23540E-03
  108.50      6.66890E-03
  109.50      7.13060E-03
  110.50      7.02300E-03
  111.50      6.98750E-03
  112.50      6.82540E-03
  113.50      6.97880E-03
  114.50      6.96790E-03
  115.50      6.77500E-03
  116.50      6.52330E-03
  117.50      6.22910E-03
  118.50      6.53420E-03
  119.50      6.34260E-03
  120.50      6.32070E-03
  121.50      5.27890E-03
  122.50      6.22320E-03
  123.50      6.04530E-03
  124.50      5.95860E-03
  125.50      6.12850E-03
  126.50      6.09520E-03
  127.50      6.07220E-03
  128.50      6.04300E-03
  129.50      6.02730E-03
  130.50      5.89830E-03
  131.50      5.86880E-03
  132.50      5.80060E-03
  133.50      5.78040E-03
  134.50      5.70930E-03
  135.50      5.59220E-03
  136.50      5.42480E-03
  137.50      5.26290E-03
  138.50      5.37530E-03
  139.50      5.25480E-03
  140.50      5.09370E-03
  141.50      5.39100E-03
  142.50      5.24220E-03
  143.50      5.32280E-03
  144.20      5.16320E-03
  144.70      5.16760E-03
  145.50      5.10230E-03
  146.50      5.08470E-03
  147.50      5.08640E-03
  148.50      5.12660E-03
  149.50      5.05760E-03
  150.50      5.02870E-03
  151.20      5.02900E-03
  151.70      4.94370E-03
  152.50      4.97020E-03
  153.50      4.80450E-03
  154.50      4.44220E-03
  155.50      4.46740E-03
  156.50      4.66910E-03
  157.50      4.70640E-03
  158.50      4.61840E-03
  159.50      4.63010E-03
  160.50      4.53300E-03
  161.50      4.48970E-03
  162.50      4.46640E-03
  163.50      4.42240E-03
  164.50      4.24520E-03
  165.50      4.45180E-03
  166.50      4.42070E-03
  167.20      4.32370E-03
  167.70      4.43080E-03
  168.50      4.41100E-03
  169.50      4.39450E-03
  170.50      4.32660E-03
  171.50      4.21010E-03
  172.50      4.19420E-03
  173.50      4.26460E-03
  174.50      4.22570E-03
  175.50      4.19000E-03
  176.50      4.15150E-03
  177.50      4.12870E-03
  178.50      4.12090E-03
  179.50      4.06850E-03
  180.50      4.04030E-03
  181.50      4.00900E-03
  182.50      3.98230E-03
  183.50      3.95610E-03
  184.50      3.93200E-03
  185.50      3.89690E-03
  186.50      3.87810E-03
  187.50      3.83540E-03
  188.50      3.80470E-03
  189.50      3.80200E-03
  190.50      3.77420E-03
  191.50      3.74340E-03
  192.50      3.66230E-03
  193.50      3.69530E-03
  194.50      3.67390E-03
  195.50      3.63560E-03
  196.70      3.61160E-03
  197.60      3.57320E-03
  198.40      3.57140E-03
  199.50      3.53760E-03
  200.50      3.52050E-03
  201.50      3.49640E-03
  202.50      3.47320E-03
  203.50      3.44350E-03
  204.50      3.40510E-03
  205.50      2.61000E-03
  206.50      2.51850E-03
  207.40      2.56300E-03
  207.80      2.61570E-03
  208.50      2.75930E-03
  209.50      3.05940E-03
  210.50      3.23900E-03
  211.50      3.25990E-03
  212.50      3.22550E-03
  213.50      3.21310E-03
  214.50      3.19260E-03
  215.50      3.21140E-03
  216.50      3.06930E-03
  217.50      3.19460E-03
  218.50      3.06260E-03
  219.50      3.16120E-03
  220.50      3.14150E-03
  221.50      2.99170E-03
  222.50      3.10420E-03
  223.50      3.08810E-03
  224.50      3.06330E-03
  225.50      2.92570E-03
  226.50      3.02160E-03
  227.50      3.01140E-03
  228.50      2.97410E-03
  229.50      2.94000E-03
  230.50      2.83390E-03
  231.50      2.90960E-03
  232.50      2.90910E-03
  233.50      2.89270E-03
  234.50      2.86910E-03
  235.50      2.84670E-03
  236.50      2.82710E-03
  237.50      2.80060E-03
  238.50      2.66520E-03
  239.50      2.74940E-03
  240.50      2.73950E-03
  241.50      2.71750E-03
  242.50      2.72330E-03
  243.50      2.69920E-03
  244.50      2.68450E-03
  245.50      2.64900E-03
  246.50      2.64920E-03
  247.50      2.64060E-03
  248.50      2.61750E-03
  249.50      2.48950E-03
  250.50      2.57220E-03
  251.30      2.38100E-03
  251.80      2.52210E-03
  252.50      2.53440E-03
  253.50      2.54030E-03
  254.50      2.52610E-03
  255.50      2.50950E-03
  256.50      2.49660E-03
  257.50      2.47990E-03
  258.50      2.46400E-03
  259.50      2.42090E-03
  260.50      2.43600E-03
  261.50      2.40310E-03
  262.50      2.40810E-03
  263.50      2.39450E-03
  264.50      2.37430E-03
  265.50      2.36600E-03
  266.50      2.34970E-03
  267.50      2.31970E-03
  268.50      2.31780E-03
  269.50      2.30340E-03
  270.50      2.29820E-03
  271.50      2.28350E-03
  272.50      2.26700E-03
  273.50      2.17880E-03
  274.50      2.24430E-03
  275.50      2.22840E-03
  276.50      2.21790E-03
  277.50      2.20200E-03
  278.50      2.18180E-03
  279.50      2.16940E-03
  280.50      2.16400E-03
  281.50      2.15240E-03
  282.50      2.13540E-03
  283.50      2.12900E-03
  284.50      2.11870E-03
  285.50      2.10650E-03
  286.50      2.09180E-03
  287.50      2.07930E-03
  288.50      2.07060E-03
  289.50      2.05630E-03
  291.00      2.04040E-03
  293.00      2.02010E-03
  295.00      1.99780E-03
  297.00      1.97250E-03
  299.00      1.94620E-03
  301.00      1.92690E-03
  303.00      1.89880E-03
  305.00      1.88400E-03
  307.00      1.85800E-03
  309.00      1.84780E-03
  311.00      1.82880E-03
  313.00      1.80770E-03
  315.00      1.79290E-03
  317.00      1.77270E-03
  319.00      1.75570E-03
  321.00      1.70530E-03
  323.00      1.72180E-03
  325.00      1.70470E-03
  327.00      1.67570E-03
  329.00      1.66770E-03
  331.00      1.65050E-03
  333.00      1.63380E-03
  335.00      1.61100E-03
  337.00      1.60110E-03
  339.00      1.58220E-03
  341.00      1.56540E-03
  343.00      1.55680E-03
  345.00      1.53570E-03
  347.00      1.52640E-03
  349.00      1.51230E-03
  351.00      1.49960E-03
  353.00      1.48350E-03
  355.00      1.46970E-03
  357.00      1.45590E-03
  359.00      1.44300E-03
  361.00      1.42940E-03
  363.00      1.41480E-03
  364.00      1.37990E-03
  365.00      1.25330E-03
  367.00      1.24350E-03
  369.00      1.23510E-03
  371.00      1.23110E-03
  373.00      1.23990E-03
  375.00      1.25390E-03
  377.00      1.26780E-03
  379.00      1.29090E-03
  381.00      1.31190E-03
  383.00      1.26070E-03
  385.00      1.30670E-03
  387.00      1.31030E-03
  389.00      1.21090E-03
  391.00      1.29430E-03
  393.00      1.27790E-03
  395.00      1.27200E-03
  397.00      1.16290E-03
  399.00      1.25080E-03
  401.00      1.24600E-03
  403.00      1.21470E-03
  405.00      1.22870E-03
  407.00      1.21560E-03
  409.00      1.17240E-03
  411.00      1.11290E-03
  413.00      1.18370E-03
  415.00      1.17730E-03
  417.00      1.16830E-03
  419.00      1.15130E-03
  421.00      1.12860E-03
  423.00      1.13980E-03
  425.00      1.13020E-03
  427.00      1.12100E-03
  429.00      1.11160E-03
  431.00      1.10000E-03
  433.00      1.05610E-03
  435.00      1.01790E-03
  437.00      1.07240E-03
  439.00      1.06400E-03
  441.00      1.05660E-03
  443.00      1.04960E-03
  445.00      1.04030E-03
  447.00      1.02820E-03
  449.00      1.02450E-03
  451.00      1.01610E-03
  453.00      1.00580E-03
  455.00      9.79630E-04
  457.00      9.92830E-04
  459.00      9.85350E-04
  461.00      9.77720E-04
  463.00      9.66850E-04
  465.00      9.54280E-04
  467.00      9.53720E-04
  469.00      9.14360E-04
  471.00      9.40610E-04
  473.00      9.34780E-04
  475.00      9.27740E-04
  477.00      9.20670E-04
  479.00      9.13160E-04
  481.00      9.06820E-04
  483.00      8.98690E-04
  485.00      8.71060E-04
  487.00      8.27920E-04
  489.00      8.77590E-04
  491.00      8.73700E-04
  493.00      8.66290E-04
  495.00      8.61360E-04
  497.00      8.55210E-04
  499.00      8.49150E-04
  501.00      8.41940E-04
  503.00      8.36750E-04
  505.00      8.30740E-04
  507.00      8.25080E-04
  509.00      8.19340E-04
  511.00      8.13580E-04
  513.00      8.07770E-04
  515.00      8.02130E-04
  517.00      7.96610E-04
  519.00      7.91050E-04
  521.00      7.85490E-04
  523.00      7.80160E-04
  525.00      7.74550E-04
  527.00      7.68770E-04
  529.00      7.64210E-04
  531.00      7.58970E-04
  533.00      7.53800E-04
  535.00      7.48760E-04
  537.00      7.43660E-04
  539.00      7.38650E-04
  541.00      7.17320E-04
  543.00      7.28500E-04
  545.00      7.24010E-04
  547.00      7.19140E-04
  549.00      7.14440E-04
  551.00      7.09310E-04
  553.00      7.05080E-04
  555.00      7.00470E-04
  557.00      6.95740E-04
  559.00      6.89970E-04
  561.00      6.86890E-04
  563.00      6.82450E-04
  565.00      6.78050E-04
  567.00      6.73700E-04
  569.00      6.60230E-04
  571.00      6.19230E-04
  573.00      6.15590E-04
  575.00      6.11950E-04
  577.00      6.08480E-04
  579.00      6.05170E-04
  581.00      6.00270E-04
  583.00      5.99860E-04
  585.00      5.98190E-04
  587.00      5.94800E-04
  589.00      5.96150E-04
  591.00      5.95830E-04
  593.00      5.95890E-04
  595.00      5.96470E-04
  597.00      5.97300E-04
  599.00      5.98880E-04
  601.00      5.98450E-04
  603.00      5.98470E-04
  605.00      5.97510E-04
  607.00      5.93910E-04
  609.00      5.91040E-04
  611.00      5.87780E-04
  613.00      5.84510E-04
  615.00      5.81900E-04
  617.00      5.76550E-04
  619.00      5.74870E-04
  621.00      5.71820E-04
  623.00      5.66000E-04
  625.00      5.64340E-04
  627.00      5.61750E-04
  629.00      5.58410E-04
  631.00      5.51930E-04
  633.00      5.51490E-04
  635.00      5.48810E-04
  637.00      5.45640E-04
  639.00      5.41890E-04
  641.00      5.35080E-04
  643.00      5.36080E-04
  645.00      5.33160E-04
  647.00      5.30100E-04
  649.00      5.27150E-04
  651.00      5.23330E-04
  653.00      5.14990E-04
  655.00      5.10240E-04
  657.00      4.79950E-04
  659.00      5.10790E-04
  661.00      5.09590E-04
  663.00      5.06750E-04
  665.00      5.03940E-04
  667.00      4.98970E-04
  669.00      4.91170E-04
  671.00      4.95140E-04
  673.00      4.92850E-04
  675.00      4.90130E-04
  677.00      4.87480E-04
  679.00      4.84860E-04
  681.00      4.82220E-04
  683.00      4.79600E-04
  685.00      4.77000E-04
  687.00      4.74340E-04
  689.00      4.64300E-04
  691.00      4.68790E-04
  693.00      4.66830E-04
  695.00      4.64340E-04
  697.00      4.61870E-04
  699.00      4.59410E-04
  701.00      4.56880E-04
  703.00      4.54370E-04
  705.00      4.51970E-04
  707.00      4.48890E-04
  709.00      4.47440E-04
  711.00      4.45040E-04
  713.00      4.42700E-04
  715.00      4.40470E-04
  717.00      4.32970E-04
  719.00      4.32580E-04
  721.00      4.33670E-04
  723.00      4.31440E-04
  725.00      4.29230E-04
  727.00      4.27030E-04
  729.00      4.24650E-04
  731.00      4.22520E-04
  733.00      4.20530E-04
  735.00      4.18400E-04
  737.00      4.16210E-04
  739.00      4.14140E-04
  741.00      4.12010E-04
  743.00      4.10030E-04
  745.00      4.07760E-04
  747.00      4.05940E-04
  749.00      4.03780E-04
  751.00      4.01820E-04
  753.00      3.99910E-04
  755.00      3.97930E-04
  757.00      3.95940E-04
  759.00      3.86380E-04
  761.00      3.91320E-04
  763.00      3.90140E-04
  765.00      3.88220E-04
  767.00      3.86320E-04
  769.00      3.84210E-04
  771.00      3.82480E-04
  773.00      3.80390E-04
  775.00      3.78930E-04
  777.00      3.77100E-04
  779.00      3.75290E-04
  781.00      3.73490E-04
  783.00      3.71700E-04
  785.00      3.69730E-04
  787.00      3.68070E-04
  789.00      3.66380E-04
  791.00      3.64690E-04
  793.00      3.62970E-04
  795.00      3.61260E-04
  797.00      3.59370E-04
  799.00      3.57870E-04
  801.00      3.56190E-04
  803.00      3.54490E-04
  805.00      3.52880E-04
  807.00      3.51240E-04
  809.00      3.49610E-04
  811.00      3.47990E-04
  813.00      3.46390E-04
  815.00      3.44790E-04
  817.00      3.43010E-04
  819.00      3.40030E-04
  821.00      3.24920E-04
  823.00      3.21220E-04
  825.00      3.21530E-04
  827.00      3.20710E-04
  829.00      3.19360E-04
  831.00      3.17990E-04
  833.00      3.16480E-04
  835.00      3.15260E-04
  837.00      3.13960E-04
  839.00      3.12690E-04
  841.00      3.11490E-04
  843.00      3.10290E-04
  845.00      3.09100E-04
  847.00      3.08050E-04
  849.00      3.07110E-04
  851.00      3.06070E-04
  853.00      3.05230E-04
  855.00      3.04130E-04
  857.00      3.03490E-04
  859.00      3.02400E-04
  861.00      3.01590E-04
  863.00      3.01330E-04
  865.00      3.00270E-04
  867.00      2.98360E-04
  869.00      2.99200E-04
  871.00      2.98870E-04
  873.00      2.97770E-04
  875.00      2.94170E-04
  877.00      2.95910E-04
  879.00      2.96610E-04
  881.00      2.96330E-04
  883.00      2.95480E-04
  885.00      2.91530E-04
  887.00      2.86790E-04
  889.00      2.91630E-04
  891.00      2.92050E-04
  893.00      2.91310E-04
  895.00      2.90390E-04
  897.00      2.88990E-04
  899.00      2.86170E-04
  901.00      2.77050E-04
  903.00      2.79440E-04
  905.00      2.83410E-04
  907.00      2.83160E-04
  909.00      2.82400E-04
  911.00      2.80910E-04
  913.00      2.80330E-04
  915.00      2.79340E-04
  917.00      2.77830E-04
  919.00      2.75890E-04
  921.00      2.71850E-04
  923.00      2.60260E-04
  925.00      2.68830E-04
  927.00      2.71240E-04
  929.00      2.71030E-04
  931.00      2.70180E-04
  933.00      2.68530E-04
  935.00      2.61070E-04
  937.00      2.65670E-04
  939.00      2.65690E-04
  941.00      2.64790E-04
  943.00      2.63760E-04
  945.00      2.62700E-04
  947.00      2.61610E-04
  949.00      2.60300E-04
  951.00      2.58220E-04
  953.00      2.53470E-04
  955.00      2.41700E-04
  957.00      2.52690E-04
  959.00      2.54480E-04
  961.00      2.54300E-04
  963.00      2.53340E-04
  965.00      2.52450E-04
  967.00      2.51460E-04
  969.00      2.50470E-04
  971.00      2.49200E-04
  973.00      2.48460E-04
  975.00      2.47050E-04
  977.00      2.44980E-04
  979.00      2.45590E-04
  981.00      2.44660E-04
  983.00      2.43650E-04
  985.00      2.42770E-04
  987.00      2.41830E-04
  989.00      2.40890E-04
  991.00      2.39950E-04
  993.00      2.39050E-04
  995.00      2.38130E-04
  997.00      2.37220E-04
  999.00      2.36170E-04
  1002.5      2.30430E-04
  1007.5      2.26340E-04
  1012.5      2.26060E-04
  1017.5      2.28160E-04
  1022.5      2.26040E-04
  1027.5      2.23890E-04
  1032.5      2.21750E-04
  1037.5      2.19810E-04
  1042.5      2.16500E-04
  1047.5      2.15830E-04
  1052.5      2.13870E-04
  1057.5      2.11940E-04
  1062.5      2.10030E-04
  1067.5      2.08150E-04
  1072.5      2.06300E-04
  1077.5      2.04460E-04
  1082.5      2.02370E-04
  1087.5      2.00610E-04
  1092.5      1.91630E-04
  1097.5      1.95330E-04
  1102.5      1.95620E-04
  1107.5      1.93970E-04
  1112.5      1.92300E-04
  1117.5      1.90770E-04
  1122.5      1.89130E-04
  1127.5      1.87510E-04
  1132.5      1.85920E-04
  1137.5      1.84370E-04
  1142.5      1.82820E-04
  1147.5      1.81290E-04
  1152.5      1.79780E-04
  1157.5      1.78290E-04
  1162.5      1.74500E-04
  1167.5      1.73660E-04
  1172.5      1.73920E-04
  1177.5      1.72500E-04
  1182.5      1.71080E-04
  1187.5      1.69700E-04
  1192.5      1.68340E-04
  1197.5      1.66890E-04
  1202.5      1.65650E-04
  1207.5      1.64320E-04
  1212.5      1.63010E-04
  1217.5      1.61730E-04
  1222.5      1.60460E-04
  1227.5      1.59200E-04
  1232.5      1.57950E-04
  1237.5      1.56720E-04
  1242.5      1.55510E-04
  1247.5      1.54300E-04
  1252.5      1.53110E-04
  1257.5      1.51940E-04
  1262.5      1.50780E-04
  1267.5      1.49630E-04
  1272.5      1.48490E-04
  1277.5      1.46570E-04
  1282.5      1.39980E-04
  1287.5      1.44770E-04
  1292.5      1.44080E-04
  1297.5      1.42990E-04
  1302.5      1.41950E-04
  1307.5      1.40900E-04
  1312.5      1.39860E-04
  1317.5      1.38830E-04
  1322.5      1.37820E-04
  1327.5      1.36810E-04
  1332.5      1.35820E-04
  1337.5      1.34840E-04
  1342.5      1.33860E-04
  1347.5      1.32900E-04
  1352.5      1.31950E-04
  1357.5      1.31010E-04
  1362.5      1.30080E-04
  1367.5      1.29160E-04
  1372.5      1.28250E-04
  1377.5      1.27340E-04
  1382.5      1.26450E-04
  1387.5      1.25570E-04
  1392.5      1.24690E-04
  1397.5      1.23830E-04
  1402.5      1.22970E-04
  1407.5      1.22130E-04
  1412.5      1.21290E-04
  1417.5      1.20450E-04
  1422.5      1.19640E-04
  1427.5      1.18820E-04
  1432.5      1.18010E-04
  1437.5      1.17220E-04
  1442.5      1.16430E-04
  1447.5      1.15650E-04
  1452.5      1.14880E-04
  1457.0      1.14190E-04
  1462.0      1.13460E-04
  1467.5      1.12630E-04
  1472.5      1.11810E-04
  1477.5      1.09840E-04
  1482.5      1.10410E-04
  1487.5      1.09710E-04
  1492.5      1.09000E-04
  1497.5      1.08300E-04
  1502.5      1.07600E-04
  1507.5      1.06900E-04
  1512.5      1.06220E-04
  1517.5      1.05640E-04
  1522.5      1.05050E-04
  1527.5      1.04280E-04
  1532.5      1.03610E-04
  1537.5      1.03000E-04
  1542.5      1.02280E-04
  1547.5      1.01680E-04
  1552.5      1.01020E-04
  1557.5      1.00310E-04
  1562.5      9.98780E-05
  1567.5      9.90540E-05
  1572.5      9.83970E-05
  1577.5      9.80380E-05
  1582.5      9.73520E-05
  1587.5      9.64800E-05
  1592.5      9.60480E-05
  1597.5      9.56540E-05
  1605.0      9.46190E-05
  1615.0      9.33100E-05
  1625.0      9.25160E-05
  1635.0      9.11780E-05
  1645.0      8.98180E-05
  1655.0      8.92630E-05
  1665.0      8.82170E-05
  1675.0      8.68490E-05
  1685.0      8.54610E-05
  1695.0      8.51860E-05
  1705.0      8.41650E-05
  1715.0      8.32530E-05
  1725.0      8.22770E-05
  1735.0      8.02320E-05
  1745.0      8.03160E-05
  1755.0      7.95740E-05
  1765.0      7.86930E-05
  1775.0      7.78250E-05
  1785.0      7.69730E-05
  1795.0      7.61340E-05
  1805.0      7.53060E-05
  1815.0      7.32370E-05
  1825.0      7.34180E-05
  1835.0      7.29100E-05
  1845.0      7.21370E-05
  1855.0      7.13880E-05
  1865.0      6.96910E-05
  1875.0      6.80540E-05
  1885.0      6.91460E-05
  1895.0      6.84590E-05
  1905.0      6.77380E-05
  1915.0      6.70600E-05
  1925.0      6.63770E-05
  1935.0      6.56280E-05
  1945.0      6.35560E-05
  1955.0      6.43080E-05
  1965.0      6.37440E-05
  1975.0      6.31100E-05
  1985.0      6.24850E-05
  1995.0      6.18700E-05
  2005.0      6.12640E-05
  2015.0      6.06670E-05
  2025.0      6.00780E-05
  2035.0      5.94980E-05
  2045.0      5.89250E-05
  2055.0      5.83570E-05
  2065.0      5.78060E-05
  2075.0      5.72440E-05
  2085.0      5.67170E-05
  2095.0      5.61850E-05
  2105.0      5.56600E-05
  2115.0      5.51310E-05
  2125.0      5.46310E-05
  2135.0      5.41270E-05
  2145.0      5.36290E-05
  2155.0      5.30970E-05
  2165.0      5.12590E-05
  2175.0      5.20590E-05
  2185.0      5.17080E-05
  2195.0      5.12440E-05
  2205.0      5.07870E-05
  2215.0      5.03350E-05
  2225.0      4.98890E-05
  2235.0      4.94490E-05
  2245.0      4.90140E-05
  2255.0      4.85860E-05
  2265.0      4.81630E-05
  2275.0      4.77450E-05
  2285.0      4.73740E-05
  2295.0      4.69670E-05
  2305.0      4.65640E-05
  2315.0      4.61680E-05
  2325.0      4.57760E-05
  2335.0      4.53890E-05
  2345.0      4.50070E-05
  2355.0      4.46290E-05
  2365.0      4.42570E-05
  2375.0      4.38890E-05
  2385.0      4.35250E-05
  2395.0      4.31660E-05
  2405.0      4.28110E-05
  2415.0      4.24610E-05
  2425.0      4.21120E-05
  2435.0      4.17730E-05
  2445.0      4.14350E-05
  2455.0      4.11020E-05
  2465.0      4.07720E-05
  2475.0      4.04410E-05
  2485.0      4.01240E-05
  2495.0      3.98060E-05
  2505.0      3.94910E-05
  2515.0      3.91810E-05
  2525.0      3.88730E-05
  2535.0      3.85700E-05
  2545.0      3.82700E-05
  2555.0      3.79730E-05
  2565.0      3.76660E-05
  2575.0      3.73900E-05
  2585.0      3.71040E-05
  2595.0      3.68210E-05
  2605.0      3.65160E-05
  2615.0      3.61100E-05
  2625.0      3.48630E-05
  2635.0      3.56200E-05
  2645.0      3.54520E-05
  2655.0      3.51870E-05
  2665.0      3.49110E-05
  2675.0      3.45250E-05
  2685.0      3.43960E-05
  2695.0      3.41580E-05
  2705.0      3.39070E-05
  2715.0      3.36600E-05
  2725.0      3.34150E-05
  2735.0      3.31720E-05
  2745.0      3.29300E-05
  2755.0      3.24920E-05
  2765.0      3.23620E-05
  2775.0      3.22280E-05
  2785.0      3.19990E-05
  2795.0      3.17720E-05
  2805.0      3.15470E-05
  2815.0      3.13250E-05
  2825.0      3.11050E-05
  2835.0      3.08870E-05
  2845.0      3.06710E-05
  2855.0      3.04570E-05
  2865.0      3.01470E-05
  2875.0      2.97220E-05
  2885.0      2.98010E-05
  2895.0      2.96260E-05
  2905.0      2.94240E-05
  2915.0      2.92230E-05
  2925.0      2.90250E-05
  2935.0      2.88280E-05
  2945.0      2.86340E-05
  2955.0      2.84410E-05
  2965.0      2.82500E-05
  2975.0      2.80620E-05
  2985.0      2.78750E-05
  2995.0      2.76900E-05
  3005.0      2.75060E-05
  3015.0      2.73250E-05
  3025.0      2.71270E-05
  3035.0      2.66350E-05
  3045.0      2.65810E-05
  3055.0      2.66140E-05
  3065.0      2.64440E-05
  3075.0      2.62730E-05
  3085.0      2.61030E-05
  3095.0      2.59350E-05
  3105.0      2.57690E-05
  3115.0      2.56040E-05
  3125.0      2.54410E-05
  3135.0      2.52800E-05
  3145.0      2.51200E-05
  3155.0      2.49610E-05
  3165.0      2.48040E-05
  3175.0      2.46480E-05
  3185.0      2.44940E-05
  3195.0      2.43410E-05
  3210.0      2.41150E-05
  3230.0      2.38180E-05
  3250.0      2.35260E-05
  3270.0      2.32390E-05
  3290.0      2.26500E-05
  3310.0      2.26150E-05
  3330.0      2.24210E-05
  3350.0      2.21550E-05
  3370.0      2.18930E-05
  3390.0      2.16360E-05
  3410.0      2.13830E-05
  3430.0      2.11340E-05
  3450.0      2.08900E-05
  3470.0      2.06500E-05
  3490.0      2.04140E-05
  3510.0      2.01830E-05
  3530.0      1.99550E-05
  3550.0      1.97300E-05
  3570.0      1.95100E-05
  3590.0      1.92930E-05
  3610.0      1.90800E-05
  3630.0      1.88700E-05
  3650.0      1.86640E-05
  3670.0      1.84610E-05
  3690.0      1.82610E-05
  3710.0      1.80620E-05
  3730.0      1.77270E-05
  3750.0      1.74650E-05
  3770.0      1.74930E-05
  3790.0      1.73090E-05
  3810.0      1.71270E-05
  3830.0      1.69490E-05
  3850.0      1.67730E-05
  3870.0      1.65990E-05
  3890.0      1.64290E-05
  3910.0      1.62600E-05
  3930.0      1.60950E-05
  3950.0      1.59320E-05
  3970.0      1.57720E-05
  3990.0      1.56130E-05
  4010.0      1.54480E-05
  4030.0      1.52850E-05
  4050.0      1.48660E-05
  4070.0      1.50000E-05
  4090.0      1.48570E-05
  4110.0      1.47120E-05
  4130.0      1.45690E-05
  4150.0      1.44280E-05
  4170.0      1.42460E-05
  4190.0      1.41530E-05
  4210.0      1.40190E-05
  4230.0      1.38860E-05
  4250.0      1.37550E-05
  4270.0      1.36260E-05
  4290.0      1.34980E-05
  4310.0      1.33730E-05
  4330.0      1.32490E-05
  4350.0      1.31270E-05
  4370.0      1.29440E-05
  4390.0      1.28660E-05
  4410.0      1.27700E-05
  4430.0      1.26550E-05
  4450.0      1.25410E-05
  4470.0      1.24320E-05
  4490.0      1.23210E-05
  4510.0      1.22110E-05
  4530.0      1.21030E-05
  4550.0      1.19960E-05
  4570.0      1.18910E-05
  4590.0      1.17870E-05
  4610.0      1.16840E-05
  4630.0      1.15780E-05
  4650.0      1.12100E-05
  4670.0      1.12590E-05
  4690.0      1.12650E-05
  4710.0      1.11900E-05
  4730.0      1.10950E-05
  4750.0      1.10010E-05
  4770.0      1.09090E-05
  4790.0      1.08170E-05
  4810.0      1.07270E-05
  4830.0      1.06380E-05
  4850.0      1.05490E-05
  4870.0      1.04620E-05
  4890.0      1.03760E-05
  4910.0      1.02910E-05
  4930.0      1.02070E-05
  4950.0      1.01250E-05
  4970.0      1.00430E-05
  4990.0      9.96170E-06
  5010.0      9.88170E-06
  5030.0      9.80270E-06
  5050.0      9.72460E-06
  5070.0      9.64740E-06
  5090.0      9.57110E-06
  5110.0      9.47850E-06
  5130.0      9.29510E-06
  5150.0      9.33790E-06
  5170.0      9.27490E-06
  5190.0      9.20310E-06
  5210.0      9.13200E-06
  5230.0      9.06170E-06
  5250.0      8.99220E-06
  5270.0      8.92350E-06
  5290.0      8.85560E-06
  5310.0      8.78850E-06
  5330.0      8.72210E-06
  5350.0      8.65640E-06
  5370.0      8.59150E-06
  5390.0      8.52730E-06
  5410.0      8.46380E-06
  5430.0      8.40110E-06
  5450.0      8.33900E-06
  5470.0      8.27760E-06
  5490.0      8.21680E-06
  5510.0      8.15670E-06
  5530.0      8.09720E-06
  5550.0      8.03850E-06
  5570.0      7.98040E-06
  5590.0      7.92290E-06
  5610.0      7.86600E-06
  5630.0      7.80970E-06
  5650.0      7.75390E-06
  5670.0      7.69880E-06
  5690.0      7.64420E-06
  5710.0      7.59010E-06
  5730.0      7.53680E-06
  5750.0      7.48410E-06
  5770.0      7.43180E-06
  5790.0      7.38000E-06
  5810.0      7.32880E-06
  5830.0      7.27810E-06
  5850.0      7.22920E-06
  5870.0      7.17950E-06
  5890.0      7.11080E-06
  5910.0      6.94090E-06
  5930.0      7.01950E-06
  5950.0      6.97280E-06
  5970.0      6.93430E-06
  5990.0      6.89190E-06
  6010.0      6.84560E-06
  6030.0      6.79980E-06
  6050.0      6.75450E-06
  6070.0      6.70960E-06
  6090.0      6.66510E-06
  6110.0      6.62110E-06
  6130.0      6.57750E-06
  6150.0      6.53430E-06
  6170.0      6.49160E-06
  6190.0      6.44920E-06
  6210.0      6.40730E-06
  6230.0      6.36580E-06
  6250.0      6.32460E-06
  6270.0      6.28270E-06
  6290.0      6.21850E-06
  6310.0      6.19940E-06
  6330.0      6.16400E-06
  6350.0      6.12480E-06
  6370.0      6.08600E-06
  6390.0      6.04760E-06
  6420.0      5.99050E-06
  6460.0      5.91570E-06
  6500.0      5.84230E-06
  6540.0      5.77020E-06
  6580.0      5.69940E-06
  6620.0      5.63000E-06
  6660.0      5.56170E-06
  6700.0      5.49470E-06
  6740.0      5.42530E-06
  6780.0      5.33980E-06
  6820.0      5.30070E-06
  6860.0      5.23840E-06
  6900.0      5.17710E-06
  6940.0      5.11680E-06
  6980.0      5.05760E-06
  7020.0      4.99940E-06
  7060.0      4.94220E-06
  7100.0      4.88600E-06
  7140.0      4.83070E-06
  7180.0      4.77630E-06
  7220.0      4.72290E-06
  7260.0      4.67030E-06
  7300.0      4.61860E-06
  7340.0      4.56770E-06
  7380.0      4.51770E-06
  7420.0      4.46660E-06
  7460.0      4.33090E-06
  7500.0      4.27810E-06
  7540.0      4.31670E-06
  7580.0      4.27940E-06
  7620.0      4.23400E-06
  7660.0      4.18930E-06
  7700.0      4.14530E-06
  7740.0      4.10200E-06
  7780.0      4.05930E-06
  7820.0      4.01730E-06
  7860.0      3.97600E-06
  7900.0      3.93530E-06
  7940.0      3.89520E-06
  7980.0      3.85570E-06
  8020.0      3.81680E-06
  8060.0      3.77840E-06
  8100.0      3.74060E-06
  8140.0      3.70340E-06
  8180.0      3.66670E-06
  8220.0      3.63070E-06
  8260.0      3.59510E-06
  8300.0      3.56000E-06
  8340.0      3.52550E-06
  8380.0      3.49140E-06
  8420.0      3.45780E-06
  8460.0      3.42470E-06
  8500.0      3.39210E-06
  8540.0      3.35990E-06
  8580.0      3.32820E-06
  8620.0      3.29690E-06
  8660.0      3.26190E-06
  8700.0      3.23560E-06
  8740.0      3.18410E-06
  8780.0      3.15470E-06
  8820.0      3.14680E-06
  8860.0      3.11810E-06
  8900.0      3.08970E-06
  8940.0      3.06170E-06
  8980.0      3.03410E-06
  9020.0      3.00680E-06
  9060.0      2.97990E-06
  9100.0      2.95330E-06
  9140.0      2.92710E-06
  9180.0      2.90130E-06
  9220.0      2.87580E-06
  9260.0      2.85060E-06
  9300.0      2.82570E-06
  9340.0      2.80120E-06
  9380.0      2.76830E-06
  9420.0      2.75040E-06
  9460.0      2.72950E-06
  9500.0      2.70620E-06
  9540.0      2.68320E-06
  9580.0      2.66040E-06
  9620.0      2.63800E-06
  9660.0      2.61580E-06
  9700.0      2.59400E-06
  9740.0      2.57240E-06
  9780.0      2.55100E-06
  9820.0      2.52990E-06
  9860.0      2.50910E-06
  9900.0      2.48850E-06
  9940.0      2.46820E-06
  9980.0      2.44820E-06
  10020.      2.42830E-06
  20000.      5.92880E-07
  40000.      1.43360E-07
  60000.      6.23750E-08
  80000.      3.45370E-08
 1.00000E+05  2.18290E-08
 1.20000E+05  1.50030E-08
 1.40000E+05  1.09260E-08
 1.60000E+05  8.30110E-09
