 Castelli and Kurucz 2004-2012 Atmosphere
 T     31000.     G    4.00000 [-0.5a] N(He)/Ntot=0.0784 VTURB=2.0  L/H=1.25 OD
 Wavelength  Eddington Hnu
   (nm)    (ergs/s/cm2/Hz/sr)
  9.0900      4.52320E-35
  9.3500      3.02710E-34
  9.6100      1.84520E-33
  9.7700      5.37830E-33
  9.9600      1.83880E-32
  10.200      8.19230E-32
  10.380      2.41340E-31
  10.560      6.87740E-31
  10.770      2.24200E-30
  11.040      9.64180E-30
  11.400      6.11420E-29
  11.780      3.85080E-28
  12.130      1.90990E-27
  12.480      8.72450E-27
  12.710      2.27050E-26
  12.840      3.84490E-26
  13.050      8.82120E-26
  13.240      1.83210E-25
  13.390      3.21860E-25
  13.660      8.63530E-25
  13.980      2.65960E-24
  14.330      8.63390E-24
  14.720      3.01970E-23
  15.100      9.66450E-23
  15.520      3.28630E-22
  15.880      8.94720E-22
  16.200      2.10690E-21
  16.600      5.88750E-21
  17.030      1.68790E-20
  17.340      3.50520E-20
  17.680      7.59720E-20
  18.020      1.60040E-19
  18.170      2.20720E-19
  18.610      5.49430E-19
  19.100      1.44780E-18
  19.390      2.51200E-18
  19.840      5.73280E-18
  20.180      1.04370E-17
  20.500      1.80250E-17
  21.050      4.44240E-17
  21.620      1.07730E-16
  21.980      1.84630E-16
  22.300      2.93460E-16
  22.680      5.02400E-16
  23.000      2.95100E-13
  23.400      6.99840E-13
  24.000      1.26850E-12
  24.650      2.43480E-12
  25.240      4.38050E-12
  25.680      5.97580E-12
  26.000      9.92720E-12
  26.400      1.41720E-11
  26.850      2.20320E-11
  27.350      3.30210E-11
  27.850      4.61940E-11
  28.400      1.00870E-10
  29.000      1.55770E-10
  29.600      2.25430E-10
  30.100      3.01010E-10
  30.800      6.85170E-10
  31.800      1.58280E-09
  32.800      2.57000E-09
  33.800      4.70210E-09
  34.800      7.74820E-09
  35.700      1.71410E-08
  36.600      3.23250E-08
  37.500      4.31280E-08
  38.500      6.67840E-08
  39.500      1.10930E-07
  40.500      1.48520E-07
  41.400      2.06410E-07
  42.200      2.45390E-07
  43.000      3.04270E-07
  44.100      4.05910E-07
  45.100      5.15160E-07
  46.000      6.06260E-07
  47.000      7.66920E-07
  48.000      9.46770E-07
  49.000      1.13970E-06
  50.000      1.44070E-06
  50.600      3.94540E-06
  51.200      2.52250E-05
  52.000      2.45230E-05
  53.000      2.36490E-05
  54.000      2.32150E-05
  55.000      2.84570E-05
  56.000      3.51320E-05
  57.000      3.82410E-05
  58.000      3.60840E-05
  59.000      4.09840E-05
  60.000      3.64060E-05
  61.000      4.46670E-05
  62.000      5.21810E-05
  63.000      5.34410E-05
  64.000      5.38060E-05
  65.000      5.62180E-05
  65.800      5.20380E-05
  66.500      5.98710E-05
  67.500      6.57890E-05
  68.500      6.01130E-05
  69.500      7.47930E-05
  70.500      6.54980E-05
  71.600      8.45400E-05
  72.600      8.52800E-05
  73.500      8.88990E-05
  74.500      9.08790E-05
  75.500      9.36320E-05
  76.500      1.00000E-04
  77.500      1.05460E-04
  78.500      1.11850E-04
  79.500      1.14840E-04
  80.500      1.15560E-04
  81.500      1.18750E-04
  82.500      1.27770E-04
  83.500      1.11890E-04
  84.500      1.32210E-04
  85.500      1.35880E-04
  86.500      1.42910E-04
  87.500      1.47950E-04
  88.500      1.54550E-04
  89.500      1.60290E-04
  90.500      1.61050E-04
  91.500      1.95670E-04
  92.500      7.63260E-04
  93.500      1.23160E-03
  94.500      1.70570E-03
  95.500      1.88560E-03
  96.500      2.15140E-03
  97.500      1.04600E-03
  98.500      1.93850E-03
  99.500      1.81700E-03
  100.50      1.91120E-03
  101.50      1.99820E-03
  102.50      1.55980E-03
  103.50      1.97070E-03
  104.50      2.26370E-03
  105.50      2.21510E-03
  106.50      1.98160E-03
  107.50      2.09260E-03
  108.50      1.98890E-03
  109.50      2.15060E-03
  110.50      2.08690E-03
  111.50      2.07600E-03
  112.50      1.74800E-03
  113.50      2.08060E-03
  114.50      1.98700E-03
  115.50      1.97620E-03
  116.50      1.99120E-03
  117.50      1.47320E-03
  118.50      1.89420E-03
  119.50      1.86150E-03
  120.50      1.76490E-03
  121.50      1.40540E-03
  122.50      1.83030E-03
  123.50      1.95090E-03
  124.50      1.91190E-03
  125.50      1.93470E-03
  126.50      1.97540E-03
  127.50      2.01470E-03
  128.50      2.02280E-03
  129.50      1.87310E-03
  130.50      1.91980E-03
  131.50      2.02470E-03
  132.50      1.97750E-03
  133.50      1.94950E-03
  134.50      1.95790E-03
  135.50      1.96460E-03
  136.50      1.90910E-03
  137.50      1.89920E-03
  138.50      1.87500E-03
  139.50      1.47290E-03
  140.50      1.56050E-03
  141.50      1.83770E-03
  142.50      1.72350E-03
  143.50      1.81100E-03
  144.20      1.83230E-03
  144.70      1.82330E-03
  145.50      1.77440E-03
  146.50      1.75840E-03
  147.50      1.76980E-03
  148.50      1.78050E-03
  149.50      1.75010E-03
  150.50      1.71550E-03
  151.20      1.70080E-03
  151.70      1.71120E-03
  152.50      1.68760E-03
  153.50      1.53460E-03
  154.50      1.42880E-03
  155.50      1.42220E-03
  156.50      1.52250E-03
  157.50      1.59210E-03
  158.50      1.60290E-03
  159.50      1.61140E-03
  160.50      1.54240E-03
  161.50      1.50560E-03
  162.50      1.53520E-03
  163.50      1.56050E-03
  164.50      1.54550E-03
  165.50      1.58750E-03
  166.50      1.56950E-03
  167.20      1.50540E-03
  167.70      1.66190E-03
  168.50      1.61790E-03
  169.50      1.58680E-03
  170.50      1.57200E-03
  171.50      1.53810E-03
  172.50      1.50540E-03
  173.50      1.55870E-03
  174.50      1.55300E-03
  175.50      1.54390E-03
  176.50      1.53470E-03
  177.50      1.51370E-03
  178.50      1.52830E-03
  179.50      1.52090E-03
  180.50      1.53330E-03
  181.50      1.50160E-03
  182.50      1.50120E-03
  183.50      1.50650E-03
  184.50      1.43680E-03
  185.50      1.45020E-03
  186.50      1.46500E-03
  187.50      1.45780E-03
  188.50      1.40220E-03
  189.50      1.37430E-03
  190.50      1.42340E-03
  191.50      1.39010E-03
  192.50      1.34190E-03
  193.50      1.40240E-03
  194.50      1.42500E-03
  195.50      1.33830E-03
  196.70      1.39050E-03
  197.60      1.42680E-03
  198.40      1.38100E-03
  199.50      1.35840E-03
  200.50      1.38590E-03
  201.50      1.39490E-03
  202.50      1.40070E-03
  203.50      1.36240E-03
  204.50      1.35780E-03
  205.50      1.17670E-03
  206.50      1.15450E-03
  207.40      1.20390E-03
  207.80      1.19310E-03
  208.50      1.25170E-03
  209.50      1.29380E-03
  210.50      1.32270E-03
  211.50      1.33660E-03
  212.50      1.32710E-03
  213.50      1.32600E-03
  214.50      1.31240E-03
  215.50      1.32310E-03
  216.50      1.29480E-03
  217.50      1.31040E-03
  218.50      1.29100E-03
  219.50      1.30670E-03
  220.50      1.29900E-03
  221.50      1.27440E-03
  222.50      1.28210E-03
  223.50      1.27340E-03
  224.50      1.26940E-03
  225.50      1.24610E-03
  226.50      1.25630E-03
  227.50      1.25110E-03
  228.50      1.23540E-03
  229.50      1.16560E-03
  230.50      1.21090E-03
  231.50      1.21410E-03
  232.50      1.21280E-03
  233.50      1.20420E-03
  234.50      1.20260E-03
  235.50      1.19470E-03
  236.50      1.18800E-03
  237.50      1.17790E-03
  238.50      1.15240E-03
  239.50      1.15750E-03
  240.50      1.16080E-03
  241.50      1.15050E-03
  242.50      1.14850E-03
  243.50      1.13710E-03
  244.50      1.13460E-03
  245.50      1.12850E-03
  246.50      1.12440E-03
  247.50      1.11540E-03
  248.50      1.10120E-03
  249.50      8.86100E-04
  250.50      1.07500E-03
  251.30      1.05210E-03
  251.80      1.06780E-03
  252.50      1.08800E-03
  253.50      1.08560E-03
  254.50      1.06770E-03
  255.50      1.06740E-03
  256.50      1.06410E-03
  257.50      1.06170E-03
  258.50      1.05710E-03
  259.50      1.04930E-03
  260.50      1.04960E-03
  261.50      1.04130E-03
  262.50      1.03780E-03
  263.50      1.03210E-03
  264.50      1.02590E-03
  265.50      1.02020E-03
  266.50      1.00900E-03
  267.50      1.00120E-03
  268.50      1.00510E-03
  269.50      9.91730E-04
  270.50      9.91020E-04
  271.50      9.86450E-04
  272.50      9.78070E-04
  273.50      9.68000E-04
  274.50      9.74320E-04
  275.50      9.69100E-04
  276.50      9.59280E-04
  277.50      9.62720E-04
  278.50      9.54680E-04
  279.50      9.33540E-04
  280.50      9.41920E-04
  281.50      9.43100E-04
  282.50      9.33770E-04
  283.50      9.25580E-04
  284.50      9.30160E-04
  285.50      9.22410E-04
  286.50      9.17750E-04
  287.50      9.12970E-04
  288.50      9.09890E-04
  289.50      9.04840E-04
  291.00      8.94670E-04
  293.00      8.90430E-04
  295.00      8.76650E-04
  297.00      8.72240E-04
  299.00      8.61430E-04
  301.00      8.49270E-04
  303.00      8.40970E-04
  305.00      8.37500E-04
  307.00      8.33220E-04
  309.00      8.16440E-04
  311.00      8.16860E-04
  313.00      8.06590E-04
  315.00      8.00530E-04
  317.00      7.93150E-04
  319.00      7.83920E-04
  321.00      7.76950E-04
  323.00      7.71030E-04
  325.00      7.66860E-04
  327.00      7.57000E-04
  329.00      7.51540E-04
  331.00      7.45370E-04
  333.00      7.36780E-04
  335.00      7.29960E-04
  337.00      7.24180E-04
  339.00      7.20870E-04
  341.00      7.14470E-04
  343.00      7.07880E-04
  345.00      6.98910E-04
  347.00      6.94280E-04
  349.00      6.88030E-04
  351.00      6.83950E-04
  353.00      6.79920E-04
  355.00      6.73570E-04
  357.00      6.69630E-04
  359.00      6.60590E-04
  361.00      6.56990E-04
  363.00      6.50070E-04
  364.00      6.49150E-04
  365.00      6.31780E-04
  367.00      6.29440E-04
  369.00      6.23420E-04
  371.00      6.09520E-04
  373.00      5.98060E-04
  375.00      6.13890E-04
  377.00      6.10970E-04
  379.00      6.34080E-04
  381.00      6.54110E-04
  383.00      5.99350E-04
  385.00      6.65320E-04
  387.00      6.58450E-04
  389.00      5.85760E-04
  391.00      6.63270E-04
  393.00      6.52080E-04
  395.00      6.46150E-04
  397.00      5.63280E-04
  399.00      6.40950E-04
  401.00      6.37100E-04
  403.00      6.18810E-04
  405.00      6.31100E-04
  407.00      6.13770E-04
  409.00      5.89040E-04
  411.00      5.45860E-04
  413.00      6.01470E-04
  415.00      6.00430E-04
  417.00      6.01360E-04
  419.00      5.95400E-04
  421.00      5.91480E-04
  423.00      5.88540E-04
  425.00      5.79770E-04
  427.00      5.72280E-04
  429.00      5.68470E-04
  431.00      5.60840E-04
  433.00      5.36170E-04
  435.00      5.02520E-04
  437.00      5.50310E-04
  439.00      5.43110E-04
  441.00      5.43780E-04
  443.00      5.43090E-04
  445.00      5.38410E-04
  447.00      5.23020E-04
  449.00      5.30930E-04
  451.00      5.27810E-04
  453.00      5.25130E-04
  455.00      5.18680E-04
  457.00      5.16520E-04
  459.00      5.11680E-04
  461.00      5.07350E-04
  463.00      5.02920E-04
  465.00      4.88080E-04
  467.00      4.95460E-04
  469.00      4.89620E-04
  471.00      4.83230E-04
  473.00      4.89180E-04
  475.00      4.84870E-04
  477.00      4.83250E-04
  479.00      4.79740E-04
  481.00      4.75500E-04
  483.00      4.70110E-04
  485.00      4.53070E-04
  487.00      4.18440E-04
  489.00      4.60680E-04
  491.00      4.58700E-04
  493.00      4.49010E-04
  495.00      4.50980E-04
  497.00      4.50690E-04
  499.00      4.47520E-04
  501.00      4.38580E-04
  503.00      4.40510E-04
  505.00      4.36360E-04
  507.00      4.35580E-04
  509.00      4.32310E-04
  511.00      4.29380E-04
  513.00      4.26350E-04
  515.00      4.23560E-04
  517.00      4.20520E-04
  519.00      4.18190E-04
  521.00      4.15530E-04
  523.00      4.12890E-04
  525.00      4.09950E-04
  527.00      4.07110E-04
  529.00      4.04860E-04
  531.00      4.02190E-04
  533.00      3.99640E-04
  535.00      3.97050E-04
  537.00      3.94540E-04
  539.00      3.91720E-04
  541.00      3.87880E-04
  543.00      3.87050E-04
  545.00      3.84490E-04
  547.00      3.82060E-04
  549.00      3.79700E-04
  551.00      3.77320E-04
  553.00      3.74950E-04
  555.00      3.72700E-04
  557.00      3.70330E-04
  559.00      3.67710E-04
  561.00      3.65800E-04
  563.00      3.63570E-04
  565.00      3.61230E-04
  567.00      3.58680E-04
  569.00      3.54630E-04
  571.00      3.51510E-04
  573.00      3.49620E-04
  575.00      3.46920E-04
  577.00      3.45610E-04
  579.00      3.43510E-04
  581.00      3.41450E-04
  583.00      3.39280E-04
  585.00      3.37800E-04
  587.00      3.28960E-04
  589.00      3.33660E-04
  591.00      3.32370E-04
  593.00      3.30690E-04
  595.00      3.29010E-04
  597.00      3.28020E-04
  599.00      3.25940E-04
  601.00      3.24290E-04
  603.00      3.22280E-04
  605.00      3.20480E-04
  607.00      3.18720E-04
  609.00      3.16890E-04
  611.00      3.15050E-04
  613.00      3.13280E-04
  615.00      3.11210E-04
  617.00      3.09480E-04
  619.00      3.07910E-04
  621.00      3.06210E-04
  623.00      3.04470E-04
  625.00      3.02640E-04
  627.00      3.01020E-04
  629.00      2.99370E-04
  631.00      2.97550E-04
  633.00      2.96030E-04
  635.00      2.94270E-04
  637.00      2.92760E-04
  639.00      2.91120E-04
  641.00      2.89490E-04
  643.00      2.87950E-04
  645.00      2.86340E-04
  647.00      2.84480E-04
  649.00      2.82980E-04
  651.00      2.81550E-04
  653.00      2.79220E-04
  655.00      2.73400E-04
  657.00      2.50070E-04
  659.00      2.73920E-04
  661.00      2.74030E-04
  663.00      2.72660E-04
  665.00      2.71090E-04
  667.00      2.67620E-04
  669.00      2.66180E-04
  671.00      2.66730E-04
  673.00      2.65110E-04
  675.00      2.64130E-04
  677.00      2.62820E-04
  679.00      2.61100E-04
  681.00      2.60030E-04
  683.00      2.58570E-04
  685.00      2.57340E-04
  687.00      2.55970E-04
  689.00      2.54250E-04
  691.00      2.52910E-04
  693.00      2.52090E-04
  695.00      2.50810E-04
  697.00      2.49520E-04
  699.00      2.48240E-04
  701.00      2.46910E-04
  703.00      2.45580E-04
  705.00      2.44380E-04
  707.00      2.40110E-04
  709.00      2.41990E-04
  711.00      2.40680E-04
  713.00      2.39520E-04
  715.00      2.38380E-04
  717.00      2.37020E-04
  719.00      2.35960E-04
  721.00      2.34830E-04
  723.00      2.32620E-04
  725.00      2.32190E-04
  727.00      2.31350E-04
  729.00      2.28720E-04
  731.00      2.29040E-04
  733.00      2.27940E-04
  735.00      2.26820E-04
  737.00      2.25730E-04
  739.00      2.24640E-04
  741.00      2.23540E-04
  743.00      2.22460E-04
  745.00      2.21380E-04
  747.00      2.19890E-04
  749.00      2.19130E-04
  751.00      2.18160E-04
  753.00      2.17120E-04
  755.00      2.16140E-04
  757.00      2.15100E-04
  759.00      2.13860E-04
  761.00      2.12860E-04
  763.00      2.12040E-04
  765.00      2.11010E-04
  767.00      2.10060E-04
  769.00      2.08970E-04
  771.00      2.08070E-04
  773.00      2.06940E-04
  775.00      2.06140E-04
  777.00      2.05160E-04
  779.00      2.04240E-04
  781.00      2.03220E-04
  783.00      2.02360E-04
  785.00      2.01540E-04
  787.00      2.00390E-04
  789.00      1.99420E-04
  791.00      1.98750E-04
  793.00      1.97800E-04
  795.00      1.96940E-04
  797.00      1.95900E-04
  799.00      1.95100E-04
  801.00      1.94170E-04
  803.00      1.93240E-04
  805.00      1.92420E-04
  807.00      1.91560E-04
  809.00      1.90510E-04
  811.00      1.89090E-04
  813.00      1.89000E-04
  815.00      1.87960E-04
  817.00      1.87360E-04
  819.00      1.85980E-04
  821.00      1.84580E-04
  823.00      1.83840E-04
  825.00      1.83410E-04
  827.00      1.81600E-04
  829.00      1.81680E-04
  831.00      1.81000E-04
  833.00      1.80120E-04
  835.00      1.78710E-04
  837.00      1.78310E-04
  839.00      1.77800E-04
  841.00      1.76970E-04
  843.00      1.76150E-04
  845.00      1.74590E-04
  847.00      1.74500E-04
  849.00      1.73650E-04
  851.00      1.72470E-04
  853.00      1.72300E-04
  855.00      1.70020E-04
  857.00      1.72130E-04
  859.00      1.67640E-04
  861.00      1.67660E-04
  863.00      1.70930E-04
  865.00      1.67860E-04
  867.00      1.60940E-04
  869.00      1.68870E-04
  871.00      1.69490E-04
  873.00      1.66270E-04
  875.00      1.55210E-04
  877.00      1.63460E-04
  879.00      1.67160E-04
  881.00      1.66810E-04
  883.00      1.65590E-04
  885.00      1.58800E-04
  887.00      1.50190E-04
  889.00      1.62590E-04
  891.00      1.63420E-04
  893.00      1.62890E-04
  895.00      1.62610E-04
  897.00      1.61640E-04
  899.00      1.58860E-04
  901.00      1.45980E-04
  903.00      1.52040E-04
  905.00      1.58370E-04
  907.00      1.57400E-04
  909.00      1.57660E-04
  911.00      1.57500E-04
  913.00      1.56920E-04
  915.00      1.56310E-04
  917.00      1.55290E-04
  919.00      1.54390E-04
  921.00      1.49910E-04
  923.00      1.36550E-04
  925.00      1.48980E-04
  927.00      1.51780E-04
  929.00      1.51750E-04
  931.00      1.50770E-04
  933.00      1.50430E-04
  935.00      1.49750E-04
  937.00      1.49480E-04
  939.00      1.48920E-04
  941.00      1.48280E-04
  943.00      1.47720E-04
  945.00      1.47130E-04
  947.00      1.45950E-04
  949.00      1.45820E-04
  951.00      1.43770E-04
  953.00      1.39740E-04
  955.00      1.27960E-04
  957.00      1.40930E-04
  959.00      1.42650E-04
  961.00      1.42180E-04
  963.00      1.41420E-04
  965.00      1.41580E-04
  967.00      1.41040E-04
  969.00      1.40410E-04
  971.00      1.39080E-04
  973.00      1.39340E-04
  975.00      1.38880E-04
  977.00      1.38350E-04
  979.00      1.37820E-04
  981.00      1.37220E-04
  983.00      1.36770E-04
  985.00      1.36220E-04
  987.00      1.35720E-04
  989.00      1.35110E-04
  991.00      1.34370E-04
  993.00      1.34210E-04
  995.00      1.33700E-04
  997.00      1.33180E-04
  999.00      1.32630E-04
  1002.5      1.27830E-04
  1007.5      1.25150E-04
  1012.5      1.28730E-04
  1017.5      1.28240E-04
  1022.5      1.27010E-04
  1027.5      1.25910E-04
  1032.5      1.24380E-04
  1037.5      1.23650E-04
  1042.5      1.22540E-04
  1047.5      1.21440E-04
  1052.5      1.20350E-04
  1057.5      1.19290E-04
  1062.5      1.18240E-04
  1067.5      1.17050E-04
  1072.5      1.16180E-04
  1077.5      1.15160E-04
  1082.5      1.13190E-04
  1087.5      1.13010E-04
  1092.5      1.05420E-04
  1097.5      1.09640E-04
  1102.5      1.09830E-04
  1107.5      1.09310E-04
  1112.5      1.08430E-04
  1117.5      1.07530E-04
  1122.5      1.06580E-04
  1127.5      1.05730E-04
  1132.5      1.04780E-04
  1137.5      1.03960E-04
  1142.5      1.03110E-04
  1147.5      1.02270E-04
  1152.5      1.01450E-04
  1157.5      1.00610E-04
  1162.5      9.97170E-05
  1167.5      9.89000E-05
  1172.5      9.82030E-05
  1177.5      9.74140E-05
  1182.5      9.66250E-05
  1187.5      9.58650E-05
  1192.5      9.51040E-05
  1197.5      9.36560E-05
  1202.5      9.36160E-05
  1207.5      9.28820E-05
  1212.5      9.21510E-05
  1217.5      9.14420E-05
  1222.5      9.07340E-05
  1227.5      9.00360E-05
  1232.5      8.93370E-05
  1237.5      8.86520E-05
  1242.5      8.79850E-05
  1247.5      8.72990E-05
  1252.5      8.64800E-05
  1257.5      8.59800E-05
  1262.5      8.53360E-05
  1267.5      8.47170E-05
  1272.5      8.40840E-05
  1277.5      8.23870E-05
  1282.5      7.78560E-05
  1287.5      8.19220E-05
  1292.5      8.16260E-05
  1297.5      8.06060E-05
  1302.5      8.04030E-05
  1307.5      7.98550E-05
  1312.5      7.92770E-05
  1317.5      7.87040E-05
  1322.5      7.81390E-05
  1327.5      7.75790E-05
  1332.5      7.70190E-05
  1337.5      7.64480E-05
  1342.5      7.58680E-05
  1347.5      7.53900E-05
  1352.5      7.48340E-05
  1357.5      7.43340E-05
  1362.5      7.37720E-05
  1367.5      7.33030E-05
  1372.5      7.27560E-05
  1377.5      7.22930E-05
  1382.5      7.17950E-05
  1387.5      7.13010E-05
  1392.5      7.07870E-05
  1397.5      7.03260E-05
  1402.5      6.98240E-05
  1407.5      6.93770E-05
  1412.5      6.89020E-05
  1417.5      6.84430E-05
  1422.5      6.79840E-05
  1427.5      6.75260E-05
  1432.5      6.70790E-05
  1437.5      6.66320E-05
  1442.5      6.61920E-05
  1447.5      6.57550E-05
  1452.5      6.53210E-05
  1457.0      6.49350E-05
  1462.0      6.44950E-05
  1467.5      6.40370E-05
  1472.5      6.36230E-05
  1477.5      6.31920E-05
  1482.5      6.28100E-05
  1487.5      6.24090E-05
  1492.5      6.20120E-05
  1497.5      6.16180E-05
  1502.5      6.12190E-05
  1507.5      6.07490E-05
  1512.5      6.04540E-05
  1517.5      6.00680E-05
  1522.5      5.96920E-05
  1527.5      5.93010E-05
  1532.5      5.89180E-05
  1537.5      5.85730E-05
  1542.5      5.81340E-05
  1547.5      5.78420E-05
  1552.5      5.74700E-05
  1557.5      5.69510E-05
  1562.5      5.68780E-05
  1567.5      5.63030E-05
  1572.5      5.57960E-05
  1577.5      5.58950E-05
  1582.5      5.55220E-05
  1587.5      5.43480E-05
  1592.5      5.46890E-05
  1597.5      5.46410E-05
  1605.0      5.39570E-05
  1615.0      5.27730E-05
  1625.0      5.30270E-05
  1635.0      5.20120E-05
  1645.0      5.07160E-05
  1655.0      5.12060E-05
  1665.0      5.06140E-05
  1675.0      4.95840E-05
  1685.0      4.82590E-05
  1695.0      4.88920E-05
  1705.0      4.81310E-05
  1715.0      4.78000E-05
  1725.0      4.72350E-05
  1735.0      4.52070E-05
  1745.0      4.60820E-05
  1755.0      4.57130E-05
  1765.0      4.52130E-05
  1775.0      4.47190E-05
  1785.0      4.42280E-05
  1795.0      4.37600E-05
  1805.0      4.32820E-05
  1815.0      4.14430E-05
  1825.0      4.21290E-05
  1835.0      4.19270E-05
  1845.0      4.14850E-05
  1855.0      4.10270E-05
  1865.0      4.03480E-05
  1875.0      3.88660E-05
  1885.0      3.97680E-05
  1895.0      3.93810E-05
  1905.0      3.88680E-05
  1915.0      3.85890E-05
  1925.0      3.82020E-05
  1935.0      3.77600E-05
  1945.0      3.60250E-05
  1955.0      3.69740E-05
  1965.0      3.67030E-05
  1975.0      3.63420E-05
  1985.0      3.59860E-05
  1995.0      3.56350E-05
  2005.0      3.52900E-05
  2015.0      3.49490E-05
  2025.0      3.46140E-05
  2035.0      3.42830E-05
  2045.0      3.39480E-05
  2055.0      3.35790E-05
  2065.0      3.33180E-05
  2075.0      3.30030E-05
  2085.0      3.26970E-05
  2095.0      3.23920E-05
  2105.0      3.20900E-05
  2115.0      3.16970E-05
  2125.0      3.15060E-05
  2135.0      3.12180E-05
  2145.0      3.09280E-05
  2155.0      3.06180E-05
  2165.0      2.91980E-05
  2175.0      3.00210E-05
  2185.0      2.98220E-05
  2195.0      2.95720E-05
  2205.0      2.93110E-05
  2215.0      2.90520E-05
  2225.0      2.87940E-05
  2235.0      2.85460E-05
  2245.0      2.82980E-05
  2255.0      2.80520E-05
  2265.0      2.78110E-05
  2275.0      2.75720E-05
  2285.0      2.73330E-05
  2295.0      2.71020E-05
  2305.0      2.68680E-05
  2315.0      2.66460E-05
  2325.0      2.64230E-05
  2335.0      2.62020E-05
  2345.0      2.59840E-05
  2355.0      2.57690E-05
  2365.0      2.55560E-05
  2375.0      2.53450E-05
  2385.0      2.51380E-05
  2395.0      2.49320E-05
  2405.0      2.47300E-05
  2415.0      2.45290E-05
  2425.0      2.43300E-05
  2435.0      2.41340E-05
  2445.0      2.39370E-05
  2455.0      2.37510E-05
  2465.0      2.35550E-05
  2475.0      2.33380E-05
  2485.0      2.31970E-05
  2495.0      2.29760E-05
  2505.0      2.28360E-05
  2515.0      2.26600E-05
  2525.0      2.24150E-05
  2535.0      2.23080E-05
  2545.0      2.21890E-05
  2555.0      2.19670E-05
  2565.0      2.16800E-05
  2575.0      2.16490E-05
  2585.0      2.15190E-05
  2595.0      2.13560E-05
  2605.0      2.11000E-05
  2615.0      2.07240E-05
  2625.0      2.00500E-05
  2635.0      2.06380E-05
  2645.0      2.05690E-05
  2655.0      2.04000E-05
  2665.0      2.02080E-05
  2675.0      1.97530E-05
  2685.0      1.99020E-05
  2695.0      1.98240E-05
  2705.0      1.96800E-05
  2715.0      1.95380E-05
  2725.0      1.93970E-05
  2735.0      1.92570E-05
  2745.0      1.90990E-05
  2755.0      1.85840E-05
  2765.0      1.86840E-05
  2775.0      1.87140E-05
  2785.0      1.85820E-05
  2795.0      1.84510E-05
  2805.0      1.83210E-05
  2815.0      1.81930E-05
  2825.0      1.80670E-05
  2835.0      1.79410E-05
  2845.0      1.78170E-05
  2855.0      1.76870E-05
  2865.0      1.74560E-05
  2875.0      1.69670E-05
  2885.0      1.73000E-05
  2895.0      1.72150E-05
  2905.0      1.70980E-05
  2915.0      1.69830E-05
  2925.0      1.68680E-05
  2935.0      1.67550E-05
  2945.0      1.66430E-05
  2955.0      1.65320E-05
  2965.0      1.64220E-05
  2975.0      1.63130E-05
  2985.0      1.62050E-05
  2995.0      1.60980E-05
  3005.0      1.59930E-05
  3015.0      1.58870E-05
  3025.0      1.57690E-05
  3035.0      1.52910E-05
  3045.0      1.53570E-05
  3055.0      1.54730E-05
  3065.0      1.53790E-05
  3075.0      1.52780E-05
  3085.0      1.51800E-05
  3095.0      1.50870E-05
  3105.0      1.49910E-05
  3115.0      1.48960E-05
  3125.0      1.48010E-05
  3135.0      1.47090E-05
  3145.0      1.46160E-05
  3155.0      1.45250E-05
  3165.0      1.44340E-05
  3175.0      1.43450E-05
  3185.0      1.42560E-05
  3195.0      1.41680E-05
  3210.0      1.40370E-05
  3230.0      1.38660E-05
  3250.0      1.36970E-05
  3270.0      1.35320E-05
  3290.0      1.30860E-05
  3310.0      1.31480E-05
  3330.0      1.30450E-05
  3350.0      1.29170E-05
  3370.0      1.27660E-05
  3390.0      1.26170E-05
  3410.0      1.24710E-05
  3430.0      1.23270E-05
  3450.0      1.21860E-05
  3470.0      1.20470E-05
  3490.0      1.19100E-05
  3510.0      1.17760E-05
  3530.0      1.16440E-05
  3550.0      1.15150E-05
  3570.0      1.13870E-05
  3590.0      1.12620E-05
  3610.0      1.11380E-05
  3630.0      1.10170E-05
  3650.0      1.08930E-05
  3670.0      1.07800E-05
  3690.0      1.06500E-05
  3710.0      1.05360E-05
  3730.0      1.03190E-05
  3750.0      1.01550E-05
  3770.0      1.02160E-05
  3790.0      1.01130E-05
  3810.0      9.98890E-06
  3830.0      9.88930E-06
  3850.0      9.80210E-06
  3870.0      9.70180E-06
  3890.0      9.59690E-06
  3910.0      9.46200E-06
  3930.0      9.40950E-06
  3950.0      9.31520E-06
  3970.0      9.22220E-06
  3990.0      9.13050E-06
  4010.0      9.00820E-06
  4030.0      8.88920E-06
  4050.0      8.68280E-06
  4070.0      8.77360E-06
  4090.0      8.69210E-06
  4110.0      8.60820E-06
  4130.0      8.52020E-06
  4150.0      8.43840E-06
  4170.0      8.27020E-06
  4190.0      8.27610E-06
  4210.0      8.20620E-06
  4230.0      8.12920E-06
  4250.0      8.05050E-06
  4270.0      7.97840E-06
  4290.0      7.89510E-06
  4310.0      7.83170E-06
  4330.0      7.75990E-06
  4350.0      7.68880E-06
  4370.0      7.51980E-06
  4390.0      7.52080E-06
  4410.0      7.48210E-06
  4430.0      7.41510E-06
  4450.0      7.34890E-06
  4470.0      7.28870E-06
  4490.0      7.22420E-06
  4510.0      7.16050E-06
  4530.0      7.09770E-06
  4550.0      7.03570E-06
  4570.0      6.97440E-06
  4590.0      6.91400E-06
  4610.0      6.85260E-06
  4630.0      6.78930E-06
  4650.0      6.56190E-06
  4670.0      6.54560E-06
  4690.0      6.59870E-06
  4710.0      6.56730E-06
  4730.0      6.51210E-06
  4750.0      6.45750E-06
  4770.0      6.40360E-06
  4790.0      6.35040E-06
  4810.0      6.29790E-06
  4830.0      6.24600E-06
  4850.0      6.19470E-06
  4870.0      6.14410E-06
  4890.0      6.09410E-06
  4910.0      6.04460E-06
  4930.0      5.99580E-06
  4950.0      5.94760E-06
  4970.0      5.89990E-06
  4990.0      5.85280E-06
  5010.0      5.80630E-06
  5030.0      5.76030E-06
  5050.0      5.71480E-06
  5070.0      5.66990E-06
  5090.0      5.62550E-06
  5110.0      5.56800E-06
  5130.0      5.41730E-06
  5150.0      5.48750E-06
  5170.0      5.45300E-06
  5190.0      5.41120E-06
  5210.0      5.36980E-06
  5230.0      5.32890E-06
  5250.0      5.28840E-06
  5270.0      5.24840E-06
  5290.0      5.20890E-06
  5310.0      5.16980E-06
  5330.0      5.13110E-06
  5350.0      5.09290E-06
  5370.0      5.05300E-06
  5390.0      5.01570E-06
  5410.0      4.98070E-06
  5430.0      4.94410E-06
  5450.0      4.90790E-06
  5470.0      4.87210E-06
  5490.0      4.83670E-06
  5510.0      4.79990E-06
  5530.0      4.75760E-06
  5550.0      4.73280E-06
  5570.0      4.69890E-06
  5590.0      4.66540E-06
  5610.0      4.63220E-06
  5630.0      4.59940E-06
  5650.0      4.56690E-06
  5670.0      4.53470E-06
  5690.0      4.50280E-06
  5710.0      4.45290E-06
  5730.0      4.43850E-06
  5750.0      4.40950E-06
  5770.0      4.37900E-06
  5790.0      4.34880E-06
  5810.0      4.31890E-06
  5830.0      4.28930E-06
  5850.0      4.26180E-06
  5870.0      4.23280E-06
  5890.0      4.19190E-06
  5910.0      4.07050E-06
  5930.0      4.13570E-06
  5950.0      4.09180E-06
  5970.0      4.07900E-06
  5990.0      4.06490E-06
  6010.0      4.03790E-06
  6030.0      4.01110E-06
  6050.0      3.98470E-06
  6070.0      3.95840E-06
  6090.0      3.93250E-06
  6110.0      3.90670E-06
  6130.0      3.88130E-06
  6150.0      3.85610E-06
  6170.0      3.83110E-06
  6190.0      3.80630E-06
  6210.0      3.78180E-06
  6230.0      3.75760E-06
  6250.0      3.73350E-06
  6270.0      3.70450E-06
  6290.0      3.64230E-06
  6310.0      3.65370E-06
  6330.0      3.63960E-06
  6350.0      3.61670E-06
  6370.0      3.59400E-06
  6390.0      3.57150E-06
  6420.0      3.53820E-06
  6460.0      3.49440E-06
  6500.0      3.45150E-06
  6540.0      3.40930E-06
  6580.0      3.36790E-06
  6620.0      3.32730E-06
  6660.0      3.28730E-06
  6700.0      3.24810E-06
  6740.0      3.20600E-06
  6780.0      3.14080E-06
  6820.0      3.13450E-06
  6860.0      3.09800E-06
  6900.0      3.06210E-06
  6940.0      3.02680E-06
  6980.0      2.99210E-06
  7020.0      2.95800E-06
  7060.0      2.92450E-06
  7100.0      2.89150E-06
  7140.0      2.85910E-06
  7180.0      2.82720E-06
  7220.0      2.79590E-06
  7260.0      2.76500E-06
  7300.0      2.73470E-06
  7340.0      2.70490E-06
  7380.0      2.67560E-06
  7420.0      2.64320E-06
  7460.0      2.57320E-06
  7500.0      2.52810E-06
  7540.0      2.55810E-06
  7580.0      2.53580E-06
  7620.0      2.50920E-06
  7660.0      2.48300E-06
  7700.0      2.45720E-06
  7740.0      2.43170E-06
  7780.0      2.40350E-06
  7820.0      2.38200E-06
  7860.0      2.35780E-06
  7900.0      2.33390E-06
  7940.0      2.31030E-06
  7980.0      2.28710E-06
  8020.0      2.26430E-06
  8060.0      2.24180E-06
  8100.0      2.21960E-06
  8140.0      2.19280E-06
  8180.0      2.17450E-06
  8220.0      2.15500E-06
  8260.0      2.13410E-06
  8300.0      2.11350E-06
  8340.0      2.09320E-06
  8380.0      2.07310E-06
  8420.0      2.05340E-06
  8460.0      2.03390E-06
  8500.0      2.01470E-06
  8540.0      1.99580E-06
  8580.0      1.97720E-06
  8620.0      1.95870E-06
  8660.0      1.93030E-06
  8700.0      1.92190E-06
  8740.0      1.88950E-06
  8780.0      1.87210E-06
  8820.0      1.87050E-06
  8860.0      1.85360E-06
  8900.0      1.83690E-06
  8940.0      1.82040E-06
  8980.0      1.80410E-06
  9020.0      1.78810E-06
  9060.0      1.77220E-06
  9100.0      1.75660E-06
  9140.0      1.74120E-06
  9180.0      1.72600E-06
  9220.0      1.71090E-06
  9260.0      1.69610E-06
  9300.0      1.68140E-06
  9340.0      1.66700E-06
  9380.0      1.63980E-06
  9420.0      1.63520E-06
  9460.0      1.62470E-06
  9500.0      1.61100E-06
  9540.0      1.59740E-06
  9580.0      1.58410E-06
  9620.0      1.57080E-06
  9660.0      1.55780E-06
  9700.0      1.54490E-06
  9740.0      1.53210E-06
  9780.0      1.51950E-06
  9820.0      1.50710E-06
  9860.0      1.49480E-06
  9900.0      1.48270E-06
  9940.0      1.47070E-06
  9980.0      1.45890E-06
  10020.      1.44720E-06
  20000.      3.58020E-07
  40000.      8.73630E-08
  60000.      3.81660E-08
  80000.      2.11930E-08
 1.00000E+05  1.34250E-08
 1.20000E+05  9.24540E-09
 1.40000E+05  6.74550E-09
 1.60000E+05  5.13390E-09
