 Castelli and Kurucz 2004-2012 Atmosphere
 T     49000.     G    5.00000 [0.2a] VTURB=2  L/H=1.25 NOVER NEW ODF          
 Wavelength  Eddington Hnu
   (nm)    (ergs/s/cm2/Hz/sr)
  9.0900      1.91990E-19
  9.3500      5.46960E-19
  9.6100      1.43600E-18
  9.7700      2.63030E-18
  9.9600      5.13800E-18
  10.200      1.15770E-17
  10.380      2.08080E-17
  10.560      3.66990E-17
  10.770      6.95490E-17
  11.040      1.52900E-16
  11.400      4.13580E-16
  11.780      1.10050E-15
  12.130      2.61900E-15
  12.480      5.86690E-15
  12.710      9.80460E-15
  12.840      1.38630E-14
  13.050      2.15500E-14
  13.240      3.15970E-14
  13.390      4.28170E-14
  13.660      7.18590E-14
  13.980      1.31110E-13
  14.330      2.39690E-13
  14.720      4.32680E-13
  15.100      8.38950E-13
  15.520      1.58670E-12
  15.880      2.77260E-12
  16.200      6.55910E-12
  16.600      1.13820E-11
  17.030      1.86730E-11
  17.340      2.67210E-11
  17.680      4.21050E-11
  18.020      6.27160E-11
  18.170      7.36870E-11
  18.610      1.25810E-10
  19.100      2.01410E-10
  19.390      2.86990E-10
  19.840      4.53430E-10
  20.180      5.69840E-10
  20.500      7.93380E-10
  21.050      1.22700E-09
  21.620      1.86550E-09
  21.980      2.49320E-09
  22.300      3.01430E-09
  22.680      4.04350E-09
  23.000      1.88020E-07
  23.400      7.31830E-07
  24.000      9.60380E-07
  24.650      2.28520E-06
  25.240      1.55520E-05
  25.680      5.27310E-05
  26.000      3.28030E-05
  26.400      1.28000E-04
  26.850      1.58830E-04
  27.350      2.02150E-04
  27.850      1.24750E-04
  28.400      2.60410E-04
  29.000      4.23530E-04
  29.600      3.58630E-04
  30.100      2.52330E-04
  30.800      3.12230E-04
  31.800      4.79660E-05
  32.800      7.27580E-05
  33.800      5.13120E-05
  34.800      5.93770E-05
  35.700      1.59370E-04
  36.600      4.13710E-04
  37.500      6.45300E-04
  38.500      6.25930E-04
  39.500      1.11750E-03
  40.500      2.06770E-03
  41.400      1.93510E-03
  42.200      1.75820E-03
  43.000      1.69400E-03
  44.100      2.11820E-03
  45.100      2.24950E-03
  46.000      1.73720E-03
  47.000      2.13360E-03
  48.000      2.60000E-03
  49.000      1.96590E-03
  50.000      3.35280E-03
  50.600      2.67620E-03
  51.200      3.44380E-03
  52.000      3.30100E-03
  53.000      3.15340E-03
  54.000      2.52760E-03
  55.000      1.94350E-03
  56.000      2.68210E-03
  57.000      3.61060E-03
  58.000      3.75250E-03
  59.000      3.80570E-03
  60.000      3.12870E-03
  61.000      2.44240E-03
  62.000      3.41920E-03
  63.000      2.97980E-03
  64.000      3.88010E-03
  65.000      3.57210E-03
  65.800      3.04990E-03
  66.500      3.86970E-03
  67.500      3.97840E-03
  68.500      3.55310E-03
  69.500      4.02910E-03
  70.500      3.41690E-03
  71.600      3.97550E-03
  72.600      4.18610E-03
  73.500      4.16110E-03
  74.500      3.96290E-03
  75.500      3.84480E-03
  76.500      3.49440E-03
  77.500      3.93800E-03
  78.500      3.23260E-03
  79.500      3.81430E-03
  80.500      4.03040E-03
  81.500      4.01800E-03
  82.500      4.09330E-03
  83.500      3.64340E-03
  84.500      4.00660E-03
  85.500      3.71220E-03
  86.500      4.04820E-03
  87.500      4.11310E-03
  88.500      4.00830E-03
  89.500      3.99160E-03
  90.500      3.89620E-03
  91.500      2.87790E-03
  92.500      4.34190E-03
  93.500      5.27650E-03
  94.500      6.00180E-03
  95.500      7.27290E-03
  96.500      7.65550E-03
  97.500      6.13490E-03
  98.500      7.00810E-03
  99.500      6.27830E-03
  100.50      6.43040E-03
  101.50      6.60960E-03
  102.50      6.26400E-03
  103.50      7.03570E-03
  104.50      7.48420E-03
  105.50      7.39850E-03
  106.50      6.90180E-03
  107.50      7.42590E-03
  108.50      6.63750E-03
  109.50      7.26710E-03
  110.50      7.18680E-03
  111.50      7.19500E-03
  112.50      7.01950E-03
  113.50      7.25720E-03
  114.50      7.31620E-03
  115.50      6.98580E-03
  116.50      6.50270E-03
  117.50      6.24640E-03
  118.50      6.70840E-03
  119.50      6.26030E-03
  120.50      6.26360E-03
  121.50      5.33040E-03
  122.50      6.14330E-03
  123.50      5.90050E-03
  124.50      5.74030E-03
  125.50      6.09530E-03
  126.50      6.12600E-03
  127.50      6.16110E-03
  128.50      6.15560E-03
  129.50      6.19810E-03
  130.50      6.03830E-03
  131.50      5.99880E-03
  132.50      5.93150E-03
  133.50      5.87900E-03
  134.50      5.75990E-03
  135.50      5.64050E-03
  136.50      5.39020E-03
  137.50      5.13520E-03
  138.50      5.35720E-03
  139.50      5.20120E-03
  140.50      4.97880E-03
  141.50      5.56660E-03
  142.50      5.30310E-03
  143.50      5.50540E-03
  144.20      5.21800E-03
  144.70      5.25090E-03
  145.50      5.16740E-03
  146.50      5.15140E-03
  147.50      5.20240E-03
  148.50      5.26640E-03
  149.50      5.15910E-03
  150.50      5.09350E-03
  151.20      5.09200E-03
  151.70      4.98240E-03
  152.50      5.06280E-03
  153.50      4.79770E-03
  154.50      4.19480E-03
  155.50      4.28800E-03
  156.50      4.67850E-03
  157.50      4.78020E-03
  158.50      4.65280E-03
  159.50      4.76570E-03
  160.50      4.62780E-03
  161.50      4.57140E-03
  162.50      4.62700E-03
  163.50      4.62320E-03
  164.50      4.43730E-03
  165.50      4.62660E-03
  166.50      4.55740E-03
  167.20      4.43630E-03
  167.70      4.66980E-03
  168.50      4.65040E-03
  169.50      4.66090E-03
  170.50      4.53100E-03
  171.50      4.37920E-03
  172.50      4.34480E-03
  173.50      4.50150E-03
  174.50      4.47590E-03
  175.50      4.44410E-03
  176.50      4.36720E-03
  177.50      4.32920E-03
  178.50      4.35790E-03
  179.50      4.27370E-03
  180.50      4.24730E-03
  181.50      4.18270E-03
  182.50      4.17350E-03
  183.50      4.15050E-03
  184.50      4.14860E-03
  185.50      4.11880E-03
  186.50      4.12660E-03
  187.50      4.05040E-03
  188.50      4.01270E-03
  189.50      4.04170E-03
  190.50      4.01490E-03
  191.50      3.98950E-03
  192.50      3.84270E-03
  193.50      3.93990E-03
  194.50      3.92890E-03
  195.50      3.85950E-03
  196.70      3.84930E-03
  197.60      3.78150E-03
  198.40      3.81920E-03
  199.50      3.77460E-03
  200.50      3.77090E-03
  201.50      3.74860E-03
  202.50      3.73050E-03
  203.50      3.67670E-03
  204.50      3.63480E-03
  205.50      2.72450E-03
  206.50      2.62440E-03
  207.40      2.68480E-03
  207.80      2.74770E-03
  208.50      2.91790E-03
  209.50      3.25420E-03
  210.50      3.43090E-03
  211.50      3.47660E-03
  212.50      3.42580E-03
  213.50      3.43800E-03
  214.50      3.40700E-03
  215.50      3.40270E-03
  216.50      3.22220E-03
  217.50      3.38760E-03
  218.50      3.25050E-03
  219.50      3.36480E-03
  220.50      3.33390E-03
  221.50      3.16810E-03
  222.50      3.30320E-03
  223.50      3.28220E-03
  224.50      3.26040E-03
  225.50      3.11140E-03
  226.50      3.20250E-03
  227.50      3.21360E-03
  228.50      3.13880E-03
  229.50      3.10690E-03
  230.50      3.00830E-03
  231.50      3.06580E-03
  232.50      3.08960E-03
  233.50      3.07710E-03
  234.50      3.03700E-03
  235.50      2.99780E-03
  236.50      2.97200E-03
  237.50      2.93240E-03
  238.50      2.77720E-03
  239.50      2.87950E-03
  240.50      2.85960E-03
  241.50      2.84090E-03
  242.50      2.86950E-03
  243.50      2.83390E-03
  244.50      2.82050E-03
  245.50      2.76900E-03
  246.50      2.77930E-03
  247.50      2.79320E-03
  248.50      2.74740E-03
  249.50      2.52120E-03
  250.50      2.71160E-03
  251.30      2.49990E-03
  251.80      2.63070E-03
  252.50      2.65350E-03
  253.50      2.67530E-03
  254.50      2.66650E-03
  255.50      2.65070E-03
  256.50      2.63750E-03
  257.50      2.61470E-03
  258.50      2.59870E-03
  259.50      2.52080E-03
  260.50      2.57230E-03
  261.50      2.50940E-03
  262.50      2.54450E-03
  263.50      2.53190E-03
  264.50      2.49470E-03
  265.50      2.49930E-03
  266.50      2.48060E-03
  267.50      2.43050E-03
  268.50      2.43920E-03
  269.50      2.42050E-03
  270.50      2.43300E-03
  271.50      2.41470E-03
  272.50      2.39260E-03
  273.50      2.29890E-03
  274.50      2.37340E-03
  275.50      2.34600E-03
  276.50      2.34290E-03
  277.50      2.31950E-03
  278.50      2.27670E-03
  279.50      2.27020E-03
  280.50      2.27360E-03
  281.50      2.26200E-03
  282.50      2.23610E-03
  283.50      2.24140E-03
  284.50      2.23260E-03
  285.50      2.21750E-03
  286.50      2.18360E-03
  287.50      2.16440E-03
  288.50      2.17340E-03
  289.50      2.15030E-03
  291.00      2.14170E-03
  293.00      2.12700E-03
  295.00      2.10330E-03
  297.00      2.07330E-03
  299.00      2.03900E-03
  301.00      2.01780E-03
  303.00      1.97990E-03
  305.00      1.97200E-03
  307.00      1.92880E-03
  309.00      1.93360E-03
  311.00      1.91520E-03
  313.00      1.89180E-03
  315.00      1.88060E-03
  317.00      1.85800E-03
  319.00      1.84150E-03
  321.00      1.77980E-03
  323.00      1.80680E-03
  325.00      1.78920E-03
  327.00      1.75000E-03
  329.00      1.74560E-03
  331.00      1.72690E-03
  333.00      1.70560E-03
  335.00      1.67200E-03
  337.00      1.66770E-03
  339.00      1.64330E-03
  341.00      1.62650E-03
  343.00      1.62780E-03
  345.00      1.59530E-03
  347.00      1.59240E-03
  349.00      1.57840E-03
  351.00      1.56940E-03
  353.00      1.54720E-03
  355.00      1.53470E-03
  357.00      1.51820E-03
  359.00      1.50730E-03
  361.00      1.49220E-03
  363.00      1.47430E-03
  364.00      1.43890E-03
  365.00      1.29130E-03
  367.00      1.28150E-03
  369.00      1.27160E-03
  371.00      1.26330E-03
  373.00      1.27730E-03
  375.00      1.29570E-03
  377.00      1.31310E-03
  379.00      1.34480E-03
  381.00      1.36850E-03
  383.00      1.31300E-03
  385.00      1.36740E-03
  387.00      1.36380E-03
  389.00      1.25870E-03
  391.00      1.35380E-03
  393.00      1.33260E-03
  395.00      1.32270E-03
  397.00      1.20320E-03
  399.00      1.30700E-03
  401.00      1.30000E-03
  403.00      1.26670E-03
  405.00      1.28140E-03
  407.00      1.26580E-03
  409.00      1.21640E-03
  411.00      1.15230E-03
  413.00      1.23250E-03
  415.00      1.22730E-03
  417.00      1.21850E-03
  419.00      1.20090E-03
  421.00      1.17380E-03
  423.00      1.18970E-03
  425.00      1.17890E-03
  427.00      1.16960E-03
  429.00      1.15930E-03
  431.00      1.14520E-03
  433.00      1.09620E-03
  435.00      1.05330E-03
  437.00      1.11450E-03
  439.00      1.10270E-03
  441.00      1.09310E-03
  443.00      1.09040E-03
  445.00      1.07830E-03
  447.00      1.06870E-03
  449.00      1.06450E-03
  451.00      1.05390E-03
  453.00      1.04320E-03
  455.00      1.01400E-03
  457.00      1.02990E-03
  459.00      1.02200E-03
  461.00      1.01490E-03
  463.00      9.98620E-04
  465.00      9.78250E-04
  467.00      9.87920E-04
  469.00      9.47180E-04
  471.00      9.77580E-04
  473.00      9.72570E-04
  475.00      9.65390E-04
  477.00      9.57490E-04
  479.00      9.46870E-04
  481.00      9.42210E-04
  483.00      9.33810E-04
  485.00      9.04470E-04
  487.00      8.53660E-04
  489.00      9.11420E-04
  491.00      9.06850E-04
  493.00      9.00440E-04
  495.00      8.94690E-04
  497.00      8.88390E-04
  499.00      8.82360E-04
  501.00      8.73480E-04
  503.00      8.68160E-04
  505.00      8.61910E-04
  507.00      8.56680E-04
  509.00      8.50940E-04
  511.00      8.44330E-04
  513.00      8.37820E-04
  515.00      8.32380E-04
  517.00      8.27110E-04
  519.00      8.21180E-04
  521.00      8.14720E-04
  523.00      8.09710E-04
  525.00      8.02930E-04
  527.00      7.96430E-04
  529.00      7.92970E-04
  531.00      7.87250E-04
  533.00      7.81840E-04
  535.00      7.76780E-04
  537.00      7.71120E-04
  539.00      7.65970E-04
  541.00      7.41900E-04
  543.00      7.55340E-04
  545.00      7.50710E-04
  547.00      7.45320E-04
  549.00      7.40580E-04
  551.00      7.34310E-04
  553.00      7.30750E-04
  555.00      7.25980E-04
  557.00      7.20310E-04
  559.00      7.13120E-04
  561.00      7.11690E-04
  563.00      7.06960E-04
  565.00      7.02280E-04
  567.00      6.97680E-04
  569.00      6.81640E-04
  571.00      6.34860E-04
  573.00      6.31070E-04
  575.00      6.27140E-04
  577.00      6.23770E-04
  579.00      6.20390E-04
  581.00      6.12510E-04
  583.00      6.15080E-04
  585.00      6.13910E-04
  587.00      6.10640E-04
  589.00      6.12690E-04
  591.00      6.12830E-04
  593.00      6.13420E-04
  595.00      6.14760E-04
  597.00      6.16250E-04
  599.00      6.18400E-04
  601.00      6.18270E-04
  603.00      6.18630E-04
  605.00      6.17340E-04
  607.00      6.13760E-04
  609.00      6.10850E-04
  611.00      6.07200E-04
  613.00      6.03680E-04
  615.00      6.00840E-04
  617.00      5.95550E-04
  619.00      5.93940E-04
  621.00      5.90770E-04
  623.00      5.84540E-04
  625.00      5.82860E-04
  627.00      5.80300E-04
  629.00      5.76850E-04
  631.00      5.69700E-04
  633.00      5.69580E-04
  635.00      5.66750E-04
  637.00      5.63560E-04
  639.00      5.59220E-04
  641.00      5.52020E-04
  643.00      5.53580E-04
  645.00      5.50290E-04
  647.00      5.47080E-04
  649.00      5.44150E-04
  651.00      5.39550E-04
  653.00      5.30860E-04
  655.00      5.25900E-04
  657.00      4.90790E-04
  659.00      5.26960E-04
  661.00      5.25910E-04
  663.00      5.22950E-04
  665.00      5.19980E-04
  667.00      5.14010E-04
  669.00      5.05760E-04
  671.00      5.09980E-04
  673.00      5.08220E-04
  675.00      5.05350E-04
  677.00      5.02660E-04
  679.00      5.00070E-04
  681.00      4.97290E-04
  683.00      4.94580E-04
  685.00      4.91800E-04
  687.00      4.88940E-04
  689.00      4.77620E-04
  691.00      4.83100E-04
  693.00      4.81250E-04
  695.00      4.78640E-04
  697.00      4.76060E-04
  699.00      4.73400E-04
  701.00      4.70450E-04
  703.00      4.67570E-04
  705.00      4.64980E-04
  707.00      4.62280E-04
  709.00      4.60980E-04
  711.00      4.58030E-04
  713.00      4.55590E-04
  715.00      4.53740E-04
  717.00      4.45040E-04
  719.00      4.44880E-04
  721.00      4.46430E-04
  723.00      4.44310E-04
  725.00      4.42000E-04
  727.00      4.39720E-04
  729.00      4.37250E-04
  731.00      4.34510E-04
  733.00      4.32940E-04
  735.00      4.30720E-04
  737.00      4.28140E-04
  739.00      4.25870E-04
  741.00      4.23750E-04
  743.00      4.22000E-04
  745.00      4.19120E-04
  747.00      4.17660E-04
  749.00      4.15000E-04
  751.00      4.13140E-04
  753.00      4.11430E-04
  755.00      4.09290E-04
  757.00      4.07090E-04
  759.00      3.96220E-04
  761.00      4.02070E-04
  763.00      4.01110E-04
  765.00      3.99120E-04
  767.00      3.96940E-04
  769.00      3.94260E-04
  771.00      3.92430E-04
  773.00      3.90150E-04
  775.00      3.89310E-04
  777.00      3.87730E-04
  779.00      3.85700E-04
  781.00      3.83940E-04
  783.00      3.82010E-04
  785.00      3.79110E-04
  787.00      3.77900E-04
  789.00      3.76370E-04
  791.00      3.74780E-04
  793.00      3.73040E-04
  795.00      3.71150E-04
  797.00      3.68710E-04
  799.00      3.67710E-04
  801.00      3.65960E-04
  803.00      3.64050E-04
  805.00      3.62550E-04
  807.00      3.60840E-04
  809.00      3.59150E-04
  811.00      3.57470E-04
  813.00      3.55800E-04
  815.00      3.54140E-04
  817.00      3.51890E-04
  819.00      3.48940E-04
  821.00      3.31170E-04
  823.00      3.26960E-04
  825.00      3.27560E-04
  827.00      3.26830E-04
  829.00      3.25470E-04
  831.00      3.24080E-04
  833.00      3.22110E-04
  835.00      3.21160E-04
  837.00      3.19890E-04
  839.00      3.18660E-04
  841.00      3.17480E-04
  843.00      3.16300E-04
  845.00      3.15110E-04
  847.00      3.14090E-04
  849.00      3.13200E-04
  851.00      3.12040E-04
  853.00      3.11420E-04
  855.00      3.10320E-04
  857.00      3.09620E-04
  859.00      3.08720E-04
  861.00      3.07970E-04
  863.00      3.07910E-04
  865.00      3.06870E-04
  867.00      3.04450E-04
  869.00      3.06020E-04
  871.00      3.05830E-04
  873.00      3.04760E-04
  875.00      3.00560E-04
  877.00      3.02970E-04
  879.00      3.03990E-04
  881.00      3.03800E-04
  883.00      3.02950E-04
  885.00      2.98520E-04
  887.00      2.92950E-04
  889.00      2.98990E-04
  891.00      2.99540E-04
  893.00      2.98600E-04
  895.00      2.97670E-04
  897.00      2.96430E-04
  899.00      2.93440E-04
  901.00      2.82600E-04
  903.00      2.85720E-04
  905.00      2.90630E-04
  907.00      2.90440E-04
  909.00      2.89540E-04
  911.00      2.88060E-04
  913.00      2.87470E-04
  915.00      2.86540E-04
  917.00      2.84680E-04
  919.00      2.82870E-04
  921.00      2.78410E-04
  923.00      2.64490E-04
  925.00      2.75100E-04
  927.00      2.78010E-04
  929.00      2.77740E-04
  931.00      2.76970E-04
  933.00      2.75190E-04
  935.00      2.66620E-04
  937.00      2.72100E-04
  939.00      2.72160E-04
  941.00      2.71250E-04
  943.00      2.70290E-04
  945.00      2.69150E-04
  947.00      2.68110E-04
  949.00      2.66550E-04
  951.00      2.64570E-04
  953.00      2.59230E-04
  955.00      2.45140E-04
  957.00      2.58560E-04
  959.00      2.60720E-04
  961.00      2.60530E-04
  963.00      2.59460E-04
  965.00      2.58690E-04
  967.00      2.57670E-04
  969.00      2.56640E-04
  971.00      2.54610E-04
  973.00      2.54380E-04
  975.00      2.52990E-04
  977.00      2.50690E-04
  979.00      2.51520E-04
  981.00      2.50610E-04
  983.00      2.49400E-04
  985.00      2.48670E-04
  987.00      2.47700E-04
  989.00      2.46730E-04
  991.00      2.45680E-04
  993.00      2.44820E-04
  995.00      2.43880E-04
  997.00      2.42930E-04
  999.00      2.41790E-04
  1002.5      2.35320E-04
  1007.5      2.30740E-04
  1012.5      2.30660E-04
  1017.5      2.33560E-04
  1022.5      2.31350E-04
  1027.5      2.28990E-04
  1032.5      2.26820E-04
  1037.5      2.24910E-04
  1042.5      2.21310E-04
  1047.5      2.20820E-04
  1052.5      2.18780E-04
  1057.5      2.16800E-04
  1062.5      2.14840E-04
  1067.5      2.12880E-04
  1072.5      2.10980E-04
  1077.5      2.09080E-04
  1082.5      2.06850E-04
  1087.5      2.05070E-04
  1092.5      1.94720E-04
  1097.5      1.99390E-04
  1102.5      1.99960E-04
  1107.5      1.98250E-04
  1112.5      1.96530E-04
  1117.5      1.94970E-04
  1122.5      1.93240E-04
  1127.5      1.91550E-04
  1132.5      1.89890E-04
  1137.5      1.88340E-04
  1142.5      1.86760E-04
  1147.5      1.85190E-04
  1152.5      1.83630E-04
  1157.5      1.82050E-04
  1162.5      1.77820E-04
  1167.5      1.77040E-04
  1172.5      1.77560E-04
  1177.5      1.76130E-04
  1182.5      1.74560E-04
  1187.5      1.73210E-04
  1192.5      1.71810E-04
  1197.5      1.70270E-04
  1202.5      1.69070E-04
  1207.5      1.67660E-04
  1212.5      1.66270E-04
  1217.5      1.65030E-04
  1222.5      1.63720E-04
  1227.5      1.62430E-04
  1232.5      1.61130E-04
  1237.5      1.59880E-04
  1242.5      1.58620E-04
  1247.5      1.57390E-04
  1252.5      1.56150E-04
  1257.5      1.54950E-04
  1262.5      1.53760E-04
  1267.5      1.52580E-04
  1272.5      1.51390E-04
  1277.5      1.49360E-04
  1282.5      1.41700E-04
  1287.5      1.47540E-04
  1292.5      1.46870E-04
  1297.5      1.45750E-04
  1302.5      1.44670E-04
  1307.5      1.43600E-04
  1312.5      1.42530E-04
  1317.5      1.41470E-04
  1322.5      1.40430E-04
  1327.5      1.39400E-04
  1332.5      1.38380E-04
  1337.5      1.37370E-04
  1342.5      1.36360E-04
  1347.5      1.35380E-04
  1352.5      1.34400E-04
  1357.5      1.33440E-04
  1362.5      1.32480E-04
  1367.5      1.31530E-04
  1372.5      1.30590E-04
  1377.5      1.29670E-04
  1382.5      1.28760E-04
  1387.5      1.27850E-04
  1392.5      1.26950E-04
  1397.5      1.26060E-04
  1402.5      1.25180E-04
  1407.5      1.24310E-04
  1412.5      1.23450E-04
  1417.5      1.22570E-04
  1422.5      1.21760E-04
  1427.5      1.20920E-04
  1432.5      1.20050E-04
  1437.5      1.19250E-04
  1442.5      1.18470E-04
  1447.5      1.17670E-04
  1452.5      1.16880E-04
  1457.0      1.16170E-04
  1462.0      1.15430E-04
  1467.5      1.14580E-04
  1472.5      1.13720E-04
  1477.5      1.11500E-04
  1482.5      1.12300E-04
  1487.5      1.11590E-04
  1492.5      1.10860E-04
  1497.5      1.10140E-04
  1502.5      1.09420E-04
  1507.5      1.08700E-04
  1512.5      1.08010E-04
  1517.5      1.07310E-04
  1522.5      1.06620E-04
  1527.5      1.05930E-04
  1532.5      1.05250E-04
  1537.5      1.04580E-04
  1542.5      1.03900E-04
  1547.5      1.03260E-04
  1552.5      1.02600E-04
  1557.5      1.01920E-04
  1562.5      1.01330E-04
  1567.5      1.00640E-04
  1572.5      9.99820E-05
  1577.5      9.95520E-05
  1582.5      9.88560E-05
  1587.5      9.79980E-05
  1592.5      9.75430E-05
  1597.5      9.72110E-05
  1605.0      9.61080E-05
  1615.0      9.47380E-05
  1625.0      9.39970E-05
  1635.0      9.25730E-05
  1645.0      9.11250E-05
  1655.0      9.06590E-05
  1665.0      8.95850E-05
  1675.0      8.81210E-05
  1685.0      8.66380E-05
  1695.0      8.64900E-05
  1705.0      8.54470E-05
  1715.0      8.45160E-05
  1725.0      8.35150E-05
  1735.0      8.12370E-05
  1745.0      8.14780E-05
  1755.0      8.07550E-05
  1765.0      7.98540E-05
  1775.0      7.89630E-05
  1785.0      7.80960E-05
  1795.0      7.72380E-05
  1805.0      7.63800E-05
  1815.0      7.40690E-05
  1825.0      7.44210E-05
  1835.0      7.39430E-05
  1845.0      7.31520E-05
  1855.0      7.23730E-05
  1865.0      7.05120E-05
  1875.0      6.87290E-05
  1885.0      7.00950E-05
  1895.0      6.93980E-05
  1905.0      6.86620E-05
  1915.0      6.79690E-05
  1925.0      6.72720E-05
  1935.0      6.64980E-05
  1945.0      6.41540E-05
  1955.0      6.51390E-05
  1965.0      6.45850E-05
  1975.0      6.39390E-05
  1985.0      6.32980E-05
  1995.0      6.26680E-05
  2005.0      6.20560E-05
  2015.0      6.14460E-05
  2025.0      6.08460E-05
  2035.0      6.02540E-05
  2045.0      5.96690E-05
  2055.0      5.90900E-05
  2065.0      5.85290E-05
  2075.0      5.78990E-05
  2085.0      5.74130E-05
  2095.0      5.68770E-05
  2105.0      5.63410E-05
  2115.0      5.58020E-05
  2125.0      5.52930E-05
  2135.0      5.47790E-05
  2145.0      5.42730E-05
  2155.0      5.37160E-05
  2165.0      5.16400E-05
  2175.0      5.26560E-05
  2185.0      5.23160E-05
  2195.0      5.18430E-05
  2205.0      5.13770E-05
  2215.0      5.09170E-05
  2225.0      5.04630E-05
  2235.0      5.00140E-05
  2245.0      4.95720E-05
  2255.0      4.91350E-05
  2265.0      4.87050E-05
  2275.0      4.82800E-05
  2285.0      4.79100E-05
  2295.0      4.74950E-05
  2305.0      4.70860E-05
  2315.0      4.66810E-05
  2325.0      4.62830E-05
  2335.0      4.58890E-05
  2345.0      4.55000E-05
  2355.0      4.51160E-05
  2365.0      4.47370E-05
  2375.0      4.43620E-05
  2385.0      4.39930E-05
  2395.0      4.36270E-05
  2405.0      4.32660E-05
  2415.0      4.29100E-05
  2425.0      4.25460E-05
  2435.0      4.22100E-05
  2445.0      4.18670E-05
  2455.0      4.15280E-05
  2465.0      4.11920E-05
  2475.0      4.08540E-05
  2485.0      4.05340E-05
  2495.0      4.02100E-05
  2505.0      3.98910E-05
  2515.0      3.95750E-05
  2525.0      3.92630E-05
  2535.0      3.89550E-05
  2545.0      3.86500E-05
  2555.0      3.83480E-05
  2565.0      3.80190E-05
  2575.0      3.77560E-05
  2585.0      3.74660E-05
  2595.0      3.71780E-05
  2605.0      3.68510E-05
  2615.0      3.64330E-05
  2625.0      3.50290E-05
  2635.0      3.59370E-05
  2645.0      3.57860E-05
  2655.0      3.55170E-05
  2665.0      3.52300E-05
  2675.0      3.48220E-05
  2685.0      3.47000E-05
  2695.0      3.44740E-05
  2705.0      3.42200E-05
  2715.0      3.39680E-05
  2725.0      3.37200E-05
  2735.0      3.34730E-05
  2745.0      3.32160E-05
  2755.0      3.27480E-05
  2765.0      3.26280E-05
  2775.0      3.25150E-05
  2785.0      3.22820E-05
  2795.0      3.20520E-05
  2805.0      3.18240E-05
  2815.0      3.15980E-05
  2825.0      3.13750E-05
  2835.0      3.11540E-05
  2845.0      3.09350E-05
  2855.0      3.07180E-05
  2865.0      3.03800E-05
  2875.0      2.99220E-05
  2885.0      3.00420E-05
  2895.0      2.98750E-05
  2905.0      2.96700E-05
  2915.0      2.94660E-05
  2925.0      2.92650E-05
  2935.0      2.90650E-05
  2945.0      2.88680E-05
  2955.0      2.86730E-05
  2965.0      2.84800E-05
  2975.0      2.82880E-05
  2985.0      2.80990E-05
  2995.0      2.79110E-05
  3005.0      2.77250E-05
  3015.0      2.75410E-05
  3025.0      2.73330E-05
  3035.0      2.67900E-05
  3045.0      2.67550E-05
  3055.0      2.68120E-05
  3065.0      2.66480E-05
  3075.0      2.64750E-05
  3085.0      2.63010E-05
  3095.0      2.61330E-05
  3105.0      2.59640E-05
  3115.0      2.57980E-05
  3125.0      2.56320E-05
  3135.0      2.54690E-05
  3145.0      2.53070E-05
  3155.0      2.51460E-05
  3165.0      2.49870E-05
  3175.0      2.48290E-05
  3185.0      2.46730E-05
  3195.0      2.45190E-05
  3210.0      2.42890E-05
  3230.0      2.39890E-05
  3250.0      2.36930E-05
  3270.0      2.34030E-05
  3290.0      2.27620E-05
  3310.0      2.27610E-05
  3330.0      2.25760E-05
  3350.0      2.23070E-05
  3370.0      2.20420E-05
  3390.0      2.17820E-05
  3410.0      2.15260E-05
  3430.0      2.12740E-05
  3450.0      2.10270E-05
  3470.0      2.07840E-05
  3490.0      2.05460E-05
  3510.0      2.03110E-05
  3530.0      2.00810E-05
  3550.0      1.98540E-05
  3570.0      1.96310E-05
  3590.0      1.94110E-05
  3610.0      1.91960E-05
  3630.0      1.89840E-05
  3650.0      1.87750E-05
  3670.0      1.85700E-05
  3690.0      1.83680E-05
  3710.0      1.81660E-05
  3730.0      1.78050E-05
  3750.0      1.75320E-05
  3770.0      1.75910E-05
  3790.0      1.74050E-05
  3810.0      1.72210E-05
  3830.0      1.70410E-05
  3850.0      1.68630E-05
  3870.0      1.66880E-05
  3890.0      1.65160E-05
  3910.0      1.63450E-05
  3930.0      1.61790E-05
  3950.0      1.60140E-05
  3970.0      1.58520E-05
  3990.0      1.56920E-05
  4010.0      1.55240E-05
  4030.0      1.53550E-05
  4050.0      1.49080E-05
  4070.0      1.50710E-05
  4090.0      1.49280E-05
  4110.0      1.47820E-05
  4130.0      1.46370E-05
  4150.0      1.44960E-05
  4170.0      1.43030E-05
  4190.0      1.42170E-05
  4210.0      1.40820E-05
  4230.0      1.39480E-05
  4250.0      1.38160E-05
  4270.0      1.36860E-05
  4290.0      1.35560E-05
  4310.0      1.34310E-05
  4330.0      1.33060E-05
  4350.0      1.31820E-05
  4370.0      1.29890E-05
  4390.0      1.29140E-05
  4410.0      1.28230E-05
  4430.0      1.27060E-05
  4450.0      1.25910E-05
  4470.0      1.24820E-05
  4490.0      1.23700E-05
  4510.0      1.22590E-05
  4530.0      1.21500E-05
  4550.0      1.20420E-05
  4570.0      1.19360E-05
  4590.0      1.18310E-05
  4610.0      1.17280E-05
  4630.0      1.16180E-05
  4650.0      1.12200E-05
  4670.0      1.12830E-05
  4690.0      1.13000E-05
  4710.0      1.12300E-05
  4730.0      1.11340E-05
  4750.0      1.10390E-05
  4770.0      1.09460E-05
  4790.0      1.08540E-05
  4810.0      1.07630E-05
  4830.0      1.06730E-05
  4850.0      1.05840E-05
  4870.0      1.04960E-05
  4890.0      1.04100E-05
  4910.0      1.03240E-05
  4930.0      1.02390E-05
  4950.0      1.01560E-05
  4970.0      1.00730E-05
  4990.0      9.99180E-06
  5010.0      9.91120E-06
  5030.0      9.83170E-06
  5050.0      9.75310E-06
  5070.0      9.67530E-06
  5090.0      9.59850E-06
  5110.0      9.50300E-06
  5130.0      9.30560E-06
  5150.0      9.36080E-06
  5170.0      9.30020E-06
  5190.0      9.22790E-06
  5210.0      9.15630E-06
  5230.0      9.08560E-06
  5250.0      9.01570E-06
  5270.0      8.94650E-06
  5290.0      8.87820E-06
  5310.0      8.81060E-06
  5330.0      8.74380E-06
  5350.0      8.67770E-06
  5370.0      8.61230E-06
  5390.0      8.54770E-06
  5410.0      8.48390E-06
  5430.0      8.42070E-06
  5450.0      8.35820E-06
  5470.0      8.29640E-06
  5490.0      8.23530E-06
  5510.0      8.17480E-06
  5530.0      8.11500E-06
  5550.0      8.05590E-06
  5570.0      7.99740E-06
  5590.0      7.93950E-06
  5610.0      7.88220E-06
  5630.0      7.82560E-06
  5650.0      7.76950E-06
  5670.0      7.71410E-06
  5690.0      7.65910E-06
  5710.0      7.60470E-06
  5730.0      7.55110E-06
  5750.0      7.49800E-06
  5770.0      7.44540E-06
  5790.0      7.39340E-06
  5810.0      7.34190E-06
  5830.0      7.29080E-06
  5850.0      7.24190E-06
  5870.0      7.19180E-06
  5890.0      7.11930E-06
  5910.0      6.93760E-06
  5930.0      7.02800E-06
  5950.0      6.98130E-06
  5970.0      6.94360E-06
  5990.0      6.90270E-06
  6010.0      6.85620E-06
  6030.0      6.81010E-06
  6050.0      6.76450E-06
  6070.0      6.71940E-06
  6090.0      6.67470E-06
  6110.0      6.63040E-06
  6130.0      6.58660E-06
  6150.0      6.54320E-06
  6170.0      6.50020E-06
  6190.0      6.45770E-06
  6210.0      6.41560E-06
  6230.0      6.37380E-06
  6250.0      6.33240E-06
  6270.0      6.28900E-06
  6290.0      6.22320E-06
  6310.0      6.20500E-06
  6330.0      6.17110E-06
  6350.0      6.13170E-06
  6370.0      6.09270E-06
  6390.0      6.05410E-06
  6420.0      5.99680E-06
  6460.0      5.92160E-06
  6500.0      5.84790E-06
  6540.0      5.77550E-06
  6580.0      5.70440E-06
  6620.0      5.63460E-06
  6660.0      5.56610E-06
  6700.0      5.49880E-06
  6740.0      5.42880E-06
  6780.0      5.34070E-06
  6820.0      5.30400E-06
  6860.0      5.24140E-06
  6900.0      5.17990E-06
  6940.0      5.11940E-06
  6980.0      5.06000E-06
  7020.0      5.00150E-06
  7060.0      4.94410E-06
  7100.0      4.88760E-06
  7140.0      4.83220E-06
  7180.0      4.77760E-06
  7220.0      4.72390E-06
  7260.0      4.67120E-06
  7300.0      4.61930E-06
  7340.0      4.56820E-06
  7380.0      4.51800E-06
  7420.0      4.46650E-06
  7460.0      4.32500E-06
  7500.0      4.27040E-06
  7540.0      4.31550E-06
  7580.0      4.27890E-06
  7620.0      4.23340E-06
  7660.0      4.18850E-06
  7700.0      4.14440E-06
  7740.0      4.10100E-06
  7780.0      4.05820E-06
  7820.0      4.01610E-06
  7860.0      3.97460E-06
  7900.0      3.93380E-06
  7940.0      3.89360E-06
  7980.0      3.85400E-06
  8020.0      3.81500E-06
  8060.0      3.77660E-06
  8100.0      3.73870E-06
  8140.0      3.70130E-06
  8180.0      3.66460E-06
  8220.0      3.62850E-06
  8260.0      3.59280E-06
  8300.0      3.55770E-06
  8340.0      3.52300E-06
  8380.0      3.48890E-06
  8420.0      3.45520E-06
  8460.0      3.42210E-06
  8500.0      3.38940E-06
  8540.0      3.35710E-06
  8580.0      3.32530E-06
  8620.0      3.29400E-06
  8660.0      3.25800E-06
  8700.0      3.23250E-06
  8740.0      3.17930E-06
  8780.0      3.14990E-06
  8820.0      3.14370E-06
  8860.0      3.11490E-06
  8900.0      3.08640E-06
  8940.0      3.05840E-06
  8980.0      3.03070E-06
  9020.0      3.00340E-06
  9060.0      2.97640E-06
  9100.0      2.94980E-06
  9140.0      2.92360E-06
  9180.0      2.89770E-06
  9220.0      2.87210E-06
  9260.0      2.84690E-06
  9300.0      2.82200E-06
  9340.0      2.79740E-06
  9380.0      2.76390E-06
  9420.0      2.74640E-06
  9460.0      2.72560E-06
  9500.0      2.70230E-06
  9540.0      2.67920E-06
  9580.0      2.65650E-06
  9620.0      2.63400E-06
  9660.0      2.61180E-06
  9700.0      2.58990E-06
  9740.0      2.56830E-06
  9780.0      2.54690E-06
  9820.0      2.52580E-06
  9860.0      2.50500E-06
  9900.0      2.48440E-06
  9940.0      2.46410E-06
  9980.0      2.44400E-06
  10020.      2.42410E-06
  20000.      5.90410E-07
  40000.      1.42760E-07
  60000.      6.21900E-08
  80000.      3.44830E-08
 1.00000E+05  2.18220E-08
 1.20000E+05  1.50150E-08
 1.40000E+05  1.09440E-08
 1.60000E+05  8.32130E-09
