 Castelli and Kurucz 2004-2012 Atmosphere
 T     42000.     G    5.00000 [0.2a] VTURB=2  L/H=1.25 NOVER NEW ODF          
 Wavelength  Eddington Hnu
   (nm)    (ergs/s/cm2/Hz/sr)
  9.0900      1.04730E-23
  9.3500      3.66440E-23
  9.6100      1.18000E-22
  9.7700      2.41320E-22
  9.9600      5.38450E-22
  10.200      1.42420E-21
  10.380      2.87390E-21
  10.560      5.66740E-21
  10.770      1.21750E-20
  11.040      3.12390E-20
  11.400      1.02660E-19
  11.780      3.34070E-19
  12.130      9.35670E-19
  12.480      2.47360E-18
  12.710      4.56120E-18
  12.840      6.38500E-18
  13.050      1.08310E-17
  13.240      1.72180E-17
  13.390      2.47340E-17
  13.660      4.60740E-17
  13.980      9.54170E-17
  14.330      2.00920E-16
  14.720      4.33380E-16
  15.100      9.42760E-16
  15.520      2.05580E-15
  15.880      3.89600E-15
  16.200      6.74820E-15
  16.600      1.31910E-14
  17.030      2.56050E-14
  17.340      4.08310E-14
  17.680      6.84020E-14
  18.020      1.10360E-13
  18.170      1.35740E-13
  18.610      2.47480E-13
  19.100      4.62830E-13
  19.390      6.65360E-13
  19.840      1.13990E-12
  20.180      1.66860E-12
  20.500      2.38700E-12
  21.050      4.28100E-12
  21.620      7.51680E-12
  21.980      1.07960E-11
  22.300      1.45300E-11
  22.680      2.14530E-11
  23.000      6.67060E-09
  23.400      2.01860E-08
  24.000      2.78530E-08
  24.650      4.29920E-08
  25.240      9.28010E-08
  25.680      1.35180E-07
  26.000      1.63980E-07
  26.400      4.80490E-07
  26.850      7.37240E-07
  27.350      9.73140E-07
  27.850      7.03110E-07
  28.400      1.92390E-06
  29.000      3.17700E-06
  29.600      2.58420E-06
  30.100      3.85150E-06
  30.800      1.93530E-05
  31.800      5.59480E-06
  32.800      9.99560E-06
  33.800      1.06200E-05
  34.800      1.36530E-05
  35.700      3.37110E-05
  36.600      8.35390E-05
  37.500      1.29630E-04
  38.500      1.55920E-04
  39.500      2.83130E-04
  40.500      5.18400E-04
  41.400      4.83930E-04
  42.200      4.71100E-04
  43.000      4.43010E-04
  44.100      5.26730E-04
  45.100      5.88830E-04
  46.000      4.61330E-04
  47.000      5.47200E-04
  48.000      6.74940E-04
  49.000      4.46400E-04
  50.000      7.49940E-04
  50.600      5.54750E-04
  51.200      1.13240E-03
  52.000      1.05460E-03
  53.000      9.77510E-04
  54.000      8.75450E-04
  55.000      7.46600E-04
  56.000      1.06310E-03
  57.000      1.35290E-03
  58.000      1.34740E-03
  59.000      1.39390E-03
  60.000      1.03240E-03
  61.000      1.03920E-03
  62.000      1.44940E-03
  63.000      1.37930E-03
  64.000      1.59820E-03
  65.000      1.47680E-03
  65.800      1.17310E-03
  66.500      1.54700E-03
  67.500      1.72850E-03
  68.500      1.45570E-03
  69.500      1.74460E-03
  70.500      1.34600E-03
  71.600      1.84840E-03
  72.600      1.89540E-03
  73.500      1.93190E-03
  74.500      1.79570E-03
  75.500      1.79450E-03
  76.500      1.71870E-03
  77.500      1.87400E-03
  78.500      1.62240E-03
  79.500      1.87880E-03
  80.500      1.90010E-03
  81.500      1.93500E-03
  82.500      2.00260E-03
  83.500      1.65660E-03
  84.500      1.98040E-03
  85.500      1.89560E-03
  86.500      2.03850E-03
  87.500      2.06740E-03
  88.500      2.05420E-03
  89.500      2.06550E-03
  90.500      2.02460E-03
  91.500      1.57040E-03
  92.500      2.63470E-03
  93.500      3.60240E-03
  94.500      4.35730E-03
  95.500      5.13160E-03
  96.500      5.81100E-03
  97.500      4.00400E-03
  98.500      5.20700E-03
  99.500      4.64610E-03
  100.50      4.72850E-03
  101.50      5.02140E-03
  102.50      4.36710E-03
  103.50      5.26230E-03
  104.50      5.68980E-03
  105.50      5.58060E-03
  106.50      5.10520E-03
  107.50      5.39260E-03
  108.50      4.87880E-03
  109.50      5.35650E-03
  110.50      5.21050E-03
  111.50      5.21820E-03
  112.50      4.81720E-03
  113.50      5.20950E-03
  114.50      5.23170E-03
  115.50      4.83490E-03
  116.50      4.67430E-03
  117.50      4.02610E-03
  118.50      4.60850E-03
  119.50      4.38240E-03
  120.50      4.36270E-03
  121.50      3.59230E-03
  122.50      4.25320E-03
  123.50      4.36530E-03
  124.50      4.30300E-03
  125.50      4.40950E-03
  126.50      4.48460E-03
  127.50      4.60680E-03
  128.50      4.62550E-03
  129.50      4.57170E-03
  130.50      4.49520E-03
  131.50      4.58830E-03
  132.50      4.54490E-03
  133.50      4.50430E-03
  134.50      4.44760E-03
  135.50      4.36880E-03
  136.50      4.24280E-03
  137.50      4.11280E-03
  138.50      4.14100E-03
  139.50      3.84770E-03
  140.50      3.73070E-03
  141.50      4.21420E-03
  142.50      3.88250E-03
  143.50      4.11880E-03
  144.20      3.98040E-03
  144.70      4.00360E-03
  145.50      3.89090E-03
  146.50      3.90480E-03
  147.50      3.91890E-03
  148.50      3.98460E-03
  149.50      3.90740E-03
  150.50      3.91490E-03
  151.20      3.92390E-03
  151.70      3.87790E-03
  152.50      3.85270E-03
  153.50      3.54510E-03
  154.50      2.96800E-03
  155.50      3.07280E-03
  156.50      3.40600E-03
  157.50      3.53420E-03
  158.50      3.47190E-03
  159.50      3.56300E-03
  160.50      3.41030E-03
  161.50      3.32800E-03
  162.50      3.39600E-03
  163.50      3.39130E-03
  164.50      3.32830E-03
  165.50      3.46080E-03
  166.50      3.37580E-03
  167.20      3.23990E-03
  167.70      3.57910E-03
  168.50      3.51790E-03
  169.50      3.48850E-03
  170.50      3.42560E-03
  171.50      3.31770E-03
  172.50      3.26350E-03
  173.50      3.38730E-03
  174.50      3.38940E-03
  175.50      3.34640E-03
  176.50      3.30460E-03
  177.50      3.26080E-03
  178.50      3.31590E-03
  179.50      3.24120E-03
  180.50      3.23090E-03
  181.50      3.20840E-03
  182.50      3.16780E-03
  183.50      3.17920E-03
  184.50      3.16950E-03
  185.50      3.16440E-03
  186.50      3.16610E-03
  187.50      3.09060E-03
  188.50      3.06510E-03
  189.50      3.10830E-03
  190.50      3.09860E-03
  191.50      3.07320E-03
  192.50      2.94600E-03
  193.50      3.05820E-03
  194.50      3.05400E-03
  195.50      2.94280E-03
  196.70      2.98570E-03
  197.60      2.96710E-03
  198.40      2.97260E-03
  199.50      2.94400E-03
  200.50      2.95440E-03
  201.50      2.93420E-03
  202.50      2.91730E-03
  203.50      2.88370E-03
  204.50      2.84850E-03
  205.50      2.10380E-03
  206.50      2.02030E-03
  207.40      2.07030E-03
  207.80      2.11400E-03
  208.50      2.25380E-03
  209.50      2.52750E-03
  210.50      2.69880E-03
  211.50      2.74730E-03
  212.50      2.69390E-03
  213.50      2.71100E-03
  214.50      2.69240E-03
  215.50      2.69680E-03
  216.50      2.54510E-03
  217.50      2.68990E-03
  218.50      2.56850E-03
  219.50      2.67880E-03
  220.50      2.65720E-03
  221.50      2.51260E-03
  222.50      2.62500E-03
  223.50      2.61250E-03
  224.50      2.58740E-03
  225.50      2.46670E-03
  226.50      2.55340E-03
  227.50      2.55740E-03
  228.50      2.48810E-03
  229.50      2.42890E-03
  230.50      2.38570E-03
  231.50      2.43530E-03
  232.50      2.45510E-03
  233.50      2.44930E-03
  234.50      2.41860E-03
  235.50      2.38710E-03
  236.50      2.36420E-03
  237.50      2.32360E-03
  238.50      2.19480E-03
  239.50      2.27890E-03
  240.50      2.28700E-03
  241.50      2.27130E-03
  242.50      2.28750E-03
  243.50      2.26160E-03
  244.50      2.25180E-03
  245.50      2.22370E-03
  246.50      2.22660E-03
  247.50      2.22830E-03
  248.50      2.18410E-03
  249.50      1.80830E-03
  250.50      2.13320E-03
  251.30      1.98660E-03
  251.80      2.08400E-03
  252.50      2.12980E-03
  253.50      2.14060E-03
  254.50      2.12680E-03
  255.50      2.11280E-03
  256.50      2.09860E-03
  257.50      2.09010E-03
  258.50      2.07990E-03
  259.50      2.02580E-03
  260.50      2.05360E-03
  261.50      2.01540E-03
  262.50      2.03170E-03
  263.50      2.02570E-03
  264.50      1.99770E-03
  265.50      2.00150E-03
  266.50      1.98170E-03
  267.50      1.93610E-03
  268.50      1.94940E-03
  269.50      1.93940E-03
  270.50      1.94800E-03
  271.50      1.93000E-03
  272.50      1.91300E-03
  273.50      1.84030E-03
  274.50      1.90340E-03
  275.50      1.88400E-03
  276.50      1.87690E-03
  277.50      1.86430E-03
  278.50      1.83500E-03
  279.50      1.80980E-03
  280.50      1.82510E-03
  281.50      1.81950E-03
  282.50      1.80400E-03
  283.50      1.79990E-03
  284.50      1.79770E-03
  285.50      1.78490E-03
  286.50      1.76510E-03
  287.50      1.75610E-03
  288.50      1.75360E-03
  289.50      1.73690E-03
  291.00      1.71920E-03
  293.00      1.71130E-03
  295.00      1.69260E-03
  297.00      1.66810E-03
  299.00      1.63760E-03
  301.00      1.61770E-03
  303.00      1.58680E-03
  305.00      1.58560E-03
  307.00      1.56400E-03
  309.00      1.55750E-03
  311.00      1.54700E-03
  313.00      1.52630E-03
  315.00      1.51940E-03
  317.00      1.50100E-03
  319.00      1.48930E-03
  321.00      1.44090E-03
  323.00      1.45820E-03
  325.00      1.44740E-03
  327.00      1.41370E-03
  329.00      1.41200E-03
  331.00      1.39590E-03
  333.00      1.37850E-03
  335.00      1.35350E-03
  337.00      1.34960E-03
  339.00      1.33860E-03
  341.00      1.32520E-03
  343.00      1.32280E-03
  345.00      1.29440E-03
  347.00      1.29490E-03
  349.00      1.28600E-03
  351.00      1.27570E-03
  353.00      1.25930E-03
  355.00      1.24770E-03
  357.00      1.23760E-03
  359.00      1.22670E-03
  361.00      1.21290E-03
  363.00      1.20070E-03
  364.00      1.17380E-03
  365.00      1.06210E-03
  367.00      1.05480E-03
  369.00      1.04590E-03
  371.00      1.03340E-03
  373.00      1.04590E-03
  375.00      1.05790E-03
  377.00      1.06550E-03
  379.00      1.09760E-03
  381.00      1.12220E-03
  383.00      1.06360E-03
  385.00      1.12740E-03
  387.00      1.11540E-03
  389.00      1.01880E-03
  391.00      1.12330E-03
  393.00      1.10640E-03
  395.00      1.08850E-03
  397.00      9.73170E-04
  399.00      1.08420E-03
  401.00      1.07720E-03
  403.00      1.04700E-03
  405.00      1.06620E-03
  407.00      1.04260E-03
  409.00      9.95480E-04
  411.00      9.38620E-04
  413.00      1.01940E-03
  415.00      1.01590E-03
  417.00      1.01440E-03
  419.00      9.97980E-04
  421.00      9.77140E-04
  423.00      9.90830E-04
  425.00      9.78450E-04
  427.00      9.71050E-04
  429.00      9.61220E-04
  431.00      9.47230E-04
  433.00      9.01730E-04
  435.00      8.60740E-04
  437.00      9.26880E-04
  439.00      9.14170E-04
  441.00      9.08060E-04
  443.00      9.07440E-04
  445.00      8.98730E-04
  447.00      8.83730E-04
  449.00      8.86980E-04
  451.00      8.74560E-04
  453.00      8.68260E-04
  455.00      8.44550E-04
  457.00      8.59240E-04
  459.00      8.50290E-04
  461.00      8.44490E-04
  463.00      8.31150E-04
  465.00      8.05060E-04
  467.00      8.22000E-04
  469.00      7.91860E-04
  471.00      8.12060E-04
  473.00      8.14610E-04
  475.00      8.08430E-04
  477.00      8.02410E-04
  479.00      7.95830E-04
  481.00      7.89480E-04
  483.00      7.81390E-04
  485.00      7.50710E-04
  487.00      7.02340E-04
  489.00      7.61860E-04
  491.00      7.58790E-04
  493.00      7.49770E-04
  495.00      7.48160E-04
  497.00      7.45330E-04
  499.00      7.40240E-04
  501.00      7.28900E-04
  503.00      7.26380E-04
  505.00      7.22160E-04
  507.00      7.19010E-04
  509.00      7.14010E-04
  511.00      7.08900E-04
  513.00      7.03690E-04
  515.00      6.98780E-04
  517.00      6.93650E-04
  519.00      6.89010E-04
  521.00      6.84260E-04
  523.00      6.79880E-04
  525.00      6.73670E-04
  527.00      6.67980E-04
  529.00      6.65950E-04
  531.00      6.61130E-04
  533.00      6.56660E-04
  535.00      6.52470E-04
  537.00      6.47930E-04
  539.00      6.43350E-04
  541.00      6.23150E-04
  543.00      6.34650E-04
  545.00      6.30840E-04
  547.00      6.26420E-04
  549.00      6.22400E-04
  551.00      6.17040E-04
  553.00      6.14230E-04
  555.00      6.10280E-04
  557.00      6.05810E-04
  559.00      5.99290E-04
  561.00      5.98430E-04
  563.00      5.94520E-04
  565.00      5.90650E-04
  567.00      5.86770E-04
  569.00      5.73060E-04
  571.00      5.38090E-04
  573.00      5.34960E-04
  575.00      5.31680E-04
  577.00      5.28860E-04
  579.00      5.25890E-04
  581.00      5.20410E-04
  583.00      5.20450E-04
  585.00      5.19680E-04
  587.00      5.13250E-04
  589.00      5.17830E-04
  591.00      5.17720E-04
  593.00      5.17830E-04
  595.00      5.18380E-04
  597.00      5.19280E-04
  599.00      5.20530E-04
  601.00      5.20610E-04
  603.00      5.20160E-04
  605.00      5.19870E-04
  607.00      5.17020E-04
  609.00      5.14440E-04
  611.00      5.11270E-04
  613.00      5.08580E-04
  615.00      5.05780E-04
  617.00      5.01720E-04
  619.00      5.00360E-04
  621.00      4.97680E-04
  623.00      4.92860E-04
  625.00      4.90960E-04
  627.00      4.88950E-04
  629.00      4.85900E-04
  631.00      4.80510E-04
  633.00      4.80060E-04
  635.00      4.77390E-04
  637.00      4.74900E-04
  639.00      4.71700E-04
  641.00      4.66100E-04
  643.00      4.66630E-04
  645.00      4.63670E-04
  647.00      4.60890E-04
  649.00      4.58380E-04
  651.00      4.54120E-04
  653.00      4.47990E-04
  655.00      4.40970E-04
  657.00      4.08530E-04
  659.00      4.43580E-04
  661.00      4.43220E-04
  663.00      4.41020E-04
  665.00      4.38490E-04
  667.00      4.31850E-04
  669.00      4.26020E-04
  671.00      4.29750E-04
  673.00      4.28130E-04
  675.00      4.25950E-04
  677.00      4.24030E-04
  679.00      4.21930E-04
  681.00      4.19660E-04
  683.00      4.17350E-04
  685.00      4.14960E-04
  687.00      4.12450E-04
  689.00      4.03930E-04
  691.00      4.07440E-04
  693.00      4.06230E-04
  695.00      4.04020E-04
  697.00      4.01900E-04
  699.00      3.99630E-04
  701.00      3.96970E-04
  703.00      3.94630E-04
  705.00      3.92560E-04
  707.00      3.88280E-04
  709.00      3.89270E-04
  711.00      3.87080E-04
  713.00      3.85050E-04
  715.00      3.83220E-04
  717.00      3.76730E-04
  719.00      3.76260E-04
  721.00      3.77280E-04
  723.00      3.75220E-04
  725.00      3.73340E-04
  727.00      3.71480E-04
  729.00      3.68580E-04
  731.00      3.67090E-04
  733.00      3.65810E-04
  735.00      3.63940E-04
  737.00      3.61770E-04
  739.00      3.60200E-04
  741.00      3.58090E-04
  743.00      3.56650E-04
  745.00      3.54200E-04
  747.00      3.52900E-04
  749.00      3.50210E-04
  751.00      3.49200E-04
  753.00      3.47740E-04
  755.00      3.45940E-04
  757.00      3.44110E-04
  759.00      3.35720E-04
  761.00      3.39790E-04
  763.00      3.39040E-04
  765.00      3.37330E-04
  767.00      3.35820E-04
  769.00      3.33040E-04
  771.00      3.32080E-04
  773.00      3.29500E-04
  775.00      3.29130E-04
  777.00      3.27920E-04
  779.00      3.26160E-04
  781.00      3.24730E-04
  783.00      3.23120E-04
  785.00      3.20570E-04
  787.00      3.19470E-04
  789.00      3.18300E-04
  791.00      3.17080E-04
  793.00      3.15650E-04
  795.00      3.14170E-04
  797.00      3.12010E-04
  799.00      3.11120E-04
  801.00      3.09720E-04
  803.00      3.08030E-04
  805.00      3.06870E-04
  807.00      3.05420E-04
  809.00      3.04010E-04
  811.00      3.02470E-04
  813.00      3.01200E-04
  815.00      2.99790E-04
  817.00      2.97910E-04
  819.00      2.95540E-04
  821.00      2.82940E-04
  823.00      2.79440E-04
  825.00      2.79860E-04
  827.00      2.79130E-04
  829.00      2.78140E-04
  831.00      2.77040E-04
  833.00      2.75120E-04
  835.00      2.74150E-04
  837.00      2.73290E-04
  839.00      2.72390E-04
  841.00      2.71280E-04
  843.00      2.70260E-04
  845.00      2.69020E-04
  847.00      2.68230E-04
  849.00      2.67330E-04
  851.00      2.65980E-04
  853.00      2.65640E-04
  855.00      2.64670E-04
  857.00      2.64010E-04
  859.00      2.62730E-04
  861.00      2.62310E-04
  863.00      2.62380E-04
  865.00      2.61020E-04
  867.00      2.58580E-04
  869.00      2.60410E-04
  871.00      2.60300E-04
  873.00      2.58720E-04
  875.00      2.54190E-04
  877.00      2.56750E-04
  879.00      2.58290E-04
  881.00      2.58160E-04
  883.00      2.57050E-04
  885.00      2.52040E-04
  887.00      2.46530E-04
  889.00      2.53460E-04
  891.00      2.54370E-04
  893.00      2.53660E-04
  895.00      2.52910E-04
  897.00      2.51800E-04
  899.00      2.48500E-04
  901.00      2.37220E-04
  903.00      2.40780E-04
  905.00      2.46620E-04
  907.00      2.46320E-04
  909.00      2.45980E-04
  911.00      2.45150E-04
  913.00      2.44450E-04
  915.00      2.43740E-04
  917.00      2.41880E-04
  919.00      2.40280E-04
  921.00      2.35060E-04
  923.00      2.21500E-04
  925.00      2.32450E-04
  927.00      2.36130E-04
  929.00      2.36040E-04
  931.00      2.35330E-04
  933.00      2.34140E-04
  935.00      2.27530E-04
  937.00      2.31760E-04
  939.00      2.31700E-04
  941.00      2.30650E-04
  943.00      2.29940E-04
  945.00      2.29080E-04
  947.00      2.27870E-04
  949.00      2.26670E-04
  951.00      2.24280E-04
  953.00      2.18660E-04
  955.00      2.05300E-04
  957.00      2.18780E-04
  959.00      2.21600E-04
  961.00      2.21390E-04
  963.00      2.20440E-04
  965.00      2.20220E-04
  967.00      2.19440E-04
  969.00      2.18550E-04
  971.00      2.15260E-04
  973.00      2.16400E-04
  975.00      2.15630E-04
  977.00      2.13960E-04
  979.00      2.14280E-04
  981.00      2.13440E-04
  983.00      2.12410E-04
  985.00      2.11780E-04
  987.00      2.11020E-04
  989.00      2.10080E-04
  991.00      2.09180E-04
  993.00      2.08560E-04
  995.00      2.07780E-04
  997.00      2.06940E-04
  999.00      2.05760E-04
  1002.5      1.99080E-04
  1007.5      1.95100E-04
  1012.5      1.96590E-04
  1017.5      1.99020E-04
  1022.5      1.97120E-04
  1027.5      1.95150E-04
  1032.5      1.93070E-04
  1037.5      1.91720E-04
  1042.5      1.89030E-04
  1047.5      1.88260E-04
  1052.5      1.86520E-04
  1057.5      1.84840E-04
  1062.5      1.83180E-04
  1067.5      1.81480E-04
  1072.5      1.79910E-04
  1077.5      1.78300E-04
  1082.5      1.75820E-04
  1087.5      1.74670E-04
  1092.5      1.64390E-04
  1097.5      1.69300E-04
  1102.5      1.70320E-04
  1107.5      1.69100E-04
  1112.5      1.67650E-04
  1117.5      1.66320E-04
  1122.5      1.64840E-04
  1127.5      1.63410E-04
  1132.5      1.61980E-04
  1137.5      1.60660E-04
  1142.5      1.59350E-04
  1147.5      1.58010E-04
  1152.5      1.56710E-04
  1157.5      1.55330E-04
  1162.5      1.52040E-04
  1167.5      1.51380E-04
  1172.5      1.51570E-04
  1177.5      1.50350E-04
  1182.5      1.48970E-04
  1187.5      1.47850E-04
  1192.5      1.46670E-04
  1197.5      1.44830E-04
  1202.5      1.44360E-04
  1207.5      1.43140E-04
  1212.5      1.41940E-04
  1217.5      1.40930E-04
  1222.5      1.39820E-04
  1227.5      1.38730E-04
  1232.5      1.37610E-04
  1237.5      1.36560E-04
  1242.5      1.35500E-04
  1247.5      1.34450E-04
  1252.5      1.33330E-04
  1257.5      1.32360E-04
  1262.5      1.31360E-04
  1267.5      1.30370E-04
  1272.5      1.29340E-04
  1277.5      1.26980E-04
  1282.5      1.20050E-04
  1287.5      1.25830E-04
  1292.5      1.25520E-04
  1297.5      1.24380E-04
  1302.5      1.23620E-04
  1307.5      1.22740E-04
  1312.5      1.21830E-04
  1317.5      1.20930E-04
  1322.5      1.20050E-04
  1327.5      1.19170E-04
  1332.5      1.18300E-04
  1337.5      1.17440E-04
  1342.5      1.16570E-04
  1347.5      1.15740E-04
  1352.5      1.14910E-04
  1357.5      1.14100E-04
  1362.5      1.13280E-04
  1367.5      1.12480E-04
  1372.5      1.11640E-04
  1377.5      1.10890E-04
  1382.5      1.10120E-04
  1387.5      1.09350E-04
  1392.5      1.08570E-04
  1397.5      1.07830E-04
  1402.5      1.07060E-04
  1407.5      1.06340E-04
  1412.5      1.05600E-04
  1417.5      1.04860E-04
  1422.5      1.04160E-04
  1427.5      1.03450E-04
  1432.5      1.02740E-04
  1437.5      1.02050E-04
  1442.5      1.01370E-04
  1447.5      1.00680E-04
  1452.5      1.00010E-04
  1457.0      9.94050E-05
  1462.0      9.87770E-05
  1467.5      9.80510E-05
  1472.5      9.73360E-05
  1477.5      9.56810E-05
  1482.5      9.61150E-05
  1487.5      9.55050E-05
  1492.5      9.48880E-05
  1497.5      9.42720E-05
  1502.5      9.36580E-05
  1507.5      9.30150E-05
  1512.5      9.24590E-05
  1517.5      9.18660E-05
  1522.5      9.12770E-05
  1527.5      9.06930E-05
  1532.5      9.01140E-05
  1537.5      8.95450E-05
  1542.5      8.89600E-05
  1547.5      8.84180E-05
  1552.5      8.78540E-05
  1557.5      8.72700E-05
  1562.5      8.67750E-05
  1567.5      8.61720E-05
  1572.5      8.56070E-05
  1577.5      8.51820E-05
  1582.5      8.46300E-05
  1587.5      8.38800E-05
  1592.5      8.35300E-05
  1597.5      8.31410E-05
  1605.0      8.22680E-05
  1615.0      8.10830E-05
  1625.0      8.05680E-05
  1635.0      7.92490E-05
  1645.0      7.79590E-05
  1655.0      7.77390E-05
  1665.0      7.68220E-05
  1675.0      7.54270E-05
  1685.0      7.40700E-05
  1695.0      7.41640E-05
  1705.0      7.31480E-05
  1715.0      7.25050E-05
  1725.0      7.16060E-05
  1735.0      6.93560E-05
  1745.0      6.98240E-05
  1755.0      6.92920E-05
  1765.0      6.85230E-05
  1775.0      6.77590E-05
  1785.0      6.70200E-05
  1795.0      6.62870E-05
  1805.0      6.55220E-05
  1815.0      6.32490E-05
  1825.0      6.37490E-05
  1835.0      6.34710E-05
  1845.0      6.27930E-05
  1855.0      6.21040E-05
  1865.0      6.04790E-05
  1875.0      5.87170E-05
  1885.0      6.01440E-05
  1895.0      5.95770E-05
  1905.0      5.88760E-05
  1915.0      5.83610E-05
  1925.0      5.77650E-05
  1935.0      5.70480E-05
  1945.0      5.47420E-05
  1955.0      5.58800E-05
  1965.0      5.54680E-05
  1975.0      5.49160E-05
  1985.0      5.43660E-05
  1995.0      5.38270E-05
  2005.0      5.33060E-05
  2015.0      5.27840E-05
  2025.0      5.22710E-05
  2035.0      5.17650E-05
  2045.0      5.12620E-05
  2055.0      5.07430E-05
  2065.0      5.02890E-05
  2075.0      4.97930E-05
  2085.0      4.93390E-05
  2095.0      4.88750E-05
  2105.0      4.84170E-05
  2115.0      4.79030E-05
  2125.0      4.75200E-05
  2135.0      4.70800E-05
  2145.0      4.66430E-05
  2155.0      4.61310E-05
  2165.0      4.40990E-05
  2175.0      4.51980E-05
  2185.0      4.49650E-05
  2195.0      4.45670E-05
  2205.0      4.41680E-05
  2215.0      4.37740E-05
  2225.0      4.33850E-05
  2235.0      4.30020E-05
  2245.0      4.26220E-05
  2255.0      4.22490E-05
  2265.0      4.18800E-05
  2275.0      4.15160E-05
  2285.0      4.12160E-05
  2295.0      4.08610E-05
  2305.0      4.05070E-05
  2315.0      4.01640E-05
  2325.0      3.98220E-05
  2335.0      3.94850E-05
  2345.0      3.91510E-05
  2355.0      3.88220E-05
  2365.0      3.84970E-05
  2375.0      3.81760E-05
  2385.0      3.78590E-05
  2395.0      3.75460E-05
  2405.0      3.72340E-05
  2415.0      3.69290E-05
  2425.0      3.66110E-05
  2435.0      3.63310E-05
  2445.0      3.60370E-05
  2455.0      3.57460E-05
  2465.0      3.54580E-05
  2475.0      3.51490E-05
  2485.0      3.48940E-05
  2495.0      3.46160E-05
  2505.0      3.43420E-05
  2515.0      3.40720E-05
  2525.0      3.37910E-05
  2535.0      3.35390E-05
  2545.0      3.32780E-05
  2555.0      3.30170E-05
  2565.0      3.26930E-05
  2575.0      3.25110E-05
  2585.0      3.22620E-05
  2595.0      3.20150E-05
  2605.0      3.17080E-05
  2615.0      3.13000E-05
  2625.0      2.99840E-05
  2635.0      3.08960E-05
  2645.0      3.08200E-05
  2655.0      3.05810E-05
  2665.0      3.03150E-05
  2675.0      2.99520E-05
  2685.0      2.98640E-05
  2695.0      2.96950E-05
  2705.0      2.94770E-05
  2715.0      2.92610E-05
  2725.0      2.90470E-05
  2735.0      2.88360E-05
  2745.0      2.85980E-05
  2755.0      2.81560E-05
  2765.0      2.80680E-05
  2775.0      2.80120E-05
  2785.0      2.78120E-05
  2795.0      2.76160E-05
  2805.0      2.74200E-05
  2815.0      2.72260E-05
  2825.0      2.70340E-05
  2835.0      2.68450E-05
  2845.0      2.66570E-05
  2855.0      2.64650E-05
  2865.0      2.61400E-05
  2875.0      2.57040E-05
  2885.0      2.58660E-05
  2895.0      2.57470E-05
  2905.0      2.55700E-05
  2915.0      2.53960E-05
  2925.0      2.52230E-05
  2935.0      2.50510E-05
  2945.0      2.48820E-05
  2955.0      2.47140E-05
  2965.0      2.45480E-05
  2975.0      2.43840E-05
  2985.0      2.42210E-05
  2995.0      2.40600E-05
  3005.0      2.39000E-05
  3015.0      2.37420E-05
  3025.0      2.35460E-05
  3035.0      2.30160E-05
  3045.0      2.30070E-05
  3055.0      2.31030E-05
  3065.0      2.29740E-05
  3075.0      2.28260E-05
  3085.0      2.26740E-05
  3095.0      2.25330E-05
  3105.0      2.23870E-05
  3115.0      2.22450E-05
  3125.0      2.21030E-05
  3135.0      2.19620E-05
  3145.0      2.18230E-05
  3155.0      2.16850E-05
  3165.0      2.15480E-05
  3175.0      2.14130E-05
  3185.0      2.12790E-05
  3195.0      2.11460E-05
  3210.0      2.09490E-05
  3230.0      2.06900E-05
  3250.0      2.04360E-05
  3270.0      2.01850E-05
  3290.0      1.95690E-05
  3310.0      1.96050E-05
  3330.0      1.94780E-05
  3350.0      1.92480E-05
  3370.0      1.90200E-05
  3390.0      1.87960E-05
  3410.0      1.85760E-05
  3430.0      1.83600E-05
  3450.0      1.81470E-05
  3470.0      1.79380E-05
  3490.0      1.77330E-05
  3510.0      1.75310E-05
  3530.0      1.73330E-05
  3550.0      1.71370E-05
  3570.0      1.69460E-05
  3590.0      1.67570E-05
  3610.0      1.65710E-05
  3630.0      1.63890E-05
  3650.0      1.62090E-05
  3670.0      1.60320E-05
  3690.0      1.58590E-05
  3710.0      1.56770E-05
  3730.0      1.53340E-05
  3750.0      1.50980E-05
  3770.0      1.51900E-05
  3790.0      1.50300E-05
  3810.0      1.48720E-05
  3830.0      1.47170E-05
  3850.0      1.45640E-05
  3870.0      1.44130E-05
  3890.0      1.42650E-05
  3910.0      1.41100E-05
  3930.0      1.39750E-05
  3950.0      1.38330E-05
  3970.0      1.36940E-05
  3990.0      1.35560E-05
  4010.0      1.34030E-05
  4030.0      1.32440E-05
  4050.0      1.28340E-05
  4070.0      1.30170E-05
  4090.0      1.28990E-05
  4110.0      1.27730E-05
  4130.0      1.26450E-05
  4150.0      1.25240E-05
  4170.0      1.23470E-05
  4190.0      1.22800E-05
  4210.0      1.21700E-05
  4230.0      1.20550E-05
  4250.0      1.19390E-05
  4270.0      1.18290E-05
  4290.0      1.17110E-05
  4310.0      1.16090E-05
  4330.0      1.15010E-05
  4350.0      1.13950E-05
  4370.0      1.12100E-05
  4390.0      1.11540E-05
  4410.0      1.10850E-05
  4430.0      1.09850E-05
  4450.0      1.08850E-05
  4470.0      1.07920E-05
  4490.0      1.06960E-05
  4510.0      1.06000E-05
  4530.0      1.05060E-05
  4550.0      1.04130E-05
  4570.0      1.03220E-05
  4590.0      1.02310E-05
  4610.0      1.01410E-05
  4630.0      1.00400E-05
  4650.0      9.65710E-06
  4670.0      9.72730E-06
  4690.0      9.75960E-06
  4710.0      9.71250E-06
  4730.0      9.63000E-06
  4750.0      9.54830E-06
  4770.0      9.46790E-06
  4790.0      9.38840E-06
  4810.0      9.30980E-06
  4830.0      9.23220E-06
  4850.0      9.15560E-06
  4870.0      9.07990E-06
  4890.0      9.00510E-06
  4910.0      8.93120E-06
  4930.0      8.85830E-06
  4950.0      8.78620E-06
  4970.0      8.71500E-06
  4990.0      8.64470E-06
  5010.0      8.57510E-06
  5030.0      8.50640E-06
  5050.0      8.43860E-06
  5070.0      8.37150E-06
  5090.0      8.30520E-06
  5110.0      8.21350E-06
  5130.0      8.02330E-06
  5150.0      8.09290E-06
  5170.0      8.04770E-06
  5190.0      7.98530E-06
  5210.0      7.92350E-06
  5230.0      7.86250E-06
  5250.0      7.80210E-06
  5270.0      7.74240E-06
  5290.0      7.68340E-06
  5310.0      7.62500E-06
  5330.0      7.56730E-06
  5350.0      7.51020E-06
  5370.0      7.45380E-06
  5390.0      7.39800E-06
  5410.0      7.34280E-06
  5430.0      7.28830E-06
  5450.0      7.23430E-06
  5470.0      7.18090E-06
  5490.0      7.12810E-06
  5510.0      7.07590E-06
  5530.0      7.02420E-06
  5550.0      6.97320E-06
  5570.0      6.92270E-06
  5590.0      6.87270E-06
  5610.0      6.82320E-06
  5630.0      6.77430E-06
  5650.0      6.72590E-06
  5670.0      6.67800E-06
  5690.0      6.63050E-06
  5710.0      6.58240E-06
  5730.0      6.53720E-06
  5750.0      6.49140E-06
  5770.0      6.44600E-06
  5790.0      6.40100E-06
  5810.0      6.35650E-06
  5830.0      6.31240E-06
  5850.0      6.27050E-06
  5870.0      6.22730E-06
  5890.0      6.15540E-06
  5910.0      5.98070E-06
  5930.0      6.07770E-06
  5950.0      6.03920E-06
  5970.0      6.00900E-06
  5990.0      5.97740E-06
  6010.0      5.93730E-06
  6030.0      5.89750E-06
  6050.0      5.85810E-06
  6070.0      5.81910E-06
  6090.0      5.78050E-06
  6110.0      5.74230E-06
  6130.0      5.70440E-06
  6150.0      5.66690E-06
  6170.0      5.62980E-06
  6190.0      5.59300E-06
  6210.0      5.55660E-06
  6230.0      5.52050E-06
  6250.0      5.48470E-06
  6270.0      5.44430E-06
  6290.0      5.38420E-06
  6310.0      5.37080E-06
  6330.0      5.34520E-06
  6350.0      5.31120E-06
  6370.0      5.27750E-06
  6390.0      5.24410E-06
  6420.0      5.19460E-06
  6460.0      5.12960E-06
  6500.0      5.06590E-06
  6540.0      5.00330E-06
  6580.0      4.94180E-06
  6620.0      4.88150E-06
  6660.0      4.82220E-06
  6700.0      4.76400E-06
  6740.0      4.70140E-06
  6780.0      4.62020E-06
  6820.0      4.59550E-06
  6860.0      4.54140E-06
  6900.0      4.48810E-06
  6940.0      4.43580E-06
  6980.0      4.38440E-06
  7020.0      4.33390E-06
  7060.0      4.28420E-06
  7100.0      4.23540E-06
  7140.0      4.18740E-06
  7180.0      4.14020E-06
  7220.0      4.09380E-06
  7260.0      4.04810E-06
  7300.0      4.00320E-06
  7340.0      3.95910E-06
  7380.0      3.91560E-06
  7420.0      3.86800E-06
  7460.0      3.73570E-06
  7500.0      3.68550E-06
  7540.0      3.73620E-06
  7580.0      3.70880E-06
  7620.0      3.66940E-06
  7660.0      3.63070E-06
  7700.0      3.59250E-06
  7740.0      3.55490E-06
  7780.0      3.51780E-06
  7820.0      3.48140E-06
  7860.0      3.44560E-06
  7900.0      3.41030E-06
  7940.0      3.37550E-06
  7980.0      3.34120E-06
  8020.0      3.30740E-06
  8060.0      3.27420E-06
  8100.0      3.24140E-06
  8140.0      3.20790E-06
  8180.0      3.17730E-06
  8220.0      3.14600E-06
  8260.0      3.11510E-06
  8300.0      3.08470E-06
  8340.0      3.05470E-06
  8380.0      3.02520E-06
  8420.0      2.99600E-06
  8460.0      2.96730E-06
  8500.0      2.93900E-06
  8540.0      2.91110E-06
  8580.0      2.88360E-06
  8620.0      2.85640E-06
  8660.0      2.82300E-06
  8700.0      2.80210E-06
  8740.0      2.75110E-06
  8780.0      2.72630E-06
  8820.0      2.72620E-06
  8860.0      2.70130E-06
  8900.0      2.67670E-06
  8940.0      2.65240E-06
  8980.0      2.62840E-06
  9020.0      2.60480E-06
  9060.0      2.58140E-06
  9100.0      2.55840E-06
  9140.0      2.53570E-06
  9180.0      2.51330E-06
  9220.0      2.49110E-06
  9260.0      2.46930E-06
  9300.0      2.44770E-06
  9340.0      2.42640E-06
  9380.0      2.39450E-06
  9420.0      2.38070E-06
  9460.0      2.36420E-06
  9500.0      2.34410E-06
  9540.0      2.32410E-06
  9580.0      2.30440E-06
  9620.0      2.28500E-06
  9660.0      2.26570E-06
  9700.0      2.24680E-06
  9740.0      2.22800E-06
  9780.0      2.20950E-06
  9820.0      2.19120E-06
  9860.0      2.17320E-06
  9900.0      2.15540E-06
  9940.0      2.13770E-06
  9980.0      2.12030E-06
  10020.      2.10310E-06
  20000.      5.13230E-07
  40000.      1.24240E-07
  60000.      5.41330E-08
  80000.      3.00060E-08
 1.00000E+05  1.89820E-08
 1.20000E+05  1.30550E-08
 1.40000E+05  9.51250E-09
 1.60000E+05  7.23070E-09
