 Castelli and Kurucz 2004-2012 Atmosphere
 T     48000.     G    5.00000 [0.2a] VTURB=2  L/H=1.25 NOVER NEW ODF          
 Wavelength  Eddington Hnu
   (nm)    (ergs/s/cm2/Hz/sr)
  9.0900      6.13620E-20
  9.3500      1.79180E-19
  9.6100      4.82330E-19
  9.7700      8.95290E-19
  9.9600      1.77730E-18
  10.200      4.08320E-18
  10.380      7.44190E-18
  10.560      1.33020E-17
  10.770      2.55880E-17
  11.040      5.72880E-17
  11.400      1.58490E-16
  11.780      4.31600E-16
  12.130      1.04550E-15
  12.480      2.38670E-15
  12.710      4.02800E-15
  12.840      5.57270E-15
  13.050      8.72130E-15
  13.240      1.28890E-14
  13.390      1.75670E-14
  13.660      2.96910E-14
  13.980      5.49570E-14
  14.330      1.01840E-13
  14.720      1.87520E-13
  15.100      3.67920E-13
  15.520      7.05440E-13
  15.880      1.23300E-12
  16.200      2.65230E-12
  16.600      4.65160E-12
  17.030      7.77890E-12
  17.340      1.12530E-11
  17.680      1.77580E-11
  18.020      2.65910E-11
  18.170      3.13910E-11
  18.610      5.34050E-11
  19.100      8.66920E-11
  19.390      1.22600E-10
  19.840      1.93410E-10
  20.180      2.48870E-10
  20.500      3.44240E-10
  21.050      5.40440E-10
  21.620      8.32080E-10
  21.980      1.11790E-09
  22.300      1.37150E-09
  22.680      1.86750E-09
  23.000      1.22990E-07
  23.400      4.54460E-07
  24.000      5.90280E-07
  24.650      1.24130E-06
  25.240      7.79080E-06
  25.680      2.70690E-05
  26.000      1.77200E-05
  26.400      7.97480E-05
  26.850      1.02590E-04
  27.350      1.32880E-04
  27.850      7.89410E-05
  28.400      1.76660E-04
  29.000      2.97600E-04
  29.600      2.45100E-04
  30.100      1.72920E-04
  30.800      2.42550E-04
  31.800      3.64660E-05
  32.800      5.78400E-05
  33.800      4.16990E-05
  34.800      4.87380E-05
  35.700      1.31800E-04
  36.600      3.42580E-04
  37.500      5.42660E-04
  38.500      5.40830E-04
  39.500      9.66340E-04
  40.500      1.80450E-03
  41.400      1.68270E-03
  42.200      1.53870E-03
  43.000      1.47750E-03
  44.100      1.83400E-03
  45.100      1.96590E-03
  46.000      1.51140E-03
  47.000      1.85810E-03
  48.000      2.28160E-03
  49.000      1.66300E-03
  50.000      2.89530E-03
  50.600      2.26590E-03
  51.200      3.03030E-03
  52.000      2.88490E-03
  53.000      2.74140E-03
  54.000      2.22290E-03
  55.000      1.71850E-03
  56.000      2.38850E-03
  57.000      3.21600E-03
  58.000      3.31700E-03
  59.000      3.37340E-03
  60.000      2.73610E-03
  61.000      2.19080E-03
  62.000      3.08260E-03
  63.000      2.73330E-03
  64.000      3.49280E-03
  65.000      3.21040E-03
  65.800      2.71340E-03
  66.500      3.46910E-03
  67.500      3.59800E-03
  68.500      3.20020E-03
  69.500      3.64290E-03
  70.500      3.05630E-03
  71.600      3.63150E-03
  72.600      3.80940E-03
  73.500      3.79860E-03
  74.500      3.61380E-03
  75.500      3.52240E-03
  76.500      3.21580E-03
  77.500      3.60530E-03
  78.500      2.95750E-03
  79.500      3.49740E-03
  80.500      3.68200E-03
  81.500      3.68100E-03
  82.500      3.75490E-03
  83.500      3.31370E-03
  84.500      3.68050E-03
  85.500      3.41670E-03
  86.500      3.72630E-03
  87.500      3.78680E-03
  88.500      3.69860E-03
  89.500      3.68930E-03
  90.500      3.60260E-03
  91.500      2.66180E-03
  92.500      4.07310E-03
  93.500      5.03290E-03
  94.500      5.75940E-03
  95.500      6.95390E-03
  96.500      7.39540E-03
  97.500      5.83560E-03
  98.500      6.75180E-03
  99.500      6.05190E-03
  100.50      6.18980E-03
  101.50      6.39340E-03
  102.50      5.99750E-03
  103.50      6.79640E-03
  104.50      7.22850E-03
  105.50      7.14170E-03
  106.50      6.64940E-03
  107.50      7.13800E-03
  108.50      6.38820E-03
  109.50      6.99850E-03
  110.50      6.90600E-03
  111.50      6.91330E-03
  112.50      6.71140E-03
  113.50      6.96470E-03
  114.50      7.02370E-03
  115.50      6.67200E-03
  116.50      6.23690E-03
  117.50      5.92300E-03
  118.50      6.39980E-03
  119.50      5.98600E-03
  120.50      5.98640E-03
  121.50      5.07780E-03
  122.50      5.86750E-03
  123.50      5.68190E-03
  124.50      5.53630E-03
  125.50      5.84880E-03
  126.50      5.88700E-03
  127.50      5.93740E-03
  128.50      5.93460E-03
  129.50      5.96850E-03
  130.50      5.81530E-03
  131.50      5.79230E-03
  132.50      5.73400E-03
  133.50      5.68600E-03
  134.50      5.57530E-03
  135.50      5.46040E-03
  136.50      5.23200E-03
  137.50      4.99810E-03
  138.50      5.18670E-03
  139.50      5.01920E-03
  140.50      4.80790E-03
  141.50      5.37600E-03
  142.50      5.09770E-03
  143.50      5.30770E-03
  144.20      5.04250E-03
  144.70      5.07400E-03
  145.50      4.98730E-03
  146.50      4.97960E-03
  147.50      5.01980E-03
  148.50      5.08640E-03
  149.50      4.98530E-03
  150.50      4.93610E-03
  151.20      4.93840E-03
  151.70      4.83310E-03
  152.50      4.89960E-03
  153.50      4.62520E-03
  154.50      4.00880E-03
  155.50      4.11040E-03
  156.50      4.49690E-03
  157.50      4.60240E-03
  158.50      4.48260E-03
  159.50      4.59320E-03
  160.50      4.45240E-03
  161.50      4.38910E-03
  162.50      4.44660E-03
  163.50      4.44310E-03
  164.50      4.27500E-03
  165.50      4.45850E-03
  166.50      4.38510E-03
  167.20      4.26190E-03
  167.70      4.51180E-03
  168.50      4.48740E-03
  169.50      4.49240E-03
  170.50      4.37150E-03
  171.50      4.22370E-03
  172.50      4.19190E-03
  173.50      4.34170E-03
  174.50      4.32020E-03
  175.50      4.28570E-03
  176.50      4.21380E-03
  177.50      4.17720E-03
  178.50      4.21130E-03
  179.50      4.12710E-03
  180.50      4.10210E-03
  181.50      4.04760E-03
  182.50      4.03150E-03
  183.50      4.01220E-03
  184.50      4.01010E-03
  185.50      3.98230E-03
  186.50      3.98870E-03
  187.50      3.91170E-03
  188.50      3.87650E-03
  189.50      3.90990E-03
  190.50      3.88370E-03
  191.50      3.85820E-03
  192.50      3.71430E-03
  193.50      3.81450E-03
  194.50      3.80380E-03
  195.50      3.72970E-03
  196.70      3.72550E-03
  197.60      3.66530E-03
  198.40      3.69730E-03
  199.50      3.65690E-03
  200.50      3.65300E-03
  201.50      3.63050E-03
  202.50      3.61280E-03
  203.50      3.56290E-03
  204.50      3.52100E-03
  205.50      2.62580E-03
  206.50      2.52770E-03
  207.40      2.58700E-03
  207.80      2.64860E-03
  208.50      2.81660E-03
  209.50      3.14780E-03
  210.50      3.32500E-03
  211.50      3.37110E-03
  212.50      3.31990E-03
  213.50      3.33310E-03
  214.50      3.30400E-03
  215.50      3.30120E-03
  216.50      3.12180E-03
  217.50      3.28850E-03
  218.50      3.15070E-03
  219.50      3.26740E-03
  220.50      3.23760E-03
  221.50      3.07270E-03
  222.50      3.20650E-03
  223.50      3.18720E-03
  224.50      3.16530E-03
  225.50      3.01840E-03
  226.50      3.11010E-03
  227.50      3.12030E-03
  228.50      3.04620E-03
  229.50      3.01280E-03
  230.50      2.91920E-03
  231.50      2.97590E-03
  232.50      2.99940E-03
  233.50      2.98840E-03
  234.50      2.94930E-03
  235.50      2.91190E-03
  236.50      2.88630E-03
  237.50      2.84550E-03
  238.50      2.69320E-03
  239.50      2.79410E-03
  240.50      2.77840E-03
  241.50      2.75990E-03
  242.50      2.78710E-03
  243.50      2.75290E-03
  244.50      2.74010E-03
  245.50      2.69230E-03
  246.50      2.70140E-03
  247.50      2.71420E-03
  248.50      2.66910E-03
  249.50      2.42200E-03
  250.50      2.63170E-03
  251.30      2.42560E-03
  251.80      2.55350E-03
  252.50      2.57900E-03
  253.50      2.59960E-03
  254.50      2.59020E-03
  255.50      2.57450E-03
  256.50      2.56110E-03
  257.50      2.54040E-03
  258.50      2.52550E-03
  259.50      2.44950E-03
  260.50      2.49840E-03
  261.50      2.43880E-03
  262.50      2.47160E-03
  263.50      2.46010E-03
  264.50      2.42360E-03
  265.50      2.42890E-03
  266.50      2.40980E-03
  267.50      2.35990E-03
  268.50      2.36920E-03
  269.50      2.35220E-03
  270.50      2.36450E-03
  271.50      2.34610E-03
  272.50      2.32480E-03
  273.50      2.23300E-03
  274.50      2.30700E-03
  275.50      2.28100E-03
  276.50      2.27740E-03
  277.50      2.25520E-03
  278.50      2.21400E-03
  279.50      2.20500E-03
  280.50      2.21000E-03
  281.50      2.19970E-03
  282.50      2.17500E-03
  283.50      2.17890E-03
  284.50      2.17130E-03
  285.50      2.15690E-03
  286.50      2.12620E-03
  287.50      2.10890E-03
  288.50      2.11510E-03
  289.50      2.09300E-03
  291.00      2.08260E-03
  293.00      2.06820E-03
  295.00      2.04590E-03
  297.00      2.01610E-03
  299.00      1.98210E-03
  301.00      1.96150E-03
  303.00      1.92430E-03
  305.00      1.91740E-03
  307.00      1.87740E-03
  309.00      1.88070E-03
  311.00      1.86340E-03
  313.00      1.84050E-03
  315.00      1.82990E-03
  317.00      1.80800E-03
  319.00      1.79230E-03
  321.00      1.73140E-03
  323.00      1.75770E-03
  325.00      1.74100E-03
  327.00      1.70250E-03
  329.00      1.69850E-03
  331.00      1.68020E-03
  333.00      1.65940E-03
  335.00      1.62710E-03
  337.00      1.62300E-03
  339.00      1.60060E-03
  341.00      1.58420E-03
  343.00      1.58470E-03
  345.00      1.55270E-03
  347.00      1.55060E-03
  349.00      1.53740E-03
  351.00      1.52820E-03
  353.00      1.50670E-03
  355.00      1.49430E-03
  357.00      1.47890E-03
  359.00      1.46810E-03
  361.00      1.45290E-03
  363.00      1.43600E-03
  364.00      1.40080E-03
  365.00      1.25600E-03
  367.00      1.24660E-03
  369.00      1.23690E-03
  371.00      1.22840E-03
  373.00      1.24280E-03
  375.00      1.26090E-03
  377.00      1.27770E-03
  379.00      1.30980E-03
  381.00      1.33370E-03
  383.00      1.27830E-03
  385.00      1.33340E-03
  387.00      1.32850E-03
  389.00      1.22510E-03
  391.00      1.32110E-03
  393.00      1.30030E-03
  395.00      1.28940E-03
  397.00      1.17090E-03
  399.00      1.27550E-03
  401.00      1.26830E-03
  403.00      1.23550E-03
  405.00      1.25090E-03
  407.00      1.23470E-03
  409.00      1.18550E-03
  411.00      1.12230E-03
  413.00      1.20270E-03
  415.00      1.19750E-03
  417.00      1.18970E-03
  419.00      1.17210E-03
  421.00      1.14560E-03
  423.00      1.16160E-03
  425.00      1.15070E-03
  427.00      1.14190E-03
  429.00      1.13180E-03
  431.00      1.11760E-03
  433.00      1.06900E-03
  435.00      1.02660E-03
  437.00      1.08820E-03
  439.00      1.07630E-03
  441.00      1.06720E-03
  443.00      1.06460E-03
  445.00      1.05300E-03
  447.00      1.04290E-03
  449.00      1.03950E-03
  451.00      1.02860E-03
  453.00      1.01820E-03
  455.00      9.89640E-04
  457.00      1.00570E-03
  459.00      9.97770E-04
  461.00      9.90900E-04
  463.00      9.75010E-04
  465.00      9.53780E-04
  467.00      9.64660E-04
  469.00      9.24790E-04
  471.00      9.54690E-04
  473.00      9.50200E-04
  475.00      9.43200E-04
  477.00      9.35530E-04
  479.00      9.25630E-04
  481.00      9.20630E-04
  483.00      9.12340E-04
  485.00      8.82860E-04
  487.00      8.32410E-04
  489.00      8.90330E-04
  491.00      8.85980E-04
  493.00      8.79440E-04
  495.00      8.74100E-04
  497.00      8.68130E-04
  499.00      8.62240E-04
  501.00      8.53110E-04
  503.00      8.48110E-04
  505.00      8.42240E-04
  507.00      8.37180E-04
  509.00      8.31560E-04
  511.00      8.25220E-04
  513.00      8.18910E-04
  515.00      8.13490E-04
  517.00      8.08250E-04
  519.00      8.02480E-04
  521.00      7.96280E-04
  523.00      7.91330E-04
  525.00      7.84650E-04
  527.00      7.78220E-04
  529.00      7.74990E-04
  531.00      7.69420E-04
  533.00      7.64120E-04
  535.00      7.59180E-04
  537.00      7.53700E-04
  539.00      7.48630E-04
  541.00      7.24820E-04
  543.00      7.38250E-04
  545.00      7.33740E-04
  547.00      7.28500E-04
  549.00      7.23860E-04
  551.00      7.17690E-04
  553.00      7.14260E-04
  555.00      7.09610E-04
  557.00      7.04110E-04
  559.00      6.96960E-04
  561.00      6.95670E-04
  563.00      6.91060E-04
  565.00      6.86520E-04
  567.00      6.82040E-04
  569.00      6.66110E-04
  571.00      6.20040E-04
  573.00      6.16360E-04
  575.00      6.12540E-04
  577.00      6.09250E-04
  579.00      6.05950E-04
  581.00      5.98440E-04
  583.00      6.00730E-04
  585.00      5.99660E-04
  587.00      5.96090E-04
  589.00      5.98510E-04
  591.00      5.98690E-04
  593.00      5.99320E-04
  595.00      6.00660E-04
  597.00      6.02180E-04
  599.00      6.04400E-04
  601.00      6.04350E-04
  603.00      6.04640E-04
  605.00      6.03580E-04
  607.00      6.00070E-04
  609.00      5.97230E-04
  611.00      5.93540E-04
  613.00      5.90240E-04
  615.00      5.87470E-04
  617.00      5.82280E-04
  619.00      5.80750E-04
  621.00      5.77670E-04
  623.00      5.71550E-04
  625.00      5.69830E-04
  627.00      5.67450E-04
  629.00      5.63960E-04
  631.00      5.57030E-04
  633.00      5.56960E-04
  635.00      5.54120E-04
  637.00      5.51100E-04
  639.00      5.46900E-04
  641.00      5.39770E-04
  643.00      5.41260E-04
  645.00      5.38100E-04
  647.00      5.34960E-04
  649.00      5.32120E-04
  651.00      5.27560E-04
  653.00      5.19030E-04
  655.00      5.13970E-04
  657.00      4.79270E-04
  659.00      5.15270E-04
  661.00      5.14290E-04
  663.00      5.11430E-04
  665.00      5.08530E-04
  667.00      5.02450E-04
  669.00      4.94360E-04
  671.00      4.98710E-04
  673.00      4.96950E-04
  675.00      4.94190E-04
  677.00      4.91600E-04
  679.00      4.89090E-04
  681.00      4.86370E-04
  683.00      4.83720E-04
  685.00      4.80970E-04
  687.00      4.78200E-04
  689.00      4.67030E-04
  691.00      4.72490E-04
  693.00      4.70700E-04
  695.00      4.68160E-04
  697.00      4.65640E-04
  699.00      4.63040E-04
  701.00      4.60130E-04
  703.00      4.57340E-04
  705.00      4.54820E-04
  707.00      4.51940E-04
  709.00      4.50900E-04
  711.00      4.48090E-04
  713.00      4.45710E-04
  715.00      4.43830E-04
  717.00      4.35300E-04
  719.00      4.35130E-04
  721.00      4.36730E-04
  723.00      4.34620E-04
  725.00      4.32350E-04
  727.00      4.30130E-04
  729.00      4.27660E-04
  731.00      4.25020E-04
  733.00      4.23510E-04
  735.00      4.21340E-04
  737.00      4.18800E-04
  739.00      4.16650E-04
  741.00      4.14510E-04
  743.00      4.12820E-04
  745.00      4.09980E-04
  747.00      4.08580E-04
  749.00      4.05900E-04
  751.00      4.04140E-04
  753.00      4.02490E-04
  755.00      4.00400E-04
  757.00      3.98240E-04
  759.00      3.87520E-04
  761.00      3.93230E-04
  763.00      3.92390E-04
  765.00      3.90450E-04
  767.00      3.88390E-04
  769.00      3.85670E-04
  771.00      3.84050E-04
  773.00      3.81640E-04
  775.00      3.80820E-04
  777.00      3.79330E-04
  779.00      3.77350E-04
  781.00      3.75610E-04
  783.00      3.73740E-04
  785.00      3.70860E-04
  787.00      3.69690E-04
  789.00      3.68220E-04
  791.00      3.66680E-04
  793.00      3.64980E-04
  795.00      3.63150E-04
  797.00      3.60710E-04
  799.00      3.59760E-04
  801.00      3.58060E-04
  803.00      3.56180E-04
  805.00      3.54730E-04
  807.00      3.53060E-04
  809.00      3.51410E-04
  811.00      3.49760E-04
  813.00      3.48140E-04
  815.00      3.46510E-04
  817.00      3.44290E-04
  819.00      3.41410E-04
  821.00      3.23970E-04
  823.00      3.19840E-04
  825.00      3.20430E-04
  827.00      3.19730E-04
  829.00      3.18400E-04
  831.00      3.17060E-04
  833.00      3.15090E-04
  835.00      3.14170E-04
  837.00      3.12950E-04
  839.00      3.11760E-04
  841.00      3.10610E-04
  843.00      3.09450E-04
  845.00      3.08280E-04
  847.00      3.07290E-04
  849.00      3.06410E-04
  851.00      3.05250E-04
  853.00      3.04680E-04
  855.00      3.03610E-04
  857.00      3.02920E-04
  859.00      3.02020E-04
  861.00      3.01310E-04
  863.00      3.01270E-04
  865.00      3.00220E-04
  867.00      2.97820E-04
  869.00      2.99430E-04
  871.00      2.99260E-04
  873.00      2.98180E-04
  875.00      2.93980E-04
  877.00      2.96410E-04
  879.00      2.97480E-04
  881.00      2.97300E-04
  883.00      2.96480E-04
  885.00      2.92020E-04
  887.00      2.86460E-04
  889.00      2.92580E-04
  891.00      2.93170E-04
  893.00      2.92260E-04
  895.00      2.91380E-04
  897.00      2.90160E-04
  899.00      2.87160E-04
  901.00      2.76290E-04
  903.00      2.79450E-04
  905.00      2.84450E-04
  907.00      2.84280E-04
  909.00      2.83370E-04
  911.00      2.82000E-04
  913.00      2.81380E-04
  915.00      2.80540E-04
  917.00      2.78630E-04
  919.00      2.76890E-04
  921.00      2.72390E-04
  923.00      2.58510E-04
  925.00      2.69140E-04
  927.00      2.72130E-04
  929.00      2.71890E-04
  931.00      2.71150E-04
  933.00      2.69360E-04
  935.00      2.60970E-04
  937.00      2.66380E-04
  939.00      2.66450E-04
  941.00      2.65550E-04
  943.00      2.64630E-04
  945.00      2.63530E-04
  947.00      2.62450E-04
  949.00      2.60980E-04
  951.00      2.58950E-04
  953.00      2.53590E-04
  955.00      2.39600E-04
  957.00      2.53000E-04
  959.00      2.55230E-04
  961.00      2.55030E-04
  963.00      2.53970E-04
  965.00      2.53280E-04
  967.00      2.52290E-04
  969.00      2.51290E-04
  971.00      2.49070E-04
  973.00      2.49050E-04
  975.00      2.47710E-04
  977.00      2.45460E-04
  979.00      2.46270E-04
  981.00      2.45370E-04
  983.00      2.44190E-04
  985.00      2.43490E-04
  987.00      2.42550E-04
  989.00      2.41590E-04
  991.00      2.40560E-04
  993.00      2.39730E-04
  995.00      2.38800E-04
  997.00      2.37880E-04
  999.00      2.36760E-04
  1002.5      2.30260E-04
  1007.5      2.25760E-04
  1012.5      2.25790E-04
  1017.5      2.28710E-04
  1022.5      2.26540E-04
  1027.5      2.24220E-04
  1032.5      2.22090E-04
  1037.5      2.20240E-04
  1042.5      2.16710E-04
  1047.5      2.16250E-04
  1052.5      2.14250E-04
  1057.5      2.12310E-04
  1062.5      2.10390E-04
  1067.5      2.08480E-04
  1072.5      2.06610E-04
  1077.5      2.04760E-04
  1082.5      2.02500E-04
  1087.5      2.00790E-04
  1092.5      1.90500E-04
  1097.5      1.95180E-04
  1102.5      1.95790E-04
  1107.5      1.94160E-04
  1112.5      1.92480E-04
  1117.5      1.90950E-04
  1122.5      1.89260E-04
  1127.5      1.87600E-04
  1132.5      1.85970E-04
  1137.5      1.84460E-04
  1142.5      1.82920E-04
  1147.5      1.81380E-04
  1152.5      1.79860E-04
  1157.5      1.78280E-04
  1162.5      1.74150E-04
  1167.5      1.73390E-04
  1172.5      1.73910E-04
  1177.5      1.72510E-04
  1182.5      1.70980E-04
  1187.5      1.69660E-04
  1192.5      1.68290E-04
  1197.5      1.66730E-04
  1202.5      1.65610E-04
  1207.5      1.64230E-04
  1212.5      1.62860E-04
  1217.5      1.61660E-04
  1222.5      1.60370E-04
  1227.5      1.59100E-04
  1232.5      1.57830E-04
  1237.5      1.56610E-04
  1242.5      1.55380E-04
  1247.5      1.54170E-04
  1252.5      1.52960E-04
  1257.5      1.51780E-04
  1262.5      1.50620E-04
  1267.5      1.49460E-04
  1272.5      1.48300E-04
  1277.5      1.46240E-04
  1282.5      1.38680E-04
  1287.5      1.44490E-04
  1292.5      1.43880E-04
  1297.5      1.42770E-04
  1302.5      1.41730E-04
  1307.5      1.40670E-04
  1312.5      1.39630E-04
  1317.5      1.38590E-04
  1322.5      1.37580E-04
  1327.5      1.36560E-04
  1332.5      1.35560E-04
  1337.5      1.34570E-04
  1342.5      1.33590E-04
  1347.5      1.32630E-04
  1352.5      1.31670E-04
  1357.5      1.30730E-04
  1362.5      1.29790E-04
  1367.5      1.28860E-04
  1372.5      1.27940E-04
  1377.5      1.27040E-04
  1382.5      1.26140E-04
  1387.5      1.25250E-04
  1392.5      1.24380E-04
  1397.5      1.23510E-04
  1402.5      1.22640E-04
  1407.5      1.21800E-04
  1412.5      1.20950E-04
  1417.5      1.20090E-04
  1422.5      1.19290E-04
  1427.5      1.18480E-04
  1432.5      1.17620E-04
  1437.5      1.16840E-04
  1442.5      1.16070E-04
  1447.5      1.15290E-04
  1452.5      1.14510E-04
  1457.0      1.13820E-04
  1462.0      1.13100E-04
  1467.5      1.12260E-04
  1472.5      1.11420E-04
  1477.5      1.09250E-04
  1482.5      1.10030E-04
  1487.5      1.09330E-04
  1492.5      1.08620E-04
  1497.5      1.07920E-04
  1502.5      1.07210E-04
  1507.5      1.06510E-04
  1512.5      1.05830E-04
  1517.5      1.05150E-04
  1522.5      1.04470E-04
  1527.5      1.03800E-04
  1532.5      1.03130E-04
  1537.5      1.02480E-04
  1542.5      1.01810E-04
  1547.5      1.01180E-04
  1552.5      1.00530E-04
  1557.5      9.98720E-05
  1562.5      9.92920E-05
  1567.5      9.86140E-05
  1572.5      9.79700E-05
  1577.5      9.74960E-05
  1582.5      9.68320E-05
  1587.5      9.60230E-05
  1592.5      9.55820E-05
  1597.5      9.52510E-05
  1605.0      9.41790E-05
  1615.0      9.28300E-05
  1625.0      9.21190E-05
  1635.0      9.07130E-05
  1645.0      8.92850E-05
  1655.0      8.88500E-05
  1665.0      8.77980E-05
  1675.0      8.63480E-05
  1685.0      8.48830E-05
  1695.0      8.47650E-05
  1705.0      8.37300E-05
  1715.0      8.28330E-05
  1725.0      8.18380E-05
  1735.0      7.95800E-05
  1745.0      7.98490E-05
  1755.0      7.91490E-05
  1765.0      7.82670E-05
  1775.0      7.73930E-05
  1785.0      7.65440E-05
  1795.0      7.57030E-05
  1805.0      7.48620E-05
  1815.0      7.25600E-05
  1825.0      7.29320E-05
  1835.0      7.24750E-05
  1845.0      7.17000E-05
  1855.0      7.09360E-05
  1865.0      6.90900E-05
  1875.0      6.73290E-05
  1885.0      6.86950E-05
  1895.0      6.80230E-05
  1905.0      6.72960E-05
  1915.0      6.66240E-05
  1925.0      6.59410E-05
  1935.0      6.51690E-05
  1945.0      6.28440E-05
  1955.0      6.38460E-05
  1965.0      6.33080E-05
  1975.0      6.26750E-05
  1985.0      6.20470E-05
  1995.0      6.14300E-05
  2005.0      6.08300E-05
  2015.0      6.02330E-05
  2025.0      5.96450E-05
  2035.0      5.90650E-05
  2045.0      5.84920E-05
  2055.0      5.79220E-05
  2065.0      5.73750E-05
  2075.0      5.67640E-05
  2085.0      5.62830E-05
  2095.0      5.57560E-05
  2105.0      5.52320E-05
  2115.0      5.47000E-05
  2125.0      5.42040E-05
  2135.0      5.37010E-05
  2145.0      5.32040E-05
  2155.0      5.26570E-05
  2165.0      5.05910E-05
  2175.0      5.16160E-05
  2185.0      5.12870E-05
  2195.0      5.08240E-05
  2205.0      5.03670E-05
  2215.0      4.99160E-05
  2225.0      4.94710E-05
  2235.0      4.90320E-05
  2245.0      4.85980E-05
  2255.0      4.81710E-05
  2265.0      4.77490E-05
  2275.0      4.73320E-05
  2285.0      4.69720E-05
  2295.0      4.65660E-05
  2305.0      4.61640E-05
  2315.0      4.57680E-05
  2325.0      4.53780E-05
  2335.0      4.49920E-05
  2345.0      4.46100E-05
  2355.0      4.42340E-05
  2365.0      4.38630E-05
  2375.0      4.34950E-05
  2385.0      4.31330E-05
  2395.0      4.27750E-05
  2405.0      4.24210E-05
  2415.0      4.20720E-05
  2425.0      4.17150E-05
  2435.0      4.13870E-05
  2445.0      4.10500E-05
  2455.0      4.07180E-05
  2465.0      4.03890E-05
  2475.0      4.00550E-05
  2485.0      3.97440E-05
  2495.0      3.94260E-05
  2505.0      3.91140E-05
  2515.0      3.88040E-05
  2525.0      3.84950E-05
  2535.0      3.81960E-05
  2545.0      3.78970E-05
  2555.0      3.76010E-05
  2565.0      3.72780E-05
  2575.0      3.70210E-05
  2585.0      3.67360E-05
  2595.0      3.64540E-05
  2605.0      3.61320E-05
  2615.0      3.57160E-05
  2625.0      3.43260E-05
  2635.0      3.52330E-05
  2645.0      3.50900E-05
  2655.0      3.48260E-05
  2665.0      3.45380E-05
  2675.0      3.41400E-05
  2685.0      3.40250E-05
  2695.0      3.38040E-05
  2705.0      3.35550E-05
  2715.0      3.33090E-05
  2725.0      3.30650E-05
  2735.0      3.28240E-05
  2745.0      3.25710E-05
  2755.0      3.21060E-05
  2765.0      3.19910E-05
  2775.0      3.18840E-05
  2785.0      3.16560E-05
  2795.0      3.14310E-05
  2805.0      3.12070E-05
  2815.0      3.09860E-05
  2825.0      3.07660E-05
  2835.0      3.05500E-05
  2845.0      3.03350E-05
  2855.0      3.01230E-05
  2865.0      2.97880E-05
  2875.0      2.93330E-05
  2885.0      2.94590E-05
  2895.0      2.92960E-05
  2905.0      2.90950E-05
  2915.0      2.88960E-05
  2925.0      2.86980E-05
  2935.0      2.85030E-05
  2945.0      2.83090E-05
  2955.0      2.81180E-05
  2965.0      2.79290E-05
  2975.0      2.77410E-05
  2985.0      2.75550E-05
  2995.0      2.73710E-05
  3005.0      2.71890E-05
  3015.0      2.70080E-05
  3025.0      2.68040E-05
  3035.0      2.62630E-05
  3045.0      2.62310E-05
  3055.0      2.62930E-05
  3065.0      2.61330E-05
  3075.0      2.59630E-05
  3085.0      2.57920E-05
  3095.0      2.56280E-05
  3105.0      2.54630E-05
  3115.0      2.53000E-05
  3125.0      2.51380E-05
  3135.0      2.49770E-05
  3145.0      2.48180E-05
  3155.0      2.46610E-05
  3165.0      2.45050E-05
  3175.0      2.43500E-05
  3185.0      2.41970E-05
  3195.0      2.40460E-05
  3210.0      2.38210E-05
  3230.0      2.35260E-05
  3250.0      2.32370E-05
  3270.0      2.29520E-05
  3290.0      2.23160E-05
  3310.0      2.23210E-05
  3330.0      2.21420E-05
  3350.0      2.18780E-05
  3370.0      2.16180E-05
  3390.0      2.13630E-05
  3410.0      2.11120E-05
  3430.0      2.08660E-05
  3450.0      2.06230E-05
  3470.0      2.03850E-05
  3490.0      2.01510E-05
  3510.0      1.99210E-05
  3530.0      1.96950E-05
  3550.0      1.94730E-05
  3570.0      1.92540E-05
  3590.0      1.90390E-05
  3610.0      1.88280E-05
  3630.0      1.86200E-05
  3650.0      1.84150E-05
  3670.0      1.82140E-05
  3690.0      1.80160E-05
  3710.0      1.78180E-05
  3730.0      1.74600E-05
  3750.0      1.71920E-05
  3770.0      1.72550E-05
  3790.0      1.70720E-05
  3810.0      1.68920E-05
  3830.0      1.67150E-05
  3850.0      1.65410E-05
  3870.0      1.63690E-05
  3890.0      1.62000E-05
  3910.0      1.60320E-05
  3930.0      1.58700E-05
  3950.0      1.57090E-05
  3970.0      1.55500E-05
  3990.0      1.53930E-05
  4010.0      1.52280E-05
  4030.0      1.50610E-05
  4050.0      1.46190E-05
  4070.0      1.47830E-05
  4090.0      1.46440E-05
  4110.0      1.45010E-05
  4130.0      1.43580E-05
  4150.0      1.42200E-05
  4170.0      1.40290E-05
  4190.0      1.39460E-05
  4210.0      1.38140E-05
  4230.0      1.36830E-05
  4250.0      1.35530E-05
  4270.0      1.34260E-05
  4290.0      1.32980E-05
  4310.0      1.31750E-05
  4330.0      1.30530E-05
  4350.0      1.29320E-05
  4370.0      1.27380E-05
  4390.0      1.26680E-05
  4410.0      1.25790E-05
  4430.0      1.24650E-05
  4450.0      1.23520E-05
  4470.0      1.22450E-05
  4490.0      1.21350E-05
  4510.0      1.20260E-05
  4530.0      1.19190E-05
  4550.0      1.18140E-05
  4570.0      1.17100E-05
  4590.0      1.16070E-05
  4610.0      1.15050E-05
  4630.0      1.13970E-05
  4650.0      1.10030E-05
  4670.0      1.10660E-05
  4690.0      1.10850E-05
  4710.0      1.10170E-05
  4730.0      1.09230E-05
  4750.0      1.08300E-05
  4770.0      1.07390E-05
  4790.0      1.06480E-05
  4810.0      1.05590E-05
  4830.0      1.04710E-05
  4850.0      1.03840E-05
  4870.0      1.02980E-05
  4890.0      1.02130E-05
  4910.0      1.01290E-05
  4930.0      1.00460E-05
  4950.0      9.96390E-06
  4970.0      9.88290E-06
  4990.0      9.80300E-06
  5010.0      9.72400E-06
  5030.0      9.64590E-06
  5050.0      9.56880E-06
  5070.0      9.49260E-06
  5090.0      9.41720E-06
  5110.0      9.32300E-06
  5130.0      9.12710E-06
  5150.0      9.18370E-06
  5170.0      9.12470E-06
  5190.0      9.05380E-06
  5210.0      8.98360E-06
  5230.0      8.91420E-06
  5250.0      8.84560E-06
  5270.0      8.77780E-06
  5290.0      8.71080E-06
  5310.0      8.64450E-06
  5330.0      8.57890E-06
  5350.0      8.51410E-06
  5370.0      8.45000E-06
  5390.0      8.38660E-06
  5410.0      8.32400E-06
  5430.0      8.26210E-06
  5450.0      8.20080E-06
  5470.0      8.14020E-06
  5490.0      8.08020E-06
  5510.0      8.02080E-06
  5530.0      7.96210E-06
  5550.0      7.90420E-06
  5570.0      7.84680E-06
  5590.0      7.79010E-06
  5610.0      7.73390E-06
  5630.0      7.67830E-06
  5650.0      7.62330E-06
  5670.0      7.56890E-06
  5690.0      7.51500E-06
  5710.0      7.46170E-06
  5730.0      7.40910E-06
  5750.0      7.35700E-06
  5770.0      7.30540E-06
  5790.0      7.25440E-06
  5810.0      7.20390E-06
  5830.0      7.15380E-06
  5850.0      7.10580E-06
  5870.0      7.05670E-06
  5890.0      6.98490E-06
  5910.0      6.80480E-06
  5930.0      6.89550E-06
  5950.0      6.84990E-06
  5970.0      6.81310E-06
  5990.0      6.77310E-06
  6010.0      6.72750E-06
  6030.0      6.68230E-06
  6050.0      6.63760E-06
  6070.0      6.59330E-06
  6090.0      6.54950E-06
  6110.0      6.50610E-06
  6130.0      6.46310E-06
  6150.0      6.42050E-06
  6170.0      6.37840E-06
  6190.0      6.33660E-06
  6210.0      6.29530E-06
  6230.0      6.25430E-06
  6250.0      6.21380E-06
  6270.0      6.17110E-06
  6290.0      6.10600E-06
  6310.0      6.08870E-06
  6330.0      6.05550E-06
  6350.0      6.01690E-06
  6370.0      5.97860E-06
  6390.0      5.94070E-06
  6420.0      5.88450E-06
  6460.0      5.81080E-06
  6500.0      5.73850E-06
  6540.0      5.66740E-06
  6580.0      5.59770E-06
  6620.0      5.52930E-06
  6660.0      5.46200E-06
  6700.0      5.39600E-06
  6740.0      5.32720E-06
  6780.0      5.24030E-06
  6820.0      5.20490E-06
  6860.0      5.14350E-06
  6900.0      5.08310E-06
  6940.0      5.02380E-06
  6980.0      4.96550E-06
  7020.0      4.90820E-06
  7060.0      4.85180E-06
  7100.0      4.79640E-06
  7140.0      4.74200E-06
  7180.0      4.68850E-06
  7220.0      4.63580E-06
  7260.0      4.58410E-06
  7300.0      4.53320E-06
  7340.0      4.48310E-06
  7380.0      4.43380E-06
  7420.0      4.38310E-06
  7460.0      4.24330E-06
  7500.0      4.18950E-06
  7540.0      4.23490E-06
  7580.0      4.19920E-06
  7620.0      4.15460E-06
  7660.0      4.11060E-06
  7700.0      4.06730E-06
  7740.0      4.02470E-06
  7780.0      3.98270E-06
  7820.0      3.94140E-06
  7860.0      3.90070E-06
  7900.0      3.86070E-06
  7940.0      3.82120E-06
  7980.0      3.78240E-06
  8020.0      3.74410E-06
  8060.0      3.70640E-06
  8100.0      3.66930E-06
  8140.0      3.63260E-06
  8180.0      3.59660E-06
  8220.0      3.56110E-06
  8260.0      3.52610E-06
  8300.0      3.49170E-06
  8340.0      3.45770E-06
  8380.0      3.42420E-06
  8420.0      3.39120E-06
  8460.0      3.35860E-06
  8500.0      3.32650E-06
  8540.0      3.29490E-06
  8580.0      3.26370E-06
  8620.0      3.23290E-06
  8660.0      3.19750E-06
  8700.0      3.17260E-06
  8740.0      3.12000E-06
  8780.0      3.09110E-06
  8820.0      3.08540E-06
  8860.0      3.05720E-06
  8900.0      3.02930E-06
  8940.0      3.00170E-06
  8980.0      2.97460E-06
  9020.0      2.94780E-06
  9060.0      2.92130E-06
  9100.0      2.89520E-06
  9140.0      2.86950E-06
  9180.0      2.84410E-06
  9220.0      2.81900E-06
  9260.0      2.79420E-06
  9300.0      2.76980E-06
  9340.0      2.74570E-06
  9380.0      2.71260E-06
  9420.0      2.69560E-06
  9460.0      2.67520E-06
  9500.0      2.65230E-06
  9540.0      2.62970E-06
  9580.0      2.60740E-06
  9620.0      2.58540E-06
  9660.0      2.56360E-06
  9700.0      2.54210E-06
  9740.0      2.52090E-06
  9780.0      2.49990E-06
  9820.0      2.47920E-06
  9860.0      2.45880E-06
  9900.0      2.43860E-06
  9940.0      2.41860E-06
  9980.0      2.39890E-06
  10020.      2.37940E-06
  20000.      5.79730E-07
  40000.      1.40220E-07
  60000.      6.10890E-08
  80000.      3.38710E-08
 1.00000E+05  2.14340E-08
 1.20000E+05  1.47470E-08
 1.40000E+05  1.07480E-08
 1.60000E+05  8.17200E-09
