 Castelli and Kurucz 2004-2012 Atmosphere
 T     32000.     G    5.00000 [0.2a] VTURB=2  L/H=1.25 NOVER NEW ODF          
 Wavelength  Eddington Hnu
   (nm)    (ergs/s/cm2/Hz/sr)
  9.0900      2.96820E-33
  9.3500      1.79840E-32
  9.6100      9.92040E-32
  9.7700      2.71850E-31
  9.9600      8.64230E-31
  10.200      3.51350E-30
  10.380      9.67060E-30
  10.560      2.57620E-29
  10.770      7.76920E-29
  11.040      3.03000E-28
  11.400      1.69260E-27
  11.780      9.37100E-27
  12.130      4.14810E-26
  12.480      1.69880E-25
  12.710      4.12570E-25
  12.840      6.72480E-25
  13.050      1.45150E-24
  13.240      2.85920E-24
  13.390      4.82000E-24
  13.660      1.20300E-23
  13.980      3.41220E-23
  14.330      1.01570E-22
  14.720      3.23690E-22
  15.100      9.49940E-22
  15.520      2.95050E-21
  15.880      7.46570E-21
  16.200      1.65200E-20
  16.600      4.28480E-20
  17.030      1.13530E-19
  17.340      2.24740E-19
  17.680      4.60810E-19
  18.020      9.20980E-19
  18.170      1.24260E-18
  18.610      2.90290E-18
  19.100      7.16940E-18
  19.390      1.19890E-17
  19.840      2.59060E-17
  20.180      4.53750E-17
  20.500      7.56730E-17
  21.050      1.76440E-16
  21.620      4.05150E-16
  21.980      6.73960E-16
  22.300      1.04390E-15
  22.680      1.82480E-15
  23.000      1.53290E-13
  23.400      3.30260E-13
  24.000      6.09740E-13
  24.650      1.16970E-12
  25.240      2.09660E-12
  25.680      3.07330E-12
  26.000      4.69680E-12
  26.400      6.60690E-12
  26.850      1.02490E-11
  27.350      1.55360E-11
  27.850      2.22190E-11
  28.400      4.67410E-11
  29.000      7.26470E-11
  29.600      1.07610E-10
  30.100      1.49280E-10
  30.800      3.30190E-10
  31.800      6.90080E-10
  32.800      1.14740E-09
  33.800      2.10650E-09
  34.800      3.52380E-09
  35.700      1.09460E-08
  36.600      2.41170E-08
  37.500      3.24140E-08
  38.500      5.22550E-08
  39.500      1.19830E-07
  40.500      1.59140E-07
  41.400      2.51430E-07
  42.200      2.99490E-07
  43.000      3.77870E-07
  44.100      5.01860E-07
  45.100      6.22570E-07
  46.000      7.17090E-07
  47.000      9.21040E-07
  48.000      1.14260E-06
  49.000      1.38360E-06
  50.000      1.72740E-06
  50.600      3.16550E-06
  51.200      2.61660E-05
  52.000      2.51460E-05
  53.000      2.52390E-05
  54.000      2.44630E-05
  55.000      3.23700E-05
  56.000      4.04860E-05
  57.000      4.35790E-05
  58.000      4.08870E-05
  59.000      4.75390E-05
  60.000      4.09230E-05
  61.000      5.21170E-05
  62.000      6.08210E-05
  63.000      6.19880E-05
  64.000      6.03520E-05
  65.000      6.49660E-05
  65.800      5.82960E-05
  66.500      6.79140E-05
  67.500      7.37420E-05
  68.500      6.42270E-05
  69.500      8.76210E-05
  70.500      7.42210E-05
  71.600      9.92780E-05
  72.600      9.83520E-05
  73.500      1.02420E-04
  74.500      1.06580E-04
  75.500      1.09690E-04
  76.500      1.18240E-04
  77.500      1.25110E-04
  78.500      1.32960E-04
  79.500      1.35020E-04
  80.500      1.34870E-04
  81.500      1.37500E-04
  82.500      1.49970E-04
  83.500      1.23320E-04
  84.500      1.51590E-04
  85.500      1.53860E-04
  86.500      1.62950E-04
  87.500      1.68920E-04
  88.500      1.78270E-04
  89.500      1.84690E-04
  90.500      1.83000E-04
  91.500      1.92660E-04
  92.500      5.83620E-04
  93.500      1.07330E-03
  94.500      1.81250E-03
  95.500      2.17280E-03
  96.500      2.73310E-03
  97.500      8.52480E-04
  98.500      2.39460E-03
  99.500      2.14800E-03
  100.50      2.34030E-03
  101.50      2.50000E-03
  102.50      1.53920E-03
  103.50      2.37400E-03
  104.50      3.04810E-03
  105.50      2.90400E-03
  106.50      2.31610E-03
  107.50      2.60790E-03
  108.50      2.43360E-03
  109.50      2.72270E-03
  110.50      2.57260E-03
  111.50      2.54570E-03
  112.50      1.86770E-03
  113.50      2.53610E-03
  114.50      2.37240E-03
  115.50      2.32880E-03
  116.50      2.35790E-03
  117.50      1.51380E-03
  118.50      2.23150E-03
  119.50      2.14840E-03
  120.50      1.90850E-03
  121.50      1.34780E-03
  122.50      2.06100E-03
  123.50      2.30720E-03
  124.50      2.25610E-03
  125.50      2.27770E-03
  126.50      2.35740E-03
  127.50      2.45280E-03
  128.50      2.48040E-03
  129.50      2.11220E-03
  130.50      2.23350E-03
  131.50      2.52150E-03
  132.50      2.41550E-03
  133.50      2.39380E-03
  134.50      2.35120E-03
  135.50      2.40110E-03
  136.50      2.26490E-03
  137.50      2.21780E-03
  138.50      2.14150E-03
  139.50      1.43040E-03
  140.50      1.61070E-03
  141.50      2.09440E-03
  142.50      1.94280E-03
  143.50      2.09130E-03
  144.20      2.13340E-03
  144.70      2.12520E-03
  145.50      2.04340E-03
  146.50      1.97480E-03
  147.50      2.01970E-03
  148.50      2.02400E-03
  149.50      1.99000E-03
  150.50      1.87060E-03
  151.20      1.81040E-03
  151.70      1.84590E-03
  152.50      1.83750E-03
  153.50      1.58290E-03
  154.50      1.44340E-03
  155.50      1.43810E-03
  156.50      1.60010E-03
  157.50      1.70650E-03
  158.50      1.71430E-03
  159.50      1.74830E-03
  160.50      1.71340E-03
  161.50      1.64590E-03
  162.50      1.68720E-03
  163.50      1.74130E-03
  164.50      1.76220E-03
  165.50      1.77630E-03
  166.50      1.76850E-03
  167.20      1.67260E-03
  167.70      1.92920E-03
  168.50      1.85490E-03
  169.50      1.79200E-03
  170.50      1.77100E-03
  171.50      1.71990E-03
  172.50      1.64470E-03
  173.50      1.73160E-03
  174.50      1.73730E-03
  175.50      1.73560E-03
  176.50      1.72330E-03
  177.50      1.65870E-03
  178.50      1.70140E-03
  179.50      1.70540E-03
  180.50      1.72470E-03
  181.50      1.65090E-03
  182.50      1.66880E-03
  183.50      1.65880E-03
  184.50      1.54430E-03
  185.50      1.59370E-03
  186.50      1.62460E-03
  187.50      1.61850E-03
  188.50      1.51680E-03
  189.50      1.46330E-03
  190.50      1.54940E-03
  191.50      1.49640E-03
  192.50      1.41720E-03
  193.50      1.52590E-03
  194.50      1.57410E-03
  195.50      1.42830E-03
  196.70      1.52520E-03
  197.60      1.60630E-03
  198.40      1.51380E-03
  199.50      1.50580E-03
  200.50      1.54310E-03
  201.50      1.55370E-03
  202.50      1.57240E-03
  203.50      1.49450E-03
  204.50      1.50270E-03
  205.50      1.32750E-03
  206.50      1.31360E-03
  207.40      1.35600E-03
  207.80      1.30940E-03
  208.50      1.35220E-03
  209.50      1.35610E-03
  210.50      1.46040E-03
  211.50      1.49060E-03
  212.50      1.48390E-03
  213.50      1.47750E-03
  214.50      1.45000E-03
  215.50      1.47830E-03
  216.50      1.44630E-03
  217.50      1.45980E-03
  218.50      1.43730E-03
  219.50      1.46250E-03
  220.50      1.45700E-03
  221.50      1.42580E-03
  222.50      1.42880E-03
  223.50      1.41710E-03
  224.50      1.41890E-03
  225.50      1.38390E-03
  226.50      1.40400E-03
  227.50      1.39710E-03
  228.50      1.36710E-03
  229.50      1.24620E-03
  230.50      1.34010E-03
  231.50      1.33770E-03
  232.50      1.34110E-03
  233.50      1.32840E-03
  234.50      1.33720E-03
  235.50      1.32420E-03
  236.50      1.31670E-03
  237.50      1.29570E-03
  238.50      1.26840E-03
  239.50      1.27310E-03
  240.50      1.27950E-03
  241.50      1.26380E-03
  242.50      1.26690E-03
  243.50      1.24820E-03
  244.50      1.24870E-03
  245.50      1.24320E-03
  246.50      1.23940E-03
  247.50      1.22770E-03
  248.50      1.20010E-03
  249.50      9.09340E-04
  250.50      1.15710E-03
  251.30      1.13300E-03
  251.80      1.14960E-03
  252.50      1.19180E-03
  253.50      1.19470E-03
  254.50      1.16030E-03
  255.50      1.16820E-03
  256.50      1.15630E-03
  257.50      1.16250E-03
  258.50      1.15990E-03
  259.50      1.15090E-03
  260.50      1.15140E-03
  261.50      1.13850E-03
  262.50      1.13750E-03
  263.50      1.13060E-03
  264.50      1.12170E-03
  265.50      1.11630E-03
  266.50      1.08910E-03
  267.50      1.08360E-03
  268.50      1.09560E-03
  269.50      1.06940E-03
  270.50      1.06200E-03
  271.50      1.06260E-03
  272.50      1.05830E-03
  273.50      1.04860E-03
  274.50      1.05230E-03
  275.50      1.04910E-03
  276.50      1.03740E-03
  277.50      1.04970E-03
  278.50      1.03610E-03
  279.50      1.00060E-03
  280.50      1.01880E-03
  281.50      1.02700E-03
  282.50      1.01650E-03
  283.50      9.95200E-04
  284.50      1.01090E-03
  285.50      9.97450E-04
  286.50      9.94200E-04
  287.50      9.86980E-04
  288.50      9.82670E-04
  289.50      9.75120E-04
  291.00      9.56640E-04
  293.00      9.63330E-04
  295.00      9.45250E-04
  297.00      9.41070E-04
  299.00      9.25130E-04
  301.00      9.00210E-04
  303.00      8.96170E-04
  305.00      8.98420E-04
  307.00      8.99120E-04
  309.00      8.70180E-04
  311.00      8.80050E-04
  313.00      8.62900E-04
  315.00      8.60320E-04
  317.00      8.48450E-04
  319.00      8.41700E-04
  321.00      8.35810E-04
  323.00      8.24540E-04
  325.00      8.23440E-04
  327.00      8.09570E-04
  329.00      8.05010E-04
  331.00      7.96960E-04
  333.00      7.86220E-04
  335.00      7.79870E-04
  337.00      7.71410E-04
  339.00      7.71310E-04
  341.00      7.63320E-04
  343.00      7.59420E-04
  345.00      7.47370E-04
  347.00      7.41980E-04
  349.00      7.34700E-04
  351.00      7.29560E-04
  353.00      7.27330E-04
  355.00      7.19130E-04
  357.00      7.14740E-04
  359.00      7.02190E-04
  361.00      7.00760E-04
  363.00      6.92310E-04
  364.00      6.92970E-04
  365.00      6.81650E-04
  367.00      6.79950E-04
  369.00      6.74850E-04
  371.00      6.53780E-04
  373.00      6.47550E-04
  375.00      6.43120E-04
  377.00      6.25350E-04
  379.00      6.48220E-04
  381.00      6.72020E-04
  383.00      6.03840E-04
  385.00      6.89420E-04
  387.00      6.83030E-04
  389.00      5.81090E-04
  391.00      7.06690E-04
  393.00      6.96900E-04
  395.00      6.79220E-04
  397.00      5.58410E-04
  399.00      6.77830E-04
  401.00      6.82850E-04
  403.00      6.52760E-04
  405.00      6.75320E-04
  407.00      6.42410E-04
  409.00      5.97940E-04
  411.00      5.46020E-04
  413.00      6.36820E-04
  415.00      6.38680E-04
  417.00      6.46280E-04
  419.00      6.40210E-04
  421.00      6.38530E-04
  423.00      6.31960E-04
  425.00      6.14400E-04
  427.00      6.05560E-04
  429.00      5.98310E-04
  431.00      5.83180E-04
  433.00      5.41260E-04
  435.00      5.04730E-04
  437.00      5.73390E-04
  439.00      5.72410E-04
  441.00      5.74920E-04
  443.00      5.78260E-04
  445.00      5.70480E-04
  447.00      5.48000E-04
  449.00      5.63720E-04
  451.00      5.63040E-04
  453.00      5.61970E-04
  455.00      5.56510E-04
  457.00      5.53480E-04
  459.00      5.47040E-04
  461.00      5.37370E-04
  463.00      5.31270E-04
  465.00      5.12420E-04
  467.00      5.25990E-04
  469.00      5.23290E-04
  471.00      5.08820E-04
  473.00      5.22470E-04
  475.00      5.16940E-04
  477.00      5.19440E-04
  479.00      5.14810E-04
  481.00      5.06650E-04
  483.00      4.97550E-04
  485.00      4.63990E-04
  487.00      4.21450E-04
  489.00      4.87100E-04
  491.00      4.87490E-04
  493.00      4.74720E-04
  495.00      4.79480E-04
  497.00      4.82900E-04
  499.00      4.78960E-04
  501.00      4.62400E-04
  503.00      4.68690E-04
  505.00      4.64460E-04
  507.00      4.66020E-04
  509.00      4.60840E-04
  511.00      4.57150E-04
  513.00      4.52930E-04
  515.00      4.50350E-04
  517.00      4.47620E-04
  519.00      4.45790E-04
  521.00      4.42690E-04
  523.00      4.40270E-04
  525.00      4.36780E-04
  527.00      4.32930E-04
  529.00      4.31480E-04
  531.00      4.28370E-04
  533.00      4.25680E-04
  535.00      4.22490E-04
  537.00      4.20120E-04
  539.00      4.16430E-04
  541.00      4.12750E-04
  543.00      4.11860E-04
  545.00      4.08570E-04
  547.00      4.05960E-04
  549.00      4.03550E-04
  551.00      4.01360E-04
  553.00      3.98250E-04
  555.00      3.96310E-04
  557.00      3.93690E-04
  559.00      3.90750E-04
  561.00      3.88680E-04
  563.00      3.86410E-04
  565.00      3.83200E-04
  567.00      3.79590E-04
  569.00      3.74380E-04
  571.00      3.73350E-04
  573.00      3.72080E-04
  575.00      3.68250E-04
  577.00      3.67990E-04
  579.00      3.65400E-04
  581.00      3.63090E-04
  583.00      3.59980E-04
  585.00      3.58600E-04
  587.00      3.45970E-04
  589.00      3.51750E-04
  591.00      3.51210E-04
  593.00      3.49370E-04
  595.00      3.47270E-04
  597.00      3.46870E-04
  599.00      3.43860E-04
  601.00      3.42840E-04
  603.00      3.40270E-04
  605.00      3.38640E-04
  607.00      3.37030E-04
  609.00      3.35090E-04
  611.00      3.32990E-04
  613.00      3.31230E-04
  615.00      3.27890E-04
  617.00      3.26370E-04
  619.00      3.25260E-04
  621.00      3.23650E-04
  623.00      3.21810E-04
  625.00      3.19300E-04
  627.00      3.17810E-04
  629.00      3.16160E-04
  631.00      3.13970E-04
  633.00      3.12620E-04
  635.00      3.10190E-04
  637.00      3.09170E-04
  639.00      3.07310E-04
  641.00      3.05530E-04
  643.00      3.03990E-04
  645.00      3.02170E-04
  647.00      2.99050E-04
  649.00      2.97640E-04
  651.00      2.95670E-04
  653.00      2.92380E-04
  655.00      2.80820E-04
  657.00      2.51360E-04
  659.00      2.85440E-04
  661.00      2.87620E-04
  663.00      2.87110E-04
  665.00      2.85250E-04
  667.00      2.80500E-04
  669.00      2.79180E-04
  671.00      2.80710E-04
  673.00      2.78560E-04
  675.00      2.78170E-04
  677.00      2.76840E-04
  679.00      2.73730E-04
  681.00      2.73580E-04
  683.00      2.71710E-04
  685.00      2.70820E-04
  687.00      2.69250E-04
  689.00      2.67210E-04
  691.00      2.65000E-04
  693.00      2.65270E-04
  695.00      2.63920E-04
  697.00      2.62550E-04
  699.00      2.61080E-04
  701.00      2.59590E-04
  703.00      2.58070E-04
  705.00      2.56830E-04
  707.00      2.51640E-04
  709.00      2.54370E-04
  711.00      2.52250E-04
  713.00      2.51060E-04
  715.00      2.50470E-04
  717.00      2.49190E-04
  719.00      2.48030E-04
  721.00      2.46770E-04
  723.00      2.42820E-04
  725.00      2.43540E-04
  727.00      2.43030E-04
  729.00      2.39890E-04
  731.00      2.40530E-04
  733.00      2.39300E-04
  735.00      2.38120E-04
  737.00      2.37010E-04
  739.00      2.35840E-04
  741.00      2.34670E-04
  743.00      2.33470E-04
  745.00      2.32280E-04
  747.00      2.29550E-04
  749.00      2.29570E-04
  751.00      2.28840E-04
  753.00      2.27480E-04
  755.00      2.26720E-04
  757.00      2.25620E-04
  759.00      2.24350E-04
  761.00      2.22740E-04
  763.00      2.22250E-04
  765.00      2.21110E-04
  767.00      2.20210E-04
  769.00      2.18910E-04
  771.00      2.17990E-04
  773.00      2.16510E-04
  775.00      2.16000E-04
  777.00      2.14740E-04
  779.00      2.14020E-04
  781.00      2.12950E-04
  783.00      2.12030E-04
  785.00      2.11080E-04
  787.00      2.09370E-04
  789.00      2.08200E-04
  791.00      2.07970E-04
  793.00      2.06950E-04
  795.00      2.06090E-04
  797.00      2.05040E-04
  799.00      2.04120E-04
  801.00      2.03250E-04
  803.00      2.02260E-04
  805.00      2.01400E-04
  807.00      2.00490E-04
  809.00      1.99360E-04
  811.00      1.96620E-04
  813.00      1.97700E-04
  815.00      1.96720E-04
  817.00      1.96000E-04
  819.00      1.93440E-04
  821.00      1.93020E-04
  823.00      1.91920E-04
  825.00      1.91990E-04
  827.00      1.88970E-04
  829.00      1.89990E-04
  831.00      1.89590E-04
  833.00      1.88650E-04
  835.00      1.87040E-04
  837.00      1.86540E-04
  839.00      1.86300E-04
  841.00      1.85230E-04
  843.00      1.84660E-04
  845.00      1.82790E-04
  847.00      1.83100E-04
  849.00      1.81920E-04
  851.00      1.81000E-04
  853.00      1.80260E-04
  855.00      1.79420E-04
  857.00      1.79230E-04
  859.00      1.76060E-04
  861.00      1.76710E-04
  863.00      1.77510E-04
  865.00      1.74730E-04
  867.00      1.71740E-04
  869.00      1.75030E-04
  871.00      1.75400E-04
  873.00      1.71990E-04
  875.00      1.65090E-04
  877.00      1.69090E-04
  879.00      1.72750E-04
  881.00      1.73140E-04
  883.00      1.70860E-04
  885.00      1.63250E-04
  887.00      1.57020E-04
  889.00      1.67320E-04
  891.00      1.69610E-04
  893.00      1.69530E-04
  895.00      1.69130E-04
  897.00      1.67790E-04
  899.00      1.63290E-04
  901.00      1.50230E-04
  903.00      1.55060E-04
  905.00      1.63370E-04
  907.00      1.63200E-04
  909.00      1.64120E-04
  911.00      1.64320E-04
  913.00      1.63720E-04
  915.00      1.63000E-04
  917.00      1.61530E-04
  919.00      1.59830E-04
  921.00      1.52860E-04
  923.00      1.38790E-04
  925.00      1.51110E-04
  927.00      1.56650E-04
  929.00      1.57710E-04
  931.00      1.56940E-04
  933.00      1.56580E-04
  935.00      1.56380E-04
  937.00      1.56080E-04
  939.00      1.55530E-04
  941.00      1.54670E-04
  943.00      1.54120E-04
  945.00      1.53260E-04
  947.00      1.51800E-04
  949.00      1.51270E-04
  951.00      1.48330E-04
  953.00      1.41590E-04
  955.00      1.28840E-04
  957.00      1.43150E-04
  959.00      1.47590E-04
  961.00      1.47550E-04
  963.00      1.46720E-04
  965.00      1.47770E-04
  967.00      1.47290E-04
  969.00      1.46610E-04
  971.00      1.44670E-04
  973.00      1.45410E-04
  975.00      1.45020E-04
  977.00      1.44470E-04
  979.00      1.43870E-04
  981.00      1.43050E-04
  983.00      1.42760E-04
  985.00      1.42050E-04
  987.00      1.41580E-04
  989.00      1.40600E-04
  991.00      1.39520E-04
  993.00      1.39990E-04
  995.00      1.39350E-04
  997.00      1.38500E-04
  999.00      1.37670E-04
  1002.5      1.30280E-04
  1007.5      1.27170E-04
  1012.5      1.33580E-04
  1017.5      1.33730E-04
  1022.5      1.32410E-04
  1027.5      1.31270E-04
  1032.5      1.29520E-04
  1037.5      1.28910E-04
  1042.5      1.27740E-04
  1047.5      1.26580E-04
  1052.5      1.25380E-04
  1057.5      1.24310E-04
  1062.5      1.23170E-04
  1067.5      1.21890E-04
  1072.5      1.21010E-04
  1077.5      1.19920E-04
  1082.5      1.17600E-04
  1087.5      1.17010E-04
  1092.5      1.06430E-04
  1097.5      1.11950E-04
  1102.5      1.13850E-04
  1107.5      1.13650E-04
  1112.5      1.12790E-04
  1117.5      1.11880E-04
  1122.5      1.10900E-04
  1127.5      1.09940E-04
  1132.5      1.08790E-04
  1137.5      1.08070E-04
  1142.5      1.07150E-04
  1147.5      1.06310E-04
  1152.5      1.05490E-04
  1157.5      1.04550E-04
  1162.5      1.03620E-04
  1167.5      1.02660E-04
  1172.5      1.02080E-04
  1177.5      1.01230E-04
  1182.5      1.00380E-04
  1187.5      9.96090E-05
  1192.5      9.88070E-05
  1197.5      9.67690E-05
  1202.5      9.72460E-05
  1207.5      9.64740E-05
  1212.5      9.56940E-05
  1217.5      9.49580E-05
  1222.5      9.42100E-05
  1227.5      9.34850E-05
  1232.5      9.27110E-05
  1237.5      9.20010E-05
  1242.5      9.13350E-05
  1247.5      9.05380E-05
  1252.5      8.95980E-05
  1257.5      8.91550E-05
  1262.5      8.84820E-05
  1267.5      8.78880E-05
  1272.5      8.70270E-05
  1277.5      8.45260E-05
  1282.5      7.81390E-05
  1287.5      8.42850E-05
  1292.5      8.44990E-05
  1297.5      8.33240E-05
  1302.5      8.32930E-05
  1307.5      8.28020E-05
  1312.5      8.22010E-05
  1317.5      8.15950E-05
  1322.5      8.10080E-05
  1327.5      8.04210E-05
  1332.5      7.98070E-05
  1337.5      7.91310E-05
  1342.5      7.85730E-05
  1347.5      7.80940E-05
  1352.5      7.74440E-05
  1357.5      7.69930E-05
  1362.5      7.62650E-05
  1367.5      7.59170E-05
  1372.5      7.52780E-05
  1377.5      7.48830E-05
  1382.5      7.43660E-05
  1387.5      7.38400E-05
  1392.5      7.32300E-05
  1397.5      7.28100E-05
  1402.5      7.22340E-05
  1407.5      7.18340E-05
  1412.5      7.13170E-05
  1417.5      7.08550E-05
  1422.5      7.03780E-05
  1427.5      6.98850E-05
  1432.5      6.94280E-05
  1437.5      6.89570E-05
  1442.5      6.85050E-05
  1447.5      6.80510E-05
  1452.5      6.75900E-05
  1457.0      6.71870E-05
  1462.0      6.67540E-05
  1467.5      6.62780E-05
  1472.5      6.58410E-05
  1477.5      6.53820E-05
  1482.5      6.49920E-05
  1487.5      6.45720E-05
  1492.5      6.41570E-05
  1497.5      6.37480E-05
  1502.5      6.33080E-05
  1507.5      6.28210E-05
  1512.5      6.25400E-05
  1517.5      6.21450E-05
  1522.5      6.17500E-05
  1527.5      6.13590E-05
  1532.5      6.09740E-05
  1537.5      6.05910E-05
  1542.5      6.01940E-05
  1547.5      5.98330E-05
  1552.5      5.94470E-05
  1557.5      5.90380E-05
  1562.5      5.87470E-05
  1567.5      5.82860E-05
  1572.5      5.78850E-05
  1577.5      5.76870E-05
  1582.5      5.72930E-05
  1587.5      5.66030E-05
  1592.5      5.64970E-05
  1597.5      5.63530E-05
  1605.0      5.56610E-05
  1615.0      5.47160E-05
  1625.0      5.46060E-05
  1635.0      5.35370E-05
  1645.0      5.24690E-05
  1655.0      5.27820E-05
  1665.0      5.22200E-05
  1675.0      5.08780E-05
  1685.0      4.96800E-05
  1695.0      5.03590E-05
  1705.0      4.95630E-05
  1715.0      4.93550E-05
  1725.0      4.86230E-05
  1735.0      4.62440E-05
  1745.0      4.72810E-05
  1755.0      4.71760E-05
  1765.0      4.66740E-05
  1775.0      4.61500E-05
  1785.0      4.56170E-05
  1795.0      4.51610E-05
  1805.0      4.45330E-05
  1815.0      4.22130E-05
  1825.0      4.30690E-05
  1835.0      4.32100E-05
  1845.0      4.27830E-05
  1855.0      4.22550E-05
  1865.0      4.13770E-05
  1875.0      3.93010E-05
  1885.0      4.09060E-05
  1895.0      4.05870E-05
  1905.0      4.00140E-05
  1915.0      3.97690E-05
  1925.0      3.93820E-05
  1935.0      3.87350E-05
  1945.0      3.64340E-05
  1955.0      3.79090E-05
  1965.0      3.78230E-05
  1975.0      3.74510E-05
  1985.0      3.70820E-05
  1995.0      3.67180E-05
  2005.0      3.63590E-05
  2015.0      3.60060E-05
  2025.0      3.56580E-05
  2035.0      3.53140E-05
  2045.0      3.49650E-05
  2055.0      3.45620E-05
  2065.0      3.43130E-05
  2075.0      3.39770E-05
  2085.0      3.36680E-05
  2095.0      3.33450E-05
  2105.0      3.30180E-05
  2115.0      3.25800E-05
  2125.0      3.24340E-05
  2135.0      3.21330E-05
  2145.0      3.18220E-05
  2155.0      3.13710E-05
  2165.0      2.94320E-05
  2175.0      3.06830E-05
  2185.0      3.06640E-05
  2195.0      3.04290E-05
  2205.0      3.01580E-05
  2215.0      2.98910E-05
  2225.0      2.96190E-05
  2235.0      2.93660E-05
  2245.0      2.91090E-05
  2255.0      2.88550E-05
  2265.0      2.86050E-05
  2275.0      2.83570E-05
  2285.0      2.81130E-05
  2295.0      2.78740E-05
  2305.0      2.76310E-05
  2315.0      2.74020E-05
  2325.0      2.71710E-05
  2335.0      2.69430E-05
  2345.0      2.67170E-05
  2355.0      2.64940E-05
  2365.0      2.62710E-05
  2375.0      2.60530E-05
  2385.0      2.58430E-05
  2395.0      2.56260E-05
  2405.0      2.54180E-05
  2415.0      2.52130E-05
  2425.0      2.50060E-05
  2435.0      2.48070E-05
  2445.0      2.46060E-05
  2455.0      2.44110E-05
  2465.0      2.42130E-05
  2475.0      2.39790E-05
  2485.0      2.38310E-05
  2495.0      2.36330E-05
  2505.0      2.34580E-05
  2515.0      2.32730E-05
  2525.0      2.30690E-05
  2535.0      2.29080E-05
  2545.0      2.27410E-05
  2555.0      2.25470E-05
  2565.0      2.23340E-05
  2575.0      2.22060E-05
  2585.0      2.20520E-05
  2595.0      2.18740E-05
  2605.0      2.16430E-05
  2615.0      2.12710E-05
  2625.0      2.01430E-05
  2635.0      2.10400E-05
  2645.0      2.10570E-05
  2655.0      2.08950E-05
  2665.0      2.07030E-05
  2675.0      2.04000E-05
  2685.0      2.03920E-05
  2695.0      2.03350E-05
  2705.0      2.02040E-05
  2715.0      2.00570E-05
  2725.0      1.99110E-05
  2735.0      1.97630E-05
  2745.0      1.95450E-05
  2755.0      1.91360E-05
  2765.0      1.91300E-05
  2775.0      1.91620E-05
  2785.0      1.90690E-05
  2795.0      1.89340E-05
  2805.0      1.87960E-05
  2815.0      1.86670E-05
  2825.0      1.85370E-05
  2835.0      1.84080E-05
  2845.0      1.82800E-05
  2855.0      1.81050E-05
  2865.0      1.78170E-05
  2875.0      1.74040E-05
  2885.0      1.76730E-05
  2895.0      1.76430E-05
  2905.0      1.75380E-05
  2915.0      1.74190E-05
  2925.0      1.73010E-05
  2935.0      1.71840E-05
  2945.0      1.70670E-05
  2955.0      1.69540E-05
  2965.0      1.68410E-05
  2975.0      1.67290E-05
  2985.0      1.66180E-05
  2995.0      1.65040E-05
  3005.0      1.63980E-05
  3015.0      1.62750E-05
  3025.0      1.61040E-05
  3035.0      1.55910E-05
  3045.0      1.56290E-05
  3055.0      1.58060E-05
  3065.0      1.57520E-05
  3075.0      1.56480E-05
  3085.0      1.55440E-05
  3095.0      1.54650E-05
  3105.0      1.53640E-05
  3115.0      1.52660E-05
  3125.0      1.51680E-05
  3135.0      1.50740E-05
  3145.0      1.49770E-05
  3155.0      1.48860E-05
  3165.0      1.47910E-05
  3175.0      1.47000E-05
  3185.0      1.46080E-05
  3195.0      1.45170E-05
  3210.0      1.43830E-05
  3230.0      1.42060E-05
  3250.0      1.40320E-05
  3270.0      1.38470E-05
  3290.0      1.32900E-05
  3310.0      1.33960E-05
  3330.0      1.33500E-05
  3350.0      1.32020E-05
  3370.0      1.30490E-05
  3390.0      1.29200E-05
  3410.0      1.27700E-05
  3430.0      1.26230E-05
  3450.0      1.24780E-05
  3470.0      1.23350E-05
  3490.0      1.21940E-05
  3510.0      1.20560E-05
  3530.0      1.19210E-05
  3550.0      1.17870E-05
  3570.0      1.16550E-05
  3590.0      1.15260E-05
  3610.0      1.14000E-05
  3630.0      1.12750E-05
  3650.0      1.11520E-05
  3670.0      1.10300E-05
  3690.0      1.08980E-05
  3710.0      1.07530E-05
  3730.0      1.04720E-05
  3750.0      1.03050E-05
  3770.0      1.04290E-05
  3790.0      1.03450E-05
  3810.0      1.02220E-05
  3830.0      1.01190E-05
  3850.0      1.00260E-05
  3870.0      9.92250E-06
  3890.0      9.81240E-06
  3910.0      9.69120E-06
  3930.0      9.62150E-06
  3950.0      9.52460E-06
  3970.0      9.42950E-06
  3990.0      9.33530E-06
  4010.0      9.20910E-06
  4030.0      9.08770E-06
  4050.0      8.76360E-06
  4070.0      8.95150E-06
  4090.0      8.88480E-06
  4110.0      8.79850E-06
  4130.0      8.70660E-06
  4150.0      8.61540E-06
  4170.0      8.47680E-06
  4190.0      8.44800E-06
  4210.0      8.38570E-06
  4230.0      8.30670E-06
  4250.0      8.22540E-06
  4270.0      8.15180E-06
  4290.0      8.06490E-06
  4310.0      8.00120E-06
  4330.0      7.92730E-06
  4350.0      7.84430E-06
  4370.0      7.68920E-06
  4390.0      7.66390E-06
  4410.0      7.64080E-06
  4430.0      7.57330E-06
  4450.0      7.50540E-06
  4470.0      7.44440E-06
  4490.0      7.37820E-06
  4510.0      7.31280E-06
  4530.0      7.24820E-06
  4550.0      7.18460E-06
  4570.0      7.12180E-06
  4590.0      7.05970E-06
  4610.0      6.99290E-06
  4630.0      6.90950E-06
  4650.0      6.59960E-06
  4670.0      6.65280E-06
  4690.0      6.71010E-06
  4710.0      6.69450E-06
  4730.0      6.64740E-06
  4750.0      6.59080E-06
  4770.0      6.53580E-06
  4790.0      6.48170E-06
  4810.0      6.42780E-06
  4830.0      6.37460E-06
  4850.0      6.32200E-06
  4870.0      6.27010E-06
  4890.0      6.21880E-06
  4910.0      6.16810E-06
  4930.0      6.11800E-06
  4950.0      6.06860E-06
  4970.0      6.01970E-06
  4990.0      5.97140E-06
  5010.0      5.92370E-06
  5030.0      5.87650E-06
  5050.0      5.83000E-06
  5070.0      5.78390E-06
  5090.0      5.73320E-06
  5110.0      5.65630E-06
  5130.0      5.49410E-06
  5150.0      5.57640E-06
  5170.0      5.55820E-06
  5190.0      5.51870E-06
  5210.0      5.47630E-06
  5230.0      5.43440E-06
  5250.0      5.39290E-06
  5270.0      5.35190E-06
  5290.0      5.31140E-06
  5310.0      5.27140E-06
  5330.0      5.23170E-06
  5350.0      5.19260E-06
  5370.0      5.15380E-06
  5390.0      5.11550E-06
  5410.0      5.07760E-06
  5430.0      5.04010E-06
  5450.0      5.00310E-06
  5470.0      4.96640E-06
  5490.0      4.93010E-06
  5510.0      4.89420E-06
  5530.0      4.85870E-06
  5550.0      4.82370E-06
  5570.0      4.78900E-06
  5590.0      4.75470E-06
  5610.0      4.72070E-06
  5630.0      4.68710E-06
  5650.0      4.65380E-06
  5670.0      4.62090E-06
  5690.0      4.58830E-06
  5710.0      4.54610E-06
  5730.0      4.52410E-06
  5750.0      4.49270E-06
  5770.0      4.46140E-06
  5790.0      4.43040E-06
  5810.0      4.40000E-06
  5830.0      4.36960E-06
  5850.0      4.34170E-06
  5870.0      4.30570E-06
  5890.0      4.24750E-06
  5910.0      4.10510E-06
  5930.0      4.19650E-06
  5950.0      4.17330E-06
  5970.0      4.15300E-06
  5990.0      4.13780E-06
  6010.0      4.11260E-06
  6030.0      4.08520E-06
  6050.0      4.05810E-06
  6070.0      4.03130E-06
  6090.0      4.00470E-06
  6110.0      3.97840E-06
  6130.0      3.95230E-06
  6150.0      3.92650E-06
  6170.0      3.90100E-06
  6190.0      3.87570E-06
  6210.0      3.85060E-06
  6230.0      3.82580E-06
  6250.0      3.80110E-06
  6270.0      3.76520E-06
  6290.0      3.72040E-06
  6310.0      3.71450E-06
  6330.0      3.70370E-06
  6350.0      3.68170E-06
  6370.0      3.65850E-06
  6390.0      3.63550E-06
  6420.0      3.60140E-06
  6460.0      3.55660E-06
  6500.0      3.51270E-06
  6540.0      3.46960E-06
  6580.0      3.42730E-06
  6620.0      3.38570E-06
  6660.0      3.34480E-06
  6700.0      3.30470E-06
  6740.0      3.25670E-06
  6780.0      3.19420E-06
  6820.0      3.18650E-06
  6860.0      3.15130E-06
  6900.0      3.11460E-06
  6940.0      3.07850E-06
  6980.0      3.04310E-06
  7020.0      3.00830E-06
  7060.0      2.97400E-06
  7100.0      2.94030E-06
  7140.0      2.90720E-06
  7180.0      2.87470E-06
  7220.0      2.84270E-06
  7260.0      2.81120E-06
  7300.0      2.78020E-06
  7340.0      2.74980E-06
  7380.0      2.71980E-06
  7420.0      2.68200E-06
  7460.0      2.58330E-06
  7500.0      2.54410E-06
  7540.0      2.58900E-06
  7580.0      2.57610E-06
  7620.0      2.54990E-06
  7660.0      2.52310E-06
  7700.0      2.49680E-06
  7740.0      2.47080E-06
  7780.0      2.44520E-06
  7820.0      2.42010E-06
  7860.0      2.39530E-06
  7900.0      2.37100E-06
  7940.0      2.34690E-06
  7980.0      2.32330E-06
  8020.0      2.29990E-06
  8060.0      2.27700E-06
  8100.0      2.25430E-06
  8140.0      2.22940E-06
  8180.0      2.20920E-06
  8220.0      2.18840E-06
  8260.0      2.16710E-06
  8300.0      2.14610E-06
  8340.0      2.12540E-06
  8380.0      2.10500E-06
  8420.0      2.08480E-06
  8460.0      2.06500E-06
  8500.0      2.04540E-06
  8540.0      2.02610E-06
  8580.0      2.00710E-06
  8620.0      1.98820E-06
  8660.0      1.96200E-06
  8700.0      1.94680E-06
  8740.0      1.90870E-06
  8780.0      1.89130E-06
  8820.0      1.89760E-06
  8860.0      1.88110E-06
  8900.0      1.86410E-06
  8940.0      1.84730E-06
  8980.0      1.83070E-06
  9020.0      1.81440E-06
  9060.0      1.79820E-06
  9100.0      1.78230E-06
  9140.0      1.76660E-06
  9180.0      1.75110E-06
  9220.0      1.73580E-06
  9260.0      1.72060E-06
  9300.0      1.70570E-06
  9340.0      1.69000E-06
  9380.0      1.66540E-06
  9420.0      1.65670E-06
  9460.0      1.64790E-06
  9500.0      1.63390E-06
  9540.0      1.62010E-06
  9580.0      1.60650E-06
  9620.0      1.59300E-06
  9660.0      1.57970E-06
  9700.0      1.56660E-06
  9740.0      1.55360E-06
  9780.0      1.54080E-06
  9820.0      1.52810E-06
  9860.0      1.51560E-06
  9900.0      1.50330E-06
  9940.0      1.49110E-06
  9980.0      1.47900E-06
  10020.      1.46710E-06
  20000.      3.61260E-07
  40000.      8.79650E-08
  60000.      3.84100E-08
  80000.      2.13210E-08
 1.00000E+05  1.35010E-08
 1.20000E+05  9.29480E-09
 1.40000E+05  6.77910E-09
 1.60000E+05  5.15780E-09
