 Castelli and Kurucz 2004-2012 Atmosphere
 T     33000.     G    5.00000 [0.2a] VTURB=2  L/H=1.25 NOVER NEW ODF          
 Wavelength  Eddington Hnu
   (nm)    (ergs/s/cm2/Hz/sr)
  9.0900      7.09300E-32
  9.3500      3.92830E-31
  9.6100      1.98970E-30
  9.7700      5.18890E-30
  9.9600      1.55820E-29
  10.200      5.91470E-29
  10.380      1.55000E-28
  10.560      3.93930E-28
  10.770      1.12720E-27
  11.040      4.12420E-27
  11.400      2.12840E-26
  11.780      1.09130E-25
  12.130      4.52650E-25
  12.480      1.74550E-24
  12.710      4.08450E-24
  12.840      6.52390E-24
  13.050      1.36440E-23
  13.240      2.61470E-23
  13.390      4.31640E-23
  13.660      1.03870E-22
  13.980      2.82680E-22
  14.330      8.06320E-22
  14.720      2.45590E-21
  15.100      6.91460E-21
  15.520      2.05500E-20
  15.880      5.01190E-20
  16.200      1.07490E-19
  16.600      2.68500E-19
  17.030      6.83190E-19
  17.340      1.31420E-18
  17.680      2.62540E-18
  18.020      5.09470E-18
  18.170      6.81150E-18
  18.610      1.53390E-17
  19.100      3.64100E-17
  19.390      5.94830E-17
  19.840      1.24460E-16
  20.180      2.12350E-16
  20.500      3.45730E-16
  21.050      7.74290E-16
  21.620      1.70290E-15
  21.980      2.77140E-15
  22.300      4.20170E-15
  22.680      7.16080E-15
  23.000      8.27860E-13
  23.400      1.79020E-12
  24.000      3.14810E-12
  24.650      5.76470E-12
  25.240      1.00510E-11
  25.680      1.44310E-11
  26.000      2.22530E-11
  26.400      3.14110E-11
  26.850      4.81920E-11
  27.350      7.09710E-11
  27.850      9.75620E-11
  28.400      2.14020E-10
  29.000      3.25080E-10
  29.600      4.63730E-10
  30.100      6.42720E-10
  30.800      1.57410E-09
  31.800      3.26640E-09
  32.800      5.16830E-09
  33.800      9.32640E-09
  34.800      1.51170E-08
  35.700      3.87210E-08
  36.600      8.29760E-08
  37.500      1.07720E-07
  38.500      1.69640E-07
  39.500      3.66600E-07
  40.500      4.74630E-07
  41.400      7.28450E-07
  42.200      8.47510E-07
  43.000      1.03270E-06
  44.100      1.33720E-06
  45.100      1.61970E-06
  46.000      1.80460E-06
  47.000      2.26540E-06
  48.000      2.75840E-06
  49.000      3.20970E-06
  50.000      4.00220E-06
  50.600      6.29380E-06
  51.200      5.10230E-05
  52.000      4.85850E-05
  53.000      4.75620E-05
  54.000      4.61420E-05
  55.000      5.82210E-05
  56.000      7.44250E-05
  57.000      8.00300E-05
  58.000      7.54100E-05
  59.000      8.53710E-05
  60.000      6.97940E-05
  61.000      9.02840E-05
  62.000      1.07410E-04
  63.000      1.08350E-04
  64.000      1.07130E-04
  65.000      1.12600E-04
  65.800      9.52970E-05
  66.500      1.14300E-04
  67.500      1.27360E-04
  68.500      1.07280E-04
  69.500      1.45480E-04
  70.500      1.18790E-04
  71.600      1.63860E-04
  72.600      1.62240E-04
  73.500      1.67640E-04
  74.500      1.68290E-04
  75.500      1.72770E-04
  76.500      1.85750E-04
  77.500      1.95830E-04
  78.500      2.06550E-04
  79.500      2.10000E-04
  80.500      2.06890E-04
  81.500      2.10560E-04
  82.500      2.29380E-04
  83.500      1.87570E-04
  84.500      2.30290E-04
  85.500      2.33040E-04
  86.500      2.46020E-04
  87.500      2.53340E-04
  88.500      2.65020E-04
  89.500      2.73230E-04
  90.500      2.70080E-04
  91.500      2.78650E-04
  92.500      7.60980E-04
  93.500      1.32130E-03
  94.500      2.10110E-03
  95.500      2.48010E-03
  96.500      3.08210E-03
  97.500      1.09130E-03
  98.500      2.68590E-03
  99.500      2.39960E-03
  100.50      2.58130E-03
  101.50      2.76730E-03
  102.50      1.82260E-03
  103.50      2.68320E-03
  104.50      3.33450E-03
  105.50      3.19200E-03
  106.50      2.59370E-03
  107.50      2.87650E-03
  108.50      2.67530E-03
  109.50      2.98370E-03
  110.50      2.84150E-03
  111.50      2.82240E-03
  112.50      2.10760E-03
  113.50      2.78790E-03
  114.50      2.63950E-03
  115.50      2.55620E-03
  116.50      2.57980E-03
  117.50      1.70530E-03
  118.50      2.44100E-03
  119.50      2.35910E-03
  120.50      2.17170E-03
  121.50      1.56240E-03
  122.50      2.27240E-03
  123.50      2.51560E-03
  124.50      2.46060E-03
  125.50      2.48740E-03
  126.50      2.57190E-03
  127.50      2.67520E-03
  128.50      2.70710E-03
  129.50      2.39160E-03
  130.50      2.49440E-03
  131.50      2.75020E-03
  132.50      2.65040E-03
  133.50      2.62220E-03
  134.50      2.58140E-03
  135.50      2.62430E-03
  136.50      2.49580E-03
  137.50      2.45030E-03
  138.50      2.37070E-03
  139.50      1.64790E-03
  140.50      1.81950E-03
  141.50      2.33660E-03
  142.50      2.14650E-03
  143.50      2.31480E-03
  144.20      2.34470E-03
  144.70      2.33950E-03
  145.50      2.24730E-03
  146.50      2.18990E-03
  147.50      2.23240E-03
  148.50      2.24390E-03
  149.50      2.20350E-03
  150.50      2.09870E-03
  151.20      2.05490E-03
  151.70      2.08700E-03
  152.50      2.05900E-03
  153.50      1.78950E-03
  154.50      1.60250E-03
  155.50      1.60620E-03
  156.50      1.78990E-03
  157.50      1.90110E-03
  158.50      1.90970E-03
  159.50      1.94870E-03
  160.50      1.89320E-03
  161.50      1.81740E-03
  162.50      1.86960E-03
  163.50      1.91520E-03
  164.50      1.93460E-03
  165.50      1.95730E-03
  166.50      1.93920E-03
  167.20      1.83010E-03
  167.70      2.11810E-03
  168.50      2.03780E-03
  169.50      1.97520E-03
  170.50      1.95630E-03
  171.50      1.90180E-03
  172.50      1.81780E-03
  173.50      1.91200E-03
  174.50      1.91860E-03
  175.50      1.91260E-03
  176.50      1.89630E-03
  177.50      1.83650E-03
  178.50      1.88160E-03
  179.50      1.87380E-03
  180.50      1.89200E-03
  181.50      1.83110E-03
  182.50      1.83750E-03
  183.50      1.83550E-03
  184.50      1.72370E-03
  185.50      1.77190E-03
  186.50      1.80140E-03
  187.50      1.78330E-03
  188.50      1.68910E-03
  189.50      1.64440E-03
  190.50      1.72560E-03
  191.50      1.67320E-03
  192.50      1.58490E-03
  193.50      1.70210E-03
  194.50      1.74790E-03
  195.50      1.59500E-03
  196.70      1.69140E-03
  197.60      1.76870E-03
  198.40      1.68360E-03
  199.50      1.66940E-03
  200.50      1.70800E-03
  201.50      1.71950E-03
  202.50      1.73390E-03
  203.50      1.66110E-03
  204.50      1.66310E-03
  205.50      1.43380E-03
  206.50      1.40900E-03
  207.40      1.45220E-03
  207.80      1.41690E-03
  208.50      1.46350E-03
  209.50      1.49110E-03
  210.50      1.60820E-03
  211.50      1.64480E-03
  212.50      1.62800E-03
  213.50      1.62660E-03
  214.50      1.60350E-03
  215.50      1.62430E-03
  216.50      1.58030E-03
  217.50      1.60540E-03
  218.50      1.57720E-03
  219.50      1.60890E-03
  220.50      1.60060E-03
  221.50      1.55790E-03
  222.50      1.57280E-03
  223.50      1.56110E-03
  224.50      1.55740E-03
  225.50      1.51590E-03
  226.50      1.54120E-03
  227.50      1.53490E-03
  228.50      1.49700E-03
  229.50      1.36970E-03
  230.50      1.46420E-03
  231.50      1.46770E-03
  232.50      1.47330E-03
  233.50      1.46190E-03
  234.50      1.46590E-03
  235.50      1.45020E-03
  236.50      1.44010E-03
  237.50      1.41810E-03
  238.50      1.37850E-03
  239.50      1.39030E-03
  240.50      1.40050E-03
  241.50      1.38350E-03
  242.50      1.38670E-03
  243.50      1.36830E-03
  244.50      1.36740E-03
  245.50      1.35950E-03
  246.50      1.35560E-03
  247.50      1.34360E-03
  248.50      1.31230E-03
  249.50      9.87520E-04
  250.50      1.26370E-03
  251.30      1.23530E-03
  251.80      1.25320E-03
  252.50      1.30410E-03
  253.50      1.30670E-03
  254.50      1.27400E-03
  255.50      1.27880E-03
  256.50      1.26660E-03
  257.50      1.27160E-03
  258.50      1.26830E-03
  259.50      1.25600E-03
  260.50      1.25810E-03
  261.50      1.24300E-03
  262.50      1.24240E-03
  263.50      1.23510E-03
  264.50      1.22530E-03
  265.50      1.21960E-03
  266.50      1.19330E-03
  267.50      1.18160E-03
  268.50      1.19600E-03
  269.50      1.17140E-03
  270.50      1.16560E-03
  271.50      1.16330E-03
  272.50      1.15680E-03
  273.50      1.14260E-03
  274.50      1.15190E-03
  275.50      1.14670E-03
  276.50      1.13450E-03
  277.50      1.14570E-03
  278.50      1.13090E-03
  279.50      1.09320E-03
  280.50      1.11270E-03
  281.50      1.12010E-03
  282.50      1.10930E-03
  283.50      1.08880E-03
  284.50      1.10320E-03
  285.50      1.08940E-03
  286.50      1.08390E-03
  287.50      1.07640E-03
  288.50      1.07190E-03
  289.50      1.06360E-03
  291.00      1.04400E-03
  293.00      1.05050E-03
  295.00      1.03140E-03
  297.00      1.02550E-03
  299.00      1.00740E-03
  301.00      9.82330E-04
  303.00      9.74660E-04
  305.00      9.77330E-04
  307.00      9.77380E-04
  309.00      9.48460E-04
  311.00      9.57310E-04
  313.00      9.39170E-04
  315.00      9.36070E-04
  317.00      9.23300E-04
  319.00      9.16150E-04
  321.00      9.06850E-04
  323.00      8.96820E-04
  325.00      8.95180E-04
  327.00      8.78910E-04
  329.00      8.74890E-04
  331.00      8.65600E-04
  333.00      8.53820E-04
  335.00      8.45710E-04
  337.00      8.37300E-04
  339.00      8.37200E-04
  341.00      8.28250E-04
  343.00      8.24470E-04
  345.00      8.10700E-04
  347.00      8.05510E-04
  349.00      7.97740E-04
  351.00      7.91700E-04
  353.00      7.88920E-04
  355.00      7.80020E-04
  357.00      7.74760E-04
  359.00      7.62080E-04
  361.00      7.59630E-04
  363.00      7.50570E-04
  364.00      7.49740E-04
  365.00      7.33410E-04
  367.00      7.30990E-04
  369.00      7.25220E-04
  371.00      7.03020E-04
  373.00      6.98310E-04
  375.00      6.93830E-04
  377.00      6.75510E-04
  379.00      6.99560E-04
  381.00      7.23880E-04
  383.00      6.53870E-04
  385.00      7.40920E-04
  387.00      7.31170E-04
  389.00      6.28820E-04
  391.00      7.56340E-04
  393.00      7.45780E-04
  395.00      7.25700E-04
  397.00      6.03270E-04
  399.00      7.25820E-04
  401.00      7.28840E-04
  403.00      6.99060E-04
  405.00      7.21500E-04
  407.00      6.88360E-04
  409.00      6.42340E-04
  411.00      5.88940E-04
  413.00      6.81370E-04
  415.00      6.82380E-04
  417.00      6.89880E-04
  419.00      6.82710E-04
  421.00      6.79190E-04
  423.00      6.74160E-04
  425.00      6.56370E-04
  427.00      6.47600E-04
  429.00      6.39630E-04
  431.00      6.24470E-04
  433.00      5.81590E-04
  435.00      5.43790E-04
  437.00      6.14320E-04
  439.00      6.11390E-04
  441.00      6.13440E-04
  443.00      6.16440E-04
  445.00      6.08630E-04
  447.00      5.86140E-04
  449.00      6.01500E-04
  451.00      5.98910E-04
  453.00      5.98130E-04
  455.00      5.91330E-04
  457.00      5.89500E-04
  459.00      5.82690E-04
  461.00      5.72930E-04
  463.00      5.65390E-04
  465.00      5.44310E-04
  467.00      5.59950E-04
  469.00      5.55730E-04
  471.00      5.43460E-04
  473.00      5.57180E-04
  475.00      5.51360E-04
  477.00      5.53000E-04
  479.00      5.48190E-04
  481.00      5.40060E-04
  483.00      5.30800E-04
  485.00      4.96670E-04
  487.00      4.52420E-04
  489.00      5.19150E-04
  491.00      5.19090E-04
  493.00      5.06300E-04
  495.00      5.10730E-04
  497.00      5.13870E-04
  499.00      5.09790E-04
  501.00      4.93010E-04
  503.00      4.98550E-04
  505.00      4.94680E-04
  507.00      4.95870E-04
  509.00      4.90650E-04
  511.00      4.86800E-04
  513.00      4.82590E-04
  515.00      4.79730E-04
  517.00      4.76350E-04
  519.00      4.74290E-04
  521.00      4.71220E-04
  523.00      4.68420E-04
  525.00      4.64470E-04
  527.00      4.60460E-04
  529.00      4.58990E-04
  531.00      4.55670E-04
  533.00      4.52790E-04
  535.00      4.49570E-04
  537.00      4.46790E-04
  539.00      4.42920E-04
  541.00      4.37930E-04
  543.00      4.38010E-04
  545.00      4.34630E-04
  547.00      4.31770E-04
  549.00      4.29130E-04
  551.00      4.26600E-04
  553.00      4.23520E-04
  555.00      4.21280E-04
  557.00      4.18470E-04
  559.00      4.15090E-04
  561.00      4.13160E-04
  563.00      4.10700E-04
  565.00      4.07480E-04
  567.00      4.03800E-04
  569.00      3.97710E-04
  571.00      3.95610E-04
  573.00      3.94100E-04
  575.00      3.90210E-04
  577.00      3.89690E-04
  579.00      3.86990E-04
  581.00      3.84400E-04
  583.00      3.81190E-04
  585.00      3.79870E-04
  587.00      3.67120E-04
  589.00      3.73100E-04
  591.00      3.72400E-04
  593.00      3.70560E-04
  595.00      3.68470E-04
  597.00      3.67780E-04
  599.00      3.64830E-04
  601.00      3.63740E-04
  603.00      3.61360E-04
  605.00      3.59690E-04
  607.00      3.57920E-04
  609.00      3.55860E-04
  611.00      3.53580E-04
  613.00      3.51680E-04
  615.00      3.48320E-04
  617.00      3.46620E-04
  619.00      3.45360E-04
  621.00      3.43610E-04
  623.00      3.41600E-04
  625.00      3.38990E-04
  627.00      3.37390E-04
  629.00      3.35580E-04
  631.00      3.33240E-04
  633.00      3.31800E-04
  635.00      3.29330E-04
  637.00      3.28110E-04
  639.00      3.26170E-04
  641.00      3.24280E-04
  643.00      3.22570E-04
  645.00      3.20620E-04
  647.00      3.17500E-04
  649.00      3.15890E-04
  651.00      3.13650E-04
  653.00      3.10430E-04
  655.00      2.98760E-04
  657.00      2.68490E-04
  659.00      3.03310E-04
  661.00      3.05250E-04
  663.00      3.04600E-04
  665.00      3.02670E-04
  667.00      2.97510E-04
  669.00      2.96080E-04
  671.00      2.97560E-04
  673.00      2.95440E-04
  675.00      2.94900E-04
  677.00      2.93560E-04
  679.00      2.90550E-04
  681.00      2.90170E-04
  683.00      2.88240E-04
  685.00      2.87170E-04
  687.00      2.85490E-04
  689.00      2.83270E-04
  691.00      2.81070E-04
  693.00      2.81270E-04
  695.00      2.79790E-04
  697.00      2.78340E-04
  699.00      2.76760E-04
  701.00      2.75120E-04
  703.00      2.73490E-04
  705.00      2.72150E-04
  707.00      2.66870E-04
  709.00      2.69630E-04
  711.00      2.67590E-04
  713.00      2.66360E-04
  715.00      2.65520E-04
  717.00      2.64010E-04
  719.00      2.62800E-04
  721.00      2.61510E-04
  723.00      2.57660E-04
  725.00      2.58150E-04
  727.00      2.57530E-04
  729.00      2.54300E-04
  731.00      2.54850E-04
  733.00      2.53570E-04
  735.00      2.52300E-04
  737.00      2.51100E-04
  739.00      2.49870E-04
  741.00      2.48600E-04
  743.00      2.47360E-04
  745.00      2.46050E-04
  747.00      2.43430E-04
  749.00      2.43100E-04
  751.00      2.42410E-04
  753.00      2.41010E-04
  755.00      2.40150E-04
  757.00      2.38950E-04
  759.00      2.37460E-04
  761.00      2.35950E-04
  763.00      2.35360E-04
  765.00      2.34140E-04
  767.00      2.33200E-04
  769.00      2.31670E-04
  771.00      2.30800E-04
  773.00      2.29120E-04
  775.00      2.28710E-04
  777.00      2.27530E-04
  779.00      2.26620E-04
  781.00      2.25490E-04
  783.00      2.24490E-04
  785.00      2.23470E-04
  787.00      2.21700E-04
  789.00      2.20530E-04
  791.00      2.20190E-04
  793.00      2.19120E-04
  795.00      2.18260E-04
  797.00      2.17070E-04
  799.00      2.16110E-04
  801.00      2.15170E-04
  803.00      2.14100E-04
  805.00      2.13230E-04
  807.00      2.12220E-04
  809.00      2.11070E-04
  811.00      2.08360E-04
  813.00      2.09260E-04
  815.00      2.08210E-04
  817.00      2.07420E-04
  819.00      2.04880E-04
  821.00      2.04130E-04
  823.00      2.02930E-04
  825.00      2.02880E-04
  827.00      2.00010E-04
  829.00      2.00860E-04
  831.00      2.00410E-04
  833.00      1.99310E-04
  835.00      1.97680E-04
  837.00      1.97200E-04
  839.00      1.96910E-04
  841.00      1.95790E-04
  843.00      1.95180E-04
  845.00      1.93340E-04
  847.00      1.93520E-04
  849.00      1.92330E-04
  851.00      1.91220E-04
  853.00      1.90550E-04
  855.00      1.89700E-04
  857.00      1.89420E-04
  859.00      1.86300E-04
  861.00      1.86870E-04
  863.00      1.87570E-04
  865.00      1.84820E-04
  867.00      1.81860E-04
  869.00      1.84990E-04
  871.00      1.85260E-04
  873.00      1.81900E-04
  875.00      1.75110E-04
  877.00      1.78960E-04
  879.00      1.82480E-04
  881.00      1.82810E-04
  883.00      1.80510E-04
  885.00      1.72940E-04
  887.00      1.66730E-04
  889.00      1.76880E-04
  891.00      1.79070E-04
  893.00      1.78980E-04
  895.00      1.78440E-04
  897.00      1.77120E-04
  899.00      1.72640E-04
  901.00      1.59530E-04
  903.00      1.64310E-04
  905.00      1.72570E-04
  907.00      1.72340E-04
  909.00      1.73190E-04
  911.00      1.73380E-04
  913.00      1.72710E-04
  915.00      1.71990E-04
  917.00      1.70460E-04
  919.00      1.68730E-04
  921.00      1.61730E-04
  923.00      1.47540E-04
  925.00      1.59910E-04
  927.00      1.65530E-04
  929.00      1.66380E-04
  931.00      1.65610E-04
  933.00      1.65220E-04
  935.00      1.64730E-04
  937.00      1.64590E-04
  939.00      1.64010E-04
  941.00      1.63100E-04
  943.00      1.62530E-04
  945.00      1.61700E-04
  947.00      1.60170E-04
  949.00      1.59610E-04
  951.00      1.56630E-04
  953.00      1.49830E-04
  955.00      1.36900E-04
  957.00      1.51340E-04
  959.00      1.55760E-04
  961.00      1.55700E-04
  963.00      1.54830E-04
  965.00      1.55800E-04
  967.00      1.55310E-04
  969.00      1.54600E-04
  971.00      1.52190E-04
  973.00      1.53240E-04
  975.00      1.52910E-04
  977.00      1.52300E-04
  979.00      1.51680E-04
  981.00      1.50860E-04
  983.00      1.50510E-04
  985.00      1.49770E-04
  987.00      1.49280E-04
  989.00      1.48280E-04
  991.00      1.47200E-04
  993.00      1.47590E-04
  995.00      1.46960E-04
  997.00      1.46050E-04
  999.00      1.45200E-04
  1002.5      1.37690E-04
  1007.5      1.34490E-04
  1012.5      1.40670E-04
  1017.5      1.40960E-04
  1022.5      1.39550E-04
  1027.5      1.38350E-04
  1032.5      1.36520E-04
  1037.5      1.35860E-04
  1042.5      1.34620E-04
  1047.5      1.33390E-04
  1052.5      1.32130E-04
  1057.5      1.30990E-04
  1062.5      1.29790E-04
  1067.5      1.28450E-04
  1072.5      1.27510E-04
  1077.5      1.26350E-04
  1082.5      1.23960E-04
  1087.5      1.23320E-04
  1092.5      1.12610E-04
  1097.5      1.18140E-04
  1102.5      1.20010E-04
  1107.5      1.19740E-04
  1112.5      1.18820E-04
  1117.5      1.17860E-04
  1122.5      1.16810E-04
  1127.5      1.15820E-04
  1132.5      1.14630E-04
  1137.5      1.13820E-04
  1142.5      1.12870E-04
  1147.5      1.11970E-04
  1152.5      1.11100E-04
  1157.5      1.10110E-04
  1162.5      1.09080E-04
  1167.5      1.08110E-04
  1172.5      1.07500E-04
  1177.5      1.06600E-04
  1182.5      1.05700E-04
  1187.5      1.04880E-04
  1192.5      1.04040E-04
  1197.5      1.01950E-04
  1202.5      1.02390E-04
  1207.5      1.01570E-04
  1212.5      1.00740E-04
  1217.5      9.99750E-05
  1222.5      9.91860E-05
  1227.5      9.84200E-05
  1232.5      9.76050E-05
  1237.5      9.68570E-05
  1242.5      9.61490E-05
  1247.5      9.53270E-05
  1252.5      9.43560E-05
  1257.5      9.38640E-05
  1262.5      9.31530E-05
  1267.5      9.25130E-05
  1272.5      9.16340E-05
  1277.5      8.90880E-05
  1282.5      8.26020E-05
  1287.5      8.87800E-05
  1292.5      8.89640E-05
  1297.5      8.77520E-05
  1302.5      8.76690E-05
  1307.5      8.71430E-05
  1312.5      8.65080E-05
  1317.5      8.58740E-05
  1322.5      8.52490E-05
  1327.5      8.46300E-05
  1332.5      8.39860E-05
  1337.5      8.32840E-05
  1342.5      8.26920E-05
  1347.5      8.21780E-05
  1352.5      8.15020E-05
  1357.5      8.10190E-05
  1362.5      8.02700E-05
  1367.5      7.98830E-05
  1372.5      7.92120E-05
  1377.5      7.87880E-05
  1382.5      7.82420E-05
  1387.5      7.76880E-05
  1392.5      7.70550E-05
  1397.5      7.66060E-05
  1402.5      7.60010E-05
  1407.5      7.55710E-05
  1412.5      7.50290E-05
  1417.5      7.45390E-05
  1422.5      7.40350E-05
  1427.5      7.35170E-05
  1432.5      7.30340E-05
  1437.5      7.25390E-05
  1442.5      7.20600E-05
  1447.5      7.15820E-05
  1452.5      7.10970E-05
  1457.0      7.06710E-05
  1462.0      7.02140E-05
  1467.5      6.97110E-05
  1472.5      6.92500E-05
  1477.5      6.87540E-05
  1482.5      6.83550E-05
  1487.5      6.79120E-05
  1492.5      6.74750E-05
  1497.5      6.70430E-05
  1502.5      6.65830E-05
  1507.5      6.60750E-05
  1512.5      6.57690E-05
  1517.5      6.53520E-05
  1522.5      6.49360E-05
  1527.5      6.45240E-05
  1532.5      6.41160E-05
  1537.5      6.37140E-05
  1542.5      6.32970E-05
  1547.5      6.29150E-05
  1552.5      6.25100E-05
  1557.5      6.20820E-05
  1562.5      6.17670E-05
  1567.5      6.12910E-05
  1572.5      6.08740E-05
  1577.5      6.06490E-05
  1582.5      6.02370E-05
  1587.5      5.95440E-05
  1592.5      5.94090E-05
  1597.5      5.92370E-05
  1605.0      5.85250E-05
  1615.0      5.75550E-05
  1625.0      5.73900E-05
  1635.0      5.62990E-05
  1645.0      5.52090E-05
  1655.0      5.54700E-05
  1665.0      5.48740E-05
  1675.0      5.35070E-05
  1685.0      5.22910E-05
  1695.0      5.29220E-05
  1705.0      5.20880E-05
  1715.0      5.18490E-05
  1725.0      5.10950E-05
  1735.0      4.87090E-05
  1745.0      4.96940E-05
  1755.0      4.95650E-05
  1765.0      4.90220E-05
  1775.0      4.84720E-05
  1785.0      4.79170E-05
  1795.0      4.74290E-05
  1805.0      4.67920E-05
  1815.0      4.44540E-05
  1825.0      4.52790E-05
  1835.0      4.53890E-05
  1845.0      4.49290E-05
  1855.0      4.43800E-05
  1865.0      4.34700E-05
  1875.0      4.13810E-05
  1885.0      4.29640E-05
  1895.0      4.26200E-05
  1905.0      4.20270E-05
  1915.0      4.17580E-05
  1925.0      4.13500E-05
  1935.0      4.06880E-05
  1945.0      3.83790E-05
  1955.0      3.98230E-05
  1965.0      3.97100E-05
  1975.0      3.93190E-05
  1985.0      3.89290E-05
  1995.0      3.85480E-05
  2005.0      3.81710E-05
  2015.0      3.78000E-05
  2025.0      3.74330E-05
  2035.0      3.70720E-05
  2045.0      3.67070E-05
  2055.0      3.62880E-05
  2065.0      3.60200E-05
  2075.0      3.56680E-05
  2085.0      3.53420E-05
  2095.0      3.50040E-05
  2105.0      3.46630E-05
  2115.0      3.42110E-05
  2125.0      3.40450E-05
  2135.0      3.37290E-05
  2145.0      3.34080E-05
  2155.0      3.29420E-05
  2165.0      3.09930E-05
  2175.0      3.22270E-05
  2185.0      3.21930E-05
  2195.0      3.19380E-05
  2205.0      3.16530E-05
  2215.0      3.13720E-05
  2225.0      3.10880E-05
  2235.0      3.08210E-05
  2245.0      3.05510E-05
  2255.0      3.02840E-05
  2265.0      3.00210E-05
  2275.0      2.97610E-05
  2285.0      2.95040E-05
  2295.0      2.92530E-05
  2305.0      2.89980E-05
  2315.0      2.87570E-05
  2325.0      2.85150E-05
  2335.0      2.82740E-05
  2345.0      2.80380E-05
  2355.0      2.78030E-05
  2365.0      2.75700E-05
  2375.0      2.73410E-05
  2385.0      2.71190E-05
  2395.0      2.68920E-05
  2405.0      2.66730E-05
  2415.0      2.64570E-05
  2425.0      2.62380E-05
  2435.0      2.60310E-05
  2445.0      2.58200E-05
  2455.0      2.56150E-05
  2465.0      2.54070E-05
  2475.0      2.51640E-05
  2485.0      2.50060E-05
  2495.0      2.47990E-05
  2505.0      2.46140E-05
  2515.0      2.44200E-05
  2525.0      2.42070E-05
  2535.0      2.40370E-05
  2545.0      2.38600E-05
  2555.0      2.36580E-05
  2565.0      2.34380E-05
  2575.0      2.33000E-05
  2585.0      2.31360E-05
  2595.0      2.29510E-05
  2605.0      2.27140E-05
  2615.0      2.23380E-05
  2625.0      2.11970E-05
  2635.0      2.20880E-05
  2645.0      2.20930E-05
  2655.0      2.19230E-05
  2665.0      2.17250E-05
  2675.0      2.14210E-05
  2685.0      2.13990E-05
  2695.0      2.13350E-05
  2705.0      2.11920E-05
  2715.0      2.10370E-05
  2725.0      2.08840E-05
  2735.0      2.07330E-05
  2745.0      2.05070E-05
  2755.0      2.01010E-05
  2765.0      2.00840E-05
  2775.0      2.01060E-05
  2785.0      2.00010E-05
  2795.0      1.98590E-05
  2805.0      1.97150E-05
  2815.0      1.95790E-05
  2825.0      1.94430E-05
  2835.0      1.93070E-05
  2845.0      1.91720E-05
  2855.0      1.89960E-05
  2865.0      1.87040E-05
  2875.0      1.82920E-05
  2885.0      1.85440E-05
  2895.0      1.85090E-05
  2905.0      1.83940E-05
  2915.0      1.82690E-05
  2925.0      1.81450E-05
  2935.0      1.80220E-05
  2945.0      1.79000E-05
  2955.0      1.77810E-05
  2965.0      1.76620E-05
  2975.0      1.75440E-05
  2985.0      1.74280E-05
  2995.0      1.73090E-05
  3005.0      1.71980E-05
  3015.0      1.70730E-05
  3025.0      1.68960E-05
  3035.0      1.63860E-05
  3045.0      1.64170E-05
  3055.0      1.65820E-05
  3065.0      1.65210E-05
  3075.0      1.64120E-05
  3085.0      1.63030E-05
  3095.0      1.62180E-05
  3105.0      1.61120E-05
  3115.0      1.60100E-05
  3125.0      1.59070E-05
  3135.0      1.58090E-05
  3145.0      1.57070E-05
  3155.0      1.56100E-05
  3165.0      1.55120E-05
  3175.0      1.54150E-05
  3185.0      1.53190E-05
  3195.0      1.52240E-05
  3210.0      1.50830E-05
  3230.0      1.48970E-05
  3250.0      1.47150E-05
  3270.0      1.45220E-05
  3290.0      1.39630E-05
  3310.0      1.40590E-05
  3330.0      1.40010E-05
  3350.0      1.38530E-05
  3370.0      1.37080E-05
  3390.0      1.35480E-05
  3410.0      1.33910E-05
  3430.0      1.32350E-05
  3450.0      1.30830E-05
  3470.0      1.29330E-05
  3490.0      1.27860E-05
  3510.0      1.26410E-05
  3530.0      1.24980E-05
  3550.0      1.23580E-05
  3570.0      1.22200E-05
  3590.0      1.20850E-05
  3610.0      1.19520E-05
  3630.0      1.18210E-05
  3650.0      1.16920E-05
  3670.0      1.15650E-05
  3690.0      1.14340E-05
  3710.0      1.12770E-05
  3730.0      1.09930E-05
  3750.0      1.08200E-05
  3770.0      1.09380E-05
  3790.0      1.08460E-05
  3810.0      1.07210E-05
  3830.0      1.06120E-05
  3850.0      1.05110E-05
  3870.0      1.04030E-05
  3890.0      1.02900E-05
  3910.0      1.01630E-05
  3930.0      1.00880E-05
  3950.0      9.98600E-06
  3970.0      9.88580E-06
  3990.0      9.78700E-06
  4010.0      9.65930E-06
  4030.0      9.53230E-06
  4050.0      9.20200E-06
  4070.0      9.38650E-06
  4090.0      9.31460E-06
  4110.0      9.22410E-06
  4130.0      9.12830E-06
  4150.0      9.03500E-06
  4170.0      8.89280E-06
  4190.0      8.85970E-06
  4210.0      8.79120E-06
  4230.0      8.70830E-06
  4250.0      8.62330E-06
  4270.0      8.54590E-06
  4290.0      8.45560E-06
  4310.0      8.38800E-06
  4330.0      8.31050E-06
  4350.0      8.22580E-06
  4370.0      8.06850E-06
  4390.0      8.03870E-06
  4410.0      8.01140E-06
  4430.0      7.93940E-06
  4450.0      7.86810E-06
  4470.0      7.80360E-06
  4490.0      7.73410E-06
  4510.0      7.66560E-06
  4530.0      7.59790E-06
  4550.0      7.53120E-06
  4570.0      7.46540E-06
  4590.0      7.40030E-06
  4610.0      7.33340E-06
  4630.0      7.24550E-06
  4650.0      6.93120E-06
  4670.0      6.98550E-06
  4690.0      7.03820E-06
  4710.0      7.01950E-06
  4730.0      6.96800E-06
  4750.0      6.90880E-06
  4770.0      6.85130E-06
  4790.0      6.79430E-06
  4810.0      6.73780E-06
  4830.0      6.68200E-06
  4850.0      6.62680E-06
  4870.0      6.57240E-06
  4890.0      6.51860E-06
  4910.0      6.46550E-06
  4930.0      6.41300E-06
  4950.0      6.36120E-06
  4970.0      6.30990E-06
  4990.0      6.25930E-06
  5010.0      6.20930E-06
  5030.0      6.15980E-06
  5050.0      6.11100E-06
  5070.0      6.06270E-06
  5090.0      6.01120E-06
  5110.0      5.93220E-06
  5130.0      5.76890E-06
  5150.0      5.84780E-06
  5170.0      5.82750E-06
  5190.0      5.78470E-06
  5210.0      5.74030E-06
  5230.0      5.69630E-06
  5250.0      5.65290E-06
  5270.0      5.60990E-06
  5290.0      5.56740E-06
  5310.0      5.52540E-06
  5330.0      5.48390E-06
  5350.0      5.44280E-06
  5370.0      5.40210E-06
  5390.0      5.36200E-06
  5410.0      5.32230E-06
  5430.0      5.28300E-06
  5450.0      5.24410E-06
  5470.0      5.20570E-06
  5490.0      5.16770E-06
  5510.0      5.13000E-06
  5530.0      5.09280E-06
  5550.0      5.05610E-06
  5570.0      5.01970E-06
  5590.0      4.98370E-06
  5610.0      4.94810E-06
  5630.0      4.91280E-06
  5650.0      4.87800E-06
  5670.0      4.84340E-06
  5690.0      4.80920E-06
  5710.0      4.76760E-06
  5730.0      4.74200E-06
  5750.0      4.70900E-06
  5770.0      4.67630E-06
  5790.0      4.64380E-06
  5810.0      4.61180E-06
  5830.0      4.58010E-06
  5850.0      4.55060E-06
  5870.0      4.51420E-06
  5890.0      4.45470E-06
  5910.0      4.30990E-06
  5930.0      4.40070E-06
  5950.0      4.37590E-06
  5970.0      4.35410E-06
  5990.0      4.33900E-06
  6010.0      4.31040E-06
  6030.0      4.28170E-06
  6050.0      4.25330E-06
  6070.0      4.22510E-06
  6090.0      4.19730E-06
  6110.0      4.16970E-06
  6130.0      4.14240E-06
  6150.0      4.11530E-06
  6170.0      4.08850E-06
  6190.0      4.06200E-06
  6210.0      4.03570E-06
  6230.0      4.00960E-06
  6250.0      3.98380E-06
  6270.0      3.94790E-06
  6290.0      3.90150E-06
  6310.0      3.89420E-06
  6330.0      3.88310E-06
  6350.0      3.85860E-06
  6370.0      3.83420E-06
  6390.0      3.81010E-06
  6420.0      3.77440E-06
  6460.0      3.72750E-06
  6500.0      3.68140E-06
  6540.0      3.63620E-06
  6580.0      3.59180E-06
  6620.0      3.54820E-06
  6660.0      3.50540E-06
  6700.0      3.46330E-06
  6740.0      3.41370E-06
  6780.0      3.34980E-06
  6820.0      3.33960E-06
  6860.0      3.30250E-06
  6900.0      3.26410E-06
  6940.0      3.22620E-06
  6980.0      3.18910E-06
  7020.0      3.15260E-06
  7060.0      3.11670E-06
  7100.0      3.08140E-06
  7140.0      3.04670E-06
  7180.0      3.01260E-06
  7220.0      2.97900E-06
  7260.0      2.94600E-06
  7300.0      2.91350E-06
  7340.0      2.88160E-06
  7380.0      2.85020E-06
  7420.0      2.81120E-06
  7460.0      2.70960E-06
  7500.0      2.66920E-06
  7540.0      2.71440E-06
  7580.0      2.70060E-06
  7620.0      2.67210E-06
  7660.0      2.64400E-06
  7700.0      2.61640E-06
  7740.0      2.58920E-06
  7780.0      2.56240E-06
  7820.0      2.53610E-06
  7860.0      2.51010E-06
  7900.0      2.48450E-06
  7940.0      2.45940E-06
  7980.0      2.43450E-06
  8020.0      2.41010E-06
  8060.0      2.38600E-06
  8100.0      2.36230E-06
  8140.0      2.33670E-06
  8180.0      2.31500E-06
  8220.0      2.29320E-06
  8260.0      2.27090E-06
  8300.0      2.24880E-06
  8340.0      2.22710E-06
  8380.0      2.20570E-06
  8420.0      2.18460E-06
  8460.0      2.16380E-06
  8500.0      2.14330E-06
  8540.0      2.12310E-06
  8580.0      2.10310E-06
  8620.0      2.08340E-06
  8660.0      2.05640E-06
  8700.0      2.04140E-06
  8740.0      2.00120E-06
  8780.0      1.98300E-06
  8820.0      1.98880E-06
  8860.0      1.97110E-06
  8900.0      1.95320E-06
  8940.0      1.93560E-06
  8980.0      1.91820E-06
  9020.0      1.90110E-06
  9060.0      1.88420E-06
  9100.0      1.86750E-06
  9140.0      1.85100E-06
  9180.0      1.83470E-06
  9220.0      1.81870E-06
  9260.0      1.80280E-06
  9300.0      1.78720E-06
  9340.0      1.77110E-06
  9380.0      1.74560E-06
  9420.0      1.73650E-06
  9460.0      1.72660E-06
  9500.0      1.71200E-06
  9540.0      1.69750E-06
  9580.0      1.68320E-06
  9620.0      1.66910E-06
  9660.0      1.65520E-06
  9700.0      1.64140E-06
  9740.0      1.62780E-06
  9780.0      1.61440E-06
  9820.0      1.60110E-06
  9860.0      1.58800E-06
  9900.0      1.57500E-06
  9940.0      1.56220E-06
  9980.0      1.54960E-06
  10020.      1.53710E-06
  20000.      3.78180E-07
  40000.      9.19680E-08
  60000.      4.01240E-08
  80000.      2.22590E-08
 1.00000E+05  1.40900E-08
 1.20000E+05  9.69790E-09
 1.40000E+05  7.07210E-09
 1.60000E+05  5.38040E-09
