 Castelli and Kurucz 2004-2012 Atmosphere
 T     45000.     G    4.50000 [0.0] VTURB=2  L/H=1.25 NOVER NEW ODF           
 Wavelength  Eddington Hnu
   (nm)    (ergs/s/cm2/Hz/sr)
  9.0900      3.05690E-21
  9.3500      9.43760E-21
  9.6100      2.69830E-20
  9.7700      5.14530E-20
  9.9600      1.05920E-19
  10.200      2.54090E-19
  10.380      4.77710E-19
  10.560      8.79550E-19
  10.770      1.74840E-18
  11.040      4.07340E-18
  11.400      1.18350E-17
  11.780      3.39880E-17
  12.130      8.53170E-17
  12.480      2.02700E-16
  12.710      3.49440E-16
  12.840      4.74910E-16
  13.050      7.57670E-16
  13.240      1.14370E-15
  13.390      1.57610E-15
  13.660      2.72720E-15
  13.980      5.18280E-15
  14.330      9.95570E-15
  14.720      1.93240E-14
  15.100      3.83590E-14
  15.520      7.57570E-14
  15.880      1.32890E-13
  16.200      2.31300E-13
  16.600      4.14060E-13
  17.030      7.25450E-13
  17.340      1.07690E-12
  17.680      1.68240E-12
  18.020      2.56110E-12
  18.170      2.96210E-12
  18.610      5.09010E-12
  19.100      8.64780E-12
  19.390      1.20950E-11
  19.840      1.91180E-11
  20.180      2.58150E-11
  20.500      3.60380E-11
  21.050      5.94790E-11
  21.620      9.64920E-11
  21.980      1.32040E-10
  22.300      1.68240E-10
  22.680      2.25510E-10
  23.000      4.82000E-08
  23.400      2.02290E-07
  24.000      3.17390E-07
  24.650      7.63250E-07
  25.240      3.12810E-06
  25.680      7.95110E-06
  26.000      8.32610E-06
  26.400      4.12650E-05
  26.850      5.13810E-05
  27.350      6.47330E-05
  27.850      4.23620E-05
  28.400      9.04990E-05
  29.000      1.46660E-04
  29.600      1.18230E-04
  30.100      7.90710E-05
  30.800      1.31260E-04
  31.800      4.18860E-05
  32.800      6.28060E-05
  33.800      4.48920E-05
  34.800      5.04870E-05
  35.700      1.44380E-04
  36.600      3.19770E-04
  37.500      4.31210E-04
  38.500      3.73010E-04
  39.500      6.67260E-04
  40.500      1.06960E-03
  41.400      1.07790E-03
  42.200      1.01530E-03
  43.000      9.86550E-04
  44.100      1.27740E-03
  45.100      1.35670E-03
  46.000      1.17010E-03
  47.000      1.33670E-03
  48.000      1.57480E-03
  49.000      1.27380E-03
  50.000      1.87830E-03
  50.600      1.49560E-03
  51.200      1.98590E-03
  52.000      1.90030E-03
  53.000      1.80260E-03
  54.000      1.52540E-03
  55.000      1.30680E-03
  56.000      1.79720E-03
  57.000      2.16160E-03
  58.000      2.19180E-03
  59.000      2.24850E-03
  60.000      1.96190E-03
  61.000      1.71100E-03
  62.000      2.27990E-03
  63.000      2.08390E-03
  64.000      2.46430E-03
  65.000      2.34590E-03
  65.800      2.11850E-03
  66.500      2.50090E-03
  67.500      2.59480E-03
  68.500      2.34590E-03
  69.500      2.62760E-03
  70.500      2.33950E-03
  71.600      2.67730E-03
  72.600      2.77020E-03
  73.500      2.77910E-03
  74.500      2.68760E-03
  75.500      2.67310E-03
  76.500      2.41970E-03
  77.500      2.70320E-03
  78.500      2.40620E-03
  79.500      2.69650E-03
  80.500      2.78560E-03
  81.500      2.80210E-03
  82.500      2.83880E-03
  83.500      2.58030E-03
  84.500      2.81820E-03
  85.500      2.70910E-03
  86.500      2.86630E-03
  87.500      2.89790E-03
  88.500      2.85880E-03
  89.500      2.85880E-03
  90.500      2.81130E-03
  91.500      2.16420E-03
  92.500      3.40040E-03
  93.500      4.35640E-03
  94.500      4.83290E-03
  95.500      5.47310E-03
  96.500      5.75950E-03
  97.500      4.68920E-03
  98.500      5.38700E-03
  99.500      4.89660E-03
  100.50      5.02050E-03
  101.50      5.17930E-03
  102.50      4.89110E-03
  103.50      5.51600E-03
  104.50      5.68620E-03
  105.50      5.64420E-03
  106.50      5.44490E-03
  107.50      5.60120E-03
  108.50      5.29920E-03
  109.50      5.50740E-03
  110.50      5.47070E-03
  111.50      5.45520E-03
  112.50      5.33770E-03
  113.50      5.48310E-03
  114.50      5.52000E-03
  115.50      5.33510E-03
  116.50      5.12010E-03
  117.50      4.72760E-03
  118.50      5.08530E-03
  119.50      4.89350E-03
  120.50      4.89790E-03
  121.50      4.29410E-03
  122.50      4.78470E-03
  123.50      4.67200E-03
  124.50      4.58680E-03
  125.50      4.75310E-03
  126.50      4.80050E-03
  127.50      4.82900E-03
  128.50      4.81640E-03
  129.50      4.85120E-03
  130.50      4.72250E-03
  131.50      4.71880E-03
  132.50      4.68190E-03
  133.50      4.65760E-03
  134.50      4.63290E-03
  135.50      4.49710E-03
  136.50      4.35610E-03
  137.50      4.22640E-03
  138.50      4.31740E-03
  139.50      4.23580E-03
  140.50      4.07440E-03
  141.50      4.43170E-03
  142.50      4.21440E-03
  143.50      4.36790E-03
  144.20      4.19220E-03
  144.70      4.21620E-03
  145.50      4.14400E-03
  146.50      4.15800E-03
  147.50      4.17300E-03
  148.50      4.22610E-03
  149.50      4.15490E-03
  150.50      4.14240E-03
  151.20      4.15140E-03
  151.70      4.06450E-03
  152.50      4.10620E-03
  153.50      3.89790E-03
  154.50      3.40060E-03
  155.50      3.48650E-03
  156.50      3.79160E-03
  157.50      3.88170E-03
  158.50      3.82990E-03
  159.50      3.86440E-03
  160.50      3.74430E-03
  161.50      3.69040E-03
  162.50      3.72680E-03
  163.50      3.73820E-03
  164.50      3.60090E-03
  165.50      3.74840E-03
  166.50      3.73020E-03
  167.20      3.59190E-03
  167.70      3.79830E-03
  168.50      3.77240E-03
  169.50      3.77080E-03
  170.50      3.69130E-03
  171.50      3.56640E-03
  172.50      3.57340E-03
  173.50      3.67780E-03
  174.50      3.65140E-03
  175.50      3.61240E-03
  176.50      3.59040E-03
  177.50      3.55620E-03
  178.50      3.57000E-03
  179.50      3.50930E-03
  180.50      3.49280E-03
  181.50      3.45520E-03
  182.50      3.43750E-03
  183.50      3.42830E-03
  184.50      3.42310E-03
  185.50      3.39900E-03
  186.50      3.38910E-03
  187.50      3.34620E-03
  188.50      3.31900E-03
  189.50      3.34490E-03
  190.50      3.32490E-03
  191.50      3.30430E-03
  192.50      3.20560E-03
  193.50      3.26780E-03
  194.50      3.25040E-03
  195.50      3.19520E-03
  196.70      3.19520E-03
  197.60      3.16690E-03
  198.40      3.17180E-03
  199.50      3.14220E-03
  200.50      3.13250E-03
  201.50      3.11120E-03
  202.50      3.09320E-03
  203.50      3.06150E-03
  204.50      3.02540E-03
  205.50      2.30890E-03
  206.50      2.24200E-03
  207.40      2.31650E-03
  207.80      2.38580E-03
  208.50      2.58290E-03
  209.50      2.85920E-03
  210.50      2.89640E-03
  211.50      2.91050E-03
  212.50      2.88010E-03
  213.50      2.87630E-03
  214.50      2.85500E-03
  215.50      2.87560E-03
  216.50      2.74750E-03
  217.50      2.85510E-03
  218.50      2.75700E-03
  219.50      2.82940E-03
  220.50      2.81050E-03
  221.50      2.70140E-03
  222.50      2.77670E-03
  223.50      2.76150E-03
  224.50      2.74060E-03
  225.50      2.64750E-03
  226.50      2.70550E-03
  227.50      2.69970E-03
  228.50      2.66390E-03
  229.50      2.61820E-03
  230.50      2.56430E-03
  231.50      2.60550E-03
  232.50      2.61070E-03
  233.50      2.59510E-03
  234.50      2.56730E-03
  235.50      2.54400E-03
  236.50      2.52550E-03
  237.50      2.50010E-03
  238.50      2.39880E-03
  239.50      2.45630E-03
  240.50      2.44000E-03
  241.50      2.43230E-03
  242.50      2.44080E-03
  243.50      2.41830E-03
  244.50      2.40690E-03
  245.50      2.37740E-03
  246.50      2.37330E-03
  247.50      2.37380E-03
  248.50      2.34290E-03
  249.50      2.18720E-03
  250.50      2.31650E-03
  251.30      2.17200E-03
  251.80      2.26520E-03
  252.50      2.27300E-03
  253.50      2.28540E-03
  254.50      2.27840E-03
  255.50      2.26250E-03
  256.50      2.25240E-03
  257.50      2.23490E-03
  258.50      2.22290E-03
  259.50      2.17590E-03
  260.50      2.20010E-03
  261.50      2.16700E-03
  262.50      2.17570E-03
  263.50      2.16480E-03
  264.50      2.14480E-03
  265.50      2.13840E-03
  266.50      2.12530E-03
  267.50      2.09420E-03
  268.50      2.09690E-03
  269.50      2.07980E-03
  270.50      2.08190E-03
  271.50      2.06690E-03
  272.50      2.05520E-03
  273.50      1.98720E-03
  274.50      2.03520E-03
  275.50      2.01970E-03
  276.50      2.01040E-03
  277.50      1.99630E-03
  278.50      1.97530E-03
  279.50      1.96360E-03
  280.50      1.96160E-03
  281.50      1.95080E-03
  282.50      1.93560E-03
  283.50      1.93150E-03
  284.50      1.92320E-03
  285.50      1.91140E-03
  286.50      1.89060E-03
  287.50      1.87810E-03
  288.50      1.87700E-03
  289.50      1.86580E-03
  291.00      1.85270E-03
  293.00      1.83650E-03
  295.00      1.81630E-03
  297.00      1.79310E-03
  299.00      1.76810E-03
  301.00      1.75110E-03
  303.00      1.72400E-03
  305.00      1.71250E-03
  307.00      1.68840E-03
  309.00      1.68180E-03
  311.00      1.66480E-03
  313.00      1.64660E-03
  315.00      1.63480E-03
  317.00      1.61630E-03
  319.00      1.60280E-03
  321.00      1.55920E-03
  323.00      1.57220E-03
  325.00      1.55710E-03
  327.00      1.52890E-03
  329.00      1.52320E-03
  331.00      1.50720E-03
  333.00      1.49230E-03
  335.00      1.46970E-03
  337.00      1.46200E-03
  339.00      1.44630E-03
  341.00      1.43080E-03
  343.00      1.42390E-03
  345.00      1.40340E-03
  347.00      1.39550E-03
  349.00      1.38290E-03
  351.00      1.37310E-03
  353.00      1.35730E-03
  355.00      1.34550E-03
  357.00      1.33310E-03
  359.00      1.32130E-03
  361.00      1.30800E-03
  363.00      1.29480E-03
  364.00      1.26400E-03
  365.00      1.14330E-03
  367.00      1.13450E-03
  369.00      1.12920E-03
  371.00      1.12960E-03
  373.00      1.14340E-03
  375.00      1.16320E-03
  377.00      1.17820E-03
  379.00      1.19780E-03
  381.00      1.21230E-03
  383.00      1.16510E-03
  385.00      1.20840E-03
  387.00      1.20750E-03
  389.00      1.12570E-03
  391.00      1.19360E-03
  393.00      1.17240E-03
  395.00      1.17140E-03
  397.00      1.08200E-03
  399.00      1.15390E-03
  401.00      1.14630E-03
  403.00      1.11860E-03
  405.00      1.12820E-03
  407.00      1.11790E-03
  409.00      1.08520E-03
  411.00      1.03260E-03
  413.00      1.08890E-03
  415.00      1.08160E-03
  417.00      1.07380E-03
  419.00      1.06130E-03
  421.00      1.04090E-03
  423.00      1.04890E-03
  425.00      1.04010E-03
  427.00      1.03190E-03
  429.00      1.02360E-03
  431.00      1.01320E-03
  433.00      9.79770E-04
  435.00      9.44870E-04
  437.00      9.87330E-04
  439.00      9.77620E-04
  441.00      9.69560E-04
  443.00      9.65610E-04
  445.00      9.56970E-04
  447.00      9.47370E-04
  449.00      9.43720E-04
  451.00      9.33770E-04
  453.00      9.26080E-04
  455.00      9.04700E-04
  457.00      9.13970E-04
  459.00      9.07110E-04
  461.00      9.01160E-04
  463.00      8.90500E-04
  465.00      8.73060E-04
  467.00      8.78800E-04
  469.00      8.44860E-04
  471.00      8.67970E-04
  473.00      8.62980E-04
  475.00      8.56710E-04
  477.00      8.50150E-04
  479.00      8.42890E-04
  481.00      8.37600E-04
  483.00      8.30780E-04
  485.00      8.11190E-04
  487.00      7.69710E-04
  489.00      8.12080E-04
  491.00      8.07130E-04
  493.00      8.00390E-04
  495.00      7.96100E-04
  497.00      7.90350E-04
  499.00      7.85060E-04
  501.00      7.77830E-04
  503.00      7.73470E-04
  505.00      7.67780E-04
  507.00      7.62800E-04
  509.00      7.57750E-04
  511.00      7.52410E-04
  513.00      7.46810E-04
  515.00      7.41830E-04
  517.00      7.37060E-04
  519.00      7.31920E-04
  521.00      7.26630E-04
  523.00      7.22010E-04
  525.00      7.16290E-04
  527.00      7.11230E-04
  529.00      7.07400E-04
  531.00      7.02630E-04
  533.00      6.97760E-04
  535.00      6.93290E-04
  537.00      6.88570E-04
  539.00      6.83960E-04
  541.00      6.66720E-04
  543.00      6.75000E-04
  545.00      6.70610E-04
  547.00      6.65950E-04
  549.00      6.61800E-04
  551.00      6.56920E-04
  553.00      6.53220E-04
  555.00      6.49010E-04
  557.00      6.44220E-04
  559.00      6.38780E-04
  561.00      6.36540E-04
  563.00      6.32430E-04
  565.00      6.28380E-04
  567.00      6.24370E-04
  569.00      6.10840E-04
  571.00      5.71930E-04
  573.00      5.68590E-04
  575.00      5.65170E-04
  577.00      5.62230E-04
  579.00      5.59530E-04
  581.00      5.54020E-04
  583.00      5.55990E-04
  585.00      5.55600E-04
  587.00      5.52640E-04
  589.00      5.55310E-04
  591.00      5.55770E-04
  593.00      5.56750E-04
  595.00      5.58380E-04
  597.00      5.59750E-04
  599.00      5.61460E-04
  601.00      5.59740E-04
  603.00      5.57560E-04
  605.00      5.55430E-04
  607.00      5.51610E-04
  609.00      5.49340E-04
  611.00      5.45300E-04
  613.00      5.42150E-04
  615.00      5.40020E-04
  617.00      5.34540E-04
  619.00      5.33710E-04
  621.00      5.30770E-04
  623.00      5.24860E-04
  625.00      5.24020E-04
  627.00      5.21490E-04
  629.00      5.18530E-04
  631.00      5.11690E-04
  633.00      5.12240E-04
  635.00      5.09530E-04
  637.00      5.06650E-04
  639.00      5.03290E-04
  641.00      4.96190E-04
  643.00      4.98050E-04
  645.00      4.95030E-04
  647.00      4.92180E-04
  649.00      4.89590E-04
  651.00      4.86420E-04
  653.00      4.78150E-04
  655.00      4.76190E-04
  657.00      4.47010E-04
  659.00      4.75360E-04
  661.00      4.73440E-04
  663.00      4.70820E-04
  665.00      4.68220E-04
  667.00      4.63810E-04
  669.00      4.56010E-04
  671.00      4.60000E-04
  673.00      4.57840E-04
  675.00      4.55300E-04
  677.00      4.52980E-04
  679.00      4.50610E-04
  681.00      4.48160E-04
  683.00      4.45750E-04
  685.00      4.43320E-04
  687.00      4.40890E-04
  689.00      4.31810E-04
  691.00      4.35980E-04
  693.00      4.33950E-04
  695.00      4.31640E-04
  697.00      4.29360E-04
  699.00      4.27080E-04
  701.00      4.24690E-04
  703.00      4.22170E-04
  705.00      4.20140E-04
  707.00      4.17100E-04
  709.00      4.16010E-04
  711.00      4.13620E-04
  713.00      4.11470E-04
  715.00      4.09570E-04
  717.00      4.02980E-04
  719.00      4.02880E-04
  721.00      4.03280E-04
  723.00      4.01220E-04
  725.00      3.99170E-04
  727.00      3.97130E-04
  729.00      3.94870E-04
  731.00      3.92880E-04
  733.00      3.91120E-04
  735.00      3.89150E-04
  737.00      3.87080E-04
  739.00      3.85070E-04
  741.00      3.83190E-04
  743.00      3.81410E-04
  745.00      3.79190E-04
  747.00      3.77590E-04
  749.00      3.75320E-04
  751.00      3.73740E-04
  753.00      3.72040E-04
  755.00      3.70180E-04
  757.00      3.68320E-04
  759.00      3.60220E-04
  761.00      3.64280E-04
  763.00      3.62950E-04
  765.00      3.61200E-04
  767.00      3.59430E-04
  769.00      3.57360E-04
  771.00      3.55780E-04
  773.00      3.53840E-04
  775.00      3.52470E-04
  777.00      3.50920E-04
  779.00      3.49240E-04
  781.00      3.47570E-04
  783.00      3.45880E-04
  785.00      3.43830E-04
  787.00      3.42490E-04
  789.00      3.40960E-04
  791.00      3.39420E-04
  793.00      3.37840E-04
  795.00      3.36210E-04
  797.00      3.34420E-04
  799.00      3.33110E-04
  801.00      3.31550E-04
  803.00      3.29870E-04
  805.00      3.28480E-04
  807.00      3.26960E-04
  809.00      3.25450E-04
  811.00      3.23950E-04
  813.00      3.22460E-04
  815.00      3.20980E-04
  817.00      3.19270E-04
  819.00      3.16460E-04
  821.00      3.01460E-04
  823.00      2.98070E-04
  825.00      2.98480E-04
  827.00      2.97550E-04
  829.00      2.96320E-04
  831.00      2.95080E-04
  833.00      2.93560E-04
  835.00      2.92490E-04
  837.00      2.91430E-04
  839.00      2.90340E-04
  841.00      2.89380E-04
  843.00      2.88420E-04
  845.00      2.87450E-04
  847.00      2.86580E-04
  849.00      2.85880E-04
  851.00      2.84800E-04
  853.00      2.84440E-04
  855.00      2.83280E-04
  857.00      2.83130E-04
  859.00      2.81910E-04
  861.00      2.81210E-04
  863.00      2.81600E-04
  865.00      2.80570E-04
  867.00      2.77670E-04
  869.00      2.80040E-04
  871.00      2.80010E-04
  873.00      2.78980E-04
  875.00      2.73220E-04
  877.00      2.77070E-04
  879.00      2.78190E-04
  881.00      2.77820E-04
  883.00      2.77010E-04
  885.00      2.72420E-04
  887.00      2.65440E-04
  889.00      2.72900E-04
  891.00      2.73000E-04
  893.00      2.71760E-04
  895.00      2.71200E-04
  897.00      2.69970E-04
  899.00      2.67500E-04
  901.00      2.56590E-04
  903.00      2.60540E-04
  905.00      2.64830E-04
  907.00      2.64480E-04
  909.00      2.63540E-04
  911.00      2.61750E-04
  913.00      2.61430E-04
  915.00      2.60460E-04
  917.00      2.59270E-04
  919.00      2.57750E-04
  921.00      2.54310E-04
  923.00      2.41110E-04
  925.00      2.51550E-04
  927.00      2.53470E-04
  929.00      2.53020E-04
  931.00      2.51990E-04
  933.00      2.50730E-04
  935.00      2.44110E-04
  937.00      2.47440E-04
  939.00      2.47830E-04
  941.00      2.46860E-04
  943.00      2.45930E-04
  945.00      2.44980E-04
  947.00      2.43960E-04
  949.00      2.42980E-04
  951.00      2.41260E-04
  953.00      2.37370E-04
  955.00      2.24640E-04
  957.00      2.36660E-04
  959.00      2.37820E-04
  961.00      2.37290E-04
  963.00      2.36260E-04
  965.00      2.35450E-04
  967.00      2.34530E-04
  969.00      2.33610E-04
  971.00      2.31760E-04
  973.00      2.31660E-04
  975.00      2.30490E-04
  977.00      2.28040E-04
  979.00      2.29080E-04
  981.00      2.28200E-04
  983.00      2.27240E-04
  985.00      2.26440E-04
  987.00      2.25570E-04
  989.00      2.24700E-04
  991.00      2.23810E-04
  993.00      2.22980E-04
  995.00      2.22130E-04
  997.00      2.21280E-04
  999.00      2.20430E-04
  1002.5      2.15550E-04
  1007.5      2.11550E-04
  1012.5      2.10980E-04
  1017.5      2.12860E-04
  1022.5      2.10880E-04
  1027.5      2.08850E-04
  1032.5      2.06840E-04
  1037.5      2.05080E-04
  1042.5      2.01980E-04
  1047.5      2.01380E-04
  1052.5      1.99550E-04
  1057.5      1.97750E-04
  1062.5      1.95980E-04
  1067.5      1.94220E-04
  1072.5      1.92500E-04
  1077.5      1.90790E-04
  1082.5      1.88720E-04
  1087.5      1.87370E-04
  1092.5      1.79160E-04
  1097.5      1.82820E-04
  1102.5      1.82560E-04
  1107.5      1.81020E-04
  1112.5      1.79460E-04
  1117.5      1.78050E-04
  1122.5      1.76520E-04
  1127.5      1.75010E-04
  1132.5      1.73520E-04
  1137.5      1.72080E-04
  1142.5      1.70640E-04
  1147.5      1.69220E-04
  1152.5      1.67810E-04
  1157.5      1.66390E-04
  1162.5      1.63110E-04
  1167.5      1.62300E-04
  1172.5      1.62350E-04
  1177.5      1.61030E-04
  1182.5      1.59690E-04
  1187.5      1.58420E-04
  1192.5      1.57140E-04
  1197.5      1.55690E-04
  1202.5      1.54640E-04
  1207.5      1.53400E-04
  1212.5      1.52160E-04
  1217.5      1.50990E-04
  1222.5      1.49800E-04
  1227.5      1.48630E-04
  1232.5      1.47460E-04
  1237.5      1.46320E-04
  1242.5      1.45180E-04
  1247.5      1.44060E-04
  1252.5      1.42940E-04
  1257.5      1.41850E-04
  1262.5      1.40780E-04
  1267.5      1.39700E-04
  1272.5      1.38640E-04
  1277.5      1.37040E-04
  1282.5      1.31060E-04
  1287.5      1.35340E-04
  1292.5      1.34530E-04
  1297.5      1.33490E-04
  1302.5      1.32540E-04
  1307.5      1.31560E-04
  1312.5      1.30590E-04
  1317.5      1.29630E-04
  1322.5      1.28690E-04
  1327.5      1.27750E-04
  1332.5      1.26820E-04
  1337.5      1.25900E-04
  1342.5      1.24990E-04
  1347.5      1.24100E-04
  1352.5      1.23210E-04
  1357.5      1.22330E-04
  1362.5      1.21470E-04
  1367.5      1.20610E-04
  1372.5      1.19750E-04
  1377.5      1.18910E-04
  1382.5      1.18080E-04
  1387.5      1.17260E-04
  1392.5      1.16440E-04
  1397.5      1.15630E-04
  1402.5      1.14830E-04
  1407.5      1.14040E-04
  1412.5      1.13260E-04
  1417.5      1.12480E-04
  1422.5      1.11720E-04
  1427.5      1.10960E-04
  1432.5      1.10180E-04
  1437.5      1.09450E-04
  1442.5      1.08730E-04
  1447.5      1.08000E-04
  1452.5      1.07280E-04
  1457.0      1.06630E-04
  1462.0      1.05960E-04
  1467.5      1.05180E-04
  1472.5      1.04440E-04
  1477.5      1.02700E-04
  1482.5      1.03120E-04
  1487.5      1.02460E-04
  1492.5      1.01800E-04
  1497.5      1.01140E-04
  1502.5      1.00480E-04
  1507.5      9.98250E-05
  1512.5      9.91930E-05
  1517.5      9.85570E-05
  1522.5      9.79300E-05
  1527.5      9.72990E-05
  1532.5      9.66760E-05
  1537.5      9.60710E-05
  1542.5      9.54380E-05
  1547.5      9.48620E-05
  1552.5      9.42570E-05
  1557.5      9.36120E-05
  1562.5      9.31410E-05
  1567.5      9.24550E-05
  1572.5      9.18230E-05
  1577.5      9.15350E-05
  1582.5      9.09200E-05
  1587.5      8.99370E-05
  1592.5      8.96680E-05
  1597.5      8.93610E-05
  1605.0      8.83810E-05
  1615.0      8.70210E-05
  1625.0      8.64300E-05
  1635.0      8.51480E-05
  1645.0      8.37230E-05
  1655.0      8.33860E-05
  1665.0      8.24080E-05
  1675.0      8.11400E-05
  1685.0      7.96700E-05
  1695.0      7.95810E-05
  1705.0      7.86070E-05
  1715.0      7.77740E-05
  1725.0      7.68920E-05
  1735.0      7.47890E-05
  1745.0      7.50760E-05
  1755.0      7.43380E-05
  1765.0      7.35150E-05
  1775.0      7.27040E-05
  1785.0      7.19080E-05
  1795.0      7.11240E-05
  1805.0      7.03510E-05
  1815.0      6.83270E-05
  1825.0      6.86590E-05
  1835.0      6.81110E-05
  1845.0      6.73880E-05
  1855.0      6.66860E-05
  1865.0      6.51190E-05
  1875.0      6.36520E-05
  1885.0      6.46150E-05
  1895.0      6.39520E-05
  1905.0      6.32690E-05
  1915.0      6.26450E-05
  1925.0      6.20060E-05
  1935.0      6.13380E-05
  1945.0      5.93760E-05
  1955.0      6.01030E-05
  1965.0      5.95450E-05
  1975.0      5.89530E-05
  1985.0      5.83690E-05
  1995.0      5.77930E-05
  2005.0      5.72280E-05
  2015.0      5.66700E-05
  2025.0      5.61190E-05
  2035.0      5.55770E-05
  2045.0      5.50410E-05
  2055.0      5.45060E-05
  2065.0      5.39950E-05
  2075.0      5.34440E-05
  2085.0      5.29750E-05
  2095.0      5.24810E-05
  2105.0      5.19900E-05
  2115.0      5.14890E-05
  2125.0      5.10280E-05
  2135.0      5.05570E-05
  2145.0      5.00920E-05
  2155.0      4.96160E-05
  2165.0      4.79300E-05
  2175.0      4.86740E-05
  2185.0      4.82970E-05
  2195.0      4.78640E-05
  2205.0      4.74360E-05
  2215.0      4.70140E-05
  2225.0      4.65970E-05
  2235.0      4.61860E-05
  2245.0      4.57790E-05
  2255.0      4.53790E-05
  2265.0      4.49840E-05
  2275.0      4.45930E-05
  2285.0      4.42540E-05
  2295.0      4.38730E-05
  2305.0      4.34970E-05
  2315.0      4.31260E-05
  2325.0      4.27600E-05
  2335.0      4.23980E-05
  2345.0      4.20410E-05
  2355.0      4.16880E-05
  2365.0      4.13400E-05
  2375.0      4.09960E-05
  2385.0      4.06560E-05
  2395.0      4.03200E-05
  2405.0      3.99890E-05
  2415.0      3.96610E-05
  2425.0      3.93340E-05
  2435.0      3.90180E-05
  2445.0      3.87030E-05
  2455.0      3.83910E-05
  2465.0      3.80820E-05
  2475.0      3.77680E-05
  2485.0      3.74770E-05
  2495.0      3.71770E-05
  2505.0      3.68850E-05
  2515.0      3.65950E-05
  2525.0      3.62850E-05
  2535.0      3.60240E-05
  2545.0      3.57440E-05
  2555.0      3.54660E-05
  2565.0      3.51180E-05
  2575.0      3.49220E-05
  2585.0      3.46540E-05
  2595.0      3.43890E-05
  2605.0      3.40930E-05
  2615.0      3.36930E-05
  2625.0      3.26350E-05
  2635.0      3.33040E-05
  2645.0      3.31100E-05
  2655.0      3.28600E-05
  2665.0      3.25960E-05
  2675.0      3.21630E-05
  2685.0      3.21140E-05
  2695.0      3.19010E-05
  2705.0      3.16670E-05
  2715.0      3.14350E-05
  2725.0      3.12060E-05
  2735.0      3.09800E-05
  2745.0      3.07530E-05
  2755.0      3.02560E-05
  2765.0      3.02040E-05
  2775.0      3.00970E-05
  2785.0      2.98830E-05
  2795.0      2.96710E-05
  2805.0      2.94610E-05
  2815.0      2.92530E-05
  2825.0      2.90470E-05
  2835.0      2.88440E-05
  2845.0      2.86420E-05
  2855.0      2.84420E-05
  2865.0      2.81590E-05
  2875.0      2.76590E-05
  2885.0      2.78380E-05
  2895.0      2.76650E-05
  2905.0      2.74760E-05
  2915.0      2.72890E-05
  2925.0      2.71030E-05
  2935.0      2.69200E-05
  2945.0      2.67380E-05
  2955.0      2.65580E-05
  2965.0      2.63800E-05
  2975.0      2.62030E-05
  2985.0      2.60290E-05
  2995.0      2.58560E-05
  3005.0      2.56840E-05
  3015.0      2.55150E-05
  3025.0      2.53440E-05
  3035.0      2.48090E-05
  3045.0      2.48140E-05
  3055.0      2.48520E-05
  3065.0      2.46910E-05
  3075.0      2.45310E-05
  3085.0      2.43730E-05
  3095.0      2.42160E-05
  3105.0      2.40610E-05
  3115.0      2.39070E-05
  3125.0      2.37540E-05
  3135.0      2.36030E-05
  3145.0      2.34540E-05
  3155.0      2.33060E-05
  3165.0      2.31590E-05
  3175.0      2.30130E-05
  3185.0      2.28690E-05
  3195.0      2.27270E-05
  3210.0      2.25150E-05
  3230.0      2.22370E-05
  3250.0      2.19650E-05
  3270.0      2.16970E-05
  3290.0      2.11260E-05
  3310.0      2.11290E-05
  3330.0      2.09340E-05
  3350.0      2.06850E-05
  3370.0      2.04410E-05
  3390.0      2.02000E-05
  3410.0      1.99640E-05
  3430.0      1.97320E-05
  3450.0      1.95040E-05
  3470.0      1.92790E-05
  3490.0      1.90590E-05
  3510.0      1.88420E-05
  3530.0      1.86290E-05
  3550.0      1.84200E-05
  3570.0      1.82140E-05
  3590.0      1.80110E-05
  3610.0      1.78120E-05
  3630.0      1.76160E-05
  3650.0      1.74230E-05
  3670.0      1.72340E-05
  3690.0      1.70470E-05
  3710.0      1.68600E-05
  3730.0      1.65620E-05
  3750.0      1.63070E-05
  3770.0      1.63300E-05
  3790.0      1.61580E-05
  3810.0      1.59870E-05
  3830.0      1.58210E-05
  3850.0      1.56570E-05
  3870.0      1.54950E-05
  3890.0      1.53350E-05
  3910.0      1.51630E-05
  3930.0      1.50240E-05
  3950.0      1.48720E-05
  3970.0      1.47220E-05
  3990.0      1.45740E-05
  4010.0      1.44120E-05
  4030.0      1.42540E-05
  4050.0      1.39060E-05
  4070.0      1.40040E-05
  4090.0      1.38670E-05
  4110.0      1.37320E-05
  4130.0      1.35980E-05
  4150.0      1.34670E-05
  4170.0      1.32710E-05
  4190.0      1.32090E-05
  4210.0      1.30850E-05
  4230.0      1.29610E-05
  4250.0      1.28380E-05
  4270.0      1.27180E-05
  4290.0      1.25970E-05
  4310.0      1.24810E-05
  4330.0      1.23660E-05
  4350.0      1.22510E-05
  4370.0      1.20580E-05
  4390.0      1.20050E-05
  4410.0      1.19190E-05
  4430.0      1.18110E-05
  4450.0      1.17040E-05
  4470.0      1.16030E-05
  4490.0      1.14990E-05
  4510.0      1.13960E-05
  4530.0      1.12950E-05
  4550.0      1.11960E-05
  4570.0      1.10970E-05
  4590.0      1.10000E-05
  4610.0      1.09040E-05
  4630.0      1.08090E-05
  4650.0      1.04800E-05
  4670.0      1.04920E-05
  4690.0      1.05170E-05
  4710.0      1.04430E-05
  4730.0      1.03540E-05
  4750.0      1.02670E-05
  4770.0      1.01800E-05
  4790.0      1.00950E-05
  4810.0      1.00100E-05
  4830.0      9.92690E-06
  4850.0      9.84450E-06
  4870.0      9.76320E-06
  4890.0      9.68290E-06
  4910.0      9.60350E-06
  4930.0      9.52510E-06
  4950.0      9.44770E-06
  4970.0      9.37110E-06
  4990.0      9.29560E-06
  5010.0      9.22090E-06
  5030.0      9.14710E-06
  5050.0      9.07420E-06
  5070.0      9.00210E-06
  5090.0      8.93090E-06
  5110.0      8.85000E-06
  5130.0      8.65570E-06
  5150.0      8.71640E-06
  5170.0      8.65420E-06
  5190.0      8.58710E-06
  5210.0      8.52070E-06
  5230.0      8.45510E-06
  5250.0      8.39020E-06
  5270.0      8.32600E-06
  5290.0      8.26260E-06
  5310.0      8.19990E-06
  5330.0      8.13790E-06
  5350.0      8.07660E-06
  5370.0      8.01590E-06
  5390.0      7.95590E-06
  5410.0      7.89680E-06
  5430.0      7.83810E-06
  5450.0      7.78020E-06
  5470.0      7.72280E-06
  5490.0      7.66610E-06
  5510.0      7.60990E-06
  5530.0      7.55430E-06
  5550.0      7.49960E-06
  5570.0      7.44530E-06
  5590.0      7.39160E-06
  5610.0      7.33850E-06
  5630.0      7.28590E-06
  5650.0      7.23390E-06
  5670.0      7.18240E-06
  5690.0      7.13140E-06
  5710.0      7.07430E-06
  5730.0      7.03110E-06
  5750.0      6.98190E-06
  5770.0      6.93310E-06
  5790.0      6.88480E-06
  5810.0      6.83700E-06
  5830.0      6.78960E-06
  5850.0      6.74410E-06
  5870.0      6.69770E-06
  5890.0      6.64000E-06
  5910.0      6.46940E-06
  5930.0      6.55480E-06
  5950.0      6.49770E-06
  5970.0      6.46590E-06
  5990.0      6.42920E-06
  6010.0      6.38600E-06
  6030.0      6.34330E-06
  6050.0      6.30090E-06
  6070.0      6.25900E-06
  6090.0      6.21750E-06
  6110.0      6.17640E-06
  6130.0      6.13570E-06
  6150.0      6.09540E-06
  6170.0      6.05550E-06
  6190.0      6.01600E-06
  6210.0      5.97690E-06
  6230.0      5.93810E-06
  6250.0      5.89970E-06
  6270.0      5.85930E-06
  6290.0      5.78810E-06
  6310.0      5.78090E-06
  6330.0      5.74970E-06
  6350.0      5.71320E-06
  6370.0      5.67690E-06
  6390.0      5.64100E-06
  6420.0      5.58780E-06
  6460.0      5.51800E-06
  6500.0      5.44940E-06
  6540.0      5.38210E-06
  6580.0      5.31610E-06
  6620.0      5.25120E-06
  6660.0      5.18750E-06
  6700.0      5.12500E-06
  6740.0      5.06110E-06
  6780.0      4.97470E-06
  6820.0      4.94390E-06
  6860.0      4.88570E-06
  6900.0      4.82850E-06
  6940.0      4.77220E-06
  6980.0      4.71700E-06
  7020.0      4.66270E-06
  7060.0      4.60930E-06
  7100.0      4.55680E-06
  7140.0      4.50520E-06
  7180.0      4.45450E-06
  7220.0      4.40460E-06
  7260.0      4.35550E-06
  7300.0      4.30720E-06
  7340.0      4.25980E-06
  7380.0      4.21310E-06
  7420.0      4.16590E-06
  7460.0      4.05140E-06
  7500.0      3.99150E-06
  7540.0      4.02850E-06
  7580.0      3.99070E-06
  7620.0      3.94830E-06
  7660.0      3.90660E-06
  7700.0      3.86560E-06
  7740.0      3.82520E-06
  7780.0      3.78530E-06
  7820.0      3.74620E-06
  7860.0      3.70760E-06
  7900.0      3.66960E-06
  7940.0      3.63220E-06
  7980.0      3.59540E-06
  8020.0      3.55910E-06
  8060.0      3.52330E-06
  8100.0      3.48810E-06
  8140.0      3.45090E-06
  8180.0      3.41910E-06
  8220.0      3.38550E-06
  8260.0      3.35230E-06
  8300.0      3.31960E-06
  8340.0      3.28730E-06
  8380.0      3.25550E-06
  8420.0      3.22420E-06
  8460.0      3.19330E-06
  8500.0      3.16290E-06
  8540.0      3.13290E-06
  8580.0      3.10330E-06
  8620.0      3.07410E-06
  8660.0      3.03800E-06
  8700.0      3.01690E-06
  8740.0      2.96890E-06
  8780.0      2.94130E-06
  8820.0      2.93410E-06
  8860.0      2.90730E-06
  8900.0      2.88080E-06
  8940.0      2.85470E-06
  8980.0      2.82890E-06
  9020.0      2.80350E-06
  9060.0      2.77840E-06
  9100.0      2.75360E-06
  9140.0      2.72920E-06
  9180.0      2.70500E-06
  9220.0      2.68120E-06
  9260.0      2.65780E-06
  9300.0      2.63460E-06
  9340.0      2.61170E-06
  9380.0      2.57760E-06
  9420.0      2.56390E-06
  9460.0      2.54480E-06
  9500.0      2.52300E-06
  9540.0      2.50160E-06
  9580.0      2.48040E-06
  9620.0      2.45950E-06
  9660.0      2.43880E-06
  9700.0      2.41840E-06
  9740.0      2.39820E-06
  9780.0      2.37830E-06
  9820.0      2.35870E-06
  9860.0      2.33930E-06
  9900.0      2.32010E-06
  9940.0      2.30110E-06
  9980.0      2.28240E-06
  10020.      2.26390E-06
  20000.      5.52970E-07
  40000.      1.34010E-07
  60000.      5.84290E-08
  80000.      3.24080E-08
 1.00000E+05  2.05110E-08
 1.20000E+05  1.41130E-08
 1.40000E+05  1.02870E-08
 1.60000E+05  7.82100E-09
