 Castelli and Kurucz 2004-2012 Atmosphere
 T     38000.     G    5.00000 [0.0] VTURB=2  L/H=1.25 NOVER NEW ODF           
 Wavelength  Eddington Hnu
   (nm)    (ergs/s/cm2/Hz/sr)
  9.0900      2.83750E-26
  9.3500      1.13930E-25
  9.6100      4.24500E-25
  9.7700      9.31520E-25
  9.9600      2.28430E-24
  10.200      6.78730E-24
  10.380      1.49170E-23
  10.560      3.19850E-23
  10.770      7.55980E-23
  11.040      2.18510E-22
  11.400      8.36970E-22
  11.780      3.18670E-21
  12.130      1.01980E-20
  12.480      3.06940E-20
  12.710      6.14010E-20
  12.840      8.99220E-20
  13.050      1.63960E-19
  13.240      2.78150E-19
  13.390      4.18180E-19
  13.660      8.51990E-19
  13.980      1.92210E-18
  14.330      4.48940E-18
  14.720      1.09610E-17
  15.100      2.55040E-17
  15.520      6.13610E-17
  15.880      1.25730E-16
  16.200      2.31310E-16
  16.600      4.84140E-16
  17.030      1.02590E-15
  17.340      1.73050E-15
  17.680      3.01660E-15
  18.020      5.13610E-15
  18.170      6.46930E-15
  18.610      1.24400E-14
  19.100      2.49070E-14
  19.390      3.70230E-14
  19.840      6.69990E-14
  20.180      1.02840E-13
  20.500      1.52310E-13
  21.050      2.91650E-13
  21.620      5.49860E-13
  21.980      8.15660E-13
  22.300      1.14010E-12
  22.680      1.67890E-12
  23.000      7.97580E-10
  23.400      2.37740E-09
  24.000      3.54310E-09
  24.650      5.32500E-09
  25.240      8.49340E-09
  25.680      1.13260E-08
  26.000      1.63440E-08
  26.400      3.26780E-08
  26.850      4.89930E-08
  27.350      6.14040E-08
  27.850      6.53830E-08
  28.400      1.22450E-07
  29.000      1.66210E-07
  29.600      1.92850E-07
  30.100      3.75640E-07
  30.800      1.66140E-06
  31.800      1.92830E-06
  32.800      2.98030E-06
  33.800      4.13460E-06
  34.800      5.66310E-06
  35.700      1.22960E-05
  36.600      2.42910E-05
  37.500      2.96090E-05
  38.500      3.24730E-05
  39.500      5.15280E-05
  40.500      6.76470E-05
  41.400      6.81200E-05
  42.200      7.13120E-05
  43.000      7.00440E-05
  44.100      8.26850E-05
  45.100      8.92580E-05
  46.000      8.30030E-05
  47.000      9.03780E-05
  48.000      1.04810E-04
  49.000      9.62220E-05
  50.000      1.17590E-04
  50.600      1.32010E-04
  51.200      4.49160E-04
  52.000      4.27740E-04
  53.000      3.98810E-04
  54.000      3.66990E-04
  55.000      3.91850E-04
  56.000      5.20110E-04
  57.000      5.66620E-04
  58.000      5.50000E-04
  59.000      5.79860E-04
  60.000      4.91270E-04
  61.000      5.54100E-04
  62.000      6.78910E-04
  63.000      6.68010E-04
  64.000      7.11930E-04
  65.000      7.02440E-04
  65.800      6.22050E-04
  66.500      7.22570E-04
  67.500      8.00530E-04
  68.500      6.79340E-04
  69.500      8.24430E-04
  70.500      7.10450E-04
  71.600      8.93230E-04
  72.600      9.01610E-04
  73.500      9.28110E-04
  74.500      8.90370E-04
  75.500      9.02070E-04
  76.500      8.94000E-04
  77.500      9.39650E-04
  78.500      9.42890E-04
  79.500      9.84710E-04
  80.500      9.77710E-04
  81.500      9.96170E-04
  82.500      1.03510E-03
  83.500      9.06740E-04
  84.500      1.03480E-03
  85.500      1.03300E-03
  86.500      1.07620E-03
  87.500      1.08970E-03
  88.500      1.10160E-03
  89.500      1.11550E-03
  90.500      1.10200E-03
  91.500      9.52020E-04
  92.500      1.74350E-03
  93.500      2.54690E-03
  94.500      3.38310E-03
  95.500      3.83540E-03
  96.500      4.57530E-03
  97.500      2.71860E-03
  98.500      4.16900E-03
  99.500      3.74190E-03
  100.50      3.90240E-03
  101.50      4.09350E-03
  102.50      3.20790E-03
  103.50      4.18230E-03
  104.50      4.59020E-03
  105.50      4.49790E-03
  106.50      4.14710E-03
  107.50      4.26640E-03
  108.50      3.92990E-03
  109.50      4.25130E-03
  110.50      4.12270E-03
  111.50      4.13410E-03
  112.50      3.76230E-03
  113.50      4.09900E-03
  114.50      4.05960E-03
  115.50      3.86720E-03
  116.50      3.75470E-03
  117.50      2.98520E-03
  118.50      3.58300E-03
  119.50      3.51670E-03
  120.50      3.45370E-03
  121.50      2.68390E-03
  122.50      3.35230E-03
  123.50      3.55720E-03
  124.50      3.52500E-03
  125.50      3.54520E-03
  126.50      3.63800E-03
  127.50      3.72780E-03
  128.50      3.75130E-03
  129.50      3.64130E-03
  130.50      3.62630E-03
  131.50      3.75120E-03
  132.50      3.68800E-03
  133.50      3.64690E-03
  134.50      3.66330E-03
  135.50      3.58760E-03
  136.50      3.52060E-03
  137.50      3.46140E-03
  138.50      3.42050E-03
  139.50      3.15410E-03
  140.50      3.11240E-03
  141.50      3.40420E-03
  142.50      3.12030E-03
  143.50      3.31350E-03
  144.20      3.26790E-03
  144.70      3.27200E-03
  145.50      3.17090E-03
  146.50      3.17620E-03
  147.50      3.17510E-03
  148.50      3.22540E-03
  149.50      3.15900E-03
  150.50      3.16480E-03
  151.20      3.15390E-03
  151.70      3.14800E-03
  152.50      3.08890E-03
  153.50      2.82270E-03
  154.50      2.43190E-03
  155.50      2.49270E-03
  156.50      2.73110E-03
  157.50      2.83890E-03
  158.50      2.85990E-03
  159.50      2.87510E-03
  160.50      2.73830E-03
  161.50      2.66050E-03
  162.50      2.72670E-03
  163.50      2.72550E-03
  164.50      2.69020E-03
  165.50      2.79570E-03
  166.50      2.76770E-03
  167.20      2.61040E-03
  167.70      2.91770E-03
  168.50      2.84230E-03
  169.50      2.80160E-03
  170.50      2.77450E-03
  171.50      2.70150E-03
  172.50      2.64290E-03
  173.50      2.74130E-03
  174.50      2.73660E-03
  175.50      2.69860E-03
  176.50      2.69040E-03
  177.50      2.64600E-03
  178.50      2.68420E-03
  179.50      2.63470E-03
  180.50      2.63450E-03
  181.50      2.61150E-03
  182.50      2.57890E-03
  183.50      2.59860E-03
  184.50      2.55930E-03
  185.50      2.56700E-03
  186.50      2.56590E-03
  187.50      2.52270E-03
  188.50      2.48150E-03
  189.50      2.49840E-03
  190.50      2.51710E-03
  191.50      2.48780E-03
  192.50      2.38230E-03
  193.50      2.47740E-03
  194.50      2.48690E-03
  195.50      2.36900E-03
  196.70      2.43250E-03
  197.60      2.44130E-03
  198.40      2.42240E-03
  199.50      2.38420E-03
  200.50      2.41530E-03
  201.50      2.40470E-03
  202.50      2.39120E-03
  203.50      2.36060E-03
  204.50      2.34040E-03
  205.50      1.81620E-03
  206.50      1.75040E-03
  207.40      1.78780E-03
  207.80      1.80520E-03
  208.50      1.90000E-03
  209.50      2.07610E-03
  210.50      2.22740E-03
  211.50      2.26660E-03
  212.50      2.23280E-03
  213.50      2.23470E-03
  214.50      2.22040E-03
  215.50      2.23090E-03
  216.50      2.13720E-03
  217.50      2.22020E-03
  218.50      2.13780E-03
  219.50      2.20630E-03
  220.50      2.19450E-03
  221.50      2.09590E-03
  222.50      2.16400E-03
  223.50      2.15450E-03
  224.50      2.12980E-03
  225.50      2.04630E-03
  226.50      2.11150E-03
  227.50      2.10560E-03
  228.50      2.07160E-03
  229.50      1.97940E-03
  230.50      1.98010E-03
  231.50      2.02800E-03
  232.50      2.03200E-03
  233.50      2.02010E-03
  234.50      2.00260E-03
  235.50      1.98030E-03
  236.50      1.96580E-03
  237.50      1.94180E-03
  238.50      1.84930E-03
  239.50      1.90320E-03
  240.50      1.91030E-03
  241.50      1.90310E-03
  242.50      1.90390E-03
  243.50      1.88670E-03
  244.50      1.87790E-03
  245.50      1.86180E-03
  246.50      1.85580E-03
  247.50      1.84860E-03
  248.50      1.82260E-03
  249.50      1.57980E-03
  250.50      1.78560E-03
  251.30      1.67220E-03
  251.80      1.74740E-03
  252.50      1.78270E-03
  253.50      1.78340E-03
  254.50      1.77050E-03
  255.50      1.75770E-03
  256.50      1.74950E-03
  257.50      1.73940E-03
  258.50      1.73050E-03
  259.50      1.70800E-03
  260.50      1.71330E-03
  261.50      1.69450E-03
  262.50      1.69420E-03
  263.50      1.68690E-03
  264.50      1.67220E-03
  265.50      1.66620E-03
  266.50      1.65050E-03
  267.50      1.62370E-03
  268.50      1.63320E-03
  269.50      1.61730E-03
  270.50      1.61770E-03
  271.50      1.60350E-03
  272.50      1.59370E-03
  273.50      1.54230E-03
  274.50      1.58390E-03
  275.50      1.57390E-03
  276.50      1.56020E-03
  277.50      1.55920E-03
  278.50      1.54570E-03
  279.50      1.51780E-03
  280.50      1.52610E-03
  281.50      1.52400E-03
  282.50      1.51140E-03
  283.50      1.50210E-03
  284.50      1.50200E-03
  285.50      1.49210E-03
  286.50      1.47820E-03
  287.50      1.47350E-03
  288.50      1.46660E-03
  289.50      1.45680E-03
  291.00      1.44180E-03
  293.00      1.43280E-03
  295.00      1.41260E-03
  297.00      1.39840E-03
  299.00      1.37670E-03
  301.00      1.36150E-03
  303.00      1.34210E-03
  305.00      1.33510E-03
  307.00      1.32510E-03
  309.00      1.31000E-03
  311.00      1.30090E-03
  313.00      1.28560E-03
  315.00      1.27560E-03
  317.00      1.26130E-03
  319.00      1.24810E-03
  321.00      1.22040E-03
  323.00      1.22670E-03
  325.00      1.21700E-03
  327.00      1.19520E-03
  329.00      1.19040E-03
  331.00      1.17790E-03
  333.00      1.16580E-03
  335.00      1.14910E-03
  337.00      1.14190E-03
  339.00      1.13540E-03
  341.00      1.12400E-03
  343.00      1.11450E-03
  345.00      1.09820E-03
  347.00      1.09300E-03
  349.00      1.08370E-03
  351.00      1.07470E-03
  353.00      1.06470E-03
  355.00      1.05420E-03
  357.00      1.04710E-03
  359.00      1.03410E-03
  361.00      1.02390E-03
  363.00      1.01450E-03
  364.00      1.00120E-03
  365.00      9.34550E-04
  367.00      9.28250E-04
  369.00      9.20980E-04
  371.00      9.08080E-04
  373.00      9.10730E-04
  375.00      9.12780E-04
  377.00      9.07960E-04
  379.00      9.31040E-04
  381.00      9.55800E-04
  383.00      8.90830E-04
  385.00      9.65510E-04
  387.00      9.65560E-04
  389.00      8.56550E-04
  391.00      9.67560E-04
  393.00      9.57670E-04
  395.00      9.43890E-04
  397.00      8.21910E-04
  399.00      9.33250E-04
  401.00      9.30480E-04
  403.00      9.00850E-04
  405.00      9.21450E-04
  407.00      9.02940E-04
  409.00      8.56030E-04
  411.00      7.96890E-04
  413.00      8.80160E-04
  415.00      8.76910E-04
  417.00      8.76990E-04
  419.00      8.65550E-04
  421.00      8.52380E-04
  423.00      8.58430E-04
  425.00      8.47890E-04
  427.00      8.39330E-04
  429.00      8.32970E-04
  431.00      8.20320E-04
  433.00      7.72910E-04
  435.00      7.33090E-04
  437.00      8.02220E-04
  439.00      7.89350E-04
  441.00      7.90740E-04
  443.00      7.88980E-04
  445.00      7.82460E-04
  447.00      7.59970E-04
  449.00      7.70510E-04
  451.00      7.60490E-04
  453.00      7.55990E-04
  455.00      7.39330E-04
  457.00      7.47820E-04
  459.00      7.40260E-04
  461.00      7.34990E-04
  463.00      7.24630E-04
  465.00      7.01290E-04
  467.00      7.15360E-04
  469.00      6.93890E-04
  471.00      7.03200E-04
  473.00      7.06900E-04
  475.00      7.01430E-04
  477.00      6.96810E-04
  479.00      6.91540E-04
  481.00      6.85680E-04
  483.00      6.77560E-04
  485.00      6.45290E-04
  487.00      6.00280E-04
  489.00      6.61150E-04
  491.00      6.59300E-04
  493.00      6.47290E-04
  495.00      6.50460E-04
  497.00      6.47790E-04
  499.00      6.43200E-04
  501.00      6.32270E-04
  503.00      6.32730E-04
  505.00      6.27490E-04
  507.00      6.25160E-04
  509.00      6.20740E-04
  511.00      6.16330E-04
  513.00      6.11860E-04
  515.00      6.07570E-04
  517.00      6.03250E-04
  519.00      5.99320E-04
  521.00      5.95380E-04
  523.00      5.91370E-04
  525.00      5.86200E-04
  527.00      5.82140E-04
  529.00      5.79390E-04
  531.00      5.75410E-04
  533.00      5.71520E-04
  535.00      5.67770E-04
  537.00      5.63930E-04
  539.00      5.60080E-04
  541.00      5.46290E-04
  543.00      5.52620E-04
  545.00      5.49120E-04
  547.00      5.45430E-04
  549.00      5.41900E-04
  551.00      5.38020E-04
  553.00      5.34830E-04
  555.00      5.31470E-04
  557.00      5.27810E-04
  559.00      5.23250E-04
  561.00      5.21220E-04
  563.00      5.17870E-04
  565.00      5.14520E-04
  567.00      5.11030E-04
  569.00      5.01290E-04
  571.00      4.83460E-04
  573.00      4.80690E-04
  575.00      4.77660E-04
  577.00      4.75170E-04
  579.00      4.72350E-04
  581.00      4.68420E-04
  583.00      4.66370E-04
  585.00      4.65100E-04
  587.00      4.55450E-04
  589.00      4.61080E-04
  591.00      4.60300E-04
  593.00      4.59140E-04
  595.00      4.58180E-04
  597.00      4.57620E-04
  599.00      4.56780E-04
  601.00      4.55980E-04
  603.00      4.54560E-04
  605.00      4.53630E-04
  607.00      4.51530E-04
  609.00      4.49210E-04
  611.00      4.46360E-04
  613.00      4.43910E-04
  615.00      4.41070E-04
  617.00      4.38370E-04
  619.00      4.36230E-04
  621.00      4.33790E-04
  623.00      4.30870E-04
  625.00      4.28530E-04
  627.00      4.26180E-04
  629.00      4.23750E-04
  631.00      4.20410E-04
  633.00      4.18810E-04
  635.00      4.16280E-04
  637.00      4.14050E-04
  639.00      4.11620E-04
  641.00      4.08100E-04
  643.00      4.07010E-04
  645.00      4.04430E-04
  647.00      4.01930E-04
  649.00      3.99840E-04
  651.00      3.97020E-04
  653.00      3.92340E-04
  655.00      3.82760E-04
  657.00      3.52250E-04
  659.00      3.86060E-04
  661.00      3.86440E-04
  663.00      3.84700E-04
  665.00      3.82560E-04
  667.00      3.76810E-04
  669.00      3.73480E-04
  671.00      3.75530E-04
  673.00      3.73640E-04
  675.00      3.71720E-04
  677.00      3.70130E-04
  679.00      3.68060E-04
  681.00      3.66240E-04
  683.00      3.64250E-04
  685.00      3.62250E-04
  687.00      3.60160E-04
  689.00      3.55650E-04
  691.00      3.56050E-04
  693.00      3.54640E-04
  695.00      3.52750E-04
  697.00      3.50890E-04
  699.00      3.49000E-04
  701.00      3.46980E-04
  703.00      3.44700E-04
  705.00      3.43240E-04
  707.00      3.38220E-04
  709.00      3.39980E-04
  711.00      3.38150E-04
  713.00      3.36410E-04
  715.00      3.34720E-04
  717.00      3.31150E-04
  719.00      3.30120E-04
  721.00      3.29580E-04
  723.00      3.27390E-04
  725.00      3.26140E-04
  727.00      3.24550E-04
  729.00      3.21390E-04
  731.00      3.21140E-04
  733.00      3.19630E-04
  735.00      3.18010E-04
  737.00      3.16380E-04
  739.00      3.14840E-04
  741.00      3.13210E-04
  743.00      3.11690E-04
  745.00      3.10000E-04
  747.00      3.08470E-04
  749.00      3.06310E-04
  751.00      3.05470E-04
  753.00      3.04020E-04
  755.00      3.02530E-04
  757.00      3.00980E-04
  759.00      2.96400E-04
  761.00      2.97660E-04
  763.00      2.96540E-04
  765.00      2.95130E-04
  767.00      2.93780E-04
  769.00      2.91860E-04
  771.00      2.90710E-04
  773.00      2.88910E-04
  775.00      2.88110E-04
  777.00      2.86790E-04
  779.00      2.85420E-04
  781.00      2.84000E-04
  783.00      2.82680E-04
  785.00      2.81200E-04
  787.00      2.79870E-04
  789.00      2.78620E-04
  791.00      2.77460E-04
  793.00      2.76140E-04
  795.00      2.74890E-04
  797.00      2.73470E-04
  799.00      2.72280E-04
  801.00      2.71030E-04
  803.00      2.69640E-04
  805.00      2.68540E-04
  807.00      2.67290E-04
  809.00      2.66010E-04
  811.00      2.64580E-04
  813.00      2.63620E-04
  815.00      2.62310E-04
  817.00      2.61080E-04
  819.00      2.59180E-04
  821.00      2.52850E-04
  823.00      2.50340E-04
  825.00      2.50360E-04
  827.00      2.49280E-04
  829.00      2.48610E-04
  831.00      2.47660E-04
  833.00      2.46140E-04
  835.00      2.44760E-04
  837.00      2.44210E-04
  839.00      2.43400E-04
  841.00      2.42330E-04
  843.00      2.41330E-04
  845.00      2.39830E-04
  847.00      2.39360E-04
  849.00      2.38310E-04
  851.00      2.36890E-04
  853.00      2.36400E-04
  855.00      2.35470E-04
  857.00      2.34920E-04
  859.00      2.32730E-04
  861.00      2.32690E-04
  863.00      2.32840E-04
  865.00      2.30850E-04
  867.00      2.28460E-04
  869.00      2.30420E-04
  871.00      2.30360E-04
  873.00      2.27870E-04
  875.00      2.22640E-04
  877.00      2.25320E-04
  879.00      2.27660E-04
  881.00      2.27520E-04
  883.00      2.26010E-04
  885.00      2.19720E-04
  887.00      2.14270E-04
  889.00      2.22180E-04
  891.00      2.23620E-04
  893.00      2.23220E-04
  895.00      2.22480E-04
  897.00      2.21260E-04
  899.00      2.17280E-04
  901.00      2.05650E-04
  903.00      2.09580E-04
  905.00      2.16250E-04
  907.00      2.15920E-04
  909.00      2.16280E-04
  911.00      2.15800E-04
  913.00      2.15220E-04
  915.00      2.14200E-04
  917.00      2.12710E-04
  919.00      2.11010E-04
  921.00      2.04870E-04
  923.00      1.91790E-04
  925.00      2.02870E-04
  927.00      2.07320E-04
  929.00      2.07630E-04
  931.00      2.06860E-04
  933.00      2.06330E-04
  935.00      2.02360E-04
  937.00      2.04540E-04
  939.00      2.04180E-04
  941.00      2.03190E-04
  943.00      2.02450E-04
  945.00      2.01670E-04
  947.00      2.00070E-04
  949.00      1.99390E-04
  951.00      1.96550E-04
  953.00      1.90370E-04
  955.00      1.77940E-04
  957.00      1.91230E-04
  959.00      1.94630E-04
  961.00      1.94600E-04
  963.00      1.93850E-04
  965.00      1.93890E-04
  967.00      1.93180E-04
  969.00      1.92340E-04
  971.00      1.89200E-04
  973.00      1.90570E-04
  975.00      1.90130E-04
  977.00      1.89120E-04
  979.00      1.88670E-04
  981.00      1.87940E-04
  983.00      1.87190E-04
  985.00      1.86470E-04
  987.00      1.85750E-04
  989.00      1.84960E-04
  991.00      1.84090E-04
  993.00      1.83640E-04
  995.00      1.82950E-04
  997.00      1.82110E-04
  999.00      1.80960E-04
  1002.5      1.74130E-04
  1007.5      1.70640E-04
  1012.5      1.74210E-04
  1017.5      1.75300E-04
  1022.5      1.73620E-04
  1027.5      1.72010E-04
  1032.5      1.69990E-04
  1037.5      1.68900E-04
  1042.5      1.67110E-04
  1047.5      1.65830E-04
  1052.5      1.64320E-04
  1057.5      1.62840E-04
  1062.5      1.61380E-04
  1067.5      1.59810E-04
  1072.5      1.58510E-04
  1077.5      1.57110E-04
  1082.5      1.54690E-04
  1087.5      1.53750E-04
  1092.5      1.43530E-04
  1097.5      1.48500E-04
  1102.5      1.49760E-04
  1107.5      1.48970E-04
  1112.5      1.47760E-04
  1117.5      1.46530E-04
  1122.5      1.45240E-04
  1127.5      1.44030E-04
  1132.5      1.42790E-04
  1137.5      1.41600E-04
  1142.5      1.40420E-04
  1147.5      1.39250E-04
  1152.5      1.38100E-04
  1157.5      1.36940E-04
  1162.5      1.34860E-04
  1167.5      1.34230E-04
  1172.5      1.33610E-04
  1177.5      1.32520E-04
  1182.5      1.31410E-04
  1187.5      1.30370E-04
  1192.5      1.29320E-04
  1197.5      1.27260E-04
  1202.5      1.27270E-04
  1207.5      1.26240E-04
  1212.5      1.25200E-04
  1217.5      1.24260E-04
  1222.5      1.23290E-04
  1227.5      1.22320E-04
  1232.5      1.21360E-04
  1237.5      1.20420E-04
  1242.5      1.19490E-04
  1247.5      1.18560E-04
  1252.5      1.17510E-04
  1257.5      1.16730E-04
  1262.5      1.15860E-04
  1267.5      1.14980E-04
  1272.5      1.14010E-04
  1277.5      1.11560E-04
  1282.5      1.05140E-04
  1287.5      1.10790E-04
  1292.5      1.10680E-04
  1297.5      1.09490E-04
  1302.5      1.09070E-04
  1307.5      1.08290E-04
  1312.5      1.07490E-04
  1317.5      1.06700E-04
  1322.5      1.05920E-04
  1327.5      1.05150E-04
  1332.5      1.04390E-04
  1337.5      1.03630E-04
  1342.5      1.02850E-04
  1347.5      1.02150E-04
  1352.5      1.01410E-04
  1357.5      1.00700E-04
  1362.5      9.99740E-05
  1367.5      9.92800E-05
  1372.5      9.85500E-05
  1377.5      9.78900E-05
  1382.5      9.72060E-05
  1387.5      9.65270E-05
  1392.5      9.58430E-05
  1397.5      9.51920E-05
  1402.5      9.45210E-05
  1407.5      9.38870E-05
  1412.5      9.32390E-05
  1417.5      9.26020E-05
  1422.5      9.19760E-05
  1427.5      9.13500E-05
  1432.5      9.07330E-05
  1437.5      9.01210E-05
  1442.5      8.95180E-05
  1447.5      8.89180E-05
  1452.5      8.83240E-05
  1457.0      8.77950E-05
  1462.0      8.72120E-05
  1467.5      8.65810E-05
  1472.5      8.59900E-05
  1477.5      8.50050E-05
  1482.5      8.48890E-05
  1487.5      8.43440E-05
  1492.5      8.37990E-05
  1497.5      8.32580E-05
  1502.5      8.27190E-05
  1507.5      8.21110E-05
  1512.5      8.16650E-05
  1517.5      8.11440E-05
  1522.5      8.06290E-05
  1527.5      8.01140E-05
  1532.5      7.96040E-05
  1537.5      7.91050E-05
  1542.5      7.85920E-05
  1547.5      7.81130E-05
  1552.5      7.76160E-05
  1557.5      7.70980E-05
  1562.5      7.66710E-05
  1567.5      7.61260E-05
  1572.5      7.56240E-05
  1577.5      7.52720E-05
  1582.5      7.47790E-05
  1587.5      7.40730E-05
  1592.5      7.37960E-05
  1597.5      7.34860E-05
  1605.0      7.26870E-05
  1615.0      7.16060E-05
  1625.0      7.11490E-05
  1635.0      6.99930E-05
  1645.0      6.88150E-05
  1655.0      6.87620E-05
  1665.0      6.79890E-05
  1675.0      6.66030E-05
  1685.0      6.53370E-05
  1695.0      6.56080E-05
  1705.0      6.46450E-05
  1715.0      6.41790E-05
  1725.0      6.33370E-05
  1735.0      6.11050E-05
  1745.0      6.17160E-05
  1755.0      6.13460E-05
  1765.0      6.06680E-05
  1775.0      5.99990E-05
  1785.0      5.93390E-05
  1795.0      5.86970E-05
  1805.0      5.79960E-05
  1815.0      5.57630E-05
  1825.0      5.63340E-05
  1835.0      5.62140E-05
  1845.0      5.56180E-05
  1855.0      5.50110E-05
  1865.0      5.37490E-05
  1875.0      5.18710E-05
  1885.0      5.32570E-05
  1895.0      5.27730E-05
  1905.0      5.20950E-05
  1915.0      5.16950E-05
  1925.0      5.11740E-05
  1935.0      5.04900E-05
  1945.0      4.82600E-05
  1955.0      4.94360E-05
  1965.0      4.91470E-05
  1975.0      4.86600E-05
  1985.0      4.81780E-05
  1995.0      4.77040E-05
  2005.0      4.72390E-05
  2015.0      4.67790E-05
  2025.0      4.63250E-05
  2035.0      4.58790E-05
  2045.0      4.54320E-05
  2055.0      4.49590E-05
  2065.0      4.45760E-05
  2075.0      4.41530E-05
  2085.0      4.37380E-05
  2095.0      4.33280E-05
  2105.0      4.29230E-05
  2115.0      4.24320E-05
  2125.0      4.21320E-05
  2135.0      4.17440E-05
  2145.0      4.13550E-05
  2155.0      4.08690E-05
  2165.0      3.89440E-05
  2175.0      4.00250E-05
  2185.0      3.98680E-05
  2195.0      3.95250E-05
  2205.0      3.91730E-05
  2215.0      3.88250E-05
  2225.0      3.84800E-05
  2235.0      3.81430E-05
  2245.0      3.78080E-05
  2255.0      3.74780E-05
  2265.0      3.71530E-05
  2275.0      3.68310E-05
  2285.0      3.65770E-05
  2295.0      3.62660E-05
  2305.0      3.59460E-05
  2315.0      3.56490E-05
  2325.0      3.53470E-05
  2335.0      3.50490E-05
  2345.0      3.47540E-05
  2355.0      3.44630E-05
  2365.0      3.41760E-05
  2375.0      3.38920E-05
  2385.0      3.36120E-05
  2395.0      3.33350E-05
  2405.0      3.30590E-05
  2415.0      3.27910E-05
  2425.0      3.25140E-05
  2435.0      3.22600E-05
  2445.0      3.20000E-05
  2455.0      3.17430E-05
  2465.0      3.14880E-05
  2475.0      3.11900E-05
  2485.0      3.09890E-05
  2495.0      3.07320E-05
  2505.0      3.05010E-05
  2515.0      3.02610E-05
  2525.0      2.99720E-05
  2535.0      2.97900E-05
  2545.0      2.95590E-05
  2555.0      2.93120E-05
  2565.0      2.90210E-05
  2575.0      2.88640E-05
  2585.0      2.86600E-05
  2595.0      2.84420E-05
  2605.0      2.81360E-05
  2615.0      2.77550E-05
  2625.0      2.65660E-05
  2635.0      2.74130E-05
  2645.0      2.73700E-05
  2655.0      2.71670E-05
  2665.0      2.69140E-05
  2675.0      2.65850E-05
  2685.0      2.65130E-05
  2695.0      2.63890E-05
  2705.0      2.61960E-05
  2715.0      2.60050E-05
  2725.0      2.58160E-05
  2735.0      2.56290E-05
  2745.0      2.54020E-05
  2755.0      2.49870E-05
  2765.0      2.49210E-05
  2775.0      2.48860E-05
  2785.0      2.47240E-05
  2795.0      2.45490E-05
  2805.0      2.43760E-05
  2815.0      2.42050E-05
  2825.0      2.40350E-05
  2835.0      2.38670E-05
  2845.0      2.37000E-05
  2855.0      2.35170E-05
  2865.0      2.32140E-05
  2875.0      2.28020E-05
  2885.0      2.29780E-05
  2895.0      2.28940E-05
  2905.0      2.27380E-05
  2915.0      2.25840E-05
  2925.0      2.24310E-05
  2935.0      2.22790E-05
  2945.0      2.21290E-05
  2955.0      2.19810E-05
  2965.0      2.18340E-05
  2975.0      2.16880E-05
  2985.0      2.15440E-05
  2995.0      2.14010E-05
  3005.0      2.12600E-05
  3015.0      2.11180E-05
  3025.0      2.09280E-05
  3035.0      2.04290E-05
  3045.0      2.04290E-05
  3055.0      2.05400E-05
  3065.0      2.04400E-05
  3075.0      2.03070E-05
  3085.0      2.01770E-05
  3095.0      2.00480E-05
  3105.0      1.99200E-05
  3115.0      1.97930E-05
  3125.0      1.96670E-05
  3135.0      1.95430E-05
  3145.0      1.94190E-05
  3155.0      1.92970E-05
  3165.0      1.91760E-05
  3175.0      1.90560E-05
  3185.0      1.89370E-05
  3195.0      1.88190E-05
  3210.0      1.86440E-05
  3230.0      1.84150E-05
  3250.0      1.81900E-05
  3270.0      1.79620E-05
  3290.0      1.73890E-05
  3310.0      1.74340E-05
  3330.0      1.73410E-05
  3350.0      1.71390E-05
  3370.0      1.69370E-05
  3390.0      1.67390E-05
  3410.0      1.65440E-05
  3430.0      1.63520E-05
  3450.0      1.61630E-05
  3470.0      1.59780E-05
  3490.0      1.57960E-05
  3510.0      1.56170E-05
  3530.0      1.54410E-05
  3550.0      1.52680E-05
  3570.0      1.50980E-05
  3590.0      1.49310E-05
  3610.0      1.47660E-05
  3630.0      1.46040E-05
  3650.0      1.44450E-05
  3670.0      1.42880E-05
  3690.0      1.41340E-05
  3710.0      1.39630E-05
  3730.0      1.36490E-05
  3750.0      1.34410E-05
  3770.0      1.35330E-05
  3790.0      1.33990E-05
  3810.0      1.32580E-05
  3830.0      1.31200E-05
  3850.0      1.29850E-05
  3870.0      1.28510E-05
  3890.0      1.27190E-05
  3910.0      1.25750E-05
  3930.0      1.24620E-05
  3950.0      1.23360E-05
  3970.0      1.22120E-05
  3990.0      1.20900E-05
  4010.0      1.19500E-05
  4030.0      1.18000E-05
  4050.0      1.14330E-05
  4070.0      1.16070E-05
  4090.0      1.15060E-05
  4110.0      1.13940E-05
  4130.0      1.12780E-05
  4150.0      1.11690E-05
  4170.0      1.10090E-05
  4190.0      1.09550E-05
  4210.0      1.08590E-05
  4230.0      1.07560E-05
  4250.0      1.06530E-05
  4270.0      1.05560E-05
  4290.0      1.04480E-05
  4310.0      1.03600E-05
  4330.0      1.02650E-05
  4350.0      1.01670E-05
  4370.0      9.99700E-06
  4390.0      9.95020E-06
  4410.0      9.89510E-06
  4430.0      9.80590E-06
  4450.0      9.71790E-06
  4470.0      9.63560E-06
  4490.0      9.54970E-06
  4510.0      9.46490E-06
  4530.0      9.38140E-06
  4550.0      9.29900E-06
  4570.0      9.21750E-06
  4590.0      9.13720E-06
  4610.0      9.05620E-06
  4630.0      8.96330E-06
  4650.0      8.61360E-06
  4670.0      8.67500E-06
  4690.0      8.70940E-06
  4710.0      8.67610E-06
  4730.0      8.60280E-06
  4750.0      8.53020E-06
  4770.0      8.45860E-06
  4790.0      8.38790E-06
  4810.0      8.31800E-06
  4830.0      8.24910E-06
  4850.0      8.18090E-06
  4870.0      8.11360E-06
  4890.0      8.04710E-06
  4910.0      7.98140E-06
  4930.0      7.91650E-06
  4950.0      7.85240E-06
  4970.0      7.78910E-06
  4990.0      7.72650E-06
  5010.0      7.66460E-06
  5030.0      7.60350E-06
  5050.0      7.54310E-06
  5070.0      7.48350E-06
  5090.0      7.42440E-06
  5110.0      7.33760E-06
  5130.0      7.16170E-06
  5150.0      7.23130E-06
  5170.0      7.19530E-06
  5190.0      7.13970E-06
  5210.0      7.08480E-06
  5230.0      7.03040E-06
  5250.0      6.97660E-06
  5270.0      6.92350E-06
  5290.0      6.87100E-06
  5310.0      6.81900E-06
  5330.0      6.76770E-06
  5350.0      6.71690E-06
  5370.0      6.66660E-06
  5390.0      6.61690E-06
  5410.0      6.56780E-06
  5430.0      6.51930E-06
  5450.0      6.47120E-06
  5470.0      6.42370E-06
  5490.0      6.37670E-06
  5510.0      6.33010E-06
  5530.0      6.28410E-06
  5550.0      6.23870E-06
  5570.0      6.19370E-06
  5590.0      6.14920E-06
  5610.0      6.10510E-06
  5630.0      6.06160E-06
  5650.0      6.01840E-06
  5670.0      5.97570E-06
  5690.0      5.93340E-06
  5710.0      5.88800E-06
  5730.0      5.85030E-06
  5750.0      5.80950E-06
  5770.0      5.76900E-06
  5790.0      5.72890E-06
  5810.0      5.68930E-06
  5830.0      5.65000E-06
  5850.0      5.61280E-06
  5870.0      5.57390E-06
  5890.0      5.50660E-06
  5910.0      5.34540E-06
  5930.0      5.43780E-06
  5950.0      5.40400E-06
  5970.0      5.37740E-06
  5990.0      5.35150E-06
  6010.0      5.31570E-06
  6030.0      5.28020E-06
  6050.0      5.24510E-06
  6070.0      5.21030E-06
  6090.0      5.17590E-06
  6110.0      5.14180E-06
  6130.0      5.10800E-06
  6150.0      5.07460E-06
  6170.0      5.04150E-06
  6190.0      5.00870E-06
  6210.0      4.97620E-06
  6230.0      4.94400E-06
  6250.0      4.91210E-06
  6270.0      4.87450E-06
  6290.0      4.81920E-06
  6310.0      4.80850E-06
  6330.0      4.78770E-06
  6350.0      4.75740E-06
  6370.0      4.72730E-06
  6390.0      4.69750E-06
  6420.0      4.65330E-06
  6460.0      4.59540E-06
  6500.0      4.53850E-06
  6540.0      4.48260E-06
  6580.0      4.42780E-06
  6620.0      4.37400E-06
  6660.0      4.32110E-06
  6700.0      4.26920E-06
  6740.0      4.21190E-06
  6780.0      4.13770E-06
  6820.0      4.11880E-06
  6860.0      4.07050E-06
  6900.0      4.02300E-06
  6940.0      3.97630E-06
  6980.0      3.93040E-06
  7020.0      3.88530E-06
  7060.0      3.84090E-06
  7100.0      3.79730E-06
  7140.0      3.75450E-06
  7180.0      3.71230E-06
  7220.0      3.67090E-06
  7260.0      3.63010E-06
  7300.0      3.59000E-06
  7340.0      3.55050E-06
  7380.0      3.51170E-06
  7420.0      3.46710E-06
  7460.0      3.34740E-06
  7500.0      3.30040E-06
  7540.0      3.34930E-06
  7580.0      3.32690E-06
  7620.0      3.29170E-06
  7660.0      3.25710E-06
  7700.0      3.22290E-06
  7740.0      3.18930E-06
  7780.0      3.15620E-06
  7820.0      3.12370E-06
  7860.0      3.09160E-06
  7900.0      3.06010E-06
  7940.0      3.02890E-06
  7980.0      2.99830E-06
  8020.0      2.96810E-06
  8060.0      2.93840E-06
  8100.0      2.90910E-06
  8140.0      2.87850E-06
  8180.0      2.85180E-06
  8220.0      2.82380E-06
  8260.0      2.79620E-06
  8300.0      2.76900E-06
  8340.0      2.74220E-06
  8380.0      2.71580E-06
  8420.0      2.68970E-06
  8460.0      2.66400E-06
  8500.0      2.63870E-06
  8540.0      2.61370E-06
  8580.0      2.58910E-06
  8620.0      2.56480E-06
  8660.0      2.53360E-06
  8700.0      2.51560E-06
  8740.0      2.46820E-06
  8780.0      2.44560E-06
  8820.0      2.44830E-06
  8860.0      2.42600E-06
  8900.0      2.40400E-06
  8940.0      2.38230E-06
  8980.0      2.36080E-06
  9020.0      2.33960E-06
  9060.0      2.31870E-06
  9100.0      2.29810E-06
  9140.0      2.27780E-06
  9180.0      2.25770E-06
  9220.0      2.23790E-06
  9260.0      2.21830E-06
  9300.0      2.19900E-06
  9340.0      2.17990E-06
  9380.0      2.15000E-06
  9420.0      2.13840E-06
  9460.0      2.12430E-06
  9500.0      2.10620E-06
  9540.0      2.08830E-06
  9580.0      2.07070E-06
  9620.0      2.05320E-06
  9660.0      2.03600E-06
  9700.0      2.01900E-06
  9740.0      2.00220E-06
  9780.0      1.98570E-06
  9820.0      1.96930E-06
  9860.0      1.95310E-06
  9900.0      1.93710E-06
  9940.0      1.92140E-06
  9980.0      1.90580E-06
  10020.      1.89040E-06
  20000.      4.62660E-07
  40000.      1.12030E-07
  60000.      4.88040E-08
  80000.      2.70540E-08
 1.00000E+05  1.71190E-08
 1.20000E+05  1.17790E-08
 1.40000E+05  8.58750E-09
 1.60000E+05  6.53100E-09
