 Castelli and Kurucz 2004-2012 Atmosphere
 T     30000.     G    4.50000 [0.0] VTURB=2  L/H=1.25 NOVER NEW ODF           
 Wavelength  Eddington Hnu
   (nm)    (ergs/s/cm2/Hz/sr)
  9.0900      1.85270E-36
  9.3500      1.36180E-35
  9.6100      8.99980E-35
  9.7700      2.74190E-34
  9.9600      9.84360E-34
  10.200      4.63710E-33
  10.380      1.41940E-32
  10.560      4.19080E-32
  10.770      1.41910E-31
  11.040      6.38510E-31
  11.400      4.27570E-30
  11.780      2.83790E-29
  12.130      1.47210E-28
  12.480      7.01620E-28
  12.710      1.87590E-27
  12.840      3.22450E-27
  13.050      7.57310E-27
  13.240      1.60680E-26
  13.390      2.86980E-26
  13.660      7.92880E-26
  13.980      2.52660E-25
  14.330      8.50760E-25
  14.720      3.09450E-24
  15.100      1.02750E-23
  15.520      3.63860E-23
  15.880      1.02560E-22
  16.200      2.49110E-22
  16.600      7.22440E-22
  17.030      2.15130E-21
  17.340      4.59270E-21
  17.680      1.02400E-20
  18.020      2.22020E-20
  18.170      3.09610E-20
  18.610      7.99340E-20
  19.100      2.19170E-19
  19.390      3.89190E-19
  19.840      9.19360E-19
  20.180      1.71840E-18
  20.500      3.04060E-18
  21.050      7.80920E-18
  21.620      1.97630E-17
  21.980      3.47120E-17
  22.300      5.64240E-17
  22.680      9.98080E-17
  23.000      2.02560E-14
  23.400      4.58090E-14
  24.000      8.85060E-14
  24.650      1.80360E-13
  25.240      3.36120E-13
  25.680      4.94680E-13
  26.000      8.06210E-13
  26.400      1.21060E-12
  26.850      1.89380E-12
  27.350      2.93470E-12
  27.850      4.36410E-12
  28.400      8.50810E-12
  29.000      1.35900E-11
  29.600      2.08660E-11
  30.100      2.94930E-11
  30.800      5.43800E-11
  31.800      1.20890E-10
  32.800      2.12910E-10
  33.800      4.02200E-10
  34.800      7.02400E-10
  35.700      2.17240E-09
  36.600      4.33830E-09
  37.500      6.03820E-09
  38.500      9.63540E-09
  39.500      1.79430E-08
  40.500      2.48600E-08
  41.400      3.57080E-08
  42.200      4.45890E-08
  43.000      5.90620E-08
  44.100      8.21580E-08
  45.100      1.05150E-07
  46.000      1.28990E-07
  47.000      1.71160E-07
  48.000      2.20210E-07
  49.000      2.79590E-07
  50.000      3.53330E-07
  50.600      1.07120E-06
  51.200      7.19730E-06
  52.000      7.22550E-06
  53.000      7.41360E-06
  54.000      7.29380E-06
  55.000      9.86220E-06
  56.000      1.18760E-05
  57.000      1.31210E-05
  58.000      1.25260E-05
  59.000      1.48290E-05
  60.000      1.45480E-05
  61.000      1.72900E-05
  62.000      1.99310E-05
  63.000      2.05500E-05
  64.000      2.00620E-05
  65.000      2.09530E-05
  65.800      2.19580E-05
  66.500      2.49330E-05
  67.500      2.67020E-05
  68.500      2.51060E-05
  69.500      3.31720E-05
  70.500      3.13150E-05
  71.600      3.80880E-05
  72.600      3.87680E-05
  73.500      4.01800E-05
  74.500      4.39560E-05
  75.500      4.57570E-05
  76.500      4.87800E-05
  77.500      5.18830E-05
  78.500      5.57490E-05
  79.500      5.75370E-05
  80.500      5.86960E-05
  81.500      6.01960E-05
  82.500      6.54470E-05
  83.500      5.76480E-05
  84.500      6.75190E-05
  85.500      6.91110E-05
  86.500      7.35910E-05
  87.500      7.75510E-05
  88.500      8.26570E-05
  89.500      8.63220E-05
  90.500      8.66760E-05
  91.500      9.94910E-05
  92.500      4.19480E-04
  93.500      8.17730E-04
  94.500      1.38680E-03
  95.500      1.62340E-03
  96.500      1.98360E-03
  97.500      5.76590E-04
  98.500      1.72900E-03
  99.500      1.61560E-03
  100.50      1.79290E-03
  101.50      1.87490E-03
  102.50      1.18170E-03
  103.50      1.74880E-03
  104.50      2.25140E-03
  105.50      2.14240E-03
  106.50      1.82020E-03
  107.50      2.00410E-03
  108.50      1.84880E-03
  109.50      2.04490E-03
  110.50      1.96000E-03
  111.50      1.95970E-03
  112.50      1.60110E-03
  113.50      1.96070E-03
  114.50      1.85100E-03
  115.50      1.85900E-03
  116.50      1.83910E-03
  117.50      1.17680E-03
  118.50      1.73790E-03
  119.50      1.69970E-03
  120.50      1.52380E-03
  121.50      1.06990E-03
  122.50      1.62830E-03
  123.50      1.80740E-03
  124.50      1.76330E-03
  125.50      1.77830E-03
  126.50      1.84240E-03
  127.50      1.91060E-03
  128.50      1.92610E-03
  129.50      1.68330E-03
  130.50      1.76100E-03
  131.50      1.95000E-03
  132.50      1.87260E-03
  133.50      1.84220E-03
  134.50      1.85380E-03
  135.50      1.85880E-03
  136.50      1.78170E-03
  137.50      1.75340E-03
  138.50      1.71930E-03
  139.50      1.31380E-03
  140.50      1.40630E-03
  141.50      1.63750E-03
  142.50      1.53560E-03
  143.50      1.63540E-03
  144.20      1.66560E-03
  144.70      1.65400E-03
  145.50      1.60250E-03
  146.50      1.54150E-03
  147.50      1.57750E-03
  148.50      1.58300E-03
  149.50      1.55720E-03
  150.50      1.47200E-03
  151.20      1.38710E-03
  151.70      1.42170E-03
  152.50      1.42780E-03
  153.50      1.23310E-03
  154.50      1.15720E-03
  155.50      1.14330E-03
  156.50      1.26770E-03
  157.50      1.35470E-03
  158.50      1.37240E-03
  159.50      1.37650E-03
  160.50      1.35370E-03
  161.50      1.30970E-03
  162.50      1.34080E-03
  163.50      1.39390E-03
  164.50      1.39890E-03
  165.50      1.41750E-03
  166.50      1.42280E-03
  167.20      1.34910E-03
  167.70      1.53140E-03
  168.50      1.46920E-03
  169.50      1.41900E-03
  170.50      1.40390E-03
  171.50      1.35540E-03
  172.50      1.32250E-03
  173.50      1.38070E-03
  174.50      1.37590E-03
  175.50      1.38080E-03
  176.50      1.37560E-03
  177.50      1.32260E-03
  178.50      1.35630E-03
  179.50      1.36580E-03
  180.50      1.38220E-03
  181.50      1.30560E-03
  182.50      1.33150E-03
  183.50      1.32160E-03
  184.50      1.22560E-03
  185.50      1.26490E-03
  186.50      1.29060E-03
  187.50      1.30350E-03
  188.50      1.20460E-03
  189.50      1.15010E-03
  190.50      1.22620E-03
  191.50      1.18700E-03
  192.50      1.12680E-03
  193.50      1.21020E-03
  194.50      1.25090E-03
  195.50      1.13390E-03
  196.70      1.21910E-03
  197.60      1.28260E-03
  198.40      1.20510E-03
  199.50      1.19540E-03
  200.50      1.23050E-03
  201.50      1.23870E-03
  202.50      1.26540E-03
  203.50      1.18760E-03
  204.50      1.19980E-03
  205.50      1.09000E-03
  206.50      1.08410E-03
  207.40      1.13550E-03
  207.80      1.07700E-03
  208.50      1.12110E-03
  209.50      1.11970E-03
  210.50      1.18390E-03
  211.50      1.19510E-03
  212.50      1.20520E-03
  213.50      1.19320E-03
  214.50      1.16060E-03
  215.50      1.19360E-03
  216.50      1.17880E-03
  217.50      1.18280E-03
  218.50      1.16440E-03
  219.50      1.18280E-03
  220.50      1.17920E-03
  221.50      1.16370E-03
  222.50      1.15670E-03
  223.50      1.14370E-03
  224.50      1.15010E-03
  225.50      1.12830E-03
  226.50      1.13950E-03
  227.50      1.13440E-03
  228.50      1.12580E-03
  229.50      1.03190E-03
  230.50      1.10120E-03
  231.50      1.09470E-03
  232.50      1.09290E-03
  233.50      1.08100E-03
  234.50      1.09020E-03
  235.50      1.08220E-03
  236.50      1.07770E-03
  237.50      1.06240E-03
  238.50      1.05040E-03
  239.50      1.04940E-03
  240.50      1.04810E-03
  241.50      1.04140E-03
  242.50      1.04170E-03
  243.50      1.02570E-03
  244.50      1.02700E-03
  245.50      1.02600E-03
  246.50      1.02040E-03
  247.50      1.01170E-03
  248.50      9.98720E-04
  249.50      8.32440E-04
  250.50      9.76460E-04
  251.30      9.43670E-04
  251.80      9.70300E-04
  252.50      9.83950E-04
  253.50      9.82540E-04
  254.50      9.60800E-04
  255.50      9.63660E-04
  256.50      9.60550E-04
  257.50      9.58700E-04
  258.50      9.55390E-04
  259.50      9.50810E-04
  260.50      9.49420E-04
  261.50      9.41240E-04
  262.50      9.39780E-04
  263.50      9.35680E-04
  264.50      9.27020E-04
  265.50      9.24540E-04
  266.50      9.04050E-04
  267.50      9.02610E-04
  268.50      9.09200E-04
  269.50      8.85910E-04
  270.50      8.80510E-04
  271.50      8.81910E-04
  272.50      8.81480E-04
  273.50      8.75600E-04
  274.50      8.73820E-04
  275.50      8.72610E-04
  276.50      8.62720E-04
  277.50      8.70990E-04
  278.50      8.62600E-04
  279.50      8.39240E-04
  280.50      8.48230E-04
  281.50      8.53720E-04
  282.50      8.43860E-04
  283.50      8.26960E-04
  284.50      8.39900E-04
  285.50      8.31010E-04
  286.50      8.29240E-04
  287.50      8.25370E-04
  288.50      8.21300E-04
  289.50      8.16240E-04
  291.00      8.06020E-04
  293.00      8.04830E-04
  295.00      7.89760E-04
  297.00      7.87540E-04
  299.00      7.77420E-04
  301.00      7.62320E-04
  303.00      7.61240E-04
  305.00      7.58090E-04
  307.00      7.54890E-04
  309.00      7.35460E-04
  311.00      7.39630E-04
  313.00      7.29170E-04
  315.00      7.24690E-04
  317.00      7.15960E-04
  319.00      7.08210E-04
  321.00      7.05080E-04
  323.00      6.96850E-04
  325.00      6.94050E-04
  327.00      6.85460E-04
  329.00      6.79870E-04
  331.00      6.74650E-04
  333.00      6.66620E-04
  335.00      6.61310E-04
  337.00      6.55310E-04
  339.00      6.52620E-04
  341.00      6.46970E-04
  343.00      6.40400E-04
  345.00      6.32440E-04
  347.00      6.27850E-04
  349.00      6.22100E-04
  351.00      6.18010E-04
  353.00      6.15340E-04
  355.00      6.09590E-04
  357.00      6.06990E-04
  359.00      5.96180E-04
  361.00      5.93440E-04
  363.00      5.88160E-04
  364.00      5.89890E-04
  365.00      5.78490E-04
  367.00      5.77210E-04
  369.00      5.72570E-04
  371.00      5.57200E-04
  373.00      5.44520E-04
  375.00      5.50630E-04
  377.00      5.43420E-04
  379.00      5.68490E-04
  381.00      5.91320E-04
  383.00      5.30860E-04
  385.00      6.09070E-04
  387.00      6.08390E-04
  389.00      5.15250E-04
  391.00      6.17690E-04
  393.00      6.08100E-04
  395.00      6.01570E-04
  397.00      4.96690E-04
  399.00      5.94110E-04
  401.00      5.96290E-04
  403.00      5.71420E-04
  405.00      5.89710E-04
  407.00      5.68940E-04
  409.00      5.35470E-04
  411.00      4.87550E-04
  413.00      5.58530E-04
  415.00      5.59650E-04
  417.00      5.62160E-04
  419.00      5.58470E-04
  421.00      5.57010E-04
  423.00      5.51550E-04
  425.00      5.41350E-04
  427.00      5.32610E-04
  429.00      5.29680E-04
  431.00      5.18820E-04
  433.00      4.83280E-04
  435.00      4.50270E-04
  437.00      5.07460E-04
  439.00      5.04080E-04
  441.00      5.07210E-04
  443.00      5.07880E-04
  445.00      5.03050E-04
  447.00      4.83330E-04
  449.00      4.96110E-04
  451.00      4.94440E-04
  453.00      4.91640E-04
  455.00      4.87260E-04
  457.00      4.84110E-04
  459.00      4.79470E-04
  461.00      4.73300E-04
  463.00      4.69080E-04
  465.00      4.55140E-04
  467.00      4.63190E-04
  469.00      4.60940E-04
  471.00      4.49970E-04
  473.00      4.56090E-04
  475.00      4.52070E-04
  477.00      4.53240E-04
  479.00      4.49380E-04
  481.00      4.44050E-04
  483.00      4.37870E-04
  485.00      4.12820E-04
  487.00      3.75680E-04
  489.00      4.29000E-04
  491.00      4.28320E-04
  493.00      4.17240E-04
  495.00      4.21700E-04
  497.00      4.22170E-04
  499.00      4.18820E-04
  501.00      4.06670E-04
  503.00      4.12180E-04
  505.00      4.07380E-04
  507.00      4.07770E-04
  509.00      4.04280E-04
  511.00      4.01130E-04
  513.00      3.96940E-04
  515.00      3.94710E-04
  517.00      3.93080E-04
  519.00      3.91120E-04
  521.00      3.88450E-04
  523.00      3.85870E-04
  525.00      3.83180E-04
  527.00      3.80180E-04
  529.00      3.78350E-04
  531.00      3.75750E-04
  533.00      3.73500E-04
  535.00      3.70860E-04
  537.00      3.68720E-04
  539.00      3.66000E-04
  541.00      3.63400E-04
  543.00      3.61660E-04
  545.00      3.59160E-04
  547.00      3.56870E-04
  549.00      3.54590E-04
  551.00      3.52720E-04
  553.00      3.50040E-04
  555.00      3.48350E-04
  557.00      3.46040E-04
  559.00      3.43870E-04
  561.00      3.41820E-04
  563.00      3.39820E-04
  565.00      3.37140E-04
  567.00      3.34000E-04
  569.00      3.30190E-04
  571.00      3.29840E-04
  573.00      3.28230E-04
  575.00      3.25330E-04
  577.00      3.24670E-04
  579.00      3.22620E-04
  581.00      3.20770E-04
  583.00      3.18200E-04
  585.00      3.16830E-04
  587.00      3.06280E-04
  589.00      3.11000E-04
  591.00      3.10740E-04
  593.00      3.08750E-04
  595.00      3.06920E-04
  597.00      3.06360E-04
  599.00      3.03610E-04
  601.00      3.02490E-04
  603.00      3.00290E-04
  605.00      2.98830E-04
  607.00      2.97420E-04
  609.00      2.95760E-04
  611.00      2.94000E-04
  613.00      2.92450E-04
  615.00      2.89850E-04
  617.00      2.88520E-04
  619.00      2.87260E-04
  621.00      2.85830E-04
  623.00      2.84280E-04
  625.00      2.82290E-04
  627.00      2.80860E-04
  629.00      2.79440E-04
  631.00      2.77720E-04
  633.00      2.76370E-04
  635.00      2.74520E-04
  637.00      2.73330E-04
  639.00      2.71710E-04
  641.00      2.70230E-04
  643.00      2.68830E-04
  645.00      2.67290E-04
  647.00      2.65080E-04
  649.00      2.63860E-04
  651.00      2.62540E-04
  653.00      2.60040E-04
  655.00      2.51320E-04
  657.00      2.25590E-04
  659.00      2.53690E-04
  661.00      2.55140E-04
  663.00      2.54390E-04
  665.00      2.52950E-04
  667.00      2.49290E-04
  669.00      2.48070E-04
  671.00      2.49080E-04
  673.00      2.47260E-04
  675.00      2.46560E-04
  677.00      2.45330E-04
  679.00      2.42760E-04
  681.00      2.42530E-04
  683.00      2.41230E-04
  685.00      2.40170E-04
  687.00      2.38900E-04
  689.00      2.37360E-04
  691.00      2.35890E-04
  693.00      2.35270E-04
  695.00      2.34070E-04
  697.00      2.32890E-04
  699.00      2.31670E-04
  701.00      2.30460E-04
  703.00      2.29180E-04
  705.00      2.28090E-04
  707.00      2.23550E-04
  709.00      2.25830E-04
  711.00      2.24020E-04
  713.00      2.22990E-04
  715.00      2.22450E-04
  717.00      2.21310E-04
  719.00      2.20250E-04
  721.00      2.19150E-04
  723.00      2.15750E-04
  725.00      2.16600E-04
  727.00      2.15900E-04
  729.00      2.13200E-04
  731.00      2.13730E-04
  733.00      2.12660E-04
  735.00      2.11670E-04
  737.00      2.10660E-04
  739.00      2.09630E-04
  741.00      2.08620E-04
  743.00      2.07590E-04
  745.00      2.06590E-04
  747.00      2.04910E-04
  749.00      2.04460E-04
  751.00      2.03540E-04
  753.00      2.02520E-04
  755.00      2.01700E-04
  757.00      2.00730E-04
  759.00      1.99740E-04
  761.00      1.98560E-04
  763.00      1.97840E-04
  765.00      1.96910E-04
  767.00      1.96010E-04
  769.00      1.95050E-04
  771.00      1.94110E-04
  773.00      1.93130E-04
  775.00      1.92370E-04
  777.00      1.91290E-04
  779.00      1.90590E-04
  781.00      1.89620E-04
  783.00      1.88830E-04
  785.00      1.88070E-04
  787.00      1.86940E-04
  789.00      1.85880E-04
  791.00      1.85330E-04
  793.00      1.84440E-04
  795.00      1.83680E-04
  797.00      1.82760E-04
  799.00      1.82000E-04
  801.00      1.81080E-04
  803.00      1.80190E-04
  805.00      1.79450E-04
  807.00      1.78670E-04
  809.00      1.77620E-04
  811.00      1.76150E-04
  813.00      1.76320E-04
  815.00      1.75380E-04
  817.00      1.74810E-04
  819.00      1.73320E-04
  821.00      1.72350E-04
  823.00      1.71480E-04
  825.00      1.71360E-04
  827.00      1.69310E-04
  829.00      1.69720E-04
  831.00      1.69130E-04
  833.00      1.68330E-04
  835.00      1.66900E-04
  837.00      1.66580E-04
  839.00      1.66190E-04
  841.00      1.65380E-04
  843.00      1.64680E-04
  845.00      1.62920E-04
  847.00      1.63220E-04
  849.00      1.62170E-04
  851.00      1.61370E-04
  853.00      1.60740E-04
  855.00      1.59380E-04
  857.00      1.60350E-04
  859.00      1.56420E-04
  861.00      1.56880E-04
  863.00      1.59150E-04
  865.00      1.56010E-04
  867.00      1.50940E-04
  869.00      1.57030E-04
  871.00      1.57830E-04
  873.00      1.54300E-04
  875.00      1.44640E-04
  877.00      1.51360E-04
  879.00      1.55750E-04
  881.00      1.55810E-04
  883.00      1.54200E-04
  885.00      1.46410E-04
  887.00      1.38660E-04
  889.00      1.50850E-04
  891.00      1.52700E-04
  893.00      1.52440E-04
  895.00      1.52150E-04
  897.00      1.51130E-04
  899.00      1.47400E-04
  901.00      1.33970E-04
  903.00      1.39670E-04
  905.00      1.47470E-04
  907.00      1.46950E-04
  909.00      1.47580E-04
  911.00      1.47730E-04
  913.00      1.47240E-04
  915.00      1.46480E-04
  917.00      1.45280E-04
  919.00      1.44180E-04
  921.00      1.38400E-04
  923.00      1.24450E-04
  925.00      1.37160E-04
  927.00      1.41500E-04
  929.00      1.42000E-04
  931.00      1.41210E-04
  933.00      1.41020E-04
  935.00      1.40670E-04
  937.00      1.40260E-04
  939.00      1.39740E-04
  941.00      1.39120E-04
  943.00      1.38590E-04
  945.00      1.37980E-04
  947.00      1.36550E-04
  949.00      1.36410E-04
  951.00      1.34020E-04
  953.00      1.28580E-04
  955.00      1.16310E-04
  957.00      1.30140E-04
  959.00      1.33220E-04
  961.00      1.32980E-04
  963.00      1.32310E-04
  965.00      1.32850E-04
  967.00      1.32330E-04
  969.00      1.31710E-04
  971.00      1.30430E-04
  973.00      1.30740E-04
  975.00      1.30290E-04
  977.00      1.29820E-04
  979.00      1.29300E-04
  981.00      1.28700E-04
  983.00      1.28330E-04
  985.00      1.27790E-04
  987.00      1.27260E-04
  989.00      1.26630E-04
  991.00      1.25680E-04
  993.00      1.25900E-04
  995.00      1.25400E-04
  997.00      1.24770E-04
  999.00      1.24070E-04
  1002.5      1.18230E-04
  1007.5      1.15480E-04
  1012.5      1.20630E-04
  1017.5      1.20310E-04
  1022.5      1.19150E-04
  1027.5      1.18120E-04
  1032.5      1.16600E-04
  1037.5      1.16000E-04
  1042.5      1.14960E-04
  1047.5      1.13930E-04
  1052.5      1.12890E-04
  1057.5      1.11910E-04
  1062.5      1.10920E-04
  1067.5      1.09750E-04
  1072.5      1.08980E-04
  1077.5      1.08030E-04
  1082.5      1.06010E-04
  1087.5      1.05700E-04
  1092.5      9.68350E-05
  1097.5      1.01790E-04
  1102.5      1.02720E-04
  1107.5      1.02480E-04
  1112.5      1.01700E-04
  1117.5      1.00860E-04
  1122.5      9.99650E-05
  1127.5      9.91510E-05
  1132.5      9.82400E-05
  1137.5      9.75090E-05
  1142.5      9.66720E-05
  1147.5      9.59240E-05
  1152.5      9.51520E-05
  1157.5      9.43240E-05
  1162.5      9.35750E-05
  1167.5      9.27550E-05
  1172.5      9.21060E-05
  1177.5      9.13560E-05
  1182.5      9.06240E-05
  1187.5      8.99140E-05
  1192.5      8.92010E-05
  1197.5      8.75550E-05
  1202.5      8.77970E-05
  1207.5      8.71140E-05
  1212.5      8.64260E-05
  1217.5      8.57580E-05
  1222.5      8.50930E-05
  1227.5      8.44410E-05
  1232.5      8.37840E-05
  1237.5      8.31410E-05
  1242.5      8.25170E-05
  1247.5      8.18530E-05
  1252.5      8.10620E-05
  1257.5      8.06180E-05
  1262.5      8.00170E-05
  1267.5      7.94500E-05
  1272.5      7.87830E-05
  1277.5      7.67730E-05
  1282.5      7.14230E-05
  1287.5      7.65030E-05
  1292.5      7.65020E-05
  1297.5      7.54300E-05
  1302.5      7.53890E-05
  1307.5      7.48880E-05
  1312.5      7.43470E-05
  1317.5      7.38080E-05
  1322.5      7.32780E-05
  1327.5      7.27530E-05
  1332.5      7.22140E-05
  1337.5      7.16780E-05
  1342.5      7.11310E-05
  1347.5      7.06970E-05
  1352.5      7.01660E-05
  1357.5      6.97050E-05
  1362.5      6.91570E-05
  1367.5      6.87360E-05
  1372.5      6.82150E-05
  1377.5      6.77950E-05
  1382.5      6.73280E-05
  1387.5      6.68590E-05
  1392.5      6.63540E-05
  1397.5      6.59370E-05
  1402.5      6.54710E-05
  1407.5      6.50600E-05
  1412.5      6.46100E-05
  1417.5      6.41810E-05
  1422.5      6.37540E-05
  1427.5      6.33210E-05
  1432.5      6.29010E-05
  1437.5      6.24790E-05
  1442.5      6.20730E-05
  1447.5      6.16630E-05
  1452.5      6.12500E-05
  1457.0      6.08930E-05
  1462.0      6.04780E-05
  1467.5      6.00500E-05
  1472.5      5.96630E-05
  1477.5      5.92700E-05
  1482.5      5.89010E-05
  1487.5      5.85250E-05
  1492.5      5.81530E-05
  1497.5      5.77830E-05
  1502.5      5.74070E-05
  1507.5      5.69480E-05
  1512.5      5.66970E-05
  1517.5      5.63390E-05
  1522.5      5.59850E-05
  1527.5      5.56260E-05
  1532.5      5.52750E-05
  1537.5      5.49370E-05
  1542.5      5.45520E-05
  1547.5      5.42500E-05
  1552.5      5.38950E-05
  1557.5      5.34700E-05
  1562.5      5.33130E-05
  1567.5      5.28120E-05
  1572.5      5.23920E-05
  1577.5      5.23840E-05
  1582.5      5.20220E-05
  1587.5      5.10870E-05
  1592.5      5.12420E-05
  1597.5      5.12140E-05
  1605.0      5.05380E-05
  1615.0      4.94950E-05
  1625.0      4.96660E-05
  1635.0      4.86500E-05
  1645.0      4.74720E-05
  1655.0      4.80420E-05
  1665.0      4.75200E-05
  1675.0      4.63180E-05
  1685.0      4.50600E-05
  1695.0      4.58650E-05
  1705.0      4.51150E-05
  1715.0      4.48820E-05
  1725.0      4.42930E-05
  1735.0      4.20300E-05
  1745.0      4.31230E-05
  1755.0      4.29240E-05
  1765.0      4.24540E-05
  1775.0      4.19890E-05
  1785.0      4.15050E-05
  1795.0      4.10880E-05
  1805.0      4.05860E-05
  1815.0      3.84930E-05
  1825.0      3.93440E-05
  1835.0      3.93600E-05
  1845.0      3.89480E-05
  1855.0      3.84940E-05
  1865.0      3.77830E-05
  1875.0      3.60290E-05
  1885.0      3.72960E-05
  1895.0      3.69610E-05
  1905.0      3.64530E-05
  1915.0      3.62250E-05
  1925.0      3.58680E-05
  1935.0      3.53720E-05
  1945.0      3.33450E-05
  1955.0      3.46230E-05
  1965.0      3.44600E-05
  1975.0      3.41210E-05
  1985.0      3.37870E-05
  1995.0      3.34570E-05
  2005.0      3.31320E-05
  2015.0      3.28130E-05
  2025.0      3.24980E-05
  2035.0      3.21870E-05
  2045.0      3.18700E-05
  2055.0      3.15140E-05
  2065.0      3.12800E-05
  2075.0      3.09840E-05
  2085.0      3.06970E-05
  2095.0      3.04080E-05
  2105.0      3.01240E-05
  2115.0      2.97310E-05
  2125.0      2.95780E-05
  2135.0      2.93070E-05
  2145.0      2.90310E-05
  2155.0      2.86800E-05
  2165.0      2.70050E-05
  2175.0      2.80780E-05
  2185.0      2.79910E-05
  2195.0      2.77600E-05
  2205.0      2.75140E-05
  2215.0      2.72720E-05
  2225.0      2.70250E-05
  2235.0      2.67960E-05
  2245.0      2.65620E-05
  2255.0      2.63320E-05
  2265.0      2.61050E-05
  2275.0      2.58800E-05
  2285.0      2.56560E-05
  2295.0      2.54380E-05
  2305.0      2.52180E-05
  2315.0      2.50100E-05
  2325.0      2.48010E-05
  2335.0      2.45930E-05
  2345.0      2.43890E-05
  2355.0      2.41860E-05
  2365.0      2.39860E-05
  2375.0      2.37890E-05
  2385.0      2.35950E-05
  2395.0      2.34010E-05
  2405.0      2.32110E-05
  2415.0      2.30230E-05
  2425.0      2.28370E-05
  2435.0      2.26530E-05
  2445.0      2.24690E-05
  2455.0      2.22930E-05
  2465.0      2.21100E-05
  2475.0      2.18990E-05
  2485.0      2.17680E-05
  2495.0      2.15730E-05
  2505.0      2.14290E-05
  2515.0      2.12620E-05
  2525.0      2.10500E-05
  2535.0      2.09280E-05
  2545.0      2.07840E-05
  2555.0      2.06000E-05
  2565.0      2.03640E-05
  2575.0      2.02940E-05
  2585.0      2.01620E-05
  2595.0      2.00030E-05
  2605.0      1.97800E-05
  2615.0      1.94180E-05
  2625.0      1.85340E-05
  2635.0      1.92970E-05
  2645.0      1.92790E-05
  2655.0      1.91320E-05
  2665.0      1.89300E-05
  2675.0      1.85420E-05
  2685.0      1.86440E-05
  2695.0      1.86070E-05
  2705.0      1.84750E-05
  2715.0      1.83410E-05
  2725.0      1.82080E-05
  2735.0      1.80770E-05
  2745.0      1.78950E-05
  2755.0      1.74030E-05
  2765.0      1.74800E-05
  2775.0      1.75440E-05
  2785.0      1.74420E-05
  2795.0      1.73190E-05
  2805.0      1.71950E-05
  2815.0      1.70770E-05
  2825.0      1.69570E-05
  2835.0      1.68390E-05
  2845.0      1.67230E-05
  2855.0      1.65820E-05
  2865.0      1.63170E-05
  2875.0      1.58380E-05
  2885.0      1.61930E-05
  2895.0      1.61550E-05
  2905.0      1.60470E-05
  2915.0      1.59380E-05
  2925.0      1.58310E-05
  2935.0      1.57240E-05
  2945.0      1.56180E-05
  2955.0      1.55140E-05
  2965.0      1.54110E-05
  2975.0      1.53090E-05
  2985.0      1.52070E-05
  2995.0      1.51070E-05
  3005.0      1.50080E-05
  3015.0      1.49040E-05
  3025.0      1.47670E-05
  3035.0      1.42460E-05
  3045.0      1.43170E-05
  3055.0      1.44940E-05
  3065.0      1.44290E-05
  3075.0      1.43310E-05
  3085.0      1.42430E-05
  3095.0      1.41560E-05
  3105.0      1.40660E-05
  3115.0      1.39760E-05
  3125.0      1.38860E-05
  3135.0      1.38010E-05
  3145.0      1.37130E-05
  3155.0      1.36280E-05
  3165.0      1.35430E-05
  3175.0      1.34590E-05
  3185.0      1.33750E-05
  3195.0      1.32920E-05
  3210.0      1.31690E-05
  3230.0      1.30080E-05
  3250.0      1.28500E-05
  3270.0      1.26890E-05
  3290.0      1.21830E-05
  3310.0      1.22930E-05
  3330.0      1.22300E-05
  3350.0      1.20920E-05
  3370.0      1.19510E-05
  3390.0      1.18120E-05
  3410.0      1.16760E-05
  3430.0      1.15410E-05
  3450.0      1.14090E-05
  3470.0      1.12790E-05
  3490.0      1.11510E-05
  3510.0      1.10320E-05
  3530.0      1.09190E-05
  3550.0      1.08010E-05
  3570.0      1.06810E-05
  3590.0      1.05630E-05
  3610.0      1.04390E-05
  3630.0      1.03330E-05
  3650.0      1.02080E-05
  3670.0      1.01100E-05
  3690.0      9.97890E-06
  3710.0      9.85940E-06
  3730.0      9.62260E-06
  3750.0      9.46510E-06
  3770.0      9.56730E-06
  3790.0      9.48360E-06
  3810.0      9.36330E-06
  3830.0      9.26960E-06
  3850.0      9.19180E-06
  3870.0      9.09750E-06
  3890.0      8.99390E-06
  3910.0      8.87300E-06
  3930.0      8.81960E-06
  3950.0      8.73420E-06
  3970.0      8.64680E-06
  3990.0      8.56060E-06
  4010.0      8.43860E-06
  4030.0      8.32560E-06
  4050.0      8.07320E-06
  4070.0      8.21660E-06
  4090.0      8.14870E-06
  4110.0      8.06980E-06
  4130.0      7.98560E-06
  4150.0      7.90390E-06
  4170.0      7.74730E-06
  4190.0      7.75040E-06
  4210.0      7.69210E-06
  4230.0      7.61980E-06
  4250.0      7.54520E-06
  4270.0      7.47810E-06
  4290.0      7.39780E-06
  4310.0      7.34020E-06
  4330.0      7.27270E-06
  4350.0      7.20080E-06
  4370.0      7.03190E-06
  4390.0      7.03060E-06
  4410.0      7.01160E-06
  4430.0      6.94870E-06
  4450.0      6.88650E-06
  4470.0      6.83120E-06
  4490.0      6.77060E-06
  4510.0      6.71080E-06
  4530.0      6.65170E-06
  4550.0      6.59340E-06
  4570.0      6.53590E-06
  4590.0      6.47910E-06
  4610.0      6.42050E-06
  4630.0      6.34950E-06
  4650.0      6.08370E-06
  4670.0      6.09720E-06
  4690.0      6.16530E-06
  4710.0      6.14970E-06
  4730.0      6.10160E-06
  4750.0      6.05030E-06
  4770.0      5.99970E-06
  4790.0      5.94980E-06
  4810.0      5.90050E-06
  4830.0      5.85170E-06
  4850.0      5.80360E-06
  4870.0      5.75600E-06
  4890.0      5.70900E-06
  4910.0      5.66260E-06
  4930.0      5.61680E-06
  4950.0      5.57150E-06
  4970.0      5.52670E-06
  4990.0      5.48250E-06
  5010.0      5.43880E-06
  5030.0      5.39560E-06
  5050.0      5.35290E-06
  5070.0      5.31070E-06
  5090.0      5.26700E-06
  5110.0      5.20070E-06
  5130.0      5.03820E-06
  5150.0      5.12650E-06
  5170.0      5.10620E-06
  5190.0      5.06780E-06
  5210.0      5.02900E-06
  5230.0      4.99060E-06
  5250.0      4.95250E-06
  5270.0      4.91490E-06
  5290.0      4.87790E-06
  5310.0      4.84120E-06
  5330.0      4.80480E-06
  5350.0      4.76890E-06
  5370.0      4.73330E-06
  5390.0      4.69820E-06
  5410.0      4.66360E-06
  5430.0      4.62920E-06
  5450.0      4.59530E-06
  5470.0      4.56170E-06
  5490.0      4.52840E-06
  5510.0      4.49380E-06
  5530.0      4.45530E-06
  5550.0      4.43080E-06
  5570.0      4.39900E-06
  5590.0      4.36760E-06
  5610.0      4.33640E-06
  5630.0      4.30560E-06
  5650.0      4.27510E-06
  5670.0      4.24490E-06
  5690.0      4.21340E-06
  5710.0      4.16960E-06
  5730.0      4.15270E-06
  5750.0      4.12740E-06
  5770.0      4.09880E-06
  5790.0      4.07040E-06
  5810.0      4.04240E-06
  5830.0      4.01460E-06
  5850.0      3.98920E-06
  5870.0      3.95960E-06
  5890.0      3.91030E-06
  5910.0      3.77580E-06
  5930.0      3.86170E-06
  5950.0      3.82850E-06
  5970.0      3.81330E-06
  5990.0      3.80290E-06
  6010.0      3.77910E-06
  6030.0      3.75400E-06
  6050.0      3.72910E-06
  6070.0      3.70450E-06
  6090.0      3.68010E-06
  6110.0      3.65600E-06
  6130.0      3.63210E-06
  6150.0      3.60850E-06
  6170.0      3.58500E-06
  6190.0      3.56180E-06
  6210.0      3.53880E-06
  6230.0      3.51610E-06
  6250.0      3.49350E-06
  6270.0      3.46070E-06
  6290.0      3.40630E-06
  6310.0      3.41260E-06
  6330.0      3.40520E-06
  6350.0      3.38390E-06
  6370.0      3.36270E-06
  6390.0      3.34160E-06
  6420.0      3.31030E-06
  6460.0      3.26930E-06
  6500.0      3.22900E-06
  6540.0      3.18940E-06
  6580.0      3.15060E-06
  6620.0      3.11250E-06
  6660.0      3.07500E-06
  6700.0      3.03820E-06
  6740.0      2.99530E-06
  6780.0      2.93100E-06
  6820.0      2.93060E-06
  6860.0      2.89750E-06
  6900.0      2.86390E-06
  6940.0      2.83080E-06
  6980.0      2.79830E-06
  7020.0      2.76630E-06
  7060.0      2.73490E-06
  7100.0      2.70400E-06
  7140.0      2.67360E-06
  7180.0      2.64370E-06
  7220.0      2.61430E-06
  7260.0      2.58540E-06
  7300.0      2.55700E-06
  7340.0      2.52900E-06
  7380.0      2.50150E-06
  7420.0      2.46880E-06
  7460.0      2.38740E-06
  7500.0      2.34500E-06
  7540.0      2.38510E-06
  7580.0      2.37050E-06
  7620.0      2.34550E-06
  7660.0      2.32100E-06
  7700.0      2.29680E-06
  7740.0      2.27290E-06
  7780.0      2.24690E-06
  7820.0      2.22640E-06
  7860.0      2.20360E-06
  7900.0      2.18130E-06
  7940.0      2.15920E-06
  7980.0      2.13750E-06
  8020.0      2.11600E-06
  8060.0      2.09500E-06
  8100.0      2.07420E-06
  8140.0      2.04910E-06
  8180.0      2.03150E-06
  8220.0      2.01360E-06
  8260.0      1.99400E-06
  8300.0      1.97470E-06
  8340.0      1.95570E-06
  8380.0      1.93690E-06
  8420.0      1.91850E-06
  8460.0      1.90020E-06
  8500.0      1.88230E-06
  8540.0      1.86450E-06
  8580.0      1.84710E-06
  8620.0      1.82950E-06
  8660.0      1.80290E-06
  8700.0      1.79370E-06
  8740.0      1.75790E-06
  8780.0      1.74190E-06
  8820.0      1.74710E-06
  8860.0      1.73130E-06
  8900.0      1.71560E-06
  8940.0      1.70020E-06
  8980.0      1.68500E-06
  9020.0      1.66990E-06
  9060.0      1.65510E-06
  9100.0      1.64050E-06
  9140.0      1.62600E-06
  9180.0      1.61180E-06
  9220.0      1.59770E-06
  9260.0      1.58380E-06
  9300.0      1.57010E-06
  9340.0      1.55600E-06
  9380.0      1.52970E-06
  9420.0      1.52490E-06
  9460.0      1.51700E-06
  9500.0      1.50420E-06
  9540.0      1.49150E-06
  9580.0      1.47890E-06
  9620.0      1.46660E-06
  9660.0      1.45430E-06
  9700.0      1.44230E-06
  9740.0      1.43030E-06
  9780.0      1.41860E-06
  9820.0      1.40690E-06
  9860.0      1.39540E-06
  9900.0      1.38410E-06
  9940.0      1.37290E-06
  9980.0      1.36180E-06
  10020.      1.35080E-06
  20000.      3.33370E-07
  40000.      8.14240E-08
  60000.      3.56290E-08
  80000.      1.98060E-08
 1.00000E+05  1.25550E-08
 1.20000E+05  8.64890E-09
 1.40000E+05  6.31130E-09
 1.60000E+05  4.80380E-09
