 Castelli and Kurucz 2004-2012 Atmosphere
 T     35000.     G    5.00000 [0.0] VTURB=2  L/H=1.25 NOVER NEW ODF           
 Wavelength  Eddington Hnu
   (nm)    (ergs/s/cm2/Hz/sr)
  9.0900      3.14010E-29
  9.3500      1.50620E-28
  9.6100      6.68720E-28
  9.7700      1.61880E-27
  9.9600      4.46790E-27
  10.200      1.53460E-26
  10.380      3.74800E-26
  10.560      8.90380E-26
  10.770      2.36400E-25
  11.040      7.89180E-25
  11.400      3.62920E-24
  11.780      1.65760E-23
  12.130      6.20750E-23
  12.480      2.16770E-22
  12.710      4.75840E-22
  12.840      7.33310E-22
  13.050      1.44870E-21
  13.240      2.63680E-21
  13.390      4.18150E-21
  13.660      9.36430E-21
  13.980      2.34370E-20
  14.330      6.10730E-20
  14.720      1.68330E-19
  15.100      4.31550E-19
  15.520      1.15760E-18
  15.880      2.59180E-18
  16.200      5.14840E-18
  16.600      1.17350E-17
  17.030      2.71950E-17
  17.340      4.87550E-17
  17.680      9.05040E-17
  18.020      1.63720E-16
  18.170      2.12050E-16
  18.610      4.37880E-16
  19.100      9.46320E-16
  19.390      1.46570E-15
  19.840      2.82810E-15
  20.180      4.55130E-15
  20.500      7.02520E-15
  21.050      1.44050E-14
  21.620      2.90730E-14
  21.980      4.48560E-14
  22.300      6.49610E-14
  22.680      9.98570E-14
  23.000      4.05330E-11
  23.400      1.02930E-10
  24.000      1.60840E-10
  24.650      2.63360E-10
  25.240      4.24120E-10
  25.680      5.71980E-10
  26.000      9.40750E-10
  26.400      1.57110E-09
  26.850      2.32470E-09
  27.350      3.12110E-09
  27.850      3.79550E-09
  28.400      7.25200E-09
  29.000      1.02620E-08
  29.600      1.32310E-08
  30.100      2.25630E-08
  30.800      4.64270E-08
  31.800      1.00730E-07
  32.800      1.41830E-07
  33.800      2.50170E-07
  34.800      3.80150E-07
  35.700      7.08610E-07
  36.600      1.32820E-06
  37.500      1.55290E-06
  38.500      2.08880E-06
  39.500      3.26440E-06
  40.500      3.99300E-06
  41.400      4.87040E-06
  42.200      5.47210E-06
  43.000      6.16890E-06
  44.100      7.67300E-06
  45.100      8.77450E-06
  46.000      9.37040E-06
  47.000      1.10730E-05
  48.000      1.31160E-05
  49.000      1.43190E-05
  50.000      1.73010E-05
  50.600      2.76860E-05
  51.200      1.52700E-04
  52.000      1.46790E-04
  53.000      1.38900E-04
  54.000      1.29410E-04
  55.000      1.53090E-04
  56.000      1.93070E-04
  57.000      2.07090E-04
  58.000      1.97990E-04
  59.000      2.13720E-04
  60.000      1.86350E-04
  61.000      2.19620E-04
  62.000      2.60680E-04
  63.000      2.59730E-04
  64.000      2.67320E-04
  65.000      2.74490E-04
  65.800      2.45700E-04
  66.500      2.80440E-04
  67.500      3.08160E-04
  68.500      2.61690E-04
  69.500      3.30320E-04
  70.500      2.89890E-04
  71.600      3.63430E-04
  72.600      3.64330E-04
  73.500      3.73880E-04
  74.500      3.69520E-04
  75.500      3.76080E-04
  76.500      3.86330E-04
  77.500      4.01820E-04
  78.500      4.19440E-04
  79.500      4.28080E-04
  80.500      4.23610E-04
  81.500      4.31860E-04
  82.500      4.56300E-04
  83.500      4.01560E-04
  84.500      4.57900E-04
  85.500      4.62350E-04
  86.500      4.83110E-04
  87.500      4.93190E-04
  88.500      5.06270E-04
  89.500      5.17620E-04
  90.500      5.13060E-04
  91.500      4.97440E-04
  92.500      1.10800E-03
  93.500      1.76120E-03
  94.500      2.60580E-03
  95.500      2.98820E-03
  96.500      3.67500E-03
  97.500      1.72400E-03
  98.500      3.32490E-03
  99.500      2.99130E-03
  100.50      3.18570E-03
  101.50      3.32620E-03
  102.50      2.35450E-03
  103.50      3.32110E-03
  104.50      3.82600E-03
  105.50      3.72490E-03
  106.50      3.31480E-03
  107.50      3.47630E-03
  108.50      3.19620E-03
  109.50      3.49800E-03
  110.50      3.38420E-03
  111.50      3.39340E-03
  112.50      2.93650E-03
  113.50      3.34660E-03
  114.50      3.24530E-03
  115.50      3.15190E-03
  116.50      3.08020E-03
  117.50      2.24800E-03
  118.50      2.91500E-03
  119.50      2.87040E-03
  120.50      2.76930E-03
  121.50      2.00230E-03
  122.50      2.72610E-03
  123.50      2.95750E-03
  124.50      2.91020E-03
  125.50      2.93090E-03
  126.50      3.02360E-03
  127.50      3.10680E-03
  128.50      3.13350E-03
  129.50      2.96580E-03
  130.50      2.99620E-03
  131.50      3.15020E-03
  132.50      3.06960E-03
  133.50      3.02720E-03
  134.50      3.04280E-03
  135.50      3.01280E-03
  136.50      2.94190E-03
  137.50      2.90750E-03
  138.50      2.85150E-03
  139.50      2.45940E-03
  140.50      2.49930E-03
  141.50      2.80250E-03
  142.50      2.56180E-03
  143.50      2.73450E-03
  144.20      2.73420E-03
  144.70      2.72900E-03
  145.50      2.63930E-03
  146.50      2.61760E-03
  147.50      2.62790E-03
  148.50      2.66080E-03
  149.50      2.60600E-03
  150.50      2.56790E-03
  151.20      2.53680E-03
  151.70      2.55280E-03
  152.50      2.49980E-03
  153.50      2.24110E-03
  154.50      1.98290E-03
  155.50      2.00660E-03
  156.50      2.20320E-03
  157.50      2.30540E-03
  158.50      2.33850E-03
  159.50      2.34770E-03
  160.50      2.24410E-03
  161.50      2.16770E-03
  162.50      2.23540E-03
  163.50      2.25340E-03
  164.50      2.23890E-03
  165.50      2.30870E-03
  166.50      2.29150E-03
  167.20      2.15760E-03
  167.70      2.44090E-03
  168.50      2.36050E-03
  169.50      2.31150E-03
  170.50      2.29330E-03
  171.50      2.23460E-03
  172.50      2.16900E-03
  173.50      2.25910E-03
  174.50      2.25450E-03
  175.50      2.23300E-03
  176.50      2.22030E-03
  177.50      2.17850E-03
  178.50      2.21580E-03
  179.50      2.18670E-03
  180.50      2.19580E-03
  181.50      2.15900E-03
  182.50      2.14330E-03
  183.50      2.15630E-03
  184.50      2.07610E-03
  185.50      2.10020E-03
  186.50      2.11490E-03
  187.50      2.09020E-03
  188.50      2.01860E-03
  189.50      2.00130E-03
  190.50      2.05410E-03
  191.50      2.01500E-03
  192.50      1.91860E-03
  193.50      2.02300E-03
  194.50      2.05210E-03
  195.50      1.91710E-03
  196.70      1.99700E-03
  197.60      2.03810E-03
  198.40      1.98710E-03
  199.50      1.95270E-03
  200.50      1.99260E-03
  201.50      1.99730E-03
  202.50      1.99990E-03
  203.50      1.95030E-03
  204.50      1.93990E-03
  205.50      1.60110E-03
  206.50      1.55610E-03
  207.40      1.59600E-03
  207.80      1.58340E-03
  208.50      1.64130E-03
  209.50      1.72750E-03
  210.50      1.85750E-03
  211.50      1.89500E-03
  212.50      1.87310E-03
  213.50      1.87190E-03
  214.50      1.85510E-03
  215.50      1.86330E-03
  216.50      1.80510E-03
  217.50      1.84940E-03
  218.50      1.80270E-03
  219.50      1.84320E-03
  220.50      1.83260E-03
  221.50      1.77130E-03
  222.50      1.80640E-03
  223.50      1.79490E-03
  224.50      1.77940E-03
  225.50      1.72550E-03
  226.50      1.76380E-03
  227.50      1.75730E-03
  228.50      1.72990E-03
  229.50      1.62000E-03
  230.50      1.66860E-03
  231.50      1.69440E-03
  232.50      1.69560E-03
  233.50      1.68380E-03
  234.50      1.67560E-03
  235.50      1.65850E-03
  236.50      1.64710E-03
  237.50      1.62770E-03
  238.50      1.56810E-03
  239.50      1.59620E-03
  240.50      1.60290E-03
  241.50      1.59430E-03
  242.50      1.59250E-03
  243.50      1.57620E-03
  244.50      1.57080E-03
  245.50      1.56030E-03
  246.50      1.55380E-03
  247.50      1.54450E-03
  248.50      1.52400E-03
  249.50      1.29440E-03
  250.50      1.49070E-03
  251.30      1.41500E-03
  251.80      1.46020E-03
  252.50      1.49600E-03
  253.50      1.49360E-03
  254.50      1.47540E-03
  255.50      1.46820E-03
  256.50      1.46280E-03
  257.50      1.45530E-03
  258.50      1.44910E-03
  259.50      1.43560E-03
  260.50      1.43620E-03
  261.50      1.42180E-03
  262.50      1.41970E-03
  263.50      1.41300E-03
  264.50      1.40100E-03
  265.50      1.39530E-03
  266.50      1.37740E-03
  267.50      1.35920E-03
  268.50      1.36930E-03
  269.50      1.34890E-03
  270.50      1.34740E-03
  271.50      1.33830E-03
  272.50      1.33090E-03
  273.50      1.30210E-03
  274.50      1.32360E-03
  275.50      1.31690E-03
  276.50      1.30240E-03
  277.50      1.30740E-03
  278.50      1.29620E-03
  279.50      1.26620E-03
  280.50      1.27580E-03
  281.50      1.27850E-03
  282.50      1.26540E-03
  283.50      1.25110E-03
  284.50      1.25870E-03
  285.50      1.24930E-03
  286.50      1.23930E-03
  287.50      1.23460E-03
  288.50      1.22830E-03
  289.50      1.22080E-03
  291.00      1.20680E-03
  293.00      1.20140E-03
  295.00      1.18080E-03
  297.00      1.17310E-03
  299.00      1.15500E-03
  301.00      1.14000E-03
  303.00      1.12690E-03
  305.00      1.12140E-03
  307.00      1.11500E-03
  309.00      1.09570E-03
  311.00      1.09290E-03
  313.00      1.07880E-03
  315.00      1.07000E-03
  317.00      1.05780E-03
  319.00      1.04590E-03
  321.00      1.03070E-03
  323.00      1.02850E-03
  325.00      1.02180E-03
  327.00      1.00570E-03
  329.00      9.99810E-04
  331.00      9.90100E-04
  333.00      9.78590E-04
  335.00      9.66860E-04
  337.00      9.59490E-04
  339.00      9.55120E-04
  341.00      9.45610E-04
  343.00      9.36900E-04
  345.00      9.23850E-04
  347.00      9.18150E-04
  349.00      9.09940E-04
  351.00      9.02310E-04
  353.00      8.95860E-04
  355.00      8.86890E-04
  357.00      8.81720E-04
  359.00      8.68390E-04
  361.00      8.62010E-04
  363.00      8.53400E-04
  364.00      8.50040E-04
  365.00      8.16650E-04
  367.00      8.12240E-04
  369.00      8.05790E-04
  371.00      7.89100E-04
  373.00      7.84990E-04
  375.00      7.81200E-04
  377.00      7.66980E-04
  379.00      7.88450E-04
  381.00      8.13380E-04
  383.00      7.43900E-04
  385.00      8.29910E-04
  387.00      8.30290E-04
  389.00      7.15770E-04
  391.00      8.38470E-04
  393.00      8.31440E-04
  395.00      8.15900E-04
  397.00      6.87370E-04
  399.00      8.07080E-04
  401.00      8.08140E-04
  403.00      7.77790E-04
  405.00      8.01360E-04
  407.00      7.79510E-04
  409.00      7.31130E-04
  411.00      6.71750E-04
  413.00      7.61430E-04
  415.00      7.60580E-04
  417.00      7.63010E-04
  419.00      7.54930E-04
  421.00      7.47770E-04
  423.00      7.47330E-04
  425.00      7.35700E-04
  427.00      7.26060E-04
  429.00      7.21400E-04
  431.00      7.08360E-04
  433.00      6.58930E-04
  435.00      6.19320E-04
  437.00      6.92890E-04
  439.00      6.82230E-04
  441.00      6.86670E-04
  443.00      6.86320E-04
  445.00      6.80440E-04
  447.00      6.54480E-04
  449.00      6.70100E-04
  451.00      6.63510E-04
  453.00      6.60480E-04
  455.00      6.50020E-04
  457.00      6.52100E-04
  459.00      6.45290E-04
  461.00      6.38920E-04
  463.00      6.30040E-04
  465.00      6.08730E-04
  467.00      6.22730E-04
  469.00      6.10970E-04
  471.00      6.08820E-04
  473.00      6.15330E-04
  475.00      6.10120E-04
  477.00      6.07820E-04
  479.00      6.03050E-04
  481.00      5.96830E-04
  483.00      5.88360E-04
  485.00      5.53690E-04
  487.00      5.09270E-04
  489.00      5.74410E-04
  491.00      5.73630E-04
  493.00      5.60360E-04
  495.00      5.65980E-04
  497.00      5.64960E-04
  499.00      5.60790E-04
  501.00      5.48010E-04
  503.00      5.51320E-04
  505.00      5.46110E-04
  507.00      5.45180E-04
  509.00      5.41030E-04
  511.00      5.37030E-04
  513.00      5.32730E-04
  515.00      5.29110E-04
  517.00      5.25610E-04
  519.00      5.22430E-04
  521.00      5.19090E-04
  523.00      5.15490E-04
  525.00      5.11070E-04
  527.00      5.07530E-04
  529.00      5.05080E-04
  531.00      5.01570E-04
  533.00      4.98230E-04
  535.00      4.94900E-04
  537.00      4.91600E-04
  539.00      4.88140E-04
  541.00      4.80090E-04
  543.00      4.81870E-04
  545.00      4.78660E-04
  547.00      4.75450E-04
  549.00      4.72350E-04
  551.00      4.69270E-04
  553.00      4.66150E-04
  555.00      4.63360E-04
  557.00      4.60260E-04
  559.00      4.56660E-04
  561.00      4.54480E-04
  563.00      4.51570E-04
  565.00      4.48490E-04
  567.00      4.45080E-04
  569.00      4.38100E-04
  571.00      4.32020E-04
  573.00      4.29660E-04
  575.00      4.26560E-04
  577.00      4.24680E-04
  579.00      4.21980E-04
  581.00      4.18990E-04
  583.00      4.16030E-04
  585.00      4.14530E-04
  587.00      4.02410E-04
  589.00      4.08750E-04
  591.00      4.07880E-04
  593.00      4.05930E-04
  595.00      4.04070E-04
  597.00      4.02870E-04
  599.00      4.00680E-04
  601.00      3.99250E-04
  603.00      3.97160E-04
  605.00      3.95730E-04
  607.00      3.93730E-04
  609.00      3.91470E-04
  611.00      3.89040E-04
  613.00      3.86860E-04
  615.00      3.84030E-04
  617.00      3.81930E-04
  619.00      3.80010E-04
  621.00      3.77900E-04
  623.00      3.75680E-04
  625.00      3.73280E-04
  627.00      3.71230E-04
  629.00      3.69200E-04
  631.00      3.66860E-04
  633.00      3.64940E-04
  635.00      3.62640E-04
  637.00      3.60770E-04
  639.00      3.58680E-04
  641.00      3.56590E-04
  643.00      3.54650E-04
  645.00      3.52500E-04
  647.00      3.50000E-04
  649.00      3.48250E-04
  651.00      3.45880E-04
  653.00      3.42330E-04
  655.00      3.30770E-04
  657.00      3.00660E-04
  659.00      3.34880E-04
  661.00      3.36220E-04
  663.00      3.35180E-04
  665.00      3.33290E-04
  667.00      3.27930E-04
  669.00      3.26090E-04
  671.00      3.27430E-04
  673.00      3.25510E-04
  675.00      3.24070E-04
  677.00      3.22640E-04
  679.00      3.20290E-04
  681.00      3.19130E-04
  683.00      3.17380E-04
  685.00      3.15730E-04
  687.00      3.13940E-04
  689.00      3.11520E-04
  691.00      3.10230E-04
  693.00      3.09120E-04
  695.00      3.07480E-04
  697.00      3.05860E-04
  699.00      3.04220E-04
  701.00      3.02500E-04
  703.00      3.00570E-04
  705.00      2.99260E-04
  707.00      2.94010E-04
  709.00      2.96350E-04
  711.00      2.94720E-04
  713.00      2.93240E-04
  715.00      2.91790E-04
  717.00      2.89860E-04
  719.00      2.88530E-04
  721.00      2.87310E-04
  723.00      2.84360E-04
  725.00      2.84170E-04
  727.00      2.82940E-04
  729.00      2.79740E-04
  731.00      2.80010E-04
  733.00      2.78630E-04
  735.00      2.77240E-04
  737.00      2.75860E-04
  739.00      2.74490E-04
  741.00      2.73100E-04
  743.00      2.71750E-04
  745.00      2.70370E-04
  747.00      2.68730E-04
  749.00      2.67220E-04
  751.00      2.66350E-04
  753.00      2.65040E-04
  755.00      2.63810E-04
  757.00      2.62480E-04
  759.00      2.60390E-04
  761.00      2.59630E-04
  763.00      2.58610E-04
  765.00      2.57370E-04
  767.00      2.56180E-04
  769.00      2.54660E-04
  771.00      2.53560E-04
  773.00      2.52070E-04
  775.00      2.51280E-04
  777.00      2.50080E-04
  779.00      2.48910E-04
  781.00      2.47650E-04
  783.00      2.46550E-04
  785.00      2.45460E-04
  787.00      2.44080E-04
  789.00      2.42890E-04
  791.00      2.42000E-04
  793.00      2.40800E-04
  795.00      2.39780E-04
  797.00      2.38550E-04
  799.00      2.37500E-04
  801.00      2.36400E-04
  803.00      2.35220E-04
  805.00      2.34250E-04
  807.00      2.33140E-04
  809.00      2.31940E-04
  811.00      2.30270E-04
  813.00      2.29940E-04
  815.00      2.28710E-04
  817.00      2.27820E-04
  819.00      2.26060E-04
  821.00      2.23580E-04
  823.00      2.22050E-04
  825.00      2.21740E-04
  827.00      2.20090E-04
  829.00      2.19900E-04
  831.00      2.19090E-04
  833.00      2.17800E-04
  835.00      2.16290E-04
  837.00      2.15880E-04
  839.00      2.15250E-04
  841.00      2.14240E-04
  843.00      2.13330E-04
  845.00      2.11630E-04
  847.00      2.11520E-04
  849.00      2.10390E-04
  851.00      2.09110E-04
  853.00      2.08470E-04
  855.00      2.07600E-04
  857.00      2.07180E-04
  859.00      2.04320E-04
  861.00      2.04680E-04
  863.00      2.05110E-04
  865.00      2.02590E-04
  867.00      1.99890E-04
  869.00      2.02520E-04
  871.00      2.02660E-04
  873.00      1.99460E-04
  875.00      1.93280E-04
  877.00      1.96580E-04
  879.00      1.99790E-04
  881.00      1.99800E-04
  883.00      1.97930E-04
  885.00      1.90520E-04
  887.00      1.84730E-04
  889.00      1.93970E-04
  891.00      1.95960E-04
  893.00      1.95770E-04
  895.00      1.95140E-04
  897.00      1.93830E-04
  899.00      1.89390E-04
  901.00      1.76910E-04
  903.00      1.81320E-04
  905.00      1.89010E-04
  907.00      1.88800E-04
  909.00      1.89580E-04
  911.00      1.89440E-04
  913.00      1.88730E-04
  915.00      1.87880E-04
  917.00      1.86440E-04
  919.00      1.84710E-04
  921.00      1.77910E-04
  923.00      1.64410E-04
  925.00      1.76150E-04
  927.00      1.81400E-04
  929.00      1.82030E-04
  931.00      1.81250E-04
  933.00      1.81140E-04
  935.00      1.79400E-04
  937.00      1.79880E-04
  939.00      1.79260E-04
  941.00      1.78410E-04
  943.00      1.77730E-04
  945.00      1.76930E-04
  947.00      1.75260E-04
  949.00      1.74790E-04
  951.00      1.71720E-04
  953.00      1.65020E-04
  955.00      1.52600E-04
  957.00      1.66370E-04
  959.00      1.70390E-04
  961.00      1.70510E-04
  963.00      1.69780E-04
  965.00      1.70200E-04
  967.00      1.69610E-04
  969.00      1.68830E-04
  971.00      1.66140E-04
  973.00      1.67340E-04
  975.00      1.66940E-04
  977.00      1.66300E-04
  979.00      1.65640E-04
  981.00      1.64960E-04
  983.00      1.64360E-04
  985.00      1.63700E-04
  987.00      1.63050E-04
  989.00      1.62290E-04
  991.00      1.61270E-04
  993.00      1.61210E-04
  995.00      1.60590E-04
  997.00      1.59640E-04
  999.00      1.58690E-04
  1002.5      1.51480E-04
  1007.5      1.48270E-04
  1012.5      1.53600E-04
  1017.5      1.53910E-04
  1022.5      1.52420E-04
  1027.5      1.51060E-04
  1032.5      1.49150E-04
  1037.5      1.48310E-04
  1042.5      1.46950E-04
  1047.5      1.45610E-04
  1052.5      1.44280E-04
  1057.5      1.42990E-04
  1062.5      1.41700E-04
  1067.5      1.40270E-04
  1072.5      1.39190E-04
  1077.5      1.37950E-04
  1082.5      1.35620E-04
  1087.5      1.34800E-04
  1092.5      1.24370E-04
  1097.5      1.29620E-04
  1102.5      1.31220E-04
  1107.5      1.30760E-04
  1112.5      1.29750E-04
  1117.5      1.28660E-04
  1122.5      1.27510E-04
  1127.5      1.26470E-04
  1132.5      1.25350E-04
  1137.5      1.24320E-04
  1142.5      1.23270E-04
  1147.5      1.22270E-04
  1152.5      1.21270E-04
  1157.5      1.20230E-04
  1162.5      1.18960E-04
  1167.5      1.18140E-04
  1172.5      1.17320E-04
  1177.5      1.16370E-04
  1182.5      1.15400E-04
  1187.5      1.14480E-04
  1192.5      1.13560E-04
  1197.5      1.11470E-04
  1202.5      1.11760E-04
  1207.5      1.10860E-04
  1212.5      1.09960E-04
  1217.5      1.09120E-04
  1222.5      1.08270E-04
  1227.5      1.07420E-04
  1232.5      1.06580E-04
  1237.5      1.05750E-04
  1242.5      1.04940E-04
  1247.5      1.04110E-04
  1252.5      1.03140E-04
  1257.5      1.02510E-04
  1262.5      1.01740E-04
  1267.5      1.00980E-04
  1272.5      1.00060E-04
  1277.5      9.75660E-05
  1282.5      9.12280E-05
  1287.5      9.70680E-05
  1292.5      9.71400E-05
  1297.5      9.59530E-05
  1302.5      9.57760E-05
  1307.5      9.51100E-05
  1312.5      9.44130E-05
  1317.5      9.37220E-05
  1322.5      9.30390E-05
  1327.5      9.23630E-05
  1332.5      9.16850E-05
  1337.5      9.10080E-05
  1342.5      9.03130E-05
  1347.5      8.97230E-05
  1352.5      8.90630E-05
  1357.5      8.84530E-05
  1362.5      8.77820E-05
  1367.5      8.72070E-05
  1372.5      8.65510E-05
  1377.5      8.59910E-05
  1382.5      8.53900E-05
  1387.5      8.47920E-05
  1392.5      8.41750E-05
  1397.5      8.36170E-05
  1402.5      8.30230E-05
  1407.5      8.24780E-05
  1412.5      8.19070E-05
  1417.5      8.13520E-05
  1422.5      8.08030E-05
  1427.5      8.02510E-05
  1432.5      7.97110E-05
  1437.5      7.91730E-05
  1442.5      7.86470E-05
  1447.5      7.81210E-05
  1452.5      7.75990E-05
  1457.0      7.71350E-05
  1462.0      7.66140E-05
  1467.5      7.60630E-05
  1472.5      7.55620E-05
  1477.5      7.49740E-05
  1482.5      7.45850E-05
  1487.5      7.41040E-05
  1492.5      7.36260E-05
  1497.5      7.31520E-05
  1502.5      7.26770E-05
  1507.5      7.21160E-05
  1512.5      7.17580E-05
  1517.5      7.13030E-05
  1522.5      7.08510E-05
  1527.5      7.04000E-05
  1532.5      6.99530E-05
  1537.5      6.95160E-05
  1542.5      6.90630E-05
  1547.5      6.86450E-05
  1552.5      6.82060E-05
  1557.5      6.77460E-05
  1562.5      6.73860E-05
  1567.5      6.68870E-05
  1572.5      6.64400E-05
  1577.5      6.61620E-05
  1582.5      6.57200E-05
  1587.5      6.50330E-05
  1592.5      6.48380E-05
  1597.5      6.46090E-05
  1605.0      6.38680E-05
  1615.0      6.28650E-05
  1625.0      6.25800E-05
  1635.0      6.14720E-05
  1645.0      6.03590E-05
  1655.0      6.04860E-05
  1665.0      5.98290E-05
  1675.0      5.84600E-05
  1685.0      5.72400E-05
  1695.0      5.77180E-05
  1705.0      5.68370E-05
  1715.0      5.65060E-05
  1725.0      5.57180E-05
  1735.0      5.34260E-05
  1745.0      5.42320E-05
  1755.0      5.40140E-05
  1765.0      5.34180E-05
  1775.0      5.28280E-05
  1785.0      5.22370E-05
  1795.0      5.16830E-05
  1805.0      5.10250E-05
  1815.0      4.87710E-05
  1825.0      4.94660E-05
  1835.0      4.94810E-05
  1845.0      4.89720E-05
  1855.0      4.84160E-05
  1865.0      4.74160E-05
  1875.0      4.54160E-05
  1885.0      4.68550E-05
  1895.0      4.64620E-05
  1905.0      4.58340E-05
  1915.0      4.55160E-05
  1925.0      4.50630E-05
  1935.0      4.43940E-05
  1945.0      4.21750E-05
  1955.0      4.34630E-05
  1965.0      4.32810E-05
  1975.0      4.28520E-05
  1985.0      4.24290E-05
  1995.0      4.20120E-05
  2005.0      4.16020E-05
  2015.0      4.11980E-05
  2025.0      4.07990E-05
  2035.0      4.04060E-05
  2045.0      4.00100E-05
  2055.0      3.95820E-05
  2065.0      3.92600E-05
  2075.0      3.88880E-05
  2085.0      3.85230E-05
  2095.0      3.81620E-05
  2105.0      3.78030E-05
  2115.0      3.73420E-05
  2125.0      3.71100E-05
  2135.0      3.67680E-05
  2145.0      3.64210E-05
  2155.0      3.59490E-05
  2165.0      3.40710E-05
  2175.0      3.51860E-05
  2185.0      3.51120E-05
  2195.0      3.48160E-05
  2205.0      3.45060E-05
  2215.0      3.42000E-05
  2225.0      3.38940E-05
  2235.0      3.36000E-05
  2245.0      3.33050E-05
  2255.0      3.30150E-05
  2265.0      3.27280E-05
  2275.0      3.24460E-05
  2285.0      3.21640E-05
  2295.0      3.18900E-05
  2305.0      3.16140E-05
  2315.0      3.13500E-05
  2325.0      3.10850E-05
  2335.0      3.08240E-05
  2345.0      3.05660E-05
  2355.0      3.03110E-05
  2365.0      3.00590E-05
  2375.0      2.98100E-05
  2385.0      2.95650E-05
  2395.0      2.93220E-05
  2405.0      2.90820E-05
  2415.0      2.88460E-05
  2425.0      2.86080E-05
  2435.0      2.83800E-05
  2445.0      2.81520E-05
  2455.0      2.79270E-05
  2465.0      2.77010E-05
  2475.0      2.74500E-05
  2485.0      2.72650E-05
  2495.0      2.70410E-05
  2505.0      2.68580E-05
  2515.0      2.66470E-05
  2525.0      2.63990E-05
  2535.0      2.62200E-05
  2545.0      2.60610E-05
  2555.0      2.58050E-05
  2565.0      2.55670E-05
  2575.0      2.54170E-05
  2585.0      2.52700E-05
  2595.0      2.50450E-05
  2605.0      2.47830E-05
  2615.0      2.44120E-05
  2625.0      2.32980E-05
  2635.0      2.41230E-05
  2645.0      2.41030E-05
  2655.0      2.39400E-05
  2665.0      2.37020E-05
  2675.0      2.33990E-05
  2685.0      2.33480E-05
  2695.0      2.32690E-05
  2705.0      2.31000E-05
  2715.0      2.29310E-05
  2725.0      2.27650E-05
  2735.0      2.26000E-05
  2745.0      2.23750E-05
  2755.0      2.19790E-05
  2765.0      2.19380E-05
  2775.0      2.19330E-05
  2785.0      2.18030E-05
  2795.0      2.16490E-05
  2805.0      2.14960E-05
  2815.0      2.13460E-05
  2825.0      2.11960E-05
  2835.0      2.10480E-05
  2845.0      2.09020E-05
  2855.0      2.07220E-05
  2865.0      2.04340E-05
  2875.0      2.00350E-05
  2885.0      2.02400E-05
  2895.0      2.01920E-05
  2905.0      2.00540E-05
  2915.0      1.99180E-05
  2925.0      1.97840E-05
  2935.0      1.96500E-05
  2945.0      1.95180E-05
  2955.0      1.93870E-05
  2965.0      1.92580E-05
  2975.0      1.91290E-05
  2985.0      1.90030E-05
  2995.0      1.88770E-05
  3005.0      1.87520E-05
  3015.0      1.86250E-05
  3025.0      1.84400E-05
  3035.0      1.79550E-05
  3045.0      1.79670E-05
  3055.0      1.81020E-05
  3065.0      1.80290E-05
  3075.0      1.79100E-05
  3085.0      1.77980E-05
  3095.0      1.76860E-05
  3105.0      1.75720E-05
  3115.0      1.74600E-05
  3125.0      1.73490E-05
  3135.0      1.72400E-05
  3145.0      1.71310E-05
  3155.0      1.70240E-05
  3165.0      1.69170E-05
  3175.0      1.68120E-05
  3185.0      1.67070E-05
  3195.0      1.66030E-05
  3210.0      1.64490E-05
  3230.0      1.62480E-05
  3250.0      1.60490E-05
  3270.0      1.58440E-05
  3290.0      1.52970E-05
  3310.0      1.53600E-05
  3330.0      1.52870E-05
  3350.0      1.51270E-05
  3370.0      1.49490E-05
  3390.0      1.47740E-05
  3410.0      1.46020E-05
  3430.0      1.44330E-05
  3450.0      1.42670E-05
  3470.0      1.41040E-05
  3490.0      1.39440E-05
  3510.0      1.37860E-05
  3530.0      1.36310E-05
  3550.0      1.34780E-05
  3570.0      1.33280E-05
  3590.0      1.31810E-05
  3610.0      1.30360E-05
  3630.0      1.28930E-05
  3650.0      1.27530E-05
  3670.0      1.26140E-05
  3690.0      1.24790E-05
  3710.0      1.23200E-05
  3730.0      1.20270E-05
  3750.0      1.18440E-05
  3770.0      1.19430E-05
  3790.0      1.18310E-05
  3810.0      1.17030E-05
  3830.0      1.15840E-05
  3850.0      1.14660E-05
  3870.0      1.13480E-05
  3890.0      1.12320E-05
  3910.0      1.10970E-05
  3930.0      1.10050E-05
  3950.0      1.08950E-05
  3970.0      1.07850E-05
  3990.0      1.06780E-05
  4010.0      1.05480E-05
  4030.0      1.04120E-05
  4050.0      1.00810E-05
  4070.0      1.02470E-05
  4090.0      1.01630E-05
  4110.0      1.00650E-05
  4130.0      9.96130E-06
  4150.0      9.86270E-06
  4170.0      9.71650E-06
  4190.0      9.67240E-06
  4210.0      9.59280E-06
  4230.0      9.50250E-06
  4250.0      9.41060E-06
  4270.0      9.32560E-06
  4290.0      9.22910E-06
  4310.0      9.15340E-06
  4330.0      9.06910E-06
  4350.0      8.98000E-06
  4370.0      8.82200E-06
  4390.0      8.78240E-06
  4410.0      8.74310E-06
  4430.0      8.66450E-06
  4450.0      8.58690E-06
  4470.0      8.51520E-06
  4490.0      8.43950E-06
  4510.0      8.36480E-06
  4530.0      8.29110E-06
  4550.0      8.21840E-06
  4570.0      8.14670E-06
  4590.0      8.07580E-06
  4610.0      8.00340E-06
  4630.0      7.91580E-06
  4650.0      7.60070E-06
  4670.0      7.65200E-06
  4690.0      7.69140E-06
  4710.0      7.66640E-06
  4730.0      7.60460E-06
  4750.0      7.54070E-06
  4770.0      7.47760E-06
  4790.0      7.41520E-06
  4810.0      7.35370E-06
  4830.0      7.29280E-06
  4850.0      7.23280E-06
  4870.0      7.17340E-06
  4890.0      7.11480E-06
  4910.0      7.05690E-06
  4930.0      6.99970E-06
  4950.0      6.94320E-06
  4970.0      6.88730E-06
  4990.0      6.83220E-06
  5010.0      6.77760E-06
  5030.0      6.72380E-06
  5050.0      6.67050E-06
  5070.0      6.61790E-06
  5090.0      6.56530E-06
  5110.0      6.48300E-06
  5130.0      6.32160E-06
  5150.0      6.38940E-06
  5170.0      6.36380E-06
  5190.0      6.31480E-06
  5210.0      6.26640E-06
  5230.0      6.21840E-06
  5250.0      6.17100E-06
  5270.0      6.12420E-06
  5290.0      6.07780E-06
  5310.0      6.03200E-06
  5330.0      5.98670E-06
  5350.0      5.94190E-06
  5370.0      5.89760E-06
  5390.0      5.85380E-06
  5410.0      5.81050E-06
  5430.0      5.76770E-06
  5450.0      5.72530E-06
  5470.0      5.68340E-06
  5490.0      5.64190E-06
  5510.0      5.60090E-06
  5530.0      5.56020E-06
  5550.0      5.52020E-06
  5570.0      5.48050E-06
  5590.0      5.44120E-06
  5610.0      5.40240E-06
  5630.0      5.36390E-06
  5650.0      5.32590E-06
  5670.0      5.28820E-06
  5690.0      5.25090E-06
  5710.0      5.20850E-06
  5730.0      5.17760E-06
  5750.0      5.14150E-06
  5770.0      5.10580E-06
  5790.0      5.07040E-06
  5810.0      5.03550E-06
  5830.0      5.00080E-06
  5850.0      4.96830E-06
  5870.0      4.93130E-06
  5890.0      4.87050E-06
  5910.0      4.72490E-06
  5930.0      4.81040E-06
  5950.0      4.78160E-06
  5970.0      4.75740E-06
  5990.0      4.73770E-06
  6010.0      4.70610E-06
  6030.0      4.67480E-06
  6050.0      4.64380E-06
  6070.0      4.61310E-06
  6090.0      4.58270E-06
  6110.0      4.55260E-06
  6130.0      4.52280E-06
  6150.0      4.49330E-06
  6170.0      4.46410E-06
  6190.0      4.43510E-06
  6210.0      4.40640E-06
  6230.0      4.37800E-06
  6250.0      4.34990E-06
  6270.0      4.31410E-06
  6290.0      4.26490E-06
  6310.0      4.25550E-06
  6330.0      4.24000E-06
  6350.0      4.21320E-06
  6370.0      4.18670E-06
  6390.0      4.16040E-06
  6420.0      4.12130E-06
  6460.0      4.07020E-06
  6500.0      4.01990E-06
  6540.0      3.97060E-06
  6580.0      3.92220E-06
  6620.0      3.87460E-06
  6660.0      3.82790E-06
  6700.0      3.78200E-06
  6740.0      3.73010E-06
  6780.0      3.66320E-06
  6820.0      3.64860E-06
  6860.0      3.60660E-06
  6900.0      3.56460E-06
  6940.0      3.52330E-06
  6980.0      3.48280E-06
  7020.0      3.44300E-06
  7060.0      3.40380E-06
  7100.0      3.36530E-06
  7140.0      3.32740E-06
  7180.0      3.29020E-06
  7220.0      3.25350E-06
  7260.0      3.21750E-06
  7300.0      3.18210E-06
  7340.0      3.14720E-06
  7380.0      3.11290E-06
  7420.0      3.07280E-06
  7460.0      2.96680E-06
  7500.0      2.92400E-06
  7540.0      2.96760E-06
  7580.0      2.94960E-06
  7620.0      2.91860E-06
  7660.0      2.88790E-06
  7700.0      2.85780E-06
  7740.0      2.82810E-06
  7780.0      2.79880E-06
  7820.0      2.77010E-06
  7860.0      2.74170E-06
  7900.0      2.71380E-06
  7940.0      2.68630E-06
  7980.0      2.65920E-06
  8020.0      2.63260E-06
  8060.0      2.60630E-06
  8100.0      2.58040E-06
  8140.0      2.55270E-06
  8180.0      2.52970E-06
  8220.0      2.50490E-06
  8260.0      2.48050E-06
  8300.0      2.45650E-06
  8340.0      2.43280E-06
  8380.0      2.40940E-06
  8420.0      2.38640E-06
  8460.0      2.36360E-06
  8500.0      2.34120E-06
  8540.0      2.31920E-06
  8580.0      2.29740E-06
  8620.0      2.27590E-06
  8660.0      2.24740E-06
  8700.0      2.23180E-06
  8740.0      2.18920E-06
  8780.0      2.16920E-06
  8820.0      2.17290E-06
  8860.0      2.15320E-06
  8900.0      2.13370E-06
  8940.0      2.11440E-06
  8980.0      2.09550E-06
  9020.0      2.07670E-06
  9060.0      2.05830E-06
  9100.0      2.04000E-06
  9140.0      2.02200E-06
  9180.0      2.00430E-06
  9220.0      1.98670E-06
  9260.0      1.96940E-06
  9300.0      1.95240E-06
  9340.0      1.93550E-06
  9380.0      1.90820E-06
  9420.0      1.89800E-06
  9460.0      1.88620E-06
  9500.0      1.87020E-06
  9540.0      1.85440E-06
  9580.0      1.83880E-06
  9620.0      1.82340E-06
  9660.0      1.80810E-06
  9700.0      1.79310E-06
  9740.0      1.77820E-06
  9780.0      1.76350E-06
  9820.0      1.74910E-06
  9860.0      1.73470E-06
  9900.0      1.72060E-06
  9940.0      1.70660E-06
  9980.0      1.69280E-06
  10020.      1.67920E-06
  20000.      4.12660E-07
  40000.      1.00170E-07
  60000.      4.37070E-08
  80000.      2.42650E-08
 1.00000E+05  1.53740E-08
 1.20000E+05  1.05910E-08
 1.40000E+05  7.72860E-09
 1.60000E+05  5.88270E-09
