 Castelli and Kurucz 2004-2012 Atmosphere
 T     39000.     G    4.00000 [0.0] VTURB=2  L/H=1.25 NOVER NEW ODF           
 Wavelength  Eddington Hnu
   (nm)    (ergs/s/cm2/Hz/sr)
  9.0900      4.16350E-26
  9.3500      1.61600E-25
  9.6100      5.77410E-25
  9.7700      1.24470E-24
  9.9600      2.96800E-24
  10.200      8.51120E-24
  10.380      1.82150E-23
  10.560      3.80460E-23
  10.770      8.72620E-23
  11.040      2.43080E-22
  11.400      8.89070E-22
  11.780      3.24020E-21
  12.130      1.00270E-20
  12.480      2.93240E-20
  12.710      5.77520E-20
  12.840      8.39200E-20
  13.050      1.51260E-19
  13.240      2.54350E-19
  13.390      3.80980E-19
  13.660      7.68870E-19
  13.980      1.73270E-18
  14.330      4.03340E-18
  14.720      9.78190E-18
  15.100      2.31670E-17
  15.520      5.63700E-17
  15.880      1.16980E-16
  16.200      2.19590E-16
  16.600      4.69290E-16
  17.030      1.01120E-15
  17.340      1.72420E-15
  17.680      3.07110E-15
  18.020      5.32280E-15
  18.170      6.65730E-15
  18.610      1.32540E-14
  19.100      2.71880E-14
  19.390      4.10950E-14
  19.840      7.57550E-14
  20.180      1.17360E-13
  20.500      1.77560E-13
  21.050      3.47740E-13
  21.620      6.69860E-13
  21.980      1.00740E-12
  22.300      1.41790E-12
  22.680      2.10870E-12
  23.000      1.99730E-09
  23.400      6.44220E-09
  24.000      9.27090E-09
  24.650      1.52330E-08
  25.240      2.97780E-08
  25.680      4.14550E-08
  26.000      5.88910E-08
  26.400      4.09340E-07
  26.850      5.40840E-07
  27.350      7.25070E-07
  27.850      4.47680E-07
  28.400      1.29520E-06
  29.000      2.28930E-06
  29.600      1.63760E-06
  30.100      2.06110E-06
  30.800      8.97750E-06
  31.800      4.62230E-06
  32.800      8.79160E-06
  33.800      8.31490E-06
  34.800      1.03040E-05
  35.700      2.93650E-05
  36.600      6.98800E-05
  37.500      9.57930E-05
  38.500      8.91660E-05
  39.500      1.70530E-04
  40.500      2.90320E-04
  41.400      2.92630E-04
  42.200      2.89440E-04
  43.000      2.80380E-04
  44.100      3.66710E-04
  45.100      3.94120E-04
  46.000      3.38940E-04
  47.000      3.86090E-04
  48.000      4.74860E-04
  49.000      3.41670E-04
  50.000      5.54630E-04
  50.600      4.07710E-04
  51.200      7.22640E-04
  52.000      6.88680E-04
  53.000      6.41360E-04
  54.000      5.62930E-04
  55.000      4.90400E-04
  56.000      7.10290E-04
  57.000      9.04490E-04
  58.000      9.01220E-04
  59.000      9.39100E-04
  60.000      7.49350E-04
  61.000      7.25780E-04
  62.000      1.02320E-03
  63.000      9.64810E-04
  64.000      1.13300E-03
  65.000      1.08000E-03
  65.800      9.32660E-04
  66.500      1.15210E-03
  67.500      1.26110E-03
  68.500      1.07410E-03
  69.500      1.28330E-03
  70.500      1.05280E-03
  71.600      1.36730E-03
  72.600      1.40900E-03
  73.500      1.43910E-03
  74.500      1.36980E-03
  75.500      1.37600E-03
  76.500      1.24200E-03
  77.500      1.41590E-03
  78.500      1.24520E-03
  79.500      1.44230E-03
  80.500      1.47700E-03
  81.500      1.50340E-03
  82.500      1.54130E-03
  83.500      1.31910E-03
  84.500      1.53740E-03
  85.500      1.49000E-03
  86.500      1.59020E-03
  87.500      1.61510E-03
  88.500      1.60980E-03
  89.500      1.61950E-03
  90.500      1.59760E-03
  91.500      1.34180E-03
  92.500      2.23680E-03
  93.500      2.96330E-03
  94.500      3.21000E-03
  95.500      3.54670E-03
  96.500      3.74160E-03
  97.500      2.94090E-03
  98.500      3.45970E-03
  99.500      3.20210E-03
  100.50      3.24060E-03
  101.50      3.40700E-03
  102.50      3.24730E-03
  103.50      3.58600E-03
  104.50      3.73410E-03
  105.50      3.70150E-03
  106.50      3.58560E-03
  107.50      3.63470E-03
  108.50      3.50910E-03
  109.50      3.61160E-03
  110.50      3.57770E-03
  111.50      3.55040E-03
  112.50      3.42650E-03
  113.50      3.58920E-03
  114.50      3.61690E-03
  115.50      3.46430E-03
  116.50      3.38790E-03
  117.50      2.94500E-03
  118.50      3.28830E-03
  119.50      3.20590E-03
  120.50      3.20940E-03
  121.50      2.88500E-03
  122.50      3.13660E-03
  123.50      3.17640E-03
  124.50      3.13710E-03
  125.50      3.19710E-03
  126.50      3.25870E-03
  127.50      3.31300E-03
  128.50      3.31510E-03
  129.50      3.32160E-03
  130.50      3.25230E-03
  131.50      3.29280E-03
  132.50      3.27300E-03
  133.50      3.25410E-03
  134.50      3.27170E-03
  135.50      3.17230E-03
  136.50      3.10640E-03
  137.50      3.03510E-03
  138.50      3.06730E-03
  139.50      2.96630E-03
  140.50      2.86490E-03
  141.50      3.11840E-03
  142.50      2.92170E-03
  143.50      3.05590E-03
  144.20      2.97050E-03
  144.70      2.98790E-03
  145.50      2.92120E-03
  146.50      2.94550E-03
  147.50      2.95550E-03
  148.50      2.99640E-03
  149.50      2.94770E-03
  150.50      2.97190E-03
  151.20      2.97670E-03
  151.70      2.93720E-03
  152.50      2.93270E-03
  153.50      2.74500E-03
  154.50      2.30990E-03
  155.50      2.39910E-03
  156.50      2.66460E-03
  157.50      2.76650E-03
  158.50      2.75290E-03
  159.50      2.77030E-03
  160.50      2.65770E-03
  161.50      2.61530E-03
  162.50      2.65240E-03
  163.50      2.67670E-03
  164.50      2.61240E-03
  165.50      2.70640E-03
  166.50      2.68570E-03
  167.20      2.56060E-03
  167.70      2.78450E-03
  168.50      2.74540E-03
  169.50      2.73430E-03
  170.50      2.69260E-03
  171.50      2.60150E-03
  172.50      2.60530E-03
  173.50      2.69270E-03
  174.50      2.68110E-03
  175.50      2.64740E-03
  176.50      2.64360E-03
  177.50      2.61890E-03
  178.50      2.63760E-03
  179.50      2.59090E-03
  180.50      2.58940E-03
  181.50      2.56880E-03
  182.50      2.54920E-03
  183.50      2.55860E-03
  184.50      2.55390E-03
  185.50      2.54410E-03
  186.50      2.53660E-03
  187.50      2.50040E-03
  188.50      2.48400E-03
  189.50      2.51390E-03
  190.50      2.50720E-03
  191.50      2.49400E-03
  192.50      2.41400E-03
  193.50      2.47460E-03
  194.50      2.46430E-03
  195.50      2.40420E-03
  196.70      2.42490E-03
  197.60      2.41150E-03
  198.40      2.41450E-03
  199.50      2.39340E-03
  200.50      2.39390E-03
  201.50      2.37930E-03
  202.50      2.36580E-03
  203.50      2.34580E-03
  204.50      2.32030E-03
  205.50      1.80180E-03
  206.50      1.76780E-03
  207.40      1.84980E-03
  207.80      1.91660E-03
  208.50      2.10960E-03
  209.50      2.24770E-03
  210.50      2.23180E-03
  211.50      2.25040E-03
  212.50      2.22520E-03
  213.50      2.22740E-03
  214.50      2.21240E-03
  215.50      2.22690E-03
  216.50      2.14170E-03
  217.50      2.20780E-03
  218.50      2.15200E-03
  219.50      2.19270E-03
  220.50      2.17810E-03
  221.50      2.11560E-03
  222.50      2.15190E-03
  223.50      2.14200E-03
  224.50      2.12680E-03
  225.50      2.07690E-03
  226.50      2.10420E-03
  227.50      2.09950E-03
  228.50      2.07370E-03
  229.50      2.02110E-03
  230.50      2.01630E-03
  231.50      2.03340E-03
  232.50      2.03640E-03
  233.50      2.02580E-03
  234.50      2.00590E-03
  235.50      1.98940E-03
  236.50      1.97590E-03
  237.50      1.95640E-03
  238.50      1.89110E-03
  239.50      1.92300E-03
  240.50      1.91870E-03
  241.50      1.91210E-03
  242.50      1.91650E-03
  243.50      1.90060E-03
  244.50      1.89220E-03
  245.50      1.87380E-03
  246.50      1.86840E-03
  247.50      1.86780E-03
  248.50      1.84170E-03
  249.50      1.62520E-03
  250.50      1.82150E-03
  251.30      1.73710E-03
  251.80      1.78690E-03
  252.50      1.80020E-03
  253.50      1.80530E-03
  254.50      1.79950E-03
  255.50      1.78730E-03
  256.50      1.77980E-03
  257.50      1.76750E-03
  258.50      1.75970E-03
  259.50      1.72770E-03
  260.50      1.74200E-03
  261.50      1.72020E-03
  262.50      1.72420E-03
  263.50      1.71770E-03
  264.50      1.70240E-03
  265.50      1.69810E-03
  266.50      1.68770E-03
  267.50      1.66350E-03
  268.50      1.66730E-03
  269.50      1.65620E-03
  270.50      1.65720E-03
  271.50      1.64430E-03
  272.50      1.63750E-03
  273.50      1.59470E-03
  274.50      1.62340E-03
  275.50      1.61190E-03
  276.50      1.60400E-03
  277.50      1.59540E-03
  278.50      1.57970E-03
  279.50      1.56720E-03
  280.50      1.56860E-03
  281.50      1.56150E-03
  282.50      1.55140E-03
  283.50      1.54640E-03
  284.50      1.54120E-03
  285.50      1.53240E-03
  286.50      1.51890E-03
  287.50      1.51080E-03
  288.50      1.50740E-03
  289.50      1.50020E-03
  291.00      1.48820E-03
  293.00      1.47630E-03
  295.00      1.46100E-03
  297.00      1.44320E-03
  299.00      1.42320E-03
  301.00      1.41050E-03
  303.00      1.38930E-03
  305.00      1.38160E-03
  307.00      1.36650E-03
  309.00      1.35920E-03
  311.00      1.34680E-03
  313.00      1.33330E-03
  315.00      1.32450E-03
  317.00      1.31020E-03
  319.00      1.30000E-03
  321.00      1.26950E-03
  323.00      1.27620E-03
  325.00      1.26530E-03
  327.00      1.24270E-03
  329.00      1.23890E-03
  331.00      1.22630E-03
  333.00      1.21510E-03
  335.00      1.19750E-03
  337.00      1.19180E-03
  339.00      1.18180E-03
  341.00      1.17000E-03
  343.00      1.16330E-03
  345.00      1.14730E-03
  347.00      1.14210E-03
  349.00      1.13230E-03
  351.00      1.12420E-03
  353.00      1.11190E-03
  355.00      1.10250E-03
  357.00      1.09360E-03
  359.00      1.08380E-03
  361.00      1.07270E-03
  363.00      1.06300E-03
  364.00      1.04090E-03
  365.00      9.52250E-04
  367.00      9.45510E-04
  369.00      9.43110E-04
  371.00      9.43750E-04
  373.00      9.56000E-04
  375.00      9.75510E-04
  377.00      9.83500E-04
  379.00      9.94090E-04
  381.00      1.00570E-03
  383.00      9.68620E-04
  385.00      1.00150E-03
  387.00      9.96150E-04
  389.00      9.41680E-04
  391.00      9.86910E-04
  393.00      9.69180E-04
  395.00      9.67590E-04
  397.00      9.06380E-04
  399.00      9.55220E-04
  401.00      9.46610E-04
  403.00      9.27560E-04
  405.00      9.32840E-04
  407.00      9.23440E-04
  409.00      9.02000E-04
  411.00      8.63280E-04
  413.00      9.01310E-04
  415.00      8.94760E-04
  417.00      8.89470E-04
  419.00      8.81270E-04
  421.00      8.66370E-04
  423.00      8.70090E-04
  425.00      8.62680E-04
  427.00      8.56150E-04
  429.00      8.49780E-04
  431.00      8.41540E-04
  433.00      8.20290E-04
  435.00      7.92450E-04
  437.00      8.21900E-04
  439.00      8.12610E-04
  441.00      8.06650E-04
  443.00      8.03850E-04
  445.00      7.97310E-04
  447.00      7.87890E-04
  449.00      7.86300E-04
  451.00      7.77310E-04
  453.00      7.72360E-04
  455.00      7.57960E-04
  457.00      7.62780E-04
  459.00      7.56700E-04
  461.00      7.52260E-04
  463.00      7.43540E-04
  465.00      7.26490E-04
  467.00      7.34350E-04
  469.00      7.09770E-04
  471.00      7.25210E-04
  473.00      7.22140E-04
  475.00      7.17090E-04
  477.00      7.11820E-04
  479.00      7.06440E-04
  481.00      7.01720E-04
  483.00      6.96520E-04
  485.00      6.84510E-04
  487.00      6.50800E-04
  489.00      6.81740E-04
  491.00      6.77060E-04
  493.00      6.70630E-04
  495.00      6.68080E-04
  497.00      6.63630E-04
  499.00      6.59350E-04
  501.00      6.52820E-04
  503.00      6.49800E-04
  505.00      6.45140E-04
  507.00      6.41340E-04
  509.00      6.37220E-04
  511.00      6.32970E-04
  513.00      6.28470E-04
  515.00      6.24310E-04
  517.00      6.20350E-04
  519.00      6.16180E-04
  521.00      6.12040E-04
  523.00      6.08200E-04
  525.00      6.03370E-04
  527.00      5.99220E-04
  529.00      5.96290E-04
  531.00      5.92400E-04
  533.00      5.88430E-04
  535.00      5.84780E-04
  537.00      5.80950E-04
  539.00      5.77170E-04
  541.00      5.65400E-04
  543.00      5.69910E-04
  545.00      5.66270E-04
  547.00      5.62470E-04
  549.00      5.59070E-04
  551.00      5.54990E-04
  553.00      5.52040E-04
  555.00      5.48610E-04
  557.00      5.44690E-04
  559.00      5.40050E-04
  561.00      5.38390E-04
  563.00      5.35030E-04
  565.00      5.31710E-04
  567.00      5.28410E-04
  569.00      5.17580E-04
  571.00      4.89340E-04
  573.00      4.86550E-04
  575.00      4.83700E-04
  577.00      4.81350E-04
  579.00      4.79350E-04
  581.00      4.75750E-04
  583.00      4.77030E-04
  585.00      4.76950E-04
  587.00      4.73060E-04
  589.00      4.76790E-04
  591.00      4.77230E-04
  593.00      4.78090E-04
  595.00      4.79520E-04
  597.00      4.79820E-04
  599.00      4.79210E-04
  601.00      4.76890E-04
  603.00      4.74220E-04
  605.00      4.71760E-04
  607.00      4.68520E-04
  609.00      4.66720E-04
  611.00      4.63240E-04
  613.00      4.60700E-04
  615.00      4.58800E-04
  617.00      4.54360E-04
  619.00      4.53730E-04
  621.00      4.51170E-04
  623.00      4.46400E-04
  625.00      4.45750E-04
  627.00      4.43470E-04
  629.00      4.41020E-04
  631.00      4.35600E-04
  633.00      4.36030E-04
  635.00      4.33550E-04
  637.00      4.31180E-04
  639.00      4.28650E-04
  641.00      4.23060E-04
  643.00      4.24040E-04
  645.00      4.21490E-04
  647.00      4.19110E-04
  649.00      4.17000E-04
  651.00      4.14570E-04
  653.00      4.08410E-04
  655.00      4.07310E-04
  657.00      3.83370E-04
  659.00      4.05520E-04
  661.00      4.03600E-04
  663.00      4.01430E-04
  665.00      3.99260E-04
  667.00      3.95310E-04
  669.00      3.89710E-04
  671.00      3.92350E-04
  673.00      3.90500E-04
  675.00      3.88370E-04
  677.00      3.86550E-04
  679.00      3.84600E-04
  681.00      3.82560E-04
  683.00      3.80550E-04
  685.00      3.78520E-04
  687.00      3.76480E-04
  689.00      3.70320E-04
  691.00      3.72560E-04
  693.00      3.70710E-04
  695.00      3.68790E-04
  697.00      3.66880E-04
  699.00      3.64980E-04
  701.00      3.62960E-04
  703.00      3.60760E-04
  705.00      3.59160E-04
  707.00      3.55820E-04
  709.00      3.55730E-04
  711.00      3.53820E-04
  713.00      3.52010E-04
  715.00      3.50340E-04
  717.00      3.45700E-04
  719.00      3.45530E-04
  721.00      3.45070E-04
  723.00      3.43320E-04
  725.00      3.41620E-04
  727.00      3.39920E-04
  729.00      3.37730E-04
  731.00      3.36350E-04
  733.00      3.34890E-04
  735.00      3.33230E-04
  737.00      3.31490E-04
  739.00      3.29880E-04
  741.00      3.28230E-04
  743.00      3.26740E-04
  745.00      3.24870E-04
  747.00      3.23510E-04
  749.00      3.21470E-04
  751.00      3.20290E-04
  753.00      3.18860E-04
  755.00      3.17290E-04
  757.00      3.15740E-04
  759.00      3.10340E-04
  761.00      3.12470E-04
  763.00      3.11220E-04
  765.00      3.09750E-04
  767.00      3.08320E-04
  769.00      3.06490E-04
  771.00      3.05240E-04
  773.00      3.03580E-04
  775.00      3.02410E-04
  777.00      3.01130E-04
  779.00      2.99690E-04
  781.00      2.98300E-04
  783.00      2.96870E-04
  785.00      2.95130E-04
  787.00      2.93990E-04
  789.00      2.92730E-04
  791.00      2.91450E-04
  793.00      2.90120E-04
  795.00      2.88780E-04
  797.00      2.87230E-04
  799.00      2.86140E-04
  801.00      2.84830E-04
  803.00      2.83380E-04
  805.00      2.82240E-04
  807.00      2.80960E-04
  809.00      2.79680E-04
  811.00      2.78420E-04
  813.00      2.77160E-04
  815.00      2.75910E-04
  817.00      2.74460E-04
  819.00      2.72260E-04
  821.00      2.61170E-04
  823.00      2.58560E-04
  825.00      2.58770E-04
  827.00      2.57790E-04
  829.00      2.56790E-04
  831.00      2.55750E-04
  833.00      2.54370E-04
  835.00      2.53420E-04
  837.00      2.52650E-04
  839.00      2.51810E-04
  841.00      2.51020E-04
  843.00      2.50250E-04
  845.00      2.49420E-04
  847.00      2.48700E-04
  849.00      2.48140E-04
  851.00      2.46850E-04
  853.00      2.46910E-04
  855.00      2.45460E-04
  857.00      2.45900E-04
  859.00      2.44230E-04
  861.00      2.43570E-04
  863.00      2.44650E-04
  865.00      2.43520E-04
  867.00      2.39410E-04
  869.00      2.43320E-04
  871.00      2.43320E-04
  873.00      2.42230E-04
  875.00      2.34740E-04
  877.00      2.40240E-04
  879.00      2.41190E-04
  881.00      2.40440E-04
  883.00      2.39550E-04
  885.00      2.35550E-04
  887.00      2.27890E-04
  889.00      2.36110E-04
  891.00      2.36070E-04
  893.00      2.34540E-04
  895.00      2.34070E-04
  897.00      2.33280E-04
  899.00      2.31260E-04
  901.00      2.21070E-04
  903.00      2.25600E-04
  905.00      2.29100E-04
  907.00      2.28190E-04
  909.00      2.27500E-04
  911.00      2.25990E-04
  913.00      2.25740E-04
  915.00      2.24870E-04
  917.00      2.23840E-04
  919.00      2.22950E-04
  921.00      2.20180E-04
  923.00      2.08450E-04
  925.00      2.18200E-04
  927.00      2.19270E-04
  929.00      2.18550E-04
  931.00      2.17600E-04
  933.00      2.16750E-04
  935.00      2.12160E-04
  937.00      2.13840E-04
  939.00      2.14230E-04
  941.00      2.13250E-04
  943.00      2.12490E-04
  945.00      2.11720E-04
  947.00      2.10760E-04
  949.00      2.10030E-04
  951.00      2.08710E-04
  953.00      2.05950E-04
  955.00      1.94960E-04
  957.00      2.05380E-04
  959.00      2.05910E-04
  961.00      2.05110E-04
  963.00      2.04220E-04
  965.00      2.03590E-04
  967.00      2.02820E-04
  969.00      2.02030E-04
  971.00      1.99740E-04
  973.00      2.00270E-04
  975.00      1.99540E-04
  977.00      1.97480E-04
  979.00      1.98180E-04
  981.00      1.97430E-04
  983.00      1.96600E-04
  985.00      1.95930E-04
  987.00      1.95180E-04
  989.00      1.94440E-04
  991.00      1.93660E-04
  993.00      1.92980E-04
  995.00      1.92250E-04
  997.00      1.91530E-04
  999.00      1.90810E-04
  1002.5      1.87110E-04
  1007.5      1.83760E-04
  1012.5      1.83210E-04
  1017.5      1.84340E-04
  1022.5      1.82630E-04
  1027.5      1.80910E-04
  1032.5      1.79110E-04
  1037.5      1.77700E-04
  1042.5      1.75290E-04
  1047.5      1.74530E-04
  1052.5      1.72960E-04
  1057.5      1.71430E-04
  1062.5      1.69910E-04
  1067.5      1.68390E-04
  1072.5      1.66940E-04
  1077.5      1.65480E-04
  1082.5      1.63420E-04
  1087.5      1.62600E-04
  1092.5      1.55990E-04
  1097.5      1.59020E-04
  1102.5      1.58370E-04
  1107.5      1.57100E-04
  1112.5      1.55770E-04
  1117.5      1.54550E-04
  1122.5      1.53220E-04
  1127.5      1.51940E-04
  1132.5      1.50660E-04
  1137.5      1.49420E-04
  1142.5      1.48200E-04
  1147.5      1.46970E-04
  1152.5      1.45770E-04
  1157.5      1.44550E-04
  1162.5      1.42140E-04
  1167.5      1.41380E-04
  1172.5      1.41080E-04
  1177.5      1.39950E-04
  1182.5      1.38800E-04
  1187.5      1.37710E-04
  1192.5      1.36610E-04
  1197.5      1.35160E-04
  1202.5      1.34470E-04
  1207.5      1.33390E-04
  1212.5      1.32330E-04
  1217.5      1.31330E-04
  1222.5      1.30310E-04
  1227.5      1.29300E-04
  1232.5      1.28290E-04
  1237.5      1.27310E-04
  1242.5      1.26340E-04
  1247.5      1.25370E-04
  1252.5      1.24380E-04
  1257.5      1.23460E-04
  1262.5      1.22540E-04
  1267.5      1.21620E-04
  1272.5      1.20710E-04
  1277.5      1.19280E-04
  1282.5      1.14720E-04
  1287.5      1.17950E-04
  1292.5      1.17160E-04
  1297.5      1.16200E-04
  1302.5      1.15440E-04
  1307.5      1.14610E-04
  1312.5      1.13770E-04
  1317.5      1.12940E-04
  1322.5      1.12130E-04
  1327.5      1.11320E-04
  1332.5      1.10520E-04
  1337.5      1.09730E-04
  1342.5      1.08940E-04
  1347.5      1.08170E-04
  1352.5      1.07410E-04
  1357.5      1.06650E-04
  1362.5      1.05900E-04
  1367.5      1.05160E-04
  1372.5      1.04420E-04
  1377.5      1.03700E-04
  1382.5      1.02980E-04
  1387.5      1.02270E-04
  1392.5      1.01560E-04
  1397.5      1.00870E-04
  1402.5      1.00170E-04
  1407.5      9.94920E-05
  1412.5      9.88150E-05
  1417.5      9.81380E-05
  1422.5      9.74840E-05
  1427.5      9.68270E-05
  1432.5      9.61680E-05
  1437.5      9.55290E-05
  1442.5      9.48980E-05
  1447.5      9.42680E-05
  1452.5      9.36440E-05
  1457.0      9.30870E-05
  1462.0      9.24990E-05
  1467.5      9.18320E-05
  1472.5      9.12110E-05
  1477.5      8.99450E-05
  1482.5      9.00490E-05
  1487.5      8.94740E-05
  1492.5      8.88990E-05
  1497.5      8.83280E-05
  1502.5      8.77620E-05
  1507.5      8.71770E-05
  1512.5      8.66440E-05
  1517.5      8.60920E-05
  1522.5      8.55510E-05
  1527.5      8.49970E-05
  1532.5      8.44530E-05
  1537.5      8.39400E-05
  1542.5      8.33630E-05
  1547.5      8.28920E-05
  1552.5      8.23690E-05
  1557.5      8.17470E-05
  1562.5      8.14180E-05
  1567.5      8.07820E-05
  1572.5      8.01710E-05
  1577.5      8.00620E-05
  1582.5      7.95300E-05
  1587.5      7.84220E-05
  1592.5      7.84200E-05
  1597.5      7.81620E-05
  1605.0      7.73050E-05
  1615.0      7.59870E-05
  1625.0      7.56200E-05
  1635.0      7.45210E-05
  1645.0      7.31300E-05
  1655.0      7.29780E-05
  1665.0      7.21290E-05
  1675.0      7.10680E-05
  1685.0      6.96540E-05
  1695.0      6.96730E-05
  1705.0      6.87760E-05
  1715.0      6.81040E-05
  1725.0      6.73370E-05
  1735.0      6.54860E-05
  1745.0      6.57920E-05
  1755.0      6.51170E-05
  1765.0      6.44000E-05
  1775.0      6.36950E-05
  1785.0      6.30020E-05
  1795.0      6.23210E-05
  1805.0      6.16490E-05
  1815.0      5.99300E-05
  1825.0      6.02300E-05
  1835.0      5.96990E-05
  1845.0      5.90700E-05
  1855.0      5.84540E-05
  1865.0      5.71680E-05
  1875.0      5.59230E-05
  1885.0      5.66550E-05
  1895.0      5.60760E-05
  1905.0      5.54510E-05
  1915.0      5.49380E-05
  1925.0      5.43820E-05
  1935.0      5.38290E-05
  1945.0      5.21800E-05
  1955.0      5.27430E-05
  1965.0      5.22390E-05
  1975.0      5.17230E-05
  1985.0      5.12140E-05
  1995.0      5.07120E-05
  2005.0      5.02200E-05
  2015.0      4.97330E-05
  2025.0      4.92530E-05
  2035.0      4.87800E-05
  2045.0      4.83110E-05
  2055.0      4.78320E-05
  2065.0      4.74020E-05
  2075.0      4.69350E-05
  2085.0      4.65130E-05
  2095.0      4.60800E-05
  2105.0      4.56520E-05
  2115.0      4.51880E-05
  2125.0      4.48130E-05
  2135.0      4.44020E-05
  2145.0      4.39940E-05
  2155.0      4.35930E-05
  2165.0      4.22000E-05
  2175.0      4.27810E-05
  2185.0      4.24240E-05
  2195.0      4.20500E-05
  2205.0      4.16760E-05
  2215.0      4.13070E-05
  2225.0      4.09420E-05
  2235.0      4.05830E-05
  2245.0      4.02280E-05
  2255.0      3.98780E-05
  2265.0      3.95330E-05
  2275.0      3.91920E-05
  2285.0      3.89040E-05
  2295.0      3.85710E-05
  2305.0      3.82390E-05
  2315.0      3.79180E-05
  2325.0      3.75970E-05
  2335.0      3.72810E-05
  2345.0      3.69680E-05
  2355.0      3.66600E-05
  2365.0      3.63550E-05
  2375.0      3.60540E-05
  2385.0      3.57570E-05
  2395.0      3.54630E-05
  2405.0      3.51730E-05
  2415.0      3.48870E-05
  2425.0      3.45980E-05
  2435.0      3.43240E-05
  2445.0      3.40480E-05
  2455.0      3.37750E-05
  2465.0      3.34990E-05
  2475.0      3.32130E-05
  2485.0      3.29750E-05
  2495.0      3.26780E-05
  2505.0      3.24580E-05
  2515.0      3.22040E-05
  2525.0      3.18800E-05
  2535.0      3.17040E-05
  2545.0      3.14590E-05
  2555.0      3.12130E-05
  2565.0      3.08580E-05
  2575.0      3.07390E-05
  2585.0      3.05050E-05
  2595.0      3.02730E-05
  2605.0      3.00090E-05
  2615.0      2.96010E-05
  2625.0      2.88280E-05
  2635.0      2.93460E-05
  2645.0      2.91520E-05
  2655.0      2.89300E-05
  2665.0      2.87020E-05
  2675.0      2.82350E-05
  2685.0      2.82780E-05
  2695.0      2.80930E-05
  2705.0      2.78880E-05
  2715.0      2.76850E-05
  2725.0      2.74840E-05
  2735.0      2.72850E-05
  2745.0      2.70870E-05
  2755.0      2.65770E-05
  2765.0      2.66070E-05
  2775.0      2.65120E-05
  2785.0      2.63240E-05
  2795.0      2.61380E-05
  2805.0      2.59540E-05
  2815.0      2.57710E-05
  2825.0      2.55910E-05
  2835.0      2.54120E-05
  2845.0      2.52350E-05
  2855.0      2.50590E-05
  2865.0      2.48270E-05
  2875.0      2.43080E-05
  2885.0      2.45410E-05
  2895.0      2.43790E-05
  2905.0      2.42120E-05
  2915.0      2.40480E-05
  2925.0      2.38850E-05
  2935.0      2.37240E-05
  2945.0      2.35640E-05
  2955.0      2.34060E-05
  2965.0      2.32500E-05
  2975.0      2.30950E-05
  2985.0      2.29420E-05
  2995.0      2.27900E-05
  3005.0      2.26400E-05
  3015.0      2.24910E-05
  3025.0      2.23430E-05
  3035.0      2.18440E-05
  3045.0      2.18940E-05
  3055.0      2.19090E-05
  3065.0      2.17680E-05
  3075.0      2.16280E-05
  3085.0      2.14880E-05
  3095.0      2.13510E-05
  3105.0      2.12140E-05
  3115.0      2.10790E-05
  3125.0      2.09450E-05
  3135.0      2.08130E-05
  3145.0      2.06810E-05
  3155.0      2.05510E-05
  3165.0      2.04220E-05
  3175.0      2.02950E-05
  3185.0      2.01680E-05
  3195.0      2.00430E-05
  3210.0      1.98570E-05
  3230.0      1.96130E-05
  3250.0      1.93740E-05
  3270.0      1.91390E-05
  3290.0      1.86420E-05
  3310.0      1.86540E-05
  3330.0      1.84690E-05
  3350.0      1.82520E-05
  3370.0      1.80370E-05
  3390.0      1.78250E-05
  3410.0      1.76180E-05
  3430.0      1.74140E-05
  3450.0      1.72130E-05
  3470.0      1.70160E-05
  3490.0      1.68220E-05
  3510.0      1.66310E-05
  3530.0      1.64440E-05
  3550.0      1.62600E-05
  3570.0      1.60790E-05
  3590.0      1.59000E-05
  3610.0      1.57250E-05
  3630.0      1.55530E-05
  3650.0      1.53830E-05
  3670.0      1.52160E-05
  3690.0      1.50520E-05
  3710.0      1.48820E-05
  3730.0      1.46380E-05
  3750.0      1.44050E-05
  3770.0      1.44210E-05
  3790.0      1.42690E-05
  3810.0      1.41090E-05
  3830.0      1.39640E-05
  3850.0      1.38280E-05
  3870.0      1.36860E-05
  3890.0      1.35450E-05
  3910.0      1.33750E-05
  3930.0      1.32710E-05
  3950.0      1.31370E-05
  3970.0      1.30050E-05
  3990.0      1.28750E-05
  4010.0      1.27260E-05
  4030.0      1.25730E-05
  4050.0      1.23070E-05
  4070.0      1.23730E-05
  4090.0      1.22530E-05
  4110.0      1.21340E-05
  4130.0      1.20130E-05
  4150.0      1.19000E-05
  4170.0      1.17040E-05
  4190.0      1.16730E-05
  4210.0      1.15630E-05
  4230.0      1.14540E-05
  4250.0      1.13450E-05
  4270.0      1.12400E-05
  4290.0      1.11300E-05
  4310.0      1.10320E-05
  4330.0      1.09300E-05
  4350.0      1.08300E-05
  4370.0      1.06400E-05
  4390.0      1.06130E-05
  4410.0      1.05360E-05
  4430.0      1.04410E-05
  4450.0      1.03470E-05
  4470.0      1.02590E-05
  4490.0      1.01670E-05
  4510.0      1.00770E-05
  4530.0      9.98800E-06
  4550.0      9.90010E-06
  4570.0      9.81340E-06
  4590.0      9.72770E-06
  4610.0      9.64240E-06
  4630.0      9.55960E-06
  4650.0      9.28680E-06
  4670.0      9.26620E-06
  4690.0      9.30380E-06
  4710.0      9.23640E-06
  4730.0      9.15820E-06
  4750.0      9.08080E-06
  4770.0      9.00450E-06
  4790.0      8.92910E-06
  4810.0      8.85470E-06
  4830.0      8.78110E-06
  4850.0      8.70850E-06
  4870.0      8.63670E-06
  4890.0      8.56590E-06
  4910.0      8.49580E-06
  4930.0      8.42660E-06
  4950.0      8.35830E-06
  4970.0      8.29080E-06
  4990.0      8.22410E-06
  5010.0      8.15810E-06
  5030.0      8.09300E-06
  5050.0      8.02870E-06
  5070.0      7.96510E-06
  5090.0      7.90210E-06
  5110.0      7.83410E-06
  5130.0      7.65120E-06
  5150.0      7.71640E-06
  5170.0      7.65790E-06
  5190.0      7.59870E-06
  5210.0      7.54010E-06
  5230.0      7.48220E-06
  5250.0      7.42490E-06
  5270.0      7.36820E-06
  5290.0      7.31230E-06
  5310.0      7.25700E-06
  5330.0      7.20220E-06
  5350.0      7.14810E-06
  5370.0      7.09390E-06
  5390.0      7.04150E-06
  5410.0      6.98930E-06
  5430.0      6.93760E-06
  5450.0      6.88640E-06
  5470.0      6.83570E-06
  5490.0      6.78560E-06
  5510.0      6.73590E-06
  5530.0      6.68030E-06
  5550.0      6.63860E-06
  5570.0      6.59060E-06
  5590.0      6.54320E-06
  5610.0      6.49630E-06
  5630.0      6.44980E-06
  5650.0      6.40390E-06
  5670.0      6.35840E-06
  5690.0      6.31340E-06
  5710.0      6.25200E-06
  5730.0      6.22480E-06
  5750.0      6.18130E-06
  5770.0      6.13820E-06
  5790.0      6.09550E-06
  5810.0      6.05330E-06
  5830.0      6.01140E-06
  5850.0      5.97160E-06
  5870.0      5.93060E-06
  5890.0      5.88310E-06
  5910.0      5.73010E-06
  5930.0      5.80760E-06
  5950.0      5.74380E-06
  5970.0      5.72250E-06
  5990.0      5.69330E-06
  6010.0      5.65520E-06
  6030.0      5.61730E-06
  6050.0      5.57990E-06
  6070.0      5.54290E-06
  6090.0      5.50620E-06
  6110.0      5.46990E-06
  6130.0      5.43390E-06
  6150.0      5.39830E-06
  6170.0      5.36300E-06
  6190.0      5.32810E-06
  6210.0      5.29350E-06
  6230.0      5.25920E-06
  6250.0      5.22530E-06
  6270.0      5.18950E-06
  6290.0      5.11260E-06
  6310.0      5.11990E-06
  6330.0      5.09270E-06
  6350.0      5.06040E-06
  6370.0      5.02830E-06
  6390.0      4.99660E-06
  6420.0      4.94950E-06
  6460.0      4.88780E-06
  6500.0      4.82720E-06
  6540.0      4.76770E-06
  6580.0      4.70930E-06
  6620.0      4.65200E-06
  6660.0      4.59570E-06
  6700.0      4.54040E-06
  6740.0      4.48420E-06
  6780.0      4.40160E-06
  6820.0      4.38030E-06
  6860.0      4.32880E-06
  6900.0      4.27820E-06
  6940.0      4.22840E-06
  6980.0      4.17960E-06
  7020.0      4.13160E-06
  7060.0      4.08430E-06
  7100.0      4.03790E-06
  7140.0      3.99230E-06
  7180.0      3.94740E-06
  7220.0      3.90330E-06
  7260.0      3.85980E-06
  7300.0      3.81720E-06
  7340.0      3.77520E-06
  7380.0      3.73390E-06
  7420.0      3.69110E-06
  7460.0      3.59920E-06
  7500.0      3.53870E-06
  7540.0      3.57220E-06
  7580.0      3.53720E-06
  7620.0      3.49970E-06
  7660.0      3.46280E-06
  7700.0      3.42650E-06
  7740.0      3.39070E-06
  7780.0      3.35300E-06
  7820.0      3.32080E-06
  7860.0      3.28670E-06
  7900.0      3.25310E-06
  7940.0      3.22000E-06
  7980.0      3.18740E-06
  8020.0      3.15520E-06
  8060.0      3.12360E-06
  8100.0      3.09240E-06
  8140.0      3.05660E-06
  8180.0      3.03020E-06
  8220.0      3.00160E-06
  8260.0      2.97230E-06
  8300.0      2.94330E-06
  8340.0      2.91480E-06
  8380.0      2.88660E-06
  8420.0      2.85890E-06
  8460.0      2.83160E-06
  8500.0      2.80460E-06
  8540.0      2.77800E-06
  8580.0      2.75180E-06
  8620.0      2.72600E-06
  8660.0      2.69000E-06
  8700.0      2.67530E-06
  8740.0      2.63310E-06
  8780.0      2.60860E-06
  8820.0      2.60210E-06
  8860.0      2.57830E-06
  8900.0      2.55490E-06
  8940.0      2.53180E-06
  8980.0      2.50890E-06
  9020.0      2.48640E-06
  9060.0      2.46420E-06
  9100.0      2.44230E-06
  9140.0      2.42060E-06
  9180.0      2.39930E-06
  9220.0      2.37820E-06
  9260.0      2.35740E-06
  9300.0      2.33690E-06
  9340.0      2.31660E-06
  9380.0      2.28250E-06
  9420.0      2.27410E-06
  9460.0      2.25730E-06
  9500.0      2.23810E-06
  9540.0      2.21910E-06
  9580.0      2.20030E-06
  9620.0      2.18180E-06
  9660.0      2.16350E-06
  9700.0      2.14540E-06
  9740.0      2.12760E-06
  9780.0      2.10990E-06
  9820.0      2.09250E-06
  9860.0      2.07530E-06
  9900.0      2.05830E-06
  9940.0      2.04150E-06
  9980.0      2.02500E-06
  10020.      2.00860E-06
  20000.      4.91460E-07
  40000.      1.19200E-07
  60000.      5.20110E-08
  80000.      2.88680E-08
 1.00000E+05  1.82840E-08
 1.20000E+05  1.25880E-08
 1.40000E+05  9.17980E-09
 1.60000E+05  6.98250E-09
