 Castelli and Kurucz 2004-2012 Atmosphere
 T     38000.     G    4.00000 [0.0] VTURB=2  L/H=1.25 NOVER NEW ODF           
 Wavelength  Eddington Hnu
   (nm)    (ergs/s/cm2/Hz/sr)
  9.0900      5.78850E-27
  9.3500      2.34490E-26
  9.6100      8.74610E-26
  9.7700      1.93080E-25
  9.9600      4.74220E-25
  10.200      1.41060E-24
  10.380      3.10320E-24
  10.560      6.65860E-24
  10.770      1.57570E-23
  11.040      4.56600E-23
  11.400      1.75860E-22
  11.780      6.75760E-22
  12.130      2.19020E-21
  12.480      6.69720E-21
  12.710      1.35640E-20
  12.840      2.00150E-20
  13.050      3.69720E-20
  13.240      6.35160E-20
  13.390      9.65930E-20
  13.660      2.00730E-19
  13.980      4.67020E-19
  14.330      1.12450E-18
  14.720      2.83230E-18
  15.100      6.90690E-18
  15.520      1.73840E-17
  15.880      3.70890E-17
  16.200      7.09710E-17
  16.600      1.55910E-16
  17.030      3.46690E-16
  17.340      6.04460E-16
  17.680      1.09780E-15
  18.020      1.94320E-15
  18.170      2.46370E-15
  18.610      5.01570E-15
  19.100      1.05830E-14
  19.390      1.62350E-14
  19.840      3.06870E-14
  20.180      4.85320E-14
  20.500      7.44030E-14
  21.050      1.49710E-13
  21.620      2.96490E-13
  21.980      4.52670E-13
  22.300      6.46970E-13
  22.680      9.78080E-13
  23.000      1.00270E-09
  23.400      3.07670E-09
  24.000      4.45260E-09
  24.650      7.08420E-09
  25.240      1.31620E-08
  25.680      1.80030E-08
  26.000      2.53960E-08
  26.400      9.82370E-08
  26.850      1.41880E-07
  27.350      1.84820E-07
  27.850      1.42470E-07
  28.400      3.67690E-07
  29.000      5.79130E-07
  29.600      4.90480E-07
  30.100      7.96040E-07
  30.800      4.13040E-06
  31.800      2.80990E-06
  32.800      5.45740E-06
  33.800      5.79020E-06
  34.800      7.40460E-06
  35.700      2.03800E-05
  36.600      4.79400E-05
  37.500      6.49240E-05
  38.500      6.30630E-05
  39.500      1.18970E-04
  40.500      1.99160E-04
  41.400      1.99250E-04
  42.200      2.00860E-04
  43.000      1.93030E-04
  44.100      2.49370E-04
  45.100      2.67600E-04
  46.000      2.31310E-04
  47.000      2.61420E-04
  48.000      3.20630E-04
  49.000      2.31840E-04
  50.000      3.65170E-04
  50.600      2.81230E-04
  51.200      5.67220E-04
  52.000      5.41680E-04
  53.000      5.01750E-04
  54.000      4.48350E-04
  55.000      4.03740E-04
  56.000      5.84930E-04
  57.000      7.32630E-04
  58.000      7.25340E-04
  59.000      7.58080E-04
  60.000      5.96920E-04
  61.000      6.08470E-04
  62.000      8.47700E-04
  63.000      8.09050E-04
  64.000      9.35160E-04
  65.000      8.94540E-04
  65.800      7.65970E-04
  66.500      9.47740E-04
  67.500      1.05390E-03
  68.500      8.81910E-04
  69.500      1.07430E-03
  70.500      8.68690E-04
  71.600      1.15770E-03
  72.600      1.18880E-03
  73.500      1.22020E-03
  74.500      1.15480E-03
  75.500      1.16470E-03
  76.500      1.06700E-03
  77.500      1.20610E-03
  78.500      1.08330E-03
  79.500      1.24140E-03
  80.500      1.26060E-03
  81.500      1.28640E-03
  82.500      1.32510E-03
  83.500      1.12050E-03
  84.500      1.32310E-03
  85.500      1.29150E-03
  86.500      1.37410E-03
  87.500      1.39550E-03
  88.500      1.39660E-03
  89.500      1.40770E-03
  90.500      1.38990E-03
  91.500      1.19200E-03
  92.500      2.05820E-03
  93.500      2.77740E-03
  94.500      3.04100E-03
  95.500      3.34820E-03
  96.500      3.56290E-03
  97.500      2.70410E-03
  98.500      3.26700E-03
  99.500      3.02250E-03
  100.50      3.05860E-03
  101.50      3.22910E-03
  102.50      3.04960E-03
  103.50      3.38710E-03
  104.50      3.55370E-03
  105.50      3.51530E-03
  106.50      3.39220E-03
  107.50      3.43410E-03
  108.50      3.30760E-03
  109.50      3.41710E-03
  110.50      3.37650E-03
  111.50      3.35250E-03
  112.50      3.20730E-03
  113.50      3.38530E-03
  114.50      3.41050E-03
  115.50      3.25500E-03
  116.50      3.18830E-03
  117.50      2.71040E-03
  118.50      3.07670E-03
  119.50      3.00660E-03
  120.50      3.00550E-03
  121.50      2.68760E-03
  122.50      2.93510E-03
  123.50      3.00580E-03
  124.50      2.97240E-03
  125.50      3.01710E-03
  126.50      3.08430E-03
  127.50      3.14740E-03
  128.50      3.15380E-03
  129.50      3.14840E-03
  130.50      3.08970E-03
  131.50      3.14430E-03
  132.50      3.12360E-03
  133.50      3.10130E-03
  134.50      3.12510E-03
  135.50      3.03080E-03
  136.50      2.97500E-03
  137.50      2.91000E-03
  138.50      2.92930E-03
  139.50      2.80980E-03
  140.50      2.72140E-03
  141.50      2.96870E-03
  142.50      2.76510E-03
  143.50      2.90370E-03
  144.20      2.83030E-03
  144.70      2.84650E-03
  145.50      2.77640E-03
  146.50      2.79900E-03
  147.50      2.81070E-03
  148.50      2.85070E-03
  149.50      2.80250E-03
  150.50      2.83000E-03
  151.20      2.83160E-03
  151.70      2.80380E-03
  152.50      2.78680E-03
  153.50      2.59430E-03
  154.50      2.17270E-03
  155.50      2.25800E-03
  156.50      2.51660E-03
  157.50      2.62120E-03
  158.50      2.61560E-03
  159.50      2.63060E-03
  160.50      2.51580E-03
  161.50      2.47220E-03
  162.50      2.51320E-03
  163.50      2.53530E-03
  164.50      2.48460E-03
  165.50      2.57150E-03
  166.50      2.55020E-03
  167.20      2.42210E-03
  167.70      2.66050E-03
  168.50      2.61480E-03
  169.50      2.59820E-03
  170.50      2.56480E-03
  171.50      2.47920E-03
  172.50      2.47530E-03
  173.50      2.56190E-03
  174.50      2.55310E-03
  175.50      2.52000E-03
  176.50      2.51810E-03
  177.50      2.49110E-03
  178.50      2.51350E-03
  179.50      2.46770E-03
  180.50      2.46820E-03
  181.50      2.45000E-03
  182.50      2.42820E-03
  183.50      2.44170E-03
  184.50      2.43520E-03
  185.50      2.43000E-03
  186.50      2.42320E-03
  187.50      2.38630E-03
  188.50      2.36920E-03
  189.50      2.39940E-03
  190.50      2.39660E-03
  191.50      2.38310E-03
  192.50      2.30250E-03
  193.50      2.36660E-03
  194.50      2.35930E-03
  195.50      2.29140E-03
  196.70      2.32040E-03
  197.60      2.31000E-03
  198.40      2.31230E-03
  199.50      2.29020E-03
  200.50      2.29610E-03
  201.50      2.28230E-03
  202.50      2.26900E-03
  203.50      2.24960E-03
  204.50      2.22610E-03
  205.50      1.72670E-03
  206.50      1.69140E-03
  207.40      1.77010E-03
  207.80      1.82950E-03
  208.50      2.01630E-03
  209.50      2.15310E-03
  210.50      2.14200E-03
  211.50      2.16240E-03
  212.50      2.13700E-03
  213.50      2.14020E-03
  214.50      2.12650E-03
  215.50      2.14100E-03
  216.50      2.05810E-03
  217.50      2.12370E-03
  218.50      2.06840E-03
  219.50      2.11040E-03
  220.50      2.09650E-03
  221.50      2.03470E-03
  222.50      2.07040E-03
  223.50      2.06140E-03
  224.50      2.04570E-03
  225.50      1.99720E-03
  226.50      2.02510E-03
  227.50      2.02080E-03
  228.50      1.99500E-03
  229.50      1.93640E-03
  230.50      1.93900E-03
  231.50      1.95610E-03
  232.50      1.95970E-03
  233.50      1.94950E-03
  234.50      1.93010E-03
  235.50      1.91370E-03
  236.50      1.90040E-03
  237.50      1.88100E-03
  238.50      1.81680E-03
  239.50      1.84860E-03
  240.50      1.84680E-03
  241.50      1.84070E-03
  242.50      1.84440E-03
  243.50      1.82930E-03
  244.50      1.82120E-03
  245.50      1.80440E-03
  246.50      1.79880E-03
  247.50      1.79770E-03
  248.50      1.77060E-03
  249.50      1.53530E-03
  250.50      1.74890E-03
  251.30      1.67030E-03
  251.80      1.71760E-03
  252.50      1.73390E-03
  253.50      1.73780E-03
  254.50      1.73190E-03
  255.50      1.71990E-03
  256.50      1.71250E-03
  257.50      1.70120E-03
  258.50      1.69350E-03
  259.50      1.66440E-03
  260.50      1.67680E-03
  261.50      1.65650E-03
  262.50      1.65970E-03
  263.50      1.65360E-03
  264.50      1.63890E-03
  265.50      1.63490E-03
  266.50      1.62420E-03
  267.50      1.60020E-03
  268.50      1.60510E-03
  269.50      1.59450E-03
  270.50      1.59550E-03
  271.50      1.58240E-03
  272.50      1.57630E-03
  273.50      1.53530E-03
  274.50      1.56350E-03
  275.50      1.55220E-03
  276.50      1.54420E-03
  277.50      1.53680E-03
  278.50      1.52190E-03
  279.50      1.50790E-03
  280.50      1.51060E-03
  281.50      1.50430E-03
  282.50      1.49480E-03
  283.50      1.48950E-03
  284.50      1.48480E-03
  285.50      1.47650E-03
  286.50      1.46360E-03
  287.50      1.45650E-03
  288.50      1.45250E-03
  289.50      1.44550E-03
  291.00      1.43340E-03
  293.00      1.42240E-03
  295.00      1.40740E-03
  297.00      1.39040E-03
  299.00      1.37070E-03
  301.00      1.35850E-03
  303.00      1.33790E-03
  305.00      1.33100E-03
  307.00      1.31740E-03
  309.00      1.30970E-03
  311.00      1.29810E-03
  313.00      1.28510E-03
  315.00      1.27650E-03
  317.00      1.26290E-03
  319.00      1.25280E-03
  321.00      1.22400E-03
  323.00      1.23000E-03
  325.00      1.21990E-03
  327.00      1.19800E-03
  329.00      1.19440E-03
  331.00      1.18220E-03
  333.00      1.17140E-03
  335.00      1.15440E-03
  337.00      1.14890E-03
  339.00      1.14010E-03
  341.00      1.12880E-03
  343.00      1.12220E-03
  345.00      1.10670E-03
  347.00      1.10190E-03
  349.00      1.09250E-03
  351.00      1.08430E-03
  353.00      1.07270E-03
  355.00      1.06350E-03
  357.00      1.05520E-03
  359.00      1.04550E-03
  361.00      1.03470E-03
  363.00      1.02560E-03
  364.00      1.00510E-03
  365.00      9.21720E-04
  367.00      9.15250E-04
  369.00      9.12370E-04
  371.00      9.11720E-04
  373.00      9.22520E-04
  375.00      9.41230E-04
  377.00      9.48770E-04
  379.00      9.60840E-04
  381.00      9.73270E-04
  383.00      9.34730E-04
  385.00      9.70300E-04
  387.00      9.64420E-04
  389.00      9.08920E-04
  391.00      9.56850E-04
  393.00      9.39530E-04
  395.00      9.37490E-04
  397.00      8.74720E-04
  399.00      9.26220E-04
  401.00      9.17620E-04
  403.00      8.98710E-04
  405.00      9.04750E-04
  407.00      8.94540E-04
  409.00      8.72850E-04
  411.00      8.34010E-04
  413.00      8.73320E-04
  415.00      8.67060E-04
  417.00      8.62590E-04
  419.00      8.54360E-04
  421.00      8.40200E-04
  423.00      8.43910E-04
  425.00      8.36540E-04
  427.00      8.30140E-04
  429.00      8.24080E-04
  431.00      8.15800E-04
  433.00      7.94270E-04
  435.00      7.65940E-04
  437.00      7.97170E-04
  439.00      7.87490E-04
  441.00      7.82210E-04
  443.00      7.79600E-04
  445.00      7.73380E-04
  447.00      7.63260E-04
  449.00      7.62620E-04
  451.00      7.53410E-04
  453.00      7.48870E-04
  455.00      7.34960E-04
  457.00      7.39760E-04
  459.00      7.33700E-04
  461.00      7.29490E-04
  463.00      7.20950E-04
  465.00      7.03020E-04
  467.00      7.11990E-04
  469.00      6.88750E-04
  471.00      7.02890E-04
  473.00      7.00790E-04
  475.00      6.95840E-04
  477.00      6.90780E-04
  479.00      6.85680E-04
  481.00      6.80990E-04
  483.00      6.75960E-04
  485.00      6.63550E-04
  487.00      6.29620E-04
  489.00      6.61550E-04
  491.00      6.56990E-04
  493.00      6.50210E-04
  495.00      6.48230E-04
  497.00      6.44110E-04
  499.00      6.39950E-04
  501.00      6.33120E-04
  503.00      6.30570E-04
  505.00      6.26030E-04
  507.00      6.22510E-04
  509.00      6.18490E-04
  511.00      6.14380E-04
  513.00      6.10030E-04
  515.00      6.05980E-04
  517.00      6.02090E-04
  519.00      5.98080E-04
  521.00      5.94110E-04
  523.00      5.90360E-04
  525.00      5.85590E-04
  527.00      5.81550E-04
  529.00      5.78810E-04
  531.00      5.75040E-04
  533.00      5.71200E-04
  535.00      5.67650E-04
  537.00      5.63950E-04
  539.00      5.60280E-04
  541.00      5.48910E-04
  543.00      5.53240E-04
  545.00      5.49710E-04
  547.00      5.46040E-04
  549.00      5.42730E-04
  551.00      5.38770E-04
  553.00      5.35920E-04
  555.00      5.32590E-04
  557.00      5.28820E-04
  559.00      5.24280E-04
  561.00      5.22690E-04
  563.00      5.19420E-04
  565.00      5.16200E-04
  567.00      5.13000E-04
  569.00      5.02520E-04
  571.00      4.76270E-04
  573.00      4.73560E-04
  575.00      4.70780E-04
  577.00      4.68460E-04
  579.00      4.66420E-04
  581.00      4.63000E-04
  583.00      4.63840E-04
  585.00      4.63750E-04
  587.00      4.59330E-04
  589.00      4.63330E-04
  591.00      4.63610E-04
  593.00      4.64290E-04
  595.00      4.65500E-04
  597.00      4.65810E-04
  599.00      4.65200E-04
  601.00      4.63130E-04
  603.00      4.60430E-04
  605.00      4.58060E-04
  607.00      4.54950E-04
  609.00      4.53150E-04
  611.00      4.49810E-04
  613.00      4.47350E-04
  615.00      4.45440E-04
  617.00      4.41250E-04
  619.00      4.40560E-04
  621.00      4.38080E-04
  623.00      4.33570E-04
  625.00      4.32820E-04
  627.00      4.30610E-04
  629.00      4.28230E-04
  631.00      4.23170E-04
  633.00      4.23390E-04
  635.00      4.20970E-04
  637.00      4.18680E-04
  639.00      4.16260E-04
  641.00      4.10990E-04
  643.00      4.11760E-04
  645.00      4.09260E-04
  647.00      4.06940E-04
  649.00      4.04900E-04
  651.00      4.02570E-04
  653.00      3.96750E-04
  655.00      3.95280E-04
  657.00      3.71400E-04
  659.00      3.93760E-04
  661.00      3.91930E-04
  663.00      3.89820E-04
  665.00      3.87720E-04
  667.00      3.83670E-04
  669.00      3.78440E-04
  671.00      3.80970E-04
  673.00      3.79140E-04
  675.00      3.77100E-04
  677.00      3.75380E-04
  679.00      3.73500E-04
  681.00      3.71530E-04
  683.00      3.69580E-04
  685.00      3.67610E-04
  687.00      3.65620E-04
  689.00      3.59790E-04
  691.00      3.61800E-04
  693.00      3.60030E-04
  695.00      3.58160E-04
  697.00      3.56320E-04
  699.00      3.54470E-04
  701.00      3.52490E-04
  703.00      3.50330E-04
  705.00      3.48800E-04
  707.00      3.45220E-04
  709.00      3.45490E-04
  711.00      3.43660E-04
  713.00      3.41910E-04
  715.00      3.40270E-04
  717.00      3.35870E-04
  719.00      3.35650E-04
  721.00      3.35160E-04
  723.00      3.33440E-04
  725.00      3.31800E-04
  727.00      3.30160E-04
  729.00      3.27850E-04
  731.00      3.26690E-04
  733.00      3.25270E-04
  735.00      3.23670E-04
  737.00      3.21980E-04
  739.00      3.20440E-04
  741.00      3.18820E-04
  743.00      3.17370E-04
  745.00      3.15560E-04
  747.00      3.14230E-04
  749.00      3.12200E-04
  751.00      3.11120E-04
  753.00      3.09720E-04
  755.00      3.08200E-04
  757.00      3.06700E-04
  759.00      3.01580E-04
  761.00      3.03500E-04
  763.00      3.02300E-04
  765.00      3.00880E-04
  767.00      2.99500E-04
  769.00      2.97690E-04
  771.00      2.96490E-04
  773.00      2.94870E-04
  775.00      2.93760E-04
  777.00      2.92520E-04
  779.00      2.91130E-04
  781.00      2.89770E-04
  783.00      2.88390E-04
  785.00      2.86670E-04
  787.00      2.85580E-04
  789.00      2.84370E-04
  791.00      2.83140E-04
  793.00      2.81850E-04
  795.00      2.80550E-04
  797.00      2.79050E-04
  799.00      2.77970E-04
  801.00      2.76710E-04
  803.00      2.75300E-04
  805.00      2.74200E-04
  807.00      2.72960E-04
  809.00      2.71720E-04
  811.00      2.70470E-04
  813.00      2.69270E-04
  815.00      2.68040E-04
  817.00      2.66660E-04
  819.00      2.64570E-04
  821.00      2.54420E-04
  823.00      2.51920E-04
  825.00      2.52100E-04
  827.00      2.51100E-04
  829.00      2.50160E-04
  831.00      2.49150E-04
  833.00      2.47770E-04
  835.00      2.46780E-04
  837.00      2.46070E-04
  839.00      2.45260E-04
  841.00      2.44460E-04
  843.00      2.43680E-04
  845.00      2.42800E-04
  847.00      2.42110E-04
  849.00      2.41530E-04
  851.00      2.40170E-04
  853.00      2.40280E-04
  855.00      2.38780E-04
  857.00      2.39310E-04
  859.00      2.37440E-04
  861.00      2.36830E-04
  863.00      2.38030E-04
  865.00      2.36760E-04
  867.00      2.32450E-04
  869.00      2.36610E-04
  871.00      2.36650E-04
  873.00      2.35390E-04
  875.00      2.27640E-04
  877.00      2.33340E-04
  879.00      2.34520E-04
  881.00      2.33800E-04
  883.00      2.32890E-04
  885.00      2.28670E-04
  887.00      2.20920E-04
  889.00      2.29510E-04
  891.00      2.29520E-04
  893.00      2.28140E-04
  895.00      2.27620E-04
  897.00      2.26830E-04
  899.00      2.24740E-04
  901.00      2.14320E-04
  903.00      2.19010E-04
  905.00      2.22730E-04
  907.00      2.21810E-04
  909.00      2.21190E-04
  911.00      2.19880E-04
  913.00      2.19540E-04
  915.00      2.18700E-04
  917.00      2.17680E-04
  919.00      2.16790E-04
  921.00      2.13840E-04
  923.00      2.01970E-04
  925.00      2.12000E-04
  927.00      2.13240E-04
  929.00      2.12550E-04
  931.00      2.11600E-04
  933.00      2.10810E-04
  935.00      2.06480E-04
  937.00      2.08070E-04
  939.00      2.08350E-04
  941.00      2.07390E-04
  943.00      2.06660E-04
  945.00      2.05900E-04
  947.00      2.04930E-04
  949.00      2.04280E-04
  951.00      2.02820E-04
  953.00      1.99990E-04
  955.00      1.88920E-04
  957.00      1.99610E-04
  959.00      2.00220E-04
  961.00      1.99480E-04
  963.00      1.98570E-04
  965.00      1.98020E-04
  967.00      1.97270E-04
  969.00      1.96490E-04
  971.00      1.94010E-04
  973.00      1.94750E-04
  975.00      1.94090E-04
  977.00      1.92220E-04
  979.00      1.92760E-04
  981.00      1.92030E-04
  983.00      1.91230E-04
  985.00      1.90570E-04
  987.00      1.89850E-04
  989.00      1.89110E-04
  991.00      1.88350E-04
  993.00      1.87700E-04
  995.00      1.86990E-04
  997.00      1.86290E-04
  999.00      1.85590E-04
  1002.5      1.81790E-04
  1007.5      1.78500E-04
  1012.5      1.78290E-04
  1017.5      1.79310E-04
  1022.5      1.77640E-04
  1027.5      1.75970E-04
  1032.5      1.74170E-04
  1037.5      1.72850E-04
  1042.5      1.70580E-04
  1047.5      1.69770E-04
  1052.5      1.68240E-04
  1057.5      1.66750E-04
  1062.5      1.65280E-04
  1067.5      1.63790E-04
  1072.5      1.62390E-04
  1077.5      1.60970E-04
  1082.5      1.58860E-04
  1087.5      1.58170E-04
  1092.5      1.51420E-04
  1097.5      1.54600E-04
  1102.5      1.54030E-04
  1107.5      1.52830E-04
  1112.5      1.51530E-04
  1117.5      1.50330E-04
  1122.5      1.49050E-04
  1127.5      1.47800E-04
  1132.5      1.46550E-04
  1137.5      1.45350E-04
  1142.5      1.44160E-04
  1147.5      1.42970E-04
  1152.5      1.41800E-04
  1157.5      1.40610E-04
  1162.5      1.38350E-04
  1167.5      1.37590E-04
  1172.5      1.37240E-04
  1177.5      1.36140E-04
  1182.5      1.35020E-04
  1187.5      1.33960E-04
  1192.5      1.32890E-04
  1197.5      1.31400E-04
  1202.5      1.30810E-04
  1207.5      1.29770E-04
  1212.5      1.28730E-04
  1217.5      1.27760E-04
  1222.5      1.26770E-04
  1227.5      1.25790E-04
  1232.5      1.24810E-04
  1237.5      1.23860E-04
  1242.5      1.22910E-04
  1247.5      1.21970E-04
  1252.5      1.20990E-04
  1257.5      1.20110E-04
  1262.5      1.19220E-04
  1267.5      1.18320E-04
  1272.5      1.17440E-04
  1277.5      1.15930E-04
  1282.5      1.11420E-04
  1287.5      1.14740E-04
  1292.5      1.13990E-04
  1297.5      1.13010E-04
  1302.5      1.12310E-04
  1307.5      1.11500E-04
  1312.5      1.10690E-04
  1317.5      1.09890E-04
  1322.5      1.09090E-04
  1327.5      1.08310E-04
  1332.5      1.07530E-04
  1337.5      1.06760E-04
  1342.5      1.05990E-04
  1347.5      1.05250E-04
  1352.5      1.04500E-04
  1357.5      1.03770E-04
  1362.5      1.03040E-04
  1367.5      1.02320E-04
  1372.5      1.01590E-04
  1377.5      1.00900E-04
  1382.5      1.00200E-04
  1387.5      9.95060E-05
  1392.5      9.88190E-05
  1397.5      9.81440E-05
  1402.5      9.74670E-05
  1407.5      9.68080E-05
  1412.5      9.61500E-05
  1417.5      9.54920E-05
  1422.5      9.48550E-05
  1427.5      9.42160E-05
  1432.5      9.35780E-05
  1437.5      9.29550E-05
  1442.5      9.23410E-05
  1447.5      9.17280E-05
  1452.5      9.11210E-05
  1457.0      9.05790E-05
  1462.0      9.00040E-05
  1467.5      8.93550E-05
  1472.5      8.87530E-05
  1477.5      8.75700E-05
  1482.5      8.76230E-05
  1487.5      8.70630E-05
  1492.5      8.65040E-05
  1497.5      8.59480E-05
  1502.5      8.53970E-05
  1507.5      8.48200E-05
  1512.5      8.43110E-05
  1517.5      8.37740E-05
  1522.5      8.32480E-05
  1527.5      8.27080E-05
  1532.5      8.21790E-05
  1537.5      8.16800E-05
  1542.5      8.11160E-05
  1547.5      8.06610E-05
  1552.5      8.01520E-05
  1557.5      7.95390E-05
  1562.5      7.92320E-05
  1567.5      7.86020E-05
  1572.5      7.80000E-05
  1577.5      7.78950E-05
  1582.5      7.73740E-05
  1587.5      7.62780E-05
  1592.5      7.62970E-05
  1597.5      7.60810E-05
  1605.0      7.52320E-05
  1615.0      7.39120E-05
  1625.0      7.36070E-05
  1635.0      7.25190E-05
  1645.0      7.11220E-05
  1655.0      7.10360E-05
  1665.0      7.02100E-05
  1675.0      6.91560E-05
  1685.0      6.77370E-05
  1695.0      6.78210E-05
  1705.0      6.69270E-05
  1715.0      6.62940E-05
  1725.0      6.55480E-05
  1735.0      6.36630E-05
  1745.0      6.40390E-05
  1755.0      6.33870E-05
  1765.0      6.26910E-05
  1775.0      6.20040E-05
  1785.0      6.13300E-05
  1795.0      6.06670E-05
  1805.0      6.00130E-05
  1815.0      5.82670E-05
  1825.0      5.86210E-05
  1835.0      5.81160E-05
  1845.0      5.75030E-05
  1855.0      5.68980E-05
  1865.0      5.56650E-05
  1875.0      5.43960E-05
  1885.0      5.51510E-05
  1895.0      5.45880E-05
  1905.0      5.39670E-05
  1915.0      5.34810E-05
  1925.0      5.29400E-05
  1935.0      5.23970E-05
  1945.0      5.07260E-05
  1955.0      5.13330E-05
  1965.0      5.08550E-05
  1975.0      5.03530E-05
  1985.0      4.98570E-05
  1995.0      4.93690E-05
  2005.0      4.88900E-05
  2015.0      4.84160E-05
  2025.0      4.79490E-05
  2035.0      4.74890E-05
  2045.0      4.70320E-05
  2055.0      4.65600E-05
  2065.0      4.61470E-05
  2075.0      4.56980E-05
  2085.0      4.52830E-05
  2095.0      4.48610E-05
  2105.0      4.44440E-05
  2115.0      4.39810E-05
  2125.0      4.36270E-05
  2135.0      4.32270E-05
  2145.0      4.28300E-05
  2155.0      4.24390E-05
  2165.0      4.10240E-05
  2175.0      4.16470E-05
  2185.0      4.13010E-05
  2195.0      4.09380E-05
  2205.0      4.05740E-05
  2215.0      4.02150E-05
  2225.0      3.98600E-05
  2235.0      3.95110E-05
  2245.0      3.91650E-05
  2255.0      3.88250E-05
  2265.0      3.84890E-05
  2275.0      3.81570E-05
  2285.0      3.78810E-05
  2295.0      3.75570E-05
  2305.0      3.72330E-05
  2315.0      3.69210E-05
  2325.0      3.66090E-05
  2335.0      3.63010E-05
  2345.0      3.59970E-05
  2355.0      3.56970E-05
  2365.0      3.54000E-05
  2375.0      3.51070E-05
  2385.0      3.48180E-05
  2395.0      3.45320E-05
  2405.0      3.42490E-05
  2415.0      3.39710E-05
  2425.0      3.36860E-05
  2435.0      3.34230E-05
  2445.0      3.31540E-05
  2455.0      3.28880E-05
  2465.0      3.26140E-05
  2475.0      3.23370E-05
  2485.0      3.21100E-05
  2495.0      3.18120E-05
  2505.0      3.16060E-05
  2515.0      3.13590E-05
  2525.0      3.10330E-05
  2535.0      3.08720E-05
  2545.0      3.06340E-05
  2555.0      3.03920E-05
  2565.0      3.00400E-05
  2575.0      2.99330E-05
  2585.0      2.97050E-05
  2595.0      2.94790E-05
  2605.0      2.92140E-05
  2615.0      2.88060E-05
  2625.0      2.80330E-05
  2635.0      2.85690E-05
  2645.0      2.83880E-05
  2655.0      2.81700E-05
  2665.0      2.79470E-05
  2675.0      2.74770E-05
  2685.0      2.75340E-05
  2695.0      2.73560E-05
  2705.0      2.71570E-05
  2715.0      2.69590E-05
  2725.0      2.67640E-05
  2735.0      2.65710E-05
  2745.0      2.63770E-05
  2755.0      2.58620E-05
  2765.0      2.59020E-05
  2775.0      2.58170E-05
  2785.0      2.56340E-05
  2795.0      2.54530E-05
  2805.0      2.52740E-05
  2815.0      2.50960E-05
  2825.0      2.49200E-05
  2835.0      2.47470E-05
  2845.0      2.45750E-05
  2855.0      2.44020E-05
  2865.0      2.41710E-05
  2875.0      2.36480E-05
  2885.0      2.38940E-05
  2895.0      2.37400E-05
  2905.0      2.35790E-05
  2915.0      2.34180E-05
  2925.0      2.32600E-05
  2935.0      2.31030E-05
  2945.0      2.29480E-05
  2955.0      2.27940E-05
  2965.0      2.26420E-05
  2975.0      2.24910E-05
  2985.0      2.23420E-05
  2995.0      2.21940E-05
  3005.0      2.20480E-05
  3015.0      2.19030E-05
  3025.0      2.17590E-05
  3035.0      2.12540E-05
  3045.0      2.13100E-05
  3055.0      2.13370E-05
  3065.0      2.11990E-05
  3075.0      2.10620E-05
  3085.0      2.09260E-05
  3095.0      2.07930E-05
  3105.0      2.06600E-05
  3115.0      2.05280E-05
  3125.0      2.03980E-05
  3135.0      2.02690E-05
  3145.0      2.01410E-05
  3155.0      2.00140E-05
  3165.0      1.98890E-05
  3175.0      1.97650E-05
  3185.0      1.96420E-05
  3195.0      1.95200E-05
  3210.0      1.93390E-05
  3230.0      1.91010E-05
  3250.0      1.88680E-05
  3270.0      1.86390E-05
  3290.0      1.81430E-05
  3310.0      1.81650E-05
  3330.0      1.79880E-05
  3350.0      1.77770E-05
  3370.0      1.75670E-05
  3390.0      1.73610E-05
  3410.0      1.71590E-05
  3430.0      1.69600E-05
  3450.0      1.67650E-05
  3470.0      1.65730E-05
  3490.0      1.63840E-05
  3510.0      1.61990E-05
  3530.0      1.60160E-05
  3550.0      1.58370E-05
  3570.0      1.56600E-05
  3590.0      1.54870E-05
  3610.0      1.53160E-05
  3630.0      1.51480E-05
  3650.0      1.49830E-05
  3670.0      1.48210E-05
  3690.0      1.46600E-05
  3710.0      1.44940E-05
  3730.0      1.42520E-05
  3750.0      1.40230E-05
  3770.0      1.40460E-05
  3790.0      1.38980E-05
  3810.0      1.37420E-05
  3830.0      1.36010E-05
  3850.0      1.34690E-05
  3870.0      1.33300E-05
  3890.0      1.31930E-05
  3910.0      1.30270E-05
  3930.0      1.29270E-05
  3950.0      1.27960E-05
  3970.0      1.26680E-05
  3990.0      1.25410E-05
  4010.0      1.23930E-05
  4030.0      1.22430E-05
  4050.0      1.19800E-05
  4070.0      1.20530E-05
  4090.0      1.19350E-05
  4110.0      1.18190E-05
  4130.0      1.17010E-05
  4150.0      1.15920E-05
  4170.0      1.13960E-05
  4190.0      1.13700E-05
  4210.0      1.12640E-05
  4230.0      1.11580E-05
  4250.0      1.10510E-05
  4270.0      1.09490E-05
  4290.0      1.08410E-05
  4310.0      1.07470E-05
  4330.0      1.06480E-05
  4350.0      1.05500E-05
  4370.0      1.03600E-05
  4390.0      1.03370E-05
  4410.0      1.02640E-05
  4430.0      1.01710E-05
  4450.0      1.00800E-05
  4470.0      9.99390E-06
  4490.0      9.90490E-06
  4510.0      9.81690E-06
  4530.0      9.73020E-06
  4550.0      9.64460E-06
  4570.0      9.56010E-06
  4590.0      9.47670E-06
  4610.0      9.39340E-06
  4630.0      9.31300E-06
  4650.0      9.03860E-06
  4670.0      9.02050E-06
  4690.0      9.06240E-06
  4710.0      8.99830E-06
  4730.0      8.92210E-06
  4750.0      8.84680E-06
  4770.0      8.77250E-06
  4790.0      8.69910E-06
  4810.0      8.62660E-06
  4830.0      8.55500E-06
  4850.0      8.48420E-06
  4870.0      8.41430E-06
  4890.0      8.34530E-06
  4910.0      8.27710E-06
  4930.0      8.20980E-06
  4950.0      8.14320E-06
  4970.0      8.07750E-06
  4990.0      8.01250E-06
  5010.0      7.94830E-06
  5030.0      7.88490E-06
  5050.0      7.82230E-06
  5070.0      7.76030E-06
  5090.0      7.69910E-06
  5110.0      7.63230E-06
  5130.0      7.44870E-06
  5150.0      7.51670E-06
  5170.0      7.46130E-06
  5190.0      7.40360E-06
  5210.0      7.34650E-06
  5230.0      7.29010E-06
  5250.0      7.23430E-06
  5270.0      7.17910E-06
  5290.0      7.12460E-06
  5310.0      7.07080E-06
  5330.0      7.01740E-06
  5350.0      6.96470E-06
  5370.0      6.91190E-06
  5390.0      6.86040E-06
  5410.0      6.81010E-06
  5430.0      6.75970E-06
  5450.0      6.70980E-06
  5470.0      6.66050E-06
  5490.0      6.61170E-06
  5510.0      6.56330E-06
  5530.0      6.50760E-06
  5550.0      6.46850E-06
  5570.0      6.42180E-06
  5590.0      6.37560E-06
  5610.0      6.32990E-06
  5630.0      6.28470E-06
  5650.0      6.23990E-06
  5670.0      6.19560E-06
  5690.0      6.15170E-06
  5710.0      6.09110E-06
  5730.0      6.06540E-06
  5750.0      6.02310E-06
  5770.0      5.98110E-06
  5790.0      5.93950E-06
  5810.0      5.89840E-06
  5830.0      5.85760E-06
  5850.0      5.81890E-06
  5870.0      5.77900E-06
  5890.0      5.73220E-06
  5910.0      5.57840E-06
  5930.0      5.65790E-06
  5950.0      5.59560E-06
  5970.0      5.57480E-06
  5990.0      5.54780E-06
  6010.0      5.51070E-06
  6030.0      5.47380E-06
  6050.0      5.43740E-06
  6070.0      5.40130E-06
  6090.0      5.36560E-06
  6110.0      5.33020E-06
  6130.0      5.29510E-06
  6150.0      5.26040E-06
  6170.0      5.22610E-06
  6190.0      5.19200E-06
  6210.0      5.15830E-06
  6230.0      5.12490E-06
  6250.0      5.09190E-06
  6270.0      5.05690E-06
  6290.0      4.97990E-06
  6310.0      4.98880E-06
  6330.0      4.96280E-06
  6350.0      4.93130E-06
  6370.0      4.90010E-06
  6390.0      4.86920E-06
  6420.0      4.82330E-06
  6460.0      4.76320E-06
  6500.0      4.70420E-06
  6540.0      4.64620E-06
  6580.0      4.58930E-06
  6620.0      4.53350E-06
  6660.0      4.47860E-06
  6700.0      4.42470E-06
  6740.0      4.36990E-06
  6780.0      4.28800E-06
  6820.0      4.26880E-06
  6860.0      4.21860E-06
  6900.0      4.16930E-06
  6940.0      4.12090E-06
  6980.0      4.07330E-06
  7020.0      4.02650E-06
  7060.0      3.98050E-06
  7100.0      3.93520E-06
  7140.0      3.89080E-06
  7180.0      3.84710E-06
  7220.0      3.80410E-06
  7260.0      3.76180E-06
  7300.0      3.72020E-06
  7340.0      3.67930E-06
  7380.0      3.63910E-06
  7420.0      3.59690E-06
  7460.0      3.50550E-06
  7500.0      3.44550E-06
  7540.0      3.48080E-06
  7580.0      3.44740E-06
  7620.0      3.41090E-06
  7660.0      3.37490E-06
  7700.0      3.33950E-06
  7740.0      3.30470E-06
  7780.0      3.26730E-06
  7820.0      3.23660E-06
  7860.0      3.20330E-06
  7900.0      3.17060E-06
  7940.0      3.13830E-06
  7980.0      3.10660E-06
  8020.0      3.07530E-06
  8060.0      3.04440E-06
  8100.0      3.01400E-06
  8140.0      2.97890E-06
  8180.0      2.95330E-06
  8220.0      2.92560E-06
  8260.0      2.89700E-06
  8300.0      2.86870E-06
  8340.0      2.84090E-06
  8380.0      2.81350E-06
  8420.0      2.78650E-06
  8460.0      2.75980E-06
  8500.0      2.73360E-06
  8540.0      2.70770E-06
  8580.0      2.68220E-06
  8620.0      2.65700E-06
  8660.0      2.62100E-06
  8700.0      2.60760E-06
  8740.0      2.56560E-06
  8780.0      2.54170E-06
  8820.0      2.53630E-06
  8860.0      2.51310E-06
  8900.0      2.49030E-06
  8940.0      2.46770E-06
  8980.0      2.44550E-06
  9020.0      2.42350E-06
  9060.0      2.40190E-06
  9100.0      2.38050E-06
  9140.0      2.35940E-06
  9180.0      2.33860E-06
  9220.0      2.31810E-06
  9260.0      2.29780E-06
  9300.0      2.27780E-06
  9340.0      2.25800E-06
  9380.0      2.22400E-06
  9420.0      2.21640E-06
  9460.0      2.20030E-06
  9500.0      2.18150E-06
  9540.0      2.16300E-06
  9580.0      2.14470E-06
  9620.0      2.12670E-06
  9660.0      2.10880E-06
  9700.0      2.09120E-06
  9740.0      2.07380E-06
  9780.0      2.05660E-06
  9820.0      2.03960E-06
  9860.0      2.02290E-06
  9900.0      2.00630E-06
  9940.0      1.99000E-06
  9980.0      1.97380E-06
  10020.      1.95790E-06
  20000.      4.79010E-07
  40000.      1.16170E-07
  60000.      5.06900E-08
  80000.      2.81340E-08
 1.00000E+05  1.78160E-08
 1.20000E+05  1.22640E-08
 1.40000E+05  8.94210E-09
 1.60000E+05  6.80060E-09
