 Castelli and Kurucz 2004-2012 Atmosphere
 T     39000.     G    4.50000 [0.0] VTURB=2  L/H=1.25 NOVER NEW ODF           
 Wavelength  Eddington Hnu
   (nm)    (ergs/s/cm2/Hz/sr)
  9.0900      7.30460E-26
  9.3500      2.83350E-25
  9.6100      1.01560E-24
  9.7700      2.18550E-24
  9.9600      5.21650E-24
  10.200      1.49770E-23
  10.380      3.20880E-23
  10.560      6.70680E-23
  10.770      1.53910E-22
  11.040      4.28700E-22
  11.400      1.56570E-21
  11.780      5.68600E-21
  12.130      1.74890E-20
  12.480      5.07560E-20
  12.710      9.93410E-20
  12.840      1.43800E-19
  13.050      2.57560E-19
  13.240      4.30440E-19
  13.390      6.40430E-19
  13.660      1.28010E-18
  13.980      2.84160E-18
  14.330      6.52900E-18
  14.720      1.56380E-17
  15.100      3.62160E-17
  15.520      8.64260E-17
  15.880      1.76410E-16
  16.200      3.24110E-16
  16.600      6.79420E-16
  17.030      1.44130E-15
  17.340      2.43400E-15
  17.680      4.25970E-15
  18.020      7.28170E-15
  18.170      9.14620E-15
  18.610      1.77550E-14
  19.100      3.57950E-14
  19.390      5.34840E-14
  19.840      9.73100E-14
  20.180      1.49870E-13
  20.500      2.23280E-13
  21.050      4.30340E-13
  21.620      8.16740E-13
  21.980      1.21520E-12
  22.300      1.70070E-12
  22.680      2.50990E-12
  23.000      1.73580E-09
  23.400      5.56200E-09
  24.000      8.20060E-09
  24.650      1.25690E-08
  25.240      2.18020E-08
  25.680      2.94620E-08
  26.000      4.04960E-08
  26.400      1.23070E-07
  26.850      1.80320E-07
  27.350      2.28210E-07
  27.850      1.94660E-07
  28.400      4.47270E-07
  29.000      6.54360E-07
  29.600      6.07060E-07
  30.100      1.10680E-06
  30.800      6.03980E-06
  31.800      4.12420E-06
  32.800      7.47300E-06
  33.800      8.05950E-06
  34.800      1.03020E-05
  35.700      2.67860E-05
  36.600      5.79590E-05
  37.500      7.71320E-05
  38.500      7.81690E-05
  39.500      1.34340E-04
  40.500      2.04690E-04
  41.400      1.99320E-04
  42.200      2.03360E-04
  43.000      1.93240E-04
  44.100      2.37600E-04
  45.100      2.55330E-04
  46.000      2.23160E-04
  47.000      2.45370E-04
  48.000      2.91590E-04
  49.000      2.28750E-04
  50.000      3.18040E-04
  50.600      2.77760E-04
  51.200      6.32540E-04
  52.000      6.00740E-04
  53.000      5.56240E-04
  54.000      5.04790E-04
  55.000      4.86540E-04
  56.000      6.79140E-04
  57.000      7.85000E-04
  58.000      7.70880E-04
  59.000      8.05770E-04
  60.000      6.60230E-04
  61.000      7.01450E-04
  62.000      9.13570E-04
  63.000      8.83760E-04
  64.000      9.81560E-04
  65.000      9.48070E-04
  65.800      8.30520E-04
  66.500      9.91810E-04
  67.500      1.09590E-03
  68.500      9.31790E-04
  69.500      1.11650E-03
  70.500      9.36250E-04
  71.600      1.20060E-03
  72.600      1.22410E-03
  73.500      1.25720E-03
  74.500      1.19790E-03
  75.500      1.20910E-03
  76.500      1.15000E-03
  77.500      1.24890E-03
  78.500      1.18480E-03
  79.500      1.29350E-03
  80.500      1.29990E-03
  81.500      1.32480E-03
  82.500      1.36480E-03
  83.500      1.18070E-03
  84.500      1.36430E-03
  85.500      1.34610E-03
  86.500      1.41370E-03
  87.500      1.43130E-03
  88.500      1.43630E-03
  89.500      1.44910E-03
  90.500      1.43080E-03
  91.500      1.19000E-03
  92.500      2.13520E-03
  93.500      3.00570E-03
  94.500      3.56070E-03
  95.500      3.97510E-03
  96.500      4.42240E-03
  97.500      3.08980E-03
  98.500      4.02190E-03
  99.500      3.65520E-03
  100.50      3.73310E-03
  101.50      3.94020E-03
  102.50      3.48350E-03
  103.50      4.10740E-03
  104.50      4.36500E-03
  105.50      4.29790E-03
  106.50      4.08300E-03
  107.50      4.15400E-03
  108.50      3.91020E-03
  109.50      4.11950E-03
  110.50      4.03710E-03
  111.50      4.02860E-03
  112.50      3.80190E-03
  113.50      4.03230E-03
  114.50      4.04630E-03
  115.50      3.84000E-03
  116.50      3.73320E-03
  117.50      3.12320E-03
  118.50      3.59100E-03
  119.50      3.50600E-03
  120.50      3.48430E-03
  121.50      2.95220E-03
  122.50      3.38560E-03
  123.50      3.50470E-03
  124.50      3.47170E-03
  125.50      3.50920E-03
  126.50      3.59030E-03
  127.50      3.67270E-03
  128.50      3.68470E-03
  129.50      3.64760E-03
  130.50      3.59030E-03
  131.50      3.67250E-03
  132.50      3.63700E-03
  133.50      3.60430E-03
  134.50      3.62220E-03
  135.50      3.52030E-03
  136.50      3.45280E-03
  137.50      3.37850E-03
  138.50      3.37740E-03
  139.50      3.21300E-03
  140.50      3.12170E-03
  141.50      3.40360E-03
  142.50      3.14430E-03
  143.50      3.31950E-03
  144.20      3.23920E-03
  144.70      3.25380E-03
  145.50      3.16390E-03
  146.50      3.18360E-03
  147.50      3.19000E-03
  148.50      3.23990E-03
  149.50      3.17870E-03
  150.50      3.20280E-03
  151.20      3.20100E-03
  151.70      3.17630E-03
  152.50      3.14250E-03
  153.50      2.90540E-03
  154.50      2.46210E-03
  155.50      2.54250E-03
  156.50      2.80580E-03
  157.50      2.91680E-03
  158.50      2.91600E-03
  159.50      2.93530E-03
  160.50      2.80090E-03
  161.50      2.73920E-03
  162.50      2.79320E-03
  163.50      2.79990E-03
  164.50      2.74790E-03
  165.50      2.85510E-03
  166.50      2.82770E-03
  167.20      2.67680E-03
  167.70      2.96110E-03
  168.50      2.90110E-03
  169.50      2.87450E-03
  170.50      2.83900E-03
  171.50      2.75110E-03
  172.50      2.72370E-03
  173.50      2.81900E-03
  174.50      2.81170E-03
  175.50      2.77240E-03
  176.50      2.76600E-03
  177.50      2.72730E-03
  178.50      2.75970E-03
  179.50      2.70610E-03
  180.50      2.70320E-03
  181.50      2.68360E-03
  182.50      2.65250E-03
  183.50      2.66900E-03
  184.50      2.65470E-03
  185.50      2.65360E-03
  186.50      2.64640E-03
  187.50      2.60120E-03
  188.50      2.57640E-03
  189.50      2.60760E-03
  190.50      2.60740E-03
  191.50      2.58760E-03
  192.50      2.49080E-03
  193.50      2.57120E-03
  194.50      2.56680E-03
  195.50      2.47620E-03
  196.70      2.51880E-03
  197.60      2.51110E-03
  198.40      2.50860E-03
  199.50      2.47970E-03
  200.50      2.49240E-03
  201.50      2.47670E-03
  202.50      2.46110E-03
  203.50      2.43710E-03
  204.50      2.41180E-03
  205.50      1.82930E-03
  206.50      1.76900E-03
  207.40      1.83120E-03
  207.80      1.87550E-03
  208.50      2.03200E-03
  209.50      2.25990E-03
  210.50      2.31570E-03
  211.50      2.33620E-03
  212.50      2.30470E-03
  213.50      2.30670E-03
  214.50      2.29370E-03
  215.50      2.31310E-03
  216.50      2.20640E-03
  217.50      2.30050E-03
  218.50      2.21510E-03
  219.50      2.28550E-03
  220.50      2.27130E-03
  221.50      2.17660E-03
  222.50      2.24080E-03
  223.50      2.23050E-03
  224.50      2.20820E-03
  225.50      2.13220E-03
  226.50      2.18710E-03
  227.50      2.18170E-03
  228.50      2.14950E-03
  229.50      2.07750E-03
  230.50      2.06670E-03
  231.50      2.10410E-03
  232.50      2.10890E-03
  233.50      2.09710E-03
  234.50      2.07580E-03
  235.50      2.05410E-03
  236.50      2.03890E-03
  237.50      2.01460E-03
  238.50      1.92710E-03
  239.50      1.97730E-03
  240.50      1.97880E-03
  241.50      1.97260E-03
  242.50      1.97640E-03
  243.50      1.95940E-03
  244.50      1.95000E-03
  245.50      1.93160E-03
  246.50      1.92600E-03
  247.50      1.92250E-03
  248.50      1.89350E-03
  249.50      1.64820E-03
  250.50      1.86300E-03
  251.30      1.75450E-03
  251.80      1.82650E-03
  252.50      1.85020E-03
  253.50      1.85450E-03
  254.50      1.84550E-03
  255.50      1.83180E-03
  256.50      1.82340E-03
  257.50      1.81170E-03
  258.50      1.80260E-03
  259.50      1.77240E-03
  260.50      1.78390E-03
  261.50      1.76200E-03
  262.50      1.76450E-03
  263.50      1.75780E-03
  264.50      1.74140E-03
  265.50      1.73670E-03
  266.50      1.72330E-03
  267.50      1.69530E-03
  268.50      1.70250E-03
  269.50      1.68970E-03
  270.50      1.69130E-03
  271.50      1.67620E-03
  272.50      1.66810E-03
  273.50      1.61490E-03
  274.50      1.65530E-03
  275.50      1.64380E-03
  276.50      1.63290E-03
  277.50      1.62690E-03
  278.50      1.61120E-03
  279.50      1.59080E-03
  280.50      1.59590E-03
  281.50      1.59060E-03
  282.50      1.57940E-03
  283.50      1.57280E-03
  284.50      1.56890E-03
  285.50      1.55960E-03
  286.50      1.54490E-03
  287.50      1.53890E-03
  288.50      1.53310E-03
  289.50      1.52420E-03
  291.00      1.50990E-03
  293.00      1.49860E-03
  295.00      1.48110E-03
  297.00      1.46320E-03
  299.00      1.44120E-03
  301.00      1.42690E-03
  303.00      1.40490E-03
  305.00      1.39770E-03
  307.00      1.38440E-03
  309.00      1.37400E-03
  311.00      1.36230E-03
  313.00      1.34730E-03
  315.00      1.33780E-03
  317.00      1.32320E-03
  319.00      1.31130E-03
  321.00      1.27880E-03
  323.00      1.28720E-03
  325.00      1.27660E-03
  327.00      1.25280E-03
  329.00      1.24870E-03
  331.00      1.23550E-03
  333.00      1.22360E-03
  335.00      1.20510E-03
  337.00      1.19890E-03
  339.00      1.19050E-03
  341.00      1.17860E-03
  343.00      1.17110E-03
  345.00      1.15380E-03
  347.00      1.14910E-03
  349.00      1.13920E-03
  351.00      1.12980E-03
  353.00      1.11770E-03
  355.00      1.10740E-03
  357.00      1.09910E-03
  359.00      1.08780E-03
  361.00      1.07610E-03
  363.00      1.06660E-03
  364.00      1.04560E-03
  365.00      9.57000E-04
  367.00      9.50170E-04
  369.00      9.44330E-04
  371.00      9.39280E-04
  373.00      9.47850E-04
  375.00      9.61050E-04
  377.00      9.68230E-04
  379.00      9.91820E-04
  381.00      1.01020E-03
  383.00      9.57320E-04
  385.00      1.01270E-03
  387.00      1.00920E-03
  389.00      9.25870E-04
  391.00      1.00550E-03
  393.00      9.87820E-04
  395.00      9.82800E-04
  397.00      8.89590E-04
  399.00      9.71620E-04
  401.00      9.64270E-04
  403.00      9.38930E-04
  405.00      9.52550E-04
  407.00      9.38430E-04
  409.00      9.05060E-04
  411.00      8.54400E-04
  413.00      9.14800E-04
  415.00      9.09480E-04
  417.00      9.06300E-04
  419.00      8.95370E-04
  421.00      8.79210E-04
  423.00      8.86420E-04
  425.00      8.77710E-04
  427.00      8.70360E-04
  429.00      8.63780E-04
  431.00      8.53310E-04
  433.00      8.19750E-04
  435.00      7.84540E-04
  437.00      8.33600E-04
  439.00      8.22160E-04
  441.00      8.18780E-04
  443.00      8.16230E-04
  445.00      8.09410E-04
  447.00      7.95180E-04
  449.00      7.97710E-04
  451.00      7.87070E-04
  453.00      7.81980E-04
  455.00      7.64560E-04
  457.00      7.73150E-04
  459.00      7.66190E-04
  461.00      7.61760E-04
  463.00      7.51950E-04
  465.00      7.30790E-04
  467.00      7.42230E-04
  469.00      7.16510E-04
  471.00      7.31800E-04
  473.00      7.31730E-04
  475.00      7.26460E-04
  477.00      7.21110E-04
  479.00      7.15730E-04
  481.00      7.10400E-04
  483.00      7.04330E-04
  485.00      6.83010E-04
  487.00      6.42240E-04
  489.00      6.88070E-04
  491.00      6.84370E-04
  493.00      6.75400E-04
  495.00      6.74890E-04
  497.00      6.71050E-04
  499.00      6.66530E-04
  501.00      6.57940E-04
  503.00      6.56170E-04
  505.00      6.51250E-04
  507.00      6.47930E-04
  509.00      6.43540E-04
  511.00      6.39130E-04
  513.00      6.34580E-04
  515.00      6.30220E-04
  517.00      6.25930E-04
  519.00      6.21720E-04
  521.00      6.17550E-04
  523.00      6.13520E-04
  525.00      6.08310E-04
  527.00      6.04020E-04
  529.00      6.01210E-04
  531.00      5.97150E-04
  533.00      5.93130E-04
  535.00      5.89320E-04
  537.00      5.85400E-04
  539.00      5.81490E-04
  541.00      5.67310E-04
  543.00      5.73900E-04
  545.00      5.70230E-04
  547.00      5.66400E-04
  549.00      5.62820E-04
  551.00      5.58630E-04
  553.00      5.55580E-04
  555.00      5.52060E-04
  557.00      5.48180E-04
  559.00      5.43310E-04
  561.00      5.41560E-04
  563.00      5.38120E-04
  565.00      5.34680E-04
  567.00      5.31270E-04
  569.00      5.20030E-04
  571.00      4.92720E-04
  573.00      4.89880E-04
  575.00      4.86960E-04
  577.00      4.84390E-04
  579.00      4.81820E-04
  581.00      4.77760E-04
  583.00      4.77540E-04
  585.00      4.77190E-04
  587.00      4.71310E-04
  589.00      4.75900E-04
  591.00      4.75810E-04
  593.00      4.75920E-04
  595.00      4.76450E-04
  597.00      4.77120E-04
  599.00      4.77850E-04
  601.00      4.76810E-04
  603.00      4.74650E-04
  605.00      4.73080E-04
  607.00      4.70080E-04
  609.00      4.67910E-04
  611.00      4.64640E-04
  613.00      4.61990E-04
  615.00      4.59710E-04
  617.00      4.55780E-04
  619.00      4.54600E-04
  621.00      4.52110E-04
  623.00      4.47850E-04
  625.00      4.46450E-04
  627.00      4.44280E-04
  629.00      4.41740E-04
  631.00      4.36880E-04
  633.00      4.36540E-04
  635.00      4.34110E-04
  637.00      4.31730E-04
  639.00      4.29100E-04
  641.00      4.23940E-04
  643.00      4.24460E-04
  645.00      4.21790E-04
  647.00      4.19310E-04
  649.00      4.17200E-04
  651.00      4.14500E-04
  653.00      4.08510E-04
  655.00      4.04280E-04
  657.00      3.76390E-04
  659.00      4.04670E-04
  661.00      4.03600E-04
  663.00      4.01430E-04
  665.00      3.99220E-04
  667.00      3.94260E-04
  669.00      3.89020E-04
  671.00      3.92060E-04
  673.00      3.90130E-04
  675.00      3.88030E-04
  677.00      3.86300E-04
  679.00      3.84330E-04
  681.00      3.82290E-04
  683.00      3.80240E-04
  685.00      3.78150E-04
  687.00      3.76020E-04
  689.00      3.69530E-04
  691.00      3.71890E-04
  693.00      3.70260E-04
  695.00      3.68310E-04
  697.00      3.66380E-04
  699.00      3.64440E-04
  701.00      3.62340E-04
  703.00      3.60050E-04
  705.00      3.58490E-04
  707.00      3.54230E-04
  709.00      3.55080E-04
  711.00      3.53190E-04
  713.00      3.51360E-04
  715.00      3.49620E-04
  717.00      3.44750E-04
  719.00      3.44380E-04
  721.00      3.44290E-04
  723.00      3.42430E-04
  725.00      3.40780E-04
  727.00      3.39080E-04
  729.00      3.36350E-04
  731.00      3.35480E-04
  733.00      3.33990E-04
  735.00      3.32320E-04
  737.00      3.30570E-04
  739.00      3.28990E-04
  741.00      3.27280E-04
  743.00      3.25760E-04
  745.00      3.23890E-04
  747.00      3.22480E-04
  749.00      3.20270E-04
  751.00      3.19260E-04
  753.00      3.17800E-04
  755.00      3.16220E-04
  757.00      3.14640E-04
  759.00      3.08650E-04
  761.00      3.11170E-04
  763.00      3.10030E-04
  765.00      3.08580E-04
  767.00      3.07170E-04
  769.00      3.05210E-04
  771.00      3.04020E-04
  773.00      3.02210E-04
  775.00      3.01210E-04
  777.00      2.99910E-04
  779.00      2.98470E-04
  781.00      2.97050E-04
  783.00      2.95620E-04
  785.00      2.93870E-04
  787.00      2.92700E-04
  789.00      2.91440E-04
  791.00      2.90190E-04
  793.00      2.88850E-04
  795.00      2.87510E-04
  797.00      2.85960E-04
  799.00      2.84820E-04
  801.00      2.83510E-04
  803.00      2.82030E-04
  805.00      2.80910E-04
  807.00      2.79620E-04
  809.00      2.78330E-04
  811.00      2.76990E-04
  813.00      2.75800E-04
  815.00      2.74510E-04
  817.00      2.73090E-04
  819.00      2.70930E-04
  821.00      2.61000E-04
  823.00      2.58230E-04
  825.00      2.58480E-04
  827.00      2.57520E-04
  829.00      2.56620E-04
  831.00      2.55600E-04
  833.00      2.54110E-04
  835.00      2.52960E-04
  837.00      2.52250E-04
  839.00      2.51360E-04
  841.00      2.50410E-04
  843.00      2.49480E-04
  845.00      2.48330E-04
  847.00      2.47690E-04
  849.00      2.46890E-04
  851.00      2.45600E-04
  853.00      2.45390E-04
  855.00      2.44240E-04
  857.00      2.44240E-04
  859.00      2.42330E-04
  861.00      2.41950E-04
  863.00      2.42670E-04
  865.00      2.41060E-04
  867.00      2.37720E-04
  869.00      2.40810E-04
  871.00      2.40910E-04
  873.00      2.39110E-04
  875.00      2.32480E-04
  877.00      2.36890E-04
  879.00      2.38890E-04
  881.00      2.38580E-04
  883.00      2.37580E-04
  885.00      2.32040E-04
  887.00      2.24950E-04
  889.00      2.33830E-04
  891.00      2.34420E-04
  893.00      2.33510E-04
  895.00      2.32710E-04
  897.00      2.31760E-04
  899.00      2.28980E-04
  901.00      2.17270E-04
  903.00      2.21800E-04
  905.00      2.27240E-04
  907.00      2.26580E-04
  909.00      2.26360E-04
  911.00      2.25260E-04
  913.00      2.24800E-04
  915.00      2.23970E-04
  917.00      2.22720E-04
  919.00      2.21310E-04
  921.00      2.17000E-04
  923.00      2.03700E-04
  925.00      2.14950E-04
  927.00      2.17600E-04
  929.00      2.17430E-04
  931.00      2.16470E-04
  933.00      2.15640E-04
  935.00      2.10690E-04
  937.00      2.13160E-04
  939.00      2.13190E-04
  941.00      2.12210E-04
  943.00      2.11450E-04
  945.00      2.10700E-04
  947.00      2.09550E-04
  949.00      2.08860E-04
  951.00      2.06700E-04
  953.00      2.02360E-04
  955.00      1.89870E-04
  957.00      2.02550E-04
  959.00      2.04240E-04
  961.00      2.03900E-04
  963.00      2.02980E-04
  965.00      2.02540E-04
  967.00      2.01770E-04
  969.00      2.00950E-04
  971.00      1.98130E-04
  973.00      1.99130E-04
  975.00      1.98440E-04
  977.00      1.96870E-04
  979.00      1.97100E-04
  981.00      1.96360E-04
  983.00      1.95540E-04
  985.00      1.94840E-04
  987.00      1.94100E-04
  989.00      1.93320E-04
  991.00      1.92520E-04
  993.00      1.91890E-04
  995.00      1.91160E-04
  997.00      1.90420E-04
  999.00      1.89690E-04
  1002.5      1.84290E-04
  1007.5      1.80770E-04
  1012.5      1.81900E-04
  1017.5      1.83220E-04
  1022.5      1.81490E-04
  1027.5      1.79780E-04
  1032.5      1.77840E-04
  1037.5      1.76560E-04
  1042.5      1.74280E-04
  1047.5      1.73380E-04
  1052.5      1.71810E-04
  1057.5      1.70270E-04
  1062.5      1.68750E-04
  1067.5      1.67190E-04
  1072.5      1.65770E-04
  1077.5      1.64310E-04
  1082.5      1.62010E-04
  1087.5      1.61270E-04
  1092.5      1.52710E-04
  1097.5      1.56860E-04
  1102.5      1.57070E-04
  1107.5      1.55910E-04
  1112.5      1.54590E-04
  1117.5      1.53340E-04
  1122.5      1.52010E-04
  1127.5      1.50740E-04
  1132.5      1.49450E-04
  1137.5      1.48210E-04
  1142.5      1.46990E-04
  1147.5      1.45760E-04
  1152.5      1.44560E-04
  1157.5      1.43340E-04
  1162.5      1.40890E-04
  1167.5      1.40160E-04
  1172.5      1.39880E-04
  1177.5      1.38750E-04
  1182.5      1.37590E-04
  1187.5      1.36500E-04
  1192.5      1.35410E-04
  1197.5      1.33690E-04
  1202.5      1.33270E-04
  1207.5      1.32200E-04
  1212.5      1.31120E-04
  1217.5      1.30140E-04
  1222.5      1.29120E-04
  1227.5      1.28110E-04
  1232.5      1.27110E-04
  1237.5      1.26130E-04
  1242.5      1.25160E-04
  1247.5      1.24200E-04
  1252.5      1.23170E-04
  1257.5      1.22290E-04
  1262.5      1.21380E-04
  1267.5      1.20460E-04
  1272.5      1.19540E-04
  1277.5      1.17610E-04
  1282.5      1.12040E-04
  1287.5      1.16570E-04
  1292.5      1.16020E-04
  1297.5      1.14930E-04
  1302.5      1.14300E-04
  1307.5      1.13470E-04
  1312.5      1.12640E-04
  1317.5      1.11820E-04
  1322.5      1.11000E-04
  1327.5      1.10200E-04
  1332.5      1.09400E-04
  1337.5      1.08610E-04
  1342.5      1.07810E-04
  1347.5      1.07060E-04
  1352.5      1.06300E-04
  1357.5      1.05550E-04
  1362.5      1.04800E-04
  1367.5      1.04060E-04
  1372.5      1.03310E-04
  1377.5      1.02610E-04
  1382.5      1.01900E-04
  1387.5      1.01190E-04
  1392.5      1.00480E-04
  1397.5      9.97920E-05
  1402.5      9.90960E-05
  1407.5      9.84250E-05
  1412.5      9.77510E-05
  1417.5      9.70800E-05
  1422.5      9.64270E-05
  1427.5      9.57730E-05
  1432.5      9.51240E-05
  1437.5      9.44860E-05
  1442.5      9.38560E-05
  1447.5      9.32290E-05
  1452.5      9.26080E-05
  1457.0      9.20550E-05
  1462.0      9.14610E-05
  1467.5      9.07980E-05
  1472.5      9.01740E-05
  1477.5      8.89180E-05
  1482.5      8.90260E-05
  1487.5      8.84560E-05
  1492.5      8.78860E-05
  1497.5      8.73190E-05
  1502.5      8.67570E-05
  1507.5      8.61530E-05
  1512.5      8.56500E-05
  1517.5      8.51040E-05
  1522.5      8.45650E-05
  1527.5      8.40220E-05
  1532.5      8.34850E-05
  1537.5      8.29660E-05
  1542.5      8.24150E-05
  1547.5      8.19260E-05
  1552.5      8.14030E-05
  1557.5      8.08320E-05
  1562.5      8.04380E-05
  1567.5      7.98330E-05
  1572.5      7.92750E-05
  1577.5      7.89830E-05
  1582.5      7.84710E-05
  1587.5      7.75900E-05
  1592.5      7.74230E-05
  1597.5      7.71800E-05
  1605.0      7.63160E-05
  1615.0      7.50720E-05
  1625.0      7.47530E-05
  1635.0      7.35350E-05
  1645.0      7.21800E-05
  1655.0      7.21290E-05
  1665.0      7.12870E-05
  1675.0      7.00490E-05
  1685.0      6.86470E-05
  1695.0      6.88470E-05
  1705.0      6.78890E-05
  1715.0      6.72940E-05
  1725.0      6.65070E-05
  1735.0      6.43660E-05
  1745.0      6.49080E-05
  1755.0      6.43300E-05
  1765.0      6.36200E-05
  1775.0      6.29200E-05
  1785.0      6.22330E-05
  1795.0      6.15570E-05
  1805.0      6.08900E-05
  1815.0      5.88300E-05
  1825.0      5.93320E-05
  1835.0      5.89580E-05
  1845.0      5.83340E-05
  1855.0      5.77120E-05
  1865.0      5.63930E-05
  1875.0      5.48630E-05
  1885.0      5.59170E-05
  1895.0      5.53620E-05
  1905.0      5.47040E-05
  1915.0      5.42350E-05
  1925.0      5.36850E-05
  1935.0      5.30810E-05
  1945.0      5.10790E-05
  1955.0      5.19990E-05
  1965.0      5.15610E-05
  1975.0      5.10510E-05
  1985.0      5.05460E-05
  1995.0      5.00490E-05
  2005.0      4.95620E-05
  2015.0      4.90800E-05
  2025.0      4.86050E-05
  2035.0      4.81370E-05
  2045.0      4.76710E-05
  2055.0      4.71860E-05
  2065.0      4.67720E-05
  2075.0      4.63230E-05
  2085.0      4.58940E-05
  2095.0      4.54650E-05
  2105.0      4.50410E-05
  2115.0      4.45560E-05
  2125.0      4.42110E-05
  2135.0      4.38040E-05
  2145.0      4.33990E-05
  2155.0      4.29730E-05
  2165.0      4.12550E-05
  2175.0      4.21350E-05
  2185.0      4.18450E-05
  2195.0      4.14780E-05
  2205.0      4.11080E-05
  2215.0      4.07430E-05
  2225.0      4.03820E-05
  2235.0      4.00280E-05
  2245.0      3.96770E-05
  2255.0      3.93310E-05
  2265.0      3.89890E-05
  2275.0      3.86520E-05
  2285.0      3.83770E-05
  2295.0      3.80480E-05
  2305.0      3.77180E-05
  2315.0      3.74020E-05
  2325.0      3.70850E-05
  2335.0      3.67720E-05
  2345.0      3.64630E-05
  2355.0      3.61580E-05
  2365.0      3.58570E-05
  2375.0      3.55590E-05
  2385.0      3.52650E-05
  2395.0      3.49750E-05
  2405.0      3.46880E-05
  2415.0      3.44050E-05
  2425.0      3.41150E-05
  2435.0      3.38490E-05
  2445.0      3.35750E-05
  2455.0      3.33060E-05
  2465.0      3.30390E-05
  2475.0      3.27420E-05
  2485.0      3.25150E-05
  2495.0      3.22320E-05
  2505.0      3.20040E-05
  2515.0      3.17520E-05
  2525.0      3.14430E-05
  2535.0      3.12580E-05
  2545.0      3.10160E-05
  2555.0      3.07640E-05
  2565.0      3.04390E-05
  2575.0      3.03050E-05
  2585.0      3.00740E-05
  2595.0      2.98440E-05
  2605.0      2.95570E-05
  2615.0      2.91650E-05
  2625.0      2.81490E-05
  2635.0      2.88700E-05
  2645.0      2.87360E-05
  2655.0      2.85130E-05
  2665.0      2.82710E-05
  2675.0      2.78580E-05
  2685.0      2.78510E-05
  2695.0      2.76910E-05
  2705.0      2.74880E-05
  2715.0      2.72880E-05
  2725.0      2.70900E-05
  2735.0      2.68940E-05
  2745.0      2.66820E-05
  2755.0      2.61940E-05
  2765.0      2.61750E-05
  2775.0      2.61300E-05
  2785.0      2.59440E-05
  2795.0      2.57610E-05
  2805.0      2.55790E-05
  2815.0      2.53990E-05
  2825.0      2.52200E-05
  2835.0      2.50440E-05
  2845.0      2.48700E-05
  2855.0      2.46930E-05
  2865.0      2.44120E-05
  2875.0      2.39220E-05
  2885.0      2.41560E-05
  2895.0      2.40240E-05
  2905.0      2.38600E-05
  2915.0      2.36980E-05
  2925.0      2.35370E-05
  2935.0      2.33780E-05
  2945.0      2.32200E-05
  2955.0      2.30640E-05
  2965.0      2.29100E-05
  2975.0      2.27570E-05
  2985.0      2.26060E-05
  2995.0      2.24560E-05
  3005.0      2.23080E-05
  3015.0      2.21610E-05
  3025.0      2.20000E-05
  3035.0      2.14670E-05
  3045.0      2.14960E-05
  3055.0      2.15830E-05
  3065.0      2.14470E-05
  3075.0      2.13090E-05
  3085.0      2.11710E-05
  3095.0      2.10360E-05
  3105.0      2.09010E-05
  3115.0      2.07680E-05
  3125.0      2.06360E-05
  3135.0      2.05050E-05
  3145.0      2.03760E-05
  3155.0      2.02470E-05
  3165.0      2.01200E-05
  3175.0      1.99940E-05
  3185.0      1.98690E-05
  3195.0      1.97460E-05
  3210.0      1.95620E-05
  3230.0      1.93220E-05
  3250.0      1.90860E-05
  3270.0      1.88540E-05
  3290.0      1.82960E-05
  3310.0      1.83380E-05
  3330.0      1.81950E-05
  3350.0      1.79810E-05
  3370.0      1.77680E-05
  3390.0      1.75600E-05
  3410.0      1.73550E-05
  3430.0      1.71540E-05
  3450.0      1.69560E-05
  3470.0      1.67620E-05
  3490.0      1.65710E-05
  3510.0      1.63830E-05
  3530.0      1.61980E-05
  3550.0      1.60160E-05
  3570.0      1.58370E-05
  3590.0      1.56620E-05
  3610.0      1.54890E-05
  3630.0      1.53190E-05
  3650.0      1.51520E-05
  3670.0      1.49870E-05
  3690.0      1.48250E-05
  3710.0      1.46550E-05
  3730.0      1.43700E-05
  3750.0      1.41410E-05
  3770.0      1.42030E-05
  3790.0      1.40530E-05
  3810.0      1.39000E-05
  3830.0      1.37590E-05
  3850.0      1.36190E-05
  3870.0      1.34780E-05
  3890.0      1.33400E-05
  3910.0      1.31790E-05
  3930.0      1.30700E-05
  3950.0      1.29380E-05
  3970.0      1.28080E-05
  3990.0      1.26790E-05
  4010.0      1.25320E-05
  4030.0      1.23810E-05
  4050.0      1.20570E-05
  4070.0      1.21830E-05
  4090.0      1.20660E-05
  4110.0      1.19490E-05
  4130.0      1.18290E-05
  4150.0      1.17170E-05
  4170.0      1.15320E-05
  4190.0      1.14910E-05
  4210.0      1.13870E-05
  4230.0      1.12790E-05
  4250.0      1.11710E-05
  4270.0      1.10690E-05
  4290.0      1.09580E-05
  4310.0      1.08640E-05
  4330.0      1.07630E-05
  4350.0      1.06640E-05
  4370.0      1.04750E-05
  4390.0      1.04410E-05
  4410.0      1.03750E-05
  4430.0      1.02810E-05
  4450.0      1.01890E-05
  4470.0      1.01020E-05
  4490.0      1.00120E-05
  4510.0      9.92290E-06
  4530.0      9.83530E-06
  4550.0      9.74870E-06
  4570.0      9.66320E-06
  4590.0      9.57880E-06
  4610.0      9.49430E-06
  4630.0      9.40750E-06
  4650.0      9.08500E-06
  4670.0      9.10590E-06
  4690.0      9.14740E-06
  4710.0      9.09480E-06
  4730.0      9.01770E-06
  4750.0      8.94150E-06
  4770.0      8.86640E-06
  4790.0      8.79220E-06
  4810.0      8.71880E-06
  4830.0      8.64640E-06
  4850.0      8.57480E-06
  4870.0      8.50420E-06
  4890.0      8.43440E-06
  4910.0      8.36540E-06
  4930.0      8.29730E-06
  4950.0      8.23000E-06
  4970.0      8.16350E-06
  4990.0      8.09780E-06
  5010.0      8.03280E-06
  5030.0      7.96870E-06
  5050.0      7.90530E-06
  5070.0      7.84270E-06
  5090.0      7.78070E-06
  5110.0      7.70360E-06
  5130.0      7.51360E-06
  5150.0      7.58930E-06
  5170.0      7.54020E-06
  5190.0      7.48190E-06
  5210.0      7.42420E-06
  5230.0      7.36720E-06
  5250.0      7.31070E-06
  5270.0      7.25490E-06
  5290.0      7.19990E-06
  5310.0      7.14540E-06
  5330.0      7.09150E-06
  5350.0      7.03810E-06
  5370.0      6.98530E-06
  5390.0      6.93320E-06
  5410.0      6.88180E-06
  5430.0      6.83080E-06
  5450.0      6.78040E-06
  5470.0      6.73050E-06
  5490.0      6.68120E-06
  5510.0      6.63230E-06
  5530.0      6.58290E-06
  5550.0      6.53640E-06
  5570.0      6.48920E-06
  5590.0      6.44250E-06
  5610.0      6.39630E-06
  5630.0      6.35050E-06
  5650.0      6.30530E-06
  5670.0      6.26050E-06
  5690.0      6.21610E-06
  5710.0      6.16120E-06
  5730.0      6.12880E-06
  5750.0      6.08600E-06
  5770.0      6.04360E-06
  5790.0      6.00150E-06
  5810.0      5.95990E-06
  5830.0      5.91870E-06
  5850.0      5.87960E-06
  5870.0      5.83920E-06
  5890.0      5.78250E-06
  5910.0      5.61640E-06
  5930.0      5.70740E-06
  5950.0      5.65810E-06
  5970.0      5.63320E-06
  5990.0      5.60550E-06
  6010.0      5.56800E-06
  6030.0      5.53080E-06
  6050.0      5.49390E-06
  6070.0      5.45750E-06
  6090.0      5.42130E-06
  6110.0      5.38560E-06
  6130.0      5.35010E-06
  6150.0      5.31510E-06
  6170.0      5.28030E-06
  6190.0      5.24590E-06
  6210.0      5.21190E-06
  6230.0      5.17810E-06
  6250.0      5.14470E-06
  6270.0      5.10670E-06
  6290.0      5.03960E-06
  6310.0      5.03760E-06
  6330.0      5.01420E-06
  6350.0      4.98240E-06
  6370.0      4.95080E-06
  6390.0      4.91960E-06
  6420.0      4.87320E-06
  6460.0      4.81250E-06
  6500.0      4.75280E-06
  6540.0      4.69420E-06
  6580.0      4.63680E-06
  6620.0      4.58030E-06
  6660.0      4.52490E-06
  6700.0      4.47040E-06
  6740.0      4.41320E-06
  6780.0      4.33210E-06
  6820.0      4.31270E-06
  6860.0      4.26210E-06
  6900.0      4.21230E-06
  6940.0      4.16330E-06
  6980.0      4.11520E-06
  7020.0      4.06790E-06
  7060.0      4.02140E-06
  7100.0      3.97570E-06
  7140.0      3.93080E-06
  7180.0      3.88660E-06
  7220.0      3.84310E-06
  7260.0      3.80040E-06
  7300.0      3.75840E-06
  7340.0      3.71700E-06
  7380.0      3.67630E-06
  7420.0      3.63260E-06
  7460.0      3.52480E-06
  7500.0      3.46900E-06
  7540.0      3.51250E-06
  7580.0      3.48260E-06
  7620.0      3.44570E-06
  7660.0      3.40940E-06
  7700.0      3.37360E-06
  7740.0      3.33840E-06
  7780.0      3.30310E-06
  7820.0      3.26960E-06
  7860.0      3.23600E-06
  7900.0      3.20290E-06
  7940.0      3.17030E-06
  7980.0      3.13820E-06
  8020.0      3.10660E-06
  8060.0      3.07550E-06
  8100.0      3.04480E-06
  8140.0      3.01130E-06
  8180.0      2.98410E-06
  8220.0      2.95540E-06
  8260.0      2.92650E-06
  8300.0      2.89790E-06
  8340.0      2.86990E-06
  8380.0      2.84220E-06
  8420.0      2.81490E-06
  8460.0      2.78790E-06
  8500.0      2.76140E-06
  8540.0      2.73520E-06
  8580.0      2.70950E-06
  8620.0      2.68400E-06
  8660.0      2.64980E-06
  8700.0      2.63370E-06
  8740.0      2.58770E-06
  8780.0      2.56370E-06
  8820.0      2.56200E-06
  8860.0      2.53870E-06
  8900.0      2.51560E-06
  8940.0      2.49280E-06
  8980.0      2.47030E-06
  9020.0      2.44810E-06
  9060.0      2.42630E-06
  9100.0      2.40470E-06
  9140.0      2.38340E-06
  9180.0      2.36240E-06
  9220.0      2.34160E-06
  9260.0      2.32110E-06
  9300.0      2.30090E-06
  9340.0      2.28090E-06
  9380.0      2.24810E-06
  9420.0      2.23800E-06
  9460.0      2.22260E-06
  9500.0      2.20360E-06
  9540.0      2.18490E-06
  9580.0      2.16640E-06
  9620.0      2.14820E-06
  9660.0      2.13020E-06
  9700.0      2.11240E-06
  9740.0      2.09480E-06
  9780.0      2.07740E-06
  9820.0      2.06030E-06
  9860.0      2.04330E-06
  9900.0      2.02660E-06
  9940.0      2.01010E-06
  9980.0      1.99380E-06
  10020.      1.97760E-06
  20000.      4.83760E-07
  40000.      1.17200E-07
  60000.      5.10810E-08
  80000.      2.83200E-08
 1.00000E+05  1.79180E-08
 1.20000E+05  1.23250E-08
 1.40000E+05  8.98080E-09
 1.60000E+05  6.82670E-09
